1777384981387 226.86809562496882 1
1777384981997 225.17815863222614 2
1777384982395 223.5154671661449 3
1777384982745 222.0795184162646 4
1777384983090 220.61240226072965 5
1777384983574 218.95838288930616 6
1777384983929 217.10490335895227 7
1777384984283 215.0624818366746 8
1777384984662 212.73767039772247 9
1777384985020 210.23216333377727 10
1777384985387 207.68116150423947 11
1777384985771 204.93619433862824 12
1777384986136 201.76112306698235 13
1777384986508 198.4306494880516 14
1777384986907 195.13184645259727 15
1777384987315 191.71843164195246 16
1777384987757 188.02075600183082 17
1777384988381 184.3102746559453 18
1777384990171 180.36490248070714 19
1777384990864 176.46454140988212 20
1777384991620 171.67965034840327 21
1777384993885 167.43800158566154 22
1777384994483 162.57577560171748 23
1777384994855 157.60959728471488 24
1777384995223 153.10984618893718 25
1777384995779 147.32409399645056 26
1777384996136 142.2798463855651 27
1777384996517 136.71471779768262 28
1777384996880 130.14298776970276 29
1777384997252 124.30644703086602 30
1777384997626 117.85560385223522 31
1777384998005 112.00722807312482 32
1777384998390 105.42637574689267 33
1777384998809 98.86370530463897 34
1777384999219 91.88231263415173 35
1777384999599 86.29790619291553 36
1777384999996 79.21171073261516 37
1777385000364 73.37942184823515 38
1777385000742 68.25451063963648 39
1777385001149 61.60622257658921 40
1777385001538 56.394651248616874 41
1777385001939 51.5571682849485 42
1777385002348 48.42153466724542 43
1777385002732 46.525672306735665 44
1777385003126 41.352544770356936 45
1777385003556 39.15600527407562 46
1777385004697 36.370142032240025 47
1777385009574 34.36344798790115 48
1777385009943 33.274757289216254 49
1777385010315 34.50120652894801 50
1777385010698 31.161674983751574 51
1777385011053 31.950148852841828 52
1777385011407 31.96597865706455 53
1777385011768 28.931619990140653 54
1777385012130 30.23234711384015 55
1777385012493 27.629578638167036 56
1777385012868 28.825400023649934 57
1777385013243 29.667855342525183 58
1777385013618 29.24356295188898 59
1777385013978 27.830092311847217 60
1777385014348 27.841413166529012 61
1777385014715 25.59908178590103 62
1777385015082 28.697934980900087 63
1777385015455 26.455288000390276 64
1777385015858 26.969372367529015 65
1777385016248 25.108649404186274 66
1777385016676 25.87623128863871 67
1777385017168 24.350754167286585 68
1777385018176 24.73792935808859 69
1777385040887 24.699103532963118 70
1777385041231 26.318808626151753 71
1777385041581 22.94083390706542 72
1777385041942 23.992145524629514 73
1777385042281 22.760183214144085 74
1777385042635 24.40461692279634 75
1777385042991 22.800995065491385 76
1777385043340 23.986284787564667 77
1777385047577 23.435453035611985 78
1777385048942 24.238347665601996 79
1777385049561 21.825155964192515 80
1777385050805 22.52308792652761 81
1777385052899 25.663246752636713 82
1777385053715 22.69541469426217 83
1777385054508 24.315408174797955 84
1777385055293 22.003590377525963 85
1777385056303 22.731420286944648 86
1777385057099 21.134000948560356 87
1777385058868 21.57615552086485 88
1777385060333 25.488433009605675 89
1777385061470 24.293860343523527 90
1777385061850 22.557561191195543 91
1777385062212 21.657333633151985 92
