1777428855783 -1.7644013860542627 1
1777428856069 -1.7250359756738067 2
1777428856350 -1.6821471081229302 3
1777428856625 -1.6458284329299375 4
1777428856915 -1.608300794654785 5
1777428857219 -1.5689137956478616 6
1777428857495 -1.526705130939853 7
1777428857774 -1.4820237629555923 8
1777428858049 -1.4314419333613877 9
1777428858326 -1.3738766664325213 10
1777428858603 -1.3077139706768452 11
1777428858875 -1.2320930211951158 12
1777428859148 -1.142558078238471 13
1777428859429 -1.046831852955032 14
1777428859718 -0.9415792481761438 15
1777428859992 -0.8413571061702871 16
1777428860269 -0.7410979137653593 17
1777428860548 -0.626248223268268 18
1777428860823 -0.5283140049355786 19
1777428861154 -0.4235311517435554 20
1777428861444 -0.32628373383994647 21
1777428861737 -0.22366612708530598 22
1777428862024 -0.12271546232885688 23
1777428862302 -0.03195277826289544 24
1777428862602 0.06839019090145726 25
1777428862899 0.17309792923183798 26
1777428863210 0.24344436840988104 27
1777428863513 0.33665159114621424 28
1777428863826 0.4213584400446433 29
1777428864130 0.5122004739186836 30
1777428864436 0.5842863408851899 31
1777428864741 0.6370491411070374 32
1777428865043 0.6878800564913133 33
1777428865351 0.726032498130127 34
1777428865656 0.7716316828882102 35
1777428865965 0.7911986076948142 36
1777428866284 0.8270784992200304 37
1777428866595 0.8477922006259896 38
1777428866905 0.8794613440337736 39
1777428867202 0.8936299374316494 40
1777428867558 0.8962728810221086 41
1777428867896 0.9102980285717416 42
1777428868191 0.9050816968402629 43
1777428868493 0.9225424903237843 44
1777428868801 0.9075572672506604 45
1777428869104 0.9237247305348945 46
1777428869418 0.9250938460739112 47
1777428869722 0.9261005607887388 48
1777428870028 0.9292981746977431 49
1777428870341 0.9338291480934665 50
1777428870647 0.9428640486858971 51
1777428870948 0.9270645372655137 52
1777428871257 0.9420538257221074 53
1777428871555 0.9438819765901957 54
1777428871863 0.9359847635058799 55
1777428872172 0.9454628393713682 56
1777428872466 0.9385885993533885 57
1777428872767 0.9511519415183443 58
1777428873069 0.9546136435366552 59
1777428873375 0.9596789512721379 60
1777428873675 0.961961147826094 61
1777428873971 0.9551944218936383 62
1777428874272 0.9560917495277891 63
1777428874577 0.9378871251242051 64
1777428874875 0.9481559406100109 65
1777428875176 0.9655261507321 66
1777428875475 0.9525961730940486 67
1777428875774 0.9654620519504477 68
1777428876082 0.9579010481076763 69
1777428876395 0.9518646833754043 70
1777428876696 0.9609185142932818 71
1777428876993 0.9677305995394695 72
1777428877298 0.9587528027955659 73
1777428877599 0.9274305982103191 74
1777428877902 0.9560499668759582 75
1777428878196 0.9580196068227793 76
1777428878497 0.9517920874468189 77
1777428878805 0.9663233061689898 78
1777428879115 0.9543075613197546 79
1777428879424 0.9626251515936312 80
1777428879743 0.9631545834667854 81
1777428880048 0.969571558436903 82
1777428880349 0.9639334203537571 83
1777428880659 0.9604764994125558 84
1777428880954 0.9638217821772208 85
1777428881257 0.9699175655818972 86
1777428881561 0.967030366215604 87
1777428881862 0.96654052138869 88
1777428882159 0.9663190743409186 89
1777428882456 0.9666273516700252 90
1777428882751 0.9606929772324592 91
1777428883055 0.9709961334608889 92
1777428883349 0.9684952033781364 93
1777428883656 0.9686566120726822 94
1777428883958 0.9649293949264315 95
1777428884261 0.9570125270411621 96
1777428884555 0.9756719887392766 97
1777428884847 0.9710747245194598 98
1777428885121 0.9749319595770691 99
1777428885398 0.9770949657498053 100
1777428885738 0.961460858635188 101
1777428886022 0.9561930202284609 102
1777428886302 0.9741824596598793 103
1777428886578 0.9656412629620369 104
1777428886858 0.9651525005872429 105
1777428887133 0.9665289190123623 106
1777428887409 0.9679908234643236 107
1777428887688 0.9686181573317876 108
1777428887965 0.9665406673938597 109
1777428888242 0.9691012884382272 110
1777428888517 0.9700890812711028 111
1777428888794 0.9719516214991787 112
1777428889069 0.9742042949847365 113
1777428889348 0.9727895376159261 114
1777428889649 0.9704016281006262 115
1777428889926 0.9696010237881673 116
1777428890205 0.9717843093996308 117
1777428890485 0.966492951394013 118
1777428890762 0.9721166325142114 119
1777428891039 0.9664938475636752 120
1777428891314 0.95894001334306 121
1777428891588 0.9678064390736739 122
1777428891862 0.9743303473432499 123
1777428892138 0.9664284978506027 124
1777428892415 0.9684383544826688 125
1777428892691 0.9696466831975398 126
1777428892967 0.9741518287822146 127
1777428893263 0.9698430877533291 128
1777428893569 0.9776257902001169 129
1777428893862 0.9786634036290159 130
1777428894143 0.9771551368239508 131
1777428894420 0.9690435106683258 132
1777428894706 0.970580048935294 133
1777428894991 0.9730073647424219 134
1777428895274 0.9667154255126332 135
1777428895554 0.976703374850088 136
1777428895835 0.978755584949023 137
1777428896115 0.9799385133463627 138
1777428896410 0.9781145493032231 139
1777428896685 0.976877958618312 140
1777428896959 0.9751605855350576 141
1777428897230 0.9761907702386309 142
