1777379130430 161.60435485839844 1
1777379131118 159.81141662597656 2
1777379131841 157.9404754638672 3
1777379132284 156.33154296875 4
1777379132711 154.63299560546875 5
1777379133391 152.2781524658203 6
1777379133824 149.44216918945312 7
1777379134261 147.02133178710938 8
1777379134695 144.6737518310547 9
1777379135307 142.4984130859375 10
1777379136202 140.44703674316406 11
1777379137384 138.43753051757812 12
1777379138853 136.0810089111328 13
1777379139437 133.06805419921875 14
1777379140169 129.84156799316406 15
1777379140859 126.59032440185547 16
1777379141636 123.17632293701172 17
1777379142838 119.68579864501953 18
1777379143681 116.10992431640625 19
1777379144118 112.4665756225586 20
1777379144973 108.7308578491211 21
1777379145778 104.91008758544922 22
1777379146520 100.40122985839844 23
1777379147160 95.24235534667969 24
1777379148313 89.2505874633789 25
1777379149293 83.29174041748047 26
1777379149711 77.7842788696289 27
1777379150140 72.8244400024414 28
1777379150578 67.63719177246094 29
1777379151006 62.60409164428711 30
1777379151424 59.304744720458984 31
1777379152185 54.7413330078125 32
1777379152944 50.68614959716797 33
1777379154619 46.90537643432617 34
1777379155830 43.22734451293945 35
1777379156723 39.613914489746094 36
1777379157440 36.63285827636719 37
1777379158556 33.920562744140625 38
1777379159346 32.56147384643555 39
1777379160149 31.343456268310547 40
1777379161135 29.533361434936523 41
1777379161925 28.09763526916504 42
1777379163382 27.622982025146484 43
1777379164780 28.561864852905273 44
1777379166689 26.273406982421875 45
1777379167127 25.47404670715332 46
1777379167558 25.554906845092773 47
1777379168223 24.280752182006836 48
1777379170199 25.46452522277832 49
1777379172575 24.667573928833008 50
1777379173801 23.294876098632812 51
1777379175030 23.365318298339844 52
1777379177442 22.990243911743164 53
1777379179237 22.000093460083008 54
1777379180349 22.265182495117188 55
1777379182623 22.07251739501953 56
1777379183754 24.166135787963867 57
1777379184829 21.544944763183594 58
1777379185676 19.95494842529297 59
1777379186539 21.462739944458008 60
1777379187046 21.82781410217285 61
1777379187992 22.306081771850586 62
1777379188770 21.48119354248047 63
1777379189448 20.317163467407227 64
1777379189886 19.960208892822266 65
1777379190480 19.545486450195312 66
1777379191299 22.77701187133789 67
1777379192016 20.53615379333496 68
1777379192484 20.160123825073242 69
1777379192913 22.523706436157227 70
1777379193342 20.071271896362305 71
1777379194037 21.25982093811035 72
1777379196012 20.545455932617188 73
1777379197577 18.615489959716797 74
1777379198175 20.01668930053711 75
1777379199603 18.246103286743164 76
1777379200096 17.881977081298828 77
1777379200581 18.643728256225586 78
1777379202001 19.172929763793945 79
1777379202585 20.202369689941406 80
1777379203490 18.71074676513672 81
1777379203951 17.42272186279297 82
1777379204693 18.300853729248047 83
1777379205732 18.58789825439453 84
1777379207411 17.811491012573242 85
1777379208370 18.586795806884766 86
1777379210793 19.09115219116211 87
1777379213662 18.246051788330078 88
1777379214336 18.367876052856445 89
1777379215157 18.072851181030273 90
1777379216154 18.11876106262207 91
1777379216956 17.806007385253906 92
1777379217396 17.87386131286621 93
1777379217841 17.669384002685547 94
1777379218282 17.464794158935547 95
1777379218924 16.543798446655273 96
1777379219643 16.788793563842773 97
1777379221010 16.600414276123047 98
1777379223924 16.03014373779297 99
1777379228727 17.721267700195312 100
1777379231266 17.546464920043945 101
1777379233146 16.735530853271484 102
1777379235610 16.66149139404297 103
1777379238880 17.696435928344727 104
1777379251830 16.24428939819336 105
1777379252335 16.186614990234375 106
1777379253218 16.756723403930664 107
1777379254093 16.398088455200195 108
1777379254535 16.75986099243164 109
1777379256474 17.48057746887207 110
1777379257480 17.30487632751465 111
1777379258024 16.726985931396484 112
1777379258853 16.17145538330078 113
1777379260515 15.828763961791992 114
1777379261713 15.500653266906738 115
1777379262215 14.788039207458496 116
1777379263139 14.881142616271973 117
1777379263574 16.551773071289062 118
1777379265209 14.323161125183105 119
1777379265995 17.471708297729492 120
1777379266829 14.739020347595215 121
1777379267545 14.490397453308105 122
1777379268706 15.509328842163086 123
1777379269138 15.324179649353027 124
1777379269860 15.201192855834961 125
1777379270401 14.171174049377441 126
1777379271207 16.574148178100586 127
1777379271642 14.487895011901855 128
1777379272542 15.594359397888184 129
1777379272971 13.851483345031738 130
1777379273781 16.192243576049805 131
1777379274636 15.596718788146973 132
1777379275129 15.980691909790039 133
1777379275581 14.25754165649414 134
1777379276043 15.205960273742676 135
1777379277303 14.822021484375 136
1777379277814 13.213628768920898 137
1777379278609 13.095396041870117 138
1777379279408 13.929808616638184 139
1777379279833 13.800131797790527 140
1777379280309 14.431774139404297 141
1777379280823 14.779261589050293 142
1777379281271 13.966148376464844 143
1777379281696 15.252946853637695 144
1777379282397 13.410002708435059 145
1777379283165 14.931401252746582 146
1777379283873 14.022954940795898 147
1777379284307 14.875815391540527 148
1777379284760 12.453588485717773 149
1777379285193 13.939054489135742 150
1777379285623 13.790464401245117 151
1777379286400 14.3066987991333 152
1777379287063 13.366806983947754 153
1777379287486 14.595870971679688 154
1777379287906 13.484651565551758 155
1777379288330 13.293394088745117 156
1777379288752 14.456165313720703 157
1777379289858 14.655208587646484 158
1777379290652 13.816322326660156 159
1777379291354 12.664338111877441 160
1777379291793 13.192934036254883 161
1777379292569 13.091660499572754 162
1777379293275 13.085000038146973 163
1777379294257 13.303918838500977 164
1777379294996 13.318065643310547 165
1777379295798 13.076016426086426 166
1777379296869 15.298500061035156 167
1777379297726 14.440129280090332 168
1777379299137 12.859963417053223 169
1777379300229 12.506442070007324 170
1777379300761 12.559850692749023 171
1777379301260 14.230240821838379 172
1777379302030 13.090346336364746 173
1777379302911 13.227768898010254 174
1777379303968 12.733423233032227 175
1777379305640 13.653197288513184 176
