1777379184458 202.62355412809242 1
1777379192235 201.16001482029176 2
1777379193765 199.56732494950168 3
1777379194117 198.21209639234937 4
1777379198055 196.80784568964725 5
1777379199530 195.24121699195587 6
1777379200012 193.3972999423725 7
1777379200518 191.3364694229775 8
1777379202007 188.9305531306411 9
1777379202470 186.01216988076345 10
1777379203235 182.74446383543332 11
1777379203871 179.26231216432527 12
1777379205008 175.76805783830577 13
1777379206375 171.85044710990718 14
1777379208225 167.70009620040472 15
1777379209976 163.5261709750155 16
1777379213438 159.29424424630037 17
1777379214197 154.80979382979942 18
1777379215072 150.88971810978373 19
1777379216106 145.64978329884326 20
1777379216893 141.21665120701948 21
1777379217258 135.79579539468443 22
1777379217619 130.52157239083124 23
1777379217975 124.7033667849429 24
1777379218418 118.73932106588575 25
1777379218929 112.57412054814152 26
1777379219562 106.98426888595584 27
1777379220971 99.20666757141377 28
1777379222810 93.82996589576274 29
1777379225807 86.44757149386847 30
1777379230619 80.83024686708404 31
1777379231944 75.40985667918352 32
1777379233662 69.14622682109089 33
1777379235545 63.15990874174554 34
1777379239480 56.36614744795851 35
1777379253090 51.03019030207143 36
1777379253983 45.86965653484883 37
1777379255093 42.96520297859871 38
1777379256638 40.55981699764944 39
1777379257432 40.28203033330666 40
1777379258658 35.38325495831768 41
1777379260407 35.199312168683605 42
1777379262562 33.21137948864911 43
1777379263219 34.0784796233268 44
1777379264287 29.442561724788295 45
1777379265138 29.4910813120361 46
1777379265514 28.72626079186136 47
1777379266693 27.932414639584174 48
1777379273142 30.810147642520416 49
1777379274106 28.210310069871287 50
1777379275045 26.574525081377864 51
1777379275668 26.825609821309865 52
1777379276091 28.01384937554883 53
1777379277696 27.066129727354237 54
1777379278065 27.605271695649456 55
1777379278503 26.63513277330456 56
1777379279337 25.051932145030626 57
1777379280486 25.63033719189649 58
1777379281336 25.955281461432612 59
1777379281698 25.275334405243285 60
1777379282328 23.814939999661977 61
1777379285395 29.18765997179127 62
1777379286691 23.395217067610744 63
1777379287739 24.705405393639314 64
1777379288642 24.40018730717041 65
1777379289014 26.685550234323326 66
1777379289779 25.46507594281701 67
1777379290578 22.283329036068366 68
1777379291275 25.619665269771897 69
1777379291633 26.37215115316368 70
1777379292106 23.3161088129169 71
1777379292720 22.395993065079605 72
1777379293273 25.833556077878754 73
1777379294515 21.553798346104365 74
1777379295297 25.47455838675128 75
1777379295780 21.831995255718226 76
1777379296811 21.364810053978438 77
1777379297658 22.93511834110111 78
1777379298713 22.808368632751883 79
1777379299823 21.805194844733602 80
1777379300211 22.28755362050126 81
1777379300701 21.665248570128817 82
1777379301666 21.368317211908614 83
1777379302539 24.794708868841855 84
1777379304268 22.105082539367856 85
1777379305566 22.226579662778963 86
1777379306289 19.524795027083112 87
1777379306631 20.17146198018301 88
1777379310936 22.528633717076655 89
1777379312106 19.973943903460672 90
1777379312792 21.336481736238976 91
1777379313830 20.628993162215135 92
1777379314914 20.732619026529637 93
1777379316286 20.063569322651535 94
1777379317750 22.107510825782928 95
1777379318568 21.32392143214143 96
1777379322701 23.203168402737184 97
1777379325196 22.77923784409418 98
1777379326122 23.175108032633176 99
1777379327472 21.87787578753041 100
1777379331223 20.8722433679969 101
1777379331684 22.532334892830264 102
1777379332380 20.35481469936075 103
1777379333164 23.789992541343672 104
1777379335058 23.193707316469077 105
1777379336321 21.86726983951986 106
1777379336754 19.43174653595245 107
1777379337751 17.917294702685744 108
1777379338136 18.8162947467892 109
1777379339339 22.45560126828744 110
1777379339964 20.59704470870571 111
1777379340770 20.55862084063862 112
1777379341678 20.53063164974473 113
1777379342357 18.80448626294484 114
1777379344111 20.30450413537828 115
1777379344484 19.022539121497587 116
1777379344888 20.23844448098138 117
1777379345244 21.203945382986806 118
1777379346129 19.526815121495428 119
1777379347075 18.60902979712361 120
1777379348338 19.266840714633183 121
1777379348691 17.61328948006572 122
1777379349041 18.605796386601877 123
1777379349721 18.06771743552788 124
1777379350400 18.45177876651564 125
1777379351415 19.7463622787132 126
1777379351772 17.226187814802767 127
1777379352673 20.058101944433357 128
1777379354152 17.91132467903512 129
1777379355278 18.322631116604303 130
1777379355781 18.342993023669997 131
1777379356395 15.986505539829523 132
1777379357287 19.757341396617612 133
1777379358732 18.83515169710945 134
1777379359097 18.164396838320837 135
1777379364442 18.50258474078267 136
1777379365673 19.43553343020965 137
1777379366898 19.48792773469201 138
1777379367253 17.581121272413558 139
1777379370526 16.15457823495305 140
1777379371578 18.171901870143504 141
1777379373195 17.63469110368156 142
1777379374961 19.57615073221072 143
1777379375497 19.51397751878165 144
1777379376029 15.916676998967251 145
1777379382880 16.320711721720826 146
1777379385654 16.434521771544645 147
1777379394147 18.478050613963248 148
1777379395020 15.496965665065492 149
1777379395369 16.67196103246312 150
1777379395717 15.344760340972256 151
1777379396867 14.750028965808424 152
1777379397855 15.935666446304987 153
1777379398576 15.608344638791175 154
1777379399868 14.735606266489873 155
1777379400220 14.34333990171511 156
1777379400576 15.877815537570562 157
1777379401162 16.175159124567465 158
1777379401875 17.147249567339053 159
1777379402250 16.401930234874417 160
1777379404152 16.854747685185025 161
1777379404816 16.100563636533426 162
1777379405567 15.20330716344489 163
1777379406284 16.8963000338531 164
1777379406664 17.381465888851622 165
1777379407407 13.567101326492713 166
1777379410187 14.117022666961054 167
1777379410555 17.794390979794642 168
1777379411020 15.762735697521604 169
1777379411702 14.860189293211514 170
1777379413412 15.206601787218572 171
1777379413830 14.693641190347071 172
1777379414718 14.258919049526073 173
1777379415415 14.336795359210335 174
1777379417086 13.90472197977942 175
1777379417438 14.582121241016182 176
1777379419289 15.32142845964257 177
1777379420423 14.936075437922263 178
1777379421379 12.697422901512091 179
1777379421736 14.116833511921868 180
1777379422403 14.026534955623507 181
1777379423033 14.475874199435784 182
1777379423384 15.244777598199152 183
1777379423727 14.300663347130746 184
1777379424333 14.830522992512615 185
1777379424680 15.052879205098314 186
1777379425760 14.70023550247155 187
1777379426172 14.874800993285382 188
1777379426513 14.018673568428794 189
1777379426876 13.080380699846993 190
1777379427459 13.165043082914693 191
1777379428135 14.661983840585883 192
1777379429662 14.030495264361884 193
1777379430019 14.32928042812655 194
1777379431983 13.614526485372101 195
1777379432324 15.018047919275796 196
1777379432674 14.532019678876905 197
1777379434158 13.6157884169029 198
1777379434534 12.794071398091114 199
1777379434876 13.820022122797393 200
1777379435394 13.868626685881473 201
1777379435733 13.879850622247288 202
1777379436507 13.547284992354095 203
1777379437186 12.767271423624242 204
1777379437537 14.0961500606798 205
1777379438679 13.597788664609508 206
1777379440253 13.395698859141493 207
1777379440868 14.338194325936593 208
1777379441218 13.442113465847212 209
1777379443076 12.917923273468485 210
1777379443440 13.85834224943026 211
1777379444340 12.952757458597377 212
1777379445075 12.046976962319803 213
1777379446101 13.400491825016863 214
1777379447484 13.87036220261879 215
1777379451397 12.41257390579395 216
1777379452821 12.955648031571743 217
1777379453379 12.78931126151621 218
1777379454655 12.434657093039775 219
1777379482228 11.893343921650962 220
1777379483171 12.272201038728177 221
1777379483533 12.8116585804124 222
1777379484224 14.338663100913013 223
1777379486897 12.915335572269733 224
1777379489791 13.7689250753097 225
1777379490496 14.54485512712125 226
1777379491535 12.356517205752384 227
1777379495017 11.333129955785672 228
1777379500947 11.508240111072656 229
1777379553202 11.74847272321492 230
1777379554766 11.676455578135176 231
1777379556039 12.20399587261439 232
1777379557342 12.109164564703798 233
1777379561172 12.505972694170724 234
1777379595320 12.507827139279378 235
1777379595930 12.62035080314851 236
1777379596773 12.559833604232805 237
1777379597681 13.725667612761706 238
1777379598327 13.45727560101087 239
1777379599270 12.662640651211687 240
1777379610442 12.720696977437866 241
1777379704211 12.814191008836161 242
1777379706241 12.491497352339936 243
1777379706929 12.367417603868503 244
1777379707669 11.818995713171605 245
1777379708700 11.286812127023408 246
1777379709375 12.528447244429188 247
1777379710683 11.568440988495247 248
1777379711282 11.194348162627996 249
1777379741346 11.322093626054698 250
1777379741852 11.314039599781754 251
1777379743192 12.111657420989022 252
1777379743890 11.40680047366037 253
1777379744549 11.298602086924397 254
1777379745171 11.22883513933773 255
1777379745850 12.862891568080153 256
1777379746885 12.0732367766332 257
1777379747778 11.608014567412708 258
1777379749065 10.834647896066501 259
1777379751028 10.659428723685526 260
1777379751833 14.271574052210722 261
1777379752760 14.369454284372251 262
1777379753869 13.951095177104376 263
1777379754313 13.960345101449409 264
1777379757113 11.96175265633461 265
1777379758262 12.212819252800006 266
1777379760766 10.764917004341072 267
1777379766916 11.97435818347898 268
1777379767821 11.042927296968536 269
1777379768394 11.391968531447247 270
1777379769564 11.285812005004544 271
1777379769941 11.808552400274941 272
1777379770279 13.125727170146314 273
1777379771013 12.148811162862744 274
1777379771550 11.06678749232995 275
1777379771906 11.000838854622454 276
1777379772321 12.667529093511526 277
1777379773207 12.06523140930007 278
1777379773764 11.40412343725156 279
1777379774407 11.866321484406575 280
1777379775295 11.86288701703368 281
1777379776059 11.732549817483264 282
1777379776953 10.852794909544398 283
1777379777311 10.453537731832217 284
1777379778182 11.14856068169508 285
1777379778804 11.17539485088747 286
1777379779175 11.469906782388412 287
1777379779524 11.727187717551693 288
1777379780193 11.443701891795383 289
1777379782828 11.04979083523491 290
1777379783756 11.70626613699335 291
1777379784641 12.27064052013643 292
1777379785527 11.007752201085733 293
1777379786150 11.340788315379925 294
1777379786516 12.625639342180978 295
1777379787390 10.414819619772699 296
1777379789013 10.946934756094933 297
1777379789658 10.74066253380298 298
1777379790058 12.038643603800883 299
1777379790854 11.68953193504135 300
