1777396118375 167.74095153808594 1
1777396120199 165.8277220549407 2
1777396123068 163.94651003237124 3
1777396127995 162.3082450584129 4
1777396128332 160.62000020345053 5
1777396130201 158.8376289650246 6
1777396134183 156.9207930388274 7
1777396288802 154.85285045482493 8
1777396292220 152.6101611102069 9
1777396297469 150.08541615804037 10
1777396299051 147.37248060438367 11
1777396300755 144.39901253029151 12
1777396304661 141.1779889707212 13
1777396308589 137.74612313729745 14
1777396311274 133.76934192798757 15
1777396314073 129.35705735948352 16
1777396314409 125.08594145598235 17
1777396316082 120.79637824164496 18
1777396320425 116.4513597841616 19
1777396320757 112.12528624358 20
1777396321096 107.77889929877387 21
1777396323906 103.0894775390625 22
1777396326346 98.64486948649089 23
1777396328734 93.53301352041738 24
1777396329086 88.82828973840785 25
1777396329423 83.57119115193684 26
1777396330938 78.39102427164714 27
1777396332755 73.52261013454861 28
1777396333119 68.2084082144278 29
1777396333516 63.8426136440701 30
1777396336534 59.31527003535518 31
1777396336903 54.89905675252279 32
1777396337253 49.85087670220269 33
1777396337622 45.05062880339446 34
1777396338022 42.24693644488299 35
1777396339857 38.51041490060312 36
1777396341321 35.09658326043023 37
1777396344097 32.67663369355378 38
1777396344456 29.26910329748083 39
1777396346130 25.02618658984149 40
1777396346495 24.802422134964555 41
1777396346877 23.08246527777778 42
1777396351306 22.203422405101634 43
1777396353683 19.847248218677663 44
1777396355233 19.364157535411692 45
1777396361580 20.59207891534876 46
1777396362801 19.101853335345233 47
1777396367273 18.29937380331534 48
1777396367627 17.72308102360478 49
1777396367972 19.04907632757116 50
1777396371216 16.20783297220866 51
1777396372680 17.142941969412345 52
1777396373031 15.693526691860622 53
1777396375780 15.353480868869358 54
1777396377768 16.411790388601798 55
1777396378101 14.959390781543872 56
1777396378436 17.899188465542263 57
1777396380291 17.850283516777885 58
1777396383415 13.598889562818739 59
1777396386136 15.787643361974645 60
1777396386481 13.906732241312662 61
1777396391255 14.948958467554164 62
1777396391598 12.919407314724392 63
1777396393390 14.482751351815683 64
1777396397285 14.742864361515752 65
1777396398909 13.760722796122232 66
1777396400752 12.828764915466309 67
1777396403603 13.203258019906503 68
1777396405110 14.664270330358434 69
1777396407792 12.27445990950973 70
1777396409581 14.687234066150806 71
1777396412502 14.351554411428946 72
1777396415046 12.285546867935746 73
1777396417493 12.759468767378065 74
1777396421083 12.8806712185895 75
1777396428399 13.07643747329712 76
1777396429265 11.25505037660952 77
1777396429588 12.1766351947078 78
1777396431264 13.61288685268826 79
1777396431585 12.384640817288998 80
1777396431921 11.855059288166187 81
1777396436823 11.137151523872658 82
1777396439313 12.86759775656241 83
1777396439639 12.690492347434715 84
1777396439957 11.403087121469003 85
1777396441596 13.178864673331931 86
1777396443420 13.214323008501971 87
1777396445101 12.362340291341146 88
1777396446731 13.779660171932644 89
1777396449904 10.978691154056126 90
1777396456684 11.793203583470097 91
1777396457030 12.189574665493435 92
1777396459052 10.819769559083161 93
1777396462237 11.222362235740379 94
1777396467297 10.871137777964273 95
1777396469197 11.357506734353525 96
1777396469531 11.426953386377406 97
1777396474303 10.045741558074951 98
1777396474659 13.723797621550384 99
1777396477802 10.719133677305999 100
1777396478149 12.27282158533732 101
1777396479894 13.81699835812604 102
1777396480229 12.187897823475025 103
1777396483211 11.207215909604672 104
1777396485031 9.687389603367558 105
1777396486873 10.42467776051274 106
1777396490145 11.167724344465467 107
1777396490493 9.971958054436577 108
1777396492284 13.429150069201434 109
1777396492651 11.851564689918801 110
1777396492980 12.976857061739322 111
1777396494723 11.022827572292751 112
1777396501436 11.810907469855415 113
1777396501768 13.056913322872585 114
