1777396118375 172.74095153808594 1
1777396120199 170.8277130126953 2
1777396123068 168.94650268554688 3
1777396127995 167.30702209472656 4
1777396128332 165.61270141601562 5
1777396130201 163.81246948242188 6
1777396134183 161.8547821044922 7
1777396288802 159.73202514648438 8
1777396292220 157.42298889160156 9
1777396297469 154.8631134033203 10
1777396299051 152.1809844970703 11
1777396300755 149.2342987060547 12
1777396304661 146.0504913330078 13
1777396308589 142.6299591064453 14
1777396311274 138.6809844970703 15
1777396314073 134.23439025878906 16
1777396314409 129.91944885253906 17
1777396316082 125.60023498535156 18
1777396320425 121.24315643310547 19
1777396320757 116.87562561035156 20
1777396321096 112.50296783447266 21
1777396323906 107.8125991821289 22
1777396326346 103.35202026367188 23
1777396328734 98.23710632324219 24
1777396329086 93.5113296508789 25
1777396329423 88.2146987915039 26
1777396330938 83.04114532470703 27
1777396332755 78.13418579101562 28
1777396333119 72.77178192138672 29
1777396333516 68.39360809326172 30
1777396336534 63.86079406738281 31
1777396336903 59.44479751586914 32
1777396337253 54.38618850708008 33
1777396337622 49.539398193359375 34
1777396338022 46.67731857299805 35
1777396339857 42.89160919189453 36
1777396341321 39.48198699951172 37
1777396344097 37.082862854003906 38
1777396344456 33.633487701416016 39
1777396346130 29.390846252441406 40
1777396346495 29.175674438476562 41
1777396346877 27.402732849121094 42
1777396351306 26.575485229492188 43
1777396353683 24.145227432250977 44
1777396355233 23.632532119750977 45
1777396361580 24.956918716430664 46
1777396362801 23.41693878173828 47
1777396367273 22.559614181518555 48
1777396367627 21.99513053894043 49
1777396367972 23.394685745239258 50
1777396371216 20.46662712097168 51
1777396372680 21.40608787536621 52
1777396373031 19.925085067749023 53
1777396375780 19.59623908996582 54
1777396377768 20.72175407409668 55
1777396378101 19.168588638305664 56
1777396378436 22.18785285949707 57
1777396380291 22.22675323486328 58
1777396383415 17.82588768005371 59
1777396386136 20.03276824951172 60
1777396386481 18.12665557861328 61
1777396391255 19.166915893554688 62
1777396391598 17.006607055664062 63
1777396393390 18.702585220336914 64
1777396397285 18.961185455322266 65
1777396398909 17.977386474609375 66
1777396400752 17.00189971923828 67
1777396403603 17.416528701782227 68
1777396405110 18.926105499267578 69
1777396407792 16.429096221923828 70
1777396409581 18.87747573852539 71
1777396412502 18.571922302246094 72
1777396415046 16.406414031982422 73
1777396417493 16.94416046142578 74
1777396421083 17.01341438293457 75
1777396428399 17.215919494628906 76
1777396429265 15.358680725097656 77
1777396429588 16.312089920043945 78
1777396431264 17.79642677307129 79
1777396431585 16.571823120117188 80
1777396431921 15.955039978027344 81
1777396436823 15.174870491027832 82
1777396439313 16.996049880981445 83
1777396439639 16.81057357788086 84
1777396439957 15.546759605407715 85
1777396441596 17.284271240234375 86
1777396443420 17.391862869262695 87
1777396445101 16.563203811645508 88
1777396446731 17.987764358520508 89
1777396449904 15.07305908203125 90
1777396456684 15.920373916625977 91
1777396457030 16.35211944580078 92
1777396459052 14.942426681518555 93
1777396462237 15.286423683166504 94
1777396467297 14.951189994812012 95
1777396469197 15.489648818969727 96
1777396469531 15.61470890045166 97
1777396474303 14.117250442504883 98
1777396474659 17.895414352416992 99
1777396477802 14.76076889038086 100
1777396478149 16.412031173706055 101
1777396479894 18.021650314331055 102
1777396480229 16.32706642150879 103
1777396483211 15.265745162963867 104
1777396485031 13.711960792541504 105
1777396486873 14.431694984436035 106
1777396490145 15.207528114318848 107
1777396490493 14.03699779510498 108
1777396492284 17.61617660522461 109
1777396492651 15.99506664276123 110
1777396492980 17.18407440185547 111
1777396494723 15.071574211120605 112
1777396501436 15.964398384094238 113
1777396501768 17.15575408935547 114
