1777181212936 38398.52421875 1
1777181214841 30698.51015625 2
1777181216690 18257.9763671875 3
1777181218558 6608.91201171875 4
1777181220403 2244.7868896484374 5
1777181222250 1223.063818359375 6
1777181224115 930.5833984375 7
1777181225971 843.0956665039063 8
1777181227795 808.9952270507813 9
1777181229645 782.7498046875 10
1777181231465 675.1473754882812 11
1777181233290 685.5935180664062 12
1777181235109 635.1665344238281 13
1777181236926 592.9012573242187 14
1777181238743 595.7898742675782 15
1777181240588 538.7410095214843 16
1777181242401 543.9930633544922 17
1777181244226 533.669921875 18
1777181246043 500.58668823242186 19
1777181247856 462.8410980224609 20
1777181249668 436.9728485107422 21
1777181251505 436.5928436279297 22
1777181253317 392.6695129394531 23
1777181255136 419.5811492919922 24
1777181256962 401.2398956298828 25
1777181258776 386.2075225830078 26
1777181260593 366.770751953125 27
1777181262426 347.8260498046875 28
1777181264247 326.3117614746094 29
1777181266063 312.604931640625 30
1777181267876 313.8740203857422 31
1777181269697 289.3367401123047 32
1777181271522 293.3746734619141 33
1777181273376 286.8590255737305 34
1777181275196 286.10277404785154 35
1777181277013 248.32866363525392 36
1777181278831 266.05159149169924 37
1777181280642 261.9990966796875 38
1777181282460 266.02903442382814 39
1777181284298 236.15958404541016 40
1777181286118 232.8047622680664 41
1777181287935 237.48984375 42
1777181289747 238.05536346435548 43
1777181291559 224.3243209838867 44
1777181293384 219.61871490478515 45
1777181295218 227.1316650390625 46
1777181297056 227.8648422241211 47
1777181363451 205.00890655517577 48
1777181365412 208.6176284790039 49
1777181374432 219.96314239501953 50
1777181376338 196.3301788330078 51
1777181378207 195.99844970703126 52
1777181380068 195.7260986328125 53
1777181381930 195.87842864990233 54
1777181383783 196.63365783691407 55
1777181387043 204.14804229736328 56
1777181389679 190.85693359375 57
1777181391989 185.7296890258789 58
1777181393857 182.3471710205078 59
1777181395709 184.86458435058594 60
1777181397579 178.89871978759766 61
1777181399419 191.0604736328125 62
1777181401249 173.23970794677734 63
1777181403080 171.48586883544922 64
1777181404903 172.26793518066407 65
1777181406722 174.36949920654297 66
1777181408563 164.98672332763672 67
1777181410389 161.66077117919923 68
1777181412216 161.31591339111327 69
1777181414043 161.01942138671876 70
1777181415872 157.1276840209961 71
1777181417698 160.14020843505858 72
1777181420064 150.66489028930664 73
1777181421902 152.13865356445314 74
