1777181212936 -1.618434418669142 1
1777181214841 -1.0933626606482054 2
1777181216690 -0.24503001537079744 3
1777181218558 0.5493315656706286 4
1777181220403 0.8469256951187505 5
1777181222250 0.9165980344133269 6
1777181224115 0.9365425722171125 7
1777181225971 0.9425084481344917 8
1777181227795 0.9448337922088191 9
1777181229645 0.9466234939468219 10
1777181231465 0.9539610135007661 11
1777181233290 0.9532486809503034 12
1777181235109 0.9566873482141016 13
1777181236926 0.9595694594014432 14
1777181238743 0.9593724813001003 15
1777181240588 0.9632627020364873 16
1777181242401 0.9629045588511028 17
1777181244226 0.9636085045336319 18
1777181246043 0.9658644844174595 19
1777181247856 0.9684383941004621 20
1777181249668 0.9702023768344399 21
1777181251505 0.9702282894754063 22
1777181253317 0.9732234662054248 23
1777181255136 0.9713883342980173 24
1777181256962 0.9726390433655414 25
1777181258776 0.9736641157189998 26
1777181260593 0.9749895290764874 27
1777181262426 0.976281387295489 28
1777181264247 0.9777484687615733 29
1777181266063 0.9786831512548162 30
1777181267876 0.9785966111560664 31
1777181269697 0.9802698331315763 32
1777181271522 0.97999448223555 33
1777181273376 0.9804387905280395 34
1777181275196 0.9804903608191704 35
1777181277013 0.9830662156138678 36
1777181278831 0.9818576712514631 37
1777181280642 0.9821340148524905 38
1777181282460 0.9818592090855269 39
1777181284298 0.9838960375051023 40
1777181286118 0.984124806573947 41
1777181287935 0.9838053258161409 42
1777181289747 0.9837667623734363 43
1777181291559 0.9847030962146306 44
1777181293384 0.9850239762968173 45
1777181295218 0.9845116604432498 46
1777181297056 0.9844616642284324 47
1777181363451 0.986020234121681 48
1777181365412 0.9857741519442396 49
1777181374432 0.9850004894497385 50
1777181376338 0.9866120453943805 51
1777181378207 0.9866346661623824 52
1777181380068 0.9866532378419948 53
1777181381930 0.9866428507086346 54
1777181383783 0.9865913510156565 55
1777181387043 0.9860789371258576 56
1777181389679 0.9869852711627243 57
1777181391989 0.9873349033466214 58
1777181393857 0.98756556104606 59
1777181395709 0.987393896121579 60
1777181397579 0.9878007140922257 61
1777181399419 0.9869713920112437 62
1777181401249 0.9881866078823904 63
1777181403080 0.9883062041577768 64
1777181404903 0.9882528743680764 65
1777181406722 0.9881095665563814 66
1777181408563 0.9887493873553813 67
1777181410389 0.9889761874799404 68
1777181412216 0.9889997037597522 69
1777181414043 0.9890199219651222 70
1777181415872 0.9892853031592402 71
1777181417698 0.9890798762544437 72
1777181420064 0.9897260077947406 73
1777181421902 0.9896255103950506 74
