1777181212936 154.03722076416017 1
1777181214841 131.36590423583985 2
1777181216690 93.76705932617188 3
1777181218558 50.70386276245117 4
1777181220403 30.758089447021483 5
1777181222250 24.415874862670897 6
1777181224115 21.522121810913085 7
1777181225971 20.504929542541504 8
1777181227795 20.10149440765381 9
1777181229645 19.73647689819336 10
1777181231465 18.449752426147462 11
1777181233290 18.474684143066405 12
1777181235109 17.83258647918701 13
1777181236926 17.170972442626955 14
1777181238743 17.179038047790527 15
1777181240588 16.356132793426514 16
1777181242401 16.33245735168457 17
1777181244226 16.187150859832762 18
1777181246043 15.806904983520507 19
1777181247856 15.104638004302979 20
1777181249668 14.710897159576415 21
1777181251505 14.76458673477173 22
1777181253317 14.09394998550415 23
1777181255136 14.528333473205567 24
1777181256962 14.171924018859864 25
1777181258776 13.941973304748535 26
1777181260593 13.526396942138671 27
1777181262426 13.249718284606933 28
1777181264247 12.83687334060669 29
1777181266063 12.50703182220459 30
1777181267876 12.56157283782959 31
1777181269697 12.247736263275147 32
1777181271522 12.23898105621338 33
1777181273376 12.056480979919433 34
1777181275196 12.145717144012451 35
1777181277013 11.434214019775391 36
1777181278831 11.773118019104004 37
1777181280642 11.544197368621827 38
1777181282460 11.725180530548096 39
1777181284298 10.92602014541626 40
1777181286118 10.87852840423584 41
1777181287935 11.097408962249755 42
1777181289747 11.064821910858154 43
1777181291559 10.800461101531983 44
1777181293384 10.563562107086181 45
1777181295218 10.746870994567871 46
1777181297056 10.803333950042724 47
1777181363451 10.30922040939331 48
1777181365412 10.390892601013183 49
1777181374432 10.63321647644043 50
1777181376338 9.978961849212647 51
1777181378207 10.119446945190429 52
1777181380068 10.079281330108643 53
1777181381930 10.002754497528077 54
1777181383783 9.982051181793214 55
1777181387043 10.25274486541748 56
1777181389679 9.879338359832763 57
1777181391989 9.795724773406983 58
1777181393857 9.65488405227661 59
1777181395709 9.711422061920166 60
1777181397579 9.574249076843262 61
1777181399419 9.769287204742431 62
1777181401249 9.390571212768554 63
1777181403080 9.42403049468994 64
1777181404903 9.3253568649292 65
1777181406722 9.284776210784912 66
1777181408563 9.114193153381347 67
1777181410389 9.078685665130616 68
1777181412216 9.07558012008667 69
1777181414043 9.085512256622314 70
1777181415872 8.958939838409425 71
1777181417698 9.045569610595702 72
1777181420064 8.781190967559814 73
1777181421902 8.874709224700927 74
