1777212205418 197.3734018696951 1
1777212206472 195.88755340041695 2
1777212207243 194.3154500291473 3
1777212207960 192.71820019169695 4
1777212212322 190.96365348035127 5
1777212213210 188.89201407070783 6
1777212213865 186.3414168611596 7
1777212214862 183.1112196176851 8
1777212215465 179.36965310539762 9
1777212216061 174.9080442312531 10
1777212219234 169.7795115694846 11
1777212232714 164.25551197672934 12
1777212233676 158.3708869665601 13
1777212234525 152.3966477333121 14
1777212235385 146.03504128085976 15
1777212237027 139.4448904350502 16
1777212238563 132.62360846783696 17
1777212239450 125.53662255378791 18
1777212240418 118.00115133944965 19
1777212243991 110.0612584438106 20
1777212246362 101.27981611834738 21
1777212249797 93.01186543209886 22
1777212268500 85.52995789949316 23
1777212275245 76.4401777276247 24
1777212277302 68.41761813148598 25
1777212278296 60.6381679523673 26
1777212279203 54.038693781545035 27
1777212280273 47.787285317417286 28
1777212281186 43.721488316103 29
1777212282385 39.48573956939578 30
1777212283174 35.615356839381974 31
1777212283970 32.755909114129764 32
1777212285233 31.327717351048197 33
1777212286872 30.730687478391957 34
1777212287855 30.51289726739715 35
1777212288962 28.515926343321986 36
1777212290131 28.910670753992896 37
1777212290861 27.505906641300843 38
1777212291558 27.342519788986557 39
1777212292242 25.22473720149474 40
1777212293285 25.613266737042025 41
1777212293930 25.26879013705244 42
1777212294579 25.056963022329935 43
1777212295260 23.23907815120728 44
1777212296758 23.696054600676078 45
1777212298937 26.614733691112377 46
1777212300750 22.769355407418256 47
1777212301375 24.332467134064217 48
1777212313094 23.028575727798145 49
1777212314133 23.40122472620859 50
1777212317961 23.085589711281116 51
1777212318892 22.70029765208212 52
1777212319811 22.071976059082573 53
1777212321818 21.39109054580208 54
1777212322653 21.209643019349585 55
1777212323868 24.949916812019946 56
1777212324734 21.112741129230123 57
1777212328088 22.04462986978871 58
1777212329074 20.63937876635709 59
1777212330331 21.5872336392636 60
1777212337272 21.38521542710364 61
1777212339622 20.55850225342012 62
1777212340778 21.505074027440795 63
1777212341559 21.312914072627347 64
1777212343085 21.443994658446066 65
1777212344221 19.902567669832642 66
1777212345066 21.03201477797736 67
1777212345875 19.67095815839606 68
1777212347400 21.377162533350557 69
1777212348133 20.341209914346678 70
1777212348879 19.9890247888603 71
1777212350123 20.513209944070734 72
1777212350848 20.716764495512507 73
1777212351523 19.34894790209166 74
1777212352224 19.637790406237976 75
1777212352891 19.608875818977832 76
1777212353557 17.86721712129534 77
1777212354229 18.349366480282317 78
1777212357034 21.66471601866893 79
1777212357628 18.77446789668942 80
1777212358645 20.163099371551645 81
1777212360694 17.92351219793141 82
1777212361366 19.11350624998157 83
1777212362393 19.66355881895334 84
1777212363775 21.74555772832353 85
1777212364465 18.232699073665344 86
1777212368551 18.552462625502102 87
1777212373156 16.8466533052205 88
1777212373939 17.898107326111074 89
1777212374558 17.999335186271033 90
1777212375203 18.89874802651162 91
1777212375838 16.95703329350656 92
1777212376798 17.377129133514725 93
1777212377372 17.06875082371247 94
1777212380904 16.4912188541467 95
1777212381697 18.66468554959635 96
1777212382356 16.288840233500512 97
1777212383897 16.20753492647045 98
1777212384566 16.861060292228032 99
1777212386222 17.359826387273955 100
1777212387263 18.475410925148168 101
1777212387907 17.152875032041273 102
1777212388555 17.976532895661023 103
1777212389178 16.796603199909278 104
1777212389803 16.24356543814777 105
