1777429267575 156.74932657877605 1
1777429268472 154.99095182872955 2
1777429268879 153.13087855747767 3
1777429269219 151.48443836030506 4
1777429269530 149.84017014276412 5
1777429270170 148.0566162109375 6
1777429271290 146.19655180431548 7
1777429271599 144.21866367885045 8
1777429271914 142.1244392031715 9
1777429272236 139.86155758812313 10
1777429272917 137.43958260672434 11
1777429273701 134.76761380150205 12
1777429274022 131.8120386032831 13
1777429274340 128.689406476702 14
1777429274644 125.3617171514602 15
1777429275005 121.58505655924479 16
1777429275532 117.55417189825148 17
1777429276022 112.79673614501954 18
1777429277119 108.0860823858352 19
1777429277438 103.49298153831845 20
1777429277752 99.02085207984561 21
1777429278065 94.04972882952009 22
1777429278396 89.24188334147135 23
1777429278730 84.65551307314918 24
1777429279342 79.91435717628116 25
1777429279657 75.27566709972564 26
1777429280603 70.49116817656018 27
1777429280916 66.28229415530251 28
1777429281229 62.147967965262275 29
1777429282280 57.21955355689639 30
1777429282584 52.621727970668246 31
1777429283065 48.01501831781297 32
1777429283367 43.620706176757814 33
1777429284018 41.1332278297061 34
1777429284327 36.75524466378348 35
1777429284637 33.84117168244862 36
1777429285183 33.053649212065196 37
1777429286515 30.13882050287156 38
1777429287489 27.393725004650296 39
1777429287797 25.45368434361049 40
1777429288110 24.417723555791945 41
1777429288417 23.702649579729353 42
1777429289025 22.0071771530878 43
1777429289336 22.869270905994235 44
1777429289640 21.556708272298177 45
1777429290366 20.33595947992234 46
1777429290684 18.552235267275854 47
1777429291000 17.836526934305827 48
1777429291353 20.339021700904482 49
1777429292121 16.894614919026694 50
1777429292526 18.572014981224424 51
1777429292888 15.948504021054223 52
1777429293250 18.19883531842913 53
1777429293708 17.492002977643693 54
1777429294074 15.137587302071708 55
1777429294585 16.47608864193871 56
1777429294935 14.662531307765416 57
1777429295289 15.153394935244606 58
1777429295647 14.61476044427781 59
1777429296301 15.598446782430013 60
1777429296658 15.20159970692226 61
1777429297291 13.036793191092356 62
1777429297651 15.722785168602353 63
1777429298665 16.569388870965867 64
1777429299344 12.76861214410691 65
1777429300150 12.642315955389114 66
1777429301251 15.924347795758928 67
1777429301619 14.398775918143135 68
1777429302235 14.206011699494862 69
1777429302856 16.121818142845516 70
1777429303183 11.588271331787109 71
1777429303835 12.871219852992466 72
1777429304419 13.140376872108096 73
1777429305309 13.510558028448196 74
1777429305621 14.51738163176037 75
1777429305930 12.135911850702195 76
1777429306251 12.409190922691709 77
1777429306603 14.523940113612584 78
1777429306913 13.79395207904634 79
1777429307283 12.173764274233864 80
1777429307991 13.269042496454148 81
1777429308651 11.717264738537017 82
1777429309002 12.474580910092309 83
1777429309509 14.554644321259998 84
1777429309859 13.622726749238513 85
1777429310661 13.908944411504836 86
1777429311572 12.096082941691082 87
1777429312643 11.79008226848784 88
1777429313360 11.100431442260742 89
1777429313671 12.27332269577753 90
1777429314416 13.61023568652925 91
1777429314753 10.941987092154367 92
1777429315216 11.045660473051525 93
1777429315544 12.206014687674386 94
1777429315855 13.596533430190313 95
1777429316167 11.54190452212379 96
1777429316473 12.60629761105492 97
1777429316778 11.894380878266833 98
1777429317094 11.3667726062593 99
1777429317424 11.28647103082566 100
1777429317759 14.152364603678386 101
1777429318122 13.734607623872304 102
1777429318461 11.755677722749256 103
1777429318816 10.268190256754558 104
1777429319167 11.2141387848627 105
1777429319512 9.884526661464147 106
1777429319854 11.204754965645927 107
1777429320202 13.193531000046503 108
1777429320545 14.061790793282645 109
1777429320848 12.04032712663923 110
1777429321164 12.29198849995931 111
1777429321506 10.083411425635928 112
1777429321824 10.178267052060082 113
1777429322195 11.361563437325614 114
1777429322562 10.682181412833078 115
1777429322930 11.320846866426013 116
1777429323280 11.032390558151972 117
1777429323651 10.652015994843982 118
1777429324021 12.176026753016881 119
1777429324401 10.906066840035574 120
1777429324767 10.419606417701358 121
1777429325138 11.227676155453636 122
1777429325523 13.096621772221157 123
1777429325896 12.235470344906762 124
1777429326273 12.67785204024542 125
1777429326656 10.557414627075195 126
1777429327032 11.811622519720169 127
1777429327411 9.970539842333112 128
1777429327774 11.558260163806734 129
1777429328114 10.456794139317104 130
1777429328446 9.080351139250256 131
1777429328798 9.413134188879104 132
1777429329159 11.15078611828032 133
1777429329507 10.814563805716379 134
1777429329862 9.02736397697812 135
1777429330208 10.535742696126302 136
1777429330569 10.75373914809454 137
1777429330986 10.67716440473284 138
1777429331364 9.461213120960053 139
1777429331729 10.113447897774833 140
1777429332097 9.190372081029983 141
1777429332510 8.425972384498232 142
1777429332870 11.235631052652995 143
1777429333236 9.701791345505487 144
1777429333598 8.523729814801897 145
1777429333961 10.4068605695452 146
1777429334304 9.37123149690174 147
1777429334654 9.180863466716948 148
1777429335003 9.563887750534784 149
1777429335346 9.79480084010533 150
1777429335701 11.182726010822115 151
1777429336090 9.825660106113979 152
1777429336464 10.641038767496745 153
1777429336826 8.986625562395368 154
1777429337206 9.159837868100121 155
1777429337598 9.855244445800782 156
1777429337962 9.758935001918248 157
1777429338330 9.119611467633929 158
1777429338712 9.484484917776925 159
1777429339085 10.333169773646764 160
1777429339455 9.110563541594006 161
1777429339833 7.892525527590797 162
1777429340204 9.321198563348679 163
1777429340575 8.483439272925967 164
1777429340944 9.169039880661737 165
1777429341308 8.515893318539574 166
1777429341673 9.480941663469586 167
1777429342046 9.017223812284923 168
1777429342411 8.548463294619605 169
1777429342789 8.270071520124162 170
1777429343159 9.409963843936012 171
1777429343510 9.025653403145926 172
1777429343888 8.219771830240886 173
1777429344267 10.204201471237909 174
1777429344642 8.41564171200707 175
1777429345002 7.897825695219494 176
