1777429267575 202.34528233010525 1
1777429268472 200.93630442879157 2
1777429268879 199.44967253670788 3
1777429269219 198.1344634963842 4
1777429269530 196.83867720483696 5
1777429270170 195.40589766880117 6
1777429271290 193.86836102430433 7
1777429271599 192.24254293079875 8
1777429271914 190.34963718116197 9
1777429272236 188.26195181183053 10
1777429272917 185.72539372686762 11
1777429273701 182.9372864706646 12
1777429274022 179.62542949670294 13
1777429274340 176.1155737363962 14
1777429274644 172.57024724550578 15
1777429275005 168.16420314308868 16
1777429275532 163.83415061045727 17
1777429276022 158.94182554082485 18
1777429277119 154.0958128284153 19
1777429277438 149.64480732512905 20
1777429277752 144.14606442988654 21
1777429278065 139.26486680064 22
1777429278396 133.9859119809803 23
1777429278730 128.6178554259672 24
1777429279342 123.401260503084 25
1777429279657 117.37259964931125 26
1777429280603 111.66928537818714 27
1777429280916 106.36959262108228 28
1777429281229 101.49783999395012 29
1777429282280 95.26738173917398 30
1777429282584 88.91853770534156 31
1777429283065 82.81095222610202 32
1777429283367 76.31015813359976 33
1777429284018 71.56637885230222 34
1777429284327 67.03450968181426 35
1777429284637 60.05885988254044 36
1777429285183 57.91171385447421 37
1777429286515 54.688267851752265 38
1777429287489 48.958121952114595 39
1777429287797 45.77903151621384 40
1777429288110 43.81198872963098 41
1777429288417 42.173782492058976 42
1777429289025 38.90119821620216 43
1777429289336 39.279545445812985 44
1777429289640 38.10607080027981 45
1777429290366 36.38497232289039 46
1777429290684 32.80346415764938 47
1777429291000 31.978397707231597 48
1777429291353 35.72778142054688 49
1777429292121 30.937688406938936 50
1777429292526 32.37770145884066 51
1777429292888 29.312770687716046 52
1777429293250 32.42537066998521 53
1777429293708 31.640558449004086 54
1777429294074 27.68040082520031 55
1777429294585 29.744046681450076 56
1777429294935 26.824806643568632 57
1777429295289 27.18353845958237 58
1777429295647 26.84526425443834 59
1777429296301 27.83958367924337 60
1777429296658 27.29373774544607 61
1777429297291 24.3083586708262 62
1777429297651 28.02204136472027 63
1777429298665 29.500013448421193 64
1777429299344 23.726029998963558 65
1777429300150 24.238148733018086 66
1777429301251 28.467610475616077 67
1777429301619 26.281868908066283 68
1777429302235 25.896080680846403 69
1777429302856 29.67106350094893 70
1777429303183 22.466570625137628 71
1777429303835 24.552670285817438 72
1777429304419 24.47113204800582 73
1777429305309 24.88253654674298 74
1777429305621 26.886952284054065 75
1777429305930 23.076456121953335 76
1777429306251 23.009751616077775 77
1777429306603 26.443639164193982 78
1777429306913 25.32325557564072 79
1777429307283 22.888607792944043 80
1777429307991 24.48238814130604 81
1777429308651 21.77994344068177 82
1777429309002 22.50106063038335 83
1777429309509 27.097135655677473 84
1777429309859 25.487263210032967 85
1777429310661 24.96747273602634 86
1777429311572 22.3519181693565 87
1777429312643 22.115790395426817 88
1777429313360 21.088069981784503 89
1777429313671 22.67120330888187 90
1777429314416 25.06063447701644 91
1777429314753 20.8682982143089 92
1777429315216 20.883621354284813 93
1777429315544 23.100785728401778 94
1777429315855 25.129243558769083 95
1777429316167 22.15167524835523 96
1777429316473 24.051982533037297 97
1777429316778 22.14136791934599 98
1777429317094 21.72047402105255 99
1777429317424 21.566379717765784 100
1777429317759 25.5130127260458 101
1777429318122 25.486088567083392 102
1777429318461 22.157673476619433 103
1777429318816 20.4799162946421 104
1777429319167 20.530605637006076 105
1777429319512 19.09531707076903 106
1777429319854 21.590270274079767 107
1777429320202 24.744514859358226 108
1777429320545 26.0149129500904 109
1777429320848 22.573298440640755 110
1777429321164 23.361163445332323 111
1777429321506 19.453521896051527 112
1777429321824 19.90983858204986 113
1777429322195 21.749532760336916 114
1777429322562 20.59943298744645 115
1777429322930 21.660114334382346 116
1777429323280 21.028635029666987 117
1777429323651 20.848919869307302 118
1777429324021 23.07437051594325 119
1777429324401 20.96857025933583 120
1777429324767 19.90147392910337 121
1777429325138 20.941781132976352 122
1777429325523 24.15807924833326 123
1777429325896 22.791439336541472 124
1777429326273 24.02676425136404 125
1777429326656 21.139678730900883 126
1777429327032 22.574349543768005 127
1777429327411 19.226114093460634 128
1777429327774 22.619193159127533 129
1777429328114 20.3490304027017 130
1777429328446 18.354247954322453 131
1777429328798 18.941749020537443 132
1777429329159 21.22021047877876 133
1777429329507 20.728086367369396 134
1777429329862 17.99443137603617 135
1777429330208 20.463208935107783 136
1777429330569 20.503221212241872 137
1777429330986 21.192796253376038 138
1777429331364 18.679489817544535 139
1777429331729 19.696631841718602 140
1777429332097 18.009474909708985 141
1777429332510 16.92641995895627 142
1777429332870 21.020260437895463 143
1777429333236 18.555685828405803 144
1777429333598 17.453330452852956 145
1777429333961 20.155329436342637 146
1777429334304 18.624179898838413 147
1777429334654 18.528613258345693 148
1777429335003 18.69411104058324 149
1777429335346 19.701641901210053 150
1777429335701 21.573757958934813 151
1777429336090 19.957026280215665 152
1777429336464 20.68599379666031 153
1777429336826 18.1374199768867 154
1777429337206 18.304331549302663 155
1777429337598 19.66361475826172 156
1777429337962 18.999061159730285 157
1777429338330 18.485783243587658 158
1777429338712 18.685917509814544 159
1777429339085 20.565131207508287 160
1777429339455 17.992413935559497 161
1777429339833 16.162133803795736 162
1777429340204 18.70470113972855 163
1777429340575 17.259020229922527 164
1777429340944 18.609935018599188 165
1777429341308 17.161404195033473 166
1777429341673 18.54927881694882 167
1777429342046 18.098397773093755 168
1777429342411 16.99691026322413 169
1777429342789 16.925186692621093 170
1777429343159 18.518393780323525 171
1777429343510 18.170313104630655 172
1777429343888 17.029649795811093 173
1777429344267 19.960335118112216 174
1777429344642 16.92164415816693 175
1777429345002 16.29824100668871 176
