1777382464133 160.2459259033203 1
1777382465448 157.6204071044922 2
1777382466756 154.86419677734375 3
1777382468004 151.54608154296875 4
1777382469509 147.49171447753906 5
1777382470379 142.73519897460938 6
1777382471813 137.056884765625 7
1777382472665 130.19224548339844 8
1777382473903 122.1473388671875 9
1777382475777 113.90998840332031 10
1777382477036 105.35904693603516 11
1777382478325 96.52954864501953 12
1777382480364 86.48291015625 13
1777382481224 76.4777603149414 14
1777382482068 66.69322204589844 15
1777382483289 57.201866149902344 16
1777382486084 48.28620910644531 17
1777382487249 40.62495040893555 18
1777382488090 33.97133255004883 19
1777382489206 29.221454620361328 20
1777382491500 26.771207809448242 21
1777382493137 23.6309871673584 22
1777382495271 22.336647033691406 23
1777382496487 21.887197494506836 24
1777382497331 20.589933395385742 25
1777382498589 20.52876853942871 26
1777382500280 20.017641067504883 27
1777382501647 19.575559616088867 28
1777382503116 18.87130355834961 29
1777382504736 18.68996238708496 30
1777382505939 18.545780181884766 31
1777382508262 18.112506866455078 32
1777382509669 18.440250396728516 33
1777382510886 17.164901733398438 34
1777382511933 17.359724044799805 35
1777382513448 16.93222999572754 36
1777382515927 17.311853408813477 37
1777382517276 15.533113479614258 38
1777382518345 16.24994468688965 39
1777382519465 16.632579803466797 40
1777382520589 15.890692710876465 41
1777382522670 16.684253692626953 42
1777382523841 15.842581748962402 43
1777382526249 15.277222633361816 44
1777382527840 16.575504302978516 45
1777382530765 15.685669898986816 46
1777382533337 15.38863754272461 47
1777382535295 16.250329971313477 48
1777382537454 15.418700218200684 49
1777382539899 16.192575454711914 50
1777382541804 14.81180477142334 51
1777382544216 14.945354461669922 52
1777382548050 15.171107292175293 53
1777382560232 14.479049682617188 54
1777382591925 14.418585777282715 55
1777382592777 14.364578247070312 56
1777382593645 15.433370590209961 57
1777382594485 14.193233489990234 58
1777382595332 13.991022109985352 59
1777382596175 14.74105167388916 60
1777382597040 14.1708984375 61
1777382597893 13.947561264038086 62
1777382598729 13.82459831237793 63
1777382599577 13.735879898071289 64
1777382600426 13.270347595214844 65
1777382601267 14.595966339111328 66
1777382602130 13.714030265808105 67
1777382603004 14.036081314086914 68
1777382603886 13.719927787780762 69
1777382604762 13.205140113830566 70
1777382605667 13.038086891174316 71
1777382608282 14.524038314819336 72
1777382724245 12.78178596496582 73
1777382725738 12.46653938293457 74
1777382727710 12.954825401306152 75
1777382730343 12.832159996032715 76
1777382819437 12.392176628112793 77
1777382820243 12.5631742477417 78
1777382821075 12.832802772521973 79
1777382821880 12.709837913513184 80
1777382822685 12.04577922821045 81
1777382823486 12.019275665283203 82
1777382824293 12.297616958618164 83
1777382825135 11.594015121459961 84
1777382825938 12.51269817352295 85
1777382827164 11.877487182617188 86
1777382828002 11.622163772583008 87
