1777171561394 178.1790008544922 1
1777171562794 169.2255859375 2
1777171584735 157.55926513671875 3
1777171585890 139.91677856445312 4
1777171587250 116.02584838867188 5
1777171588639 89.91077423095703 6
1777171589820 65.37500762939453 7
1777171590972 43.69987487792969 8
1777171592114 30.99997901916504 9
1777171593295 25.11554527282715 10
1777171594438 22.449398040771484 11
1777171595568 20.834430694580078 12
1777171596713 19.884044647216797 13
1777171597866 18.64573860168457 14
1777171599006 17.845888137817383 15
1777171600150 16.877052307128906 16
1777171601302 17.404382705688477 17
1777171602928 17.274648666381836 18
1777171604101 16.138477325439453 19
1777171605267 17.109920501708984 20
1777171606439 15.965597152709961 21
1777171607590 16.295427322387695 22
1777171608740 14.935805320739746 23
1777171609897 14.962784767150879 24
1777171611057 14.901856422424316 25
1777171612210 14.23435115814209 26
1777171613363 14.114559173583984 27
1777171614543 14.35400676727295 28
1777171615696 14.342389106750488 29
1777171616838 13.820253372192383 30
1777171618003 13.951536178588867 31
1777171620547 13.255270957946777 32
1777171621722 13.737678527832031 33
1777171622899 13.582247734069824 34
1777171624091 13.009078979492188 35
1777171625327 13.111143112182617 36
1777171626539 12.175891876220703 37
1777171627731 12.785080909729004 38
1777171628915 12.540358543395996 39
1777171630100 12.353559494018555 40
1777171631299 12.373544692993164 41
1777171632554 12.261130332946777 42
1777171633745 11.680532455444336 43
1777171634997 11.706999778747559 44
1777171636246 11.790597915649414 45
1777171637514 11.800589561462402 46
1777171647828 11.866592407226562 47
1777171648957 11.312527656555176 48
1777171650086 11.650557518005371 49
1777171651221 11.262822151184082 50
1777171652360 11.14903736114502 51
1777171653485 11.024223327636719 52
1777171654607 11.58566665649414 53
