1777206429818 158.56781005859375 1
1777206430419 153.79098510742188 2
1777206431018 148.88067626953125 3
1777206431610 142.88748168945312 4
1777206432202 135.74459838867188 5
1777206432795 126.65467071533203 6
1777206433391 116.84191131591797 7
1777206433988 106.93854522705078 8
1777206434591 96.38445281982422 9
1777206435187 85.13557434082031 10
1777206435783 73.35102081298828 11
1777206436382 61.79168701171875 12
1777206436976 50.531654357910156 13
1777206437578 40.31532669067383 14
1777206438180 32.62269592285156 15
1777206438786 25.68386459350586 16
1777206439390 22.751367568969727 17
1777206439992 21.922468185424805 18
1777206440591 20.773656845092773 19
1777206441189 18.956472396850586 20
1777206441786 18.502086639404297 21
1777206442388 17.979705810546875 22
1777206443000 18.061887741088867 23
1777206443599 17.393831253051758 24
1777206444196 17.49128532409668 25
1777206444795 17.104114532470703 26
1777206445396 16.66986846923828 27
1777206445996 16.0977725982666 28
1777206446593 15.424856185913086 29
1777206447191 14.337043762207031 30
1777206447804 15.021334648132324 31
1777206448394 17.091184616088867 32
1777206448987 15.051130294799805 33
1777206450348 14.775246620178223 34
1777206450941 13.310946464538574 35
1777206451532 13.521865844726562 36
1777206452125 13.331541061401367 37
1777206452779 13.8436861038208 38
1777206453374 16.66143035888672 39
1777206453964 12.977360725402832 40
1777206455753 14.422534942626953 41
1777206456390 12.933512687683105 42
1777206457025 14.028945922851562 43
1777206457678 14.955692291259766 44
1777206458318 13.153777122497559 45
1777206458956 12.611897468566895 46
1777206459623 13.143912315368652 47
1777206460290 12.101160049438477 48
1777206460930 13.470224380493164 49
1777206461568 14.152875900268555 50
1777206462206 13.506515502929688 51
1777206462848 13.20802116394043 52
1777206463488 13.6298246383667 53
1777206464126 11.669668197631836 54
1777206464763 11.623170852661133 55
1777206465397 12.431469917297363 56
1777206466048 11.290724754333496 57
1777206466680 12.81534481048584 58
1777206467316 11.371020317077637 59
1777206467953 11.755406379699707 60
1777206468590 10.692039489746094 61
1777206469226 11.86806869506836 62
1777206469865 11.680858612060547 63
1777206470457 11.12645149230957 64
1777206471047 11.340648651123047 65
1777206471635 11.32751750946045 66
1777206472223 11.854080200195312 67
1777206472818 11.919218063354492 68
1777206473409 10.892410278320312 69
1777206474002 10.16870403289795 70
1777206474592 10.76943302154541 71
1777206475192 11.085026741027832 72
1777206475892 10.279463768005371 73
1777206476481 9.771966934204102 74
1777206477074 9.976374626159668 75
1777206477666 9.612549781799316 76
1777206478256 9.738810539245605 77
1777206478845 10.025516510009766 78
1777206479433 10.664498329162598 79
1777206482861 9.301692962646484 80
1777206483462 9.618125915527344 81
1777206484064 8.385573387145996 82
1777206484664 9.978114128112793 83
1777206513311 9.5548095703125 84
1777206517445 8.722044944763184 85
1777206518538 9.696406364440918 86
1777206537042 9.998692512512207 87
1777206539175 9.69490909576416 88
1777206539836 8.93574047088623 89
1777206540509 8.56553840637207 90
1777206541254 9.21510124206543 91
1777206543195 8.535468101501465 92
1777206544274 9.320494651794434 93
1777206545064 8.504225730895996 94
1777206546925 9.755059242248535 95
1777206547938 8.9678316116333 96
1777206548800 8.142197608947754 97
1777206549491 9.2946138381958 98
1777206550205 8.761861801147461 99
1777206551001 8.547645568847656 100
1777206551726 9.696548461914062 101
1777206552528 8.472084999084473 102
1777206567325 8.038434982299805 103
1777206567938 8.250057220458984 104
1777206568551 8.926321983337402 105
1777206569162 8.189581871032715 106
1777206569771 8.553264617919922 107
1777206570380 8.461775779724121 108
1777206570989 7.522485733032227 109
1777206571602 8.013495445251465 110
1777206572216 8.391190528869629 111
1777206572841 7.822851181030273 112
1777206573463 7.609039783477783 113
1777206574068 8.183823585510254 114
1777206574678 7.846966743469238 115
1777206575287 9.865776062011719 116
1777206575894 7.836157321929932 117
1777206576499 8.859704971313477 118
1777206577104 7.641626358032227 119
1777206577707 8.405989646911621 120
1777206578310 7.9589948654174805 121
1777206578913 7.738434314727783 122
1777206579518 7.7397894859313965 123
1777206580119 7.414428234100342 124
1777206580722 7.739563465118408 125
1777206581324 7.975555419921875 126
1777206581925 7.070374488830566 127
1777206582528 7.885852336883545 128
1777206583128 7.369692325592041 129
1777206583729 7.313867568969727 130
1777206584334 7.79631233215332 131
1777206585031 7.280397891998291 132
1777206585799 6.912532806396484 133
1777206586457 7.614152431488037 134
1777206587116 7.444093227386475 135
1777206587963 7.903549671173096 136
1777206588846 7.150938987731934 137
1777206589474 7.781790256500244 138
1777206590101 7.280743598937988 139
1777206590744 7.936389446258545 140
1777206591379 7.482749938964844 141
1777206592014 7.56327486038208 142
1777206592642 6.506786823272705 143
1777206593268 7.583315372467041 144
1777206593907 6.555145263671875 145
1777206594567 6.6084370613098145 146
1777206595195 7.497021675109863 147
1777206595824 6.897592544555664 148
1777206596451 6.750791549682617 149
1777206597072 6.9357147216796875 150
1777206597689 6.822981834411621 151
1777206598316 7.808961391448975 152
1777206598940 7.195991516113281 153
1777206604190 6.7200469970703125 154
1777206604842 7.427733898162842 155
