1777438326886 39867.513671875 1
1777438334709 36913.9345703125 2
1777438336574 32350.40966796875 3
1777438343691 26587.56396484375 4
1777438351166 20778.32470703125 5
1777438352883 14645.195068359375 6
1777438360420 7935.788330078125 7
1777438363279 3693.3856811523438 8
1777438370722 1925.9613342285156 9
1777438376482 1242.1436157226562 10
1777438378640 956.6995086669922 11
1777438388726 862.5927124023438 12
1777438396611 748.5780181884766 13
1777438398546 708.9879455566406 14
1777438400679 694.9160614013672 15
1777438406575 605.2778778076172 16
1777438414627 580.4772338867188 17
1777438424404 523.7763748168945 18
1777438435032 557.1090698242188 19
1777438439041 523.5824813842773 20
1777438444268 478.35533905029297 21
1777438454781 532.3861389160156 22
1777438466094 534.9827041625977 23
1777438471847 428.7705612182617 24
1777438480107 436.1883010864258 25
1777438484910 493.5929260253906 26
1777438494362 481.77808380126953 27
1777438496361 442.66492462158203 28
1777438498999 460.7039031982422 29
1777438505449 419.7867660522461 30
1777438507615 404.7179870605469 31
1777438511844 343.1864700317383 32
1777438513918 376.8452682495117 33
1777438518574 386.6924591064453 34
1777438523437 370.13956451416016 35
1777438530526 418.57190704345703 36
1777438532439 366.7775344848633 37
1777438534202 324.1830520629883 38
1777438541398 310.5939407348633 39
1777438545341 301.9239730834961 40
1777438550813 309.1399154663086 41
1777438553276 315.0438003540039 42
1777438558469 301.11549377441406 43
1777438563211 277.94547271728516 44
1777438568116 252.20771026611328 45
1777438572809 300.4230041503906 46
1777438583592 232.7894058227539 47
1777438585192 211.12062072753906 48
1777438590099 311.6428680419922 49
1777438601843 249.08443069458008 50
1777438603801 257.26613998413086 51
1777438608870 204.61188888549805 52
1777438610782 215.34416580200195 53
1777438615650 208.05874633789062 54
1777438618249 213.32640075683594 55
1777438624484 241.68507385253906 56
1777438628798 194.38294219970703 57
1777438630692 245.03856658935547 58
1777438639795 195.54448699951172 59
1777438645231 194.3828010559082 60
1777438650762 193.57680892944336 61
1777438652366 224.64028549194336 62
1777438658045 184.44227600097656 63
1777438669209 184.30328750610352 64
1777438671556 158.36952209472656 65
1777438673572 193.68339920043945 66
1777438678814 146.19808959960938 67
1777438688568 163.3142547607422 68
1777438696122 181.08063888549805 69
1777438701742 171.88970565795898 70
1777438709190 148.63975143432617 71
1777438714471 182.7984848022461 72
1777438727989 153.6226348876953 73
1777438733572 189.51464462280273 74
1777438735295 171.60688018798828 75
1777438737090 156.26613235473633 76
1777438739121 151.81760025024414 77
1777438744448 168.92446517944336 78
1777438752384 149.03016662597656 79
1777438756307 161.39148712158203 80
1777438761029 175.51569747924805 81
1777438766605 154.71009063720703 82
1777438770840 138.88392639160156 83
1777438782105 145.64130020141602 84
1777438790017 136.9116039276123 85
1777438792272 137.4062328338623 86
1777438804346 146.33217239379883 87
1777438817163 125.8862133026123 88
1777438825485 122.55844688415527 89
1777438830517 134.24406242370605 90
