1777438326886 158.725341796875 1
1777438334709 149.557373046875 2
1777438336574 136.6493682861328 3
1777438343691 120.20465087890625 4
1777438351166 101.971923828125 5
1777438352883 81.79276275634766 6
1777438360420 57.768943786621094 7
1777438363279 39.280296325683594 8
1777438370722 29.903512954711914 9
1777438376482 24.41483497619629 10
1777438378640 21.713056564331055 11
1777438388726 20.574810028076172 12
1777438396611 19.476905822753906 13
1777438398546 18.945682525634766 14
1777438400679 18.780414581298828 15
1777438406575 17.62820053100586 16
1777438414627 17.32608985900879 17
1777438424404 16.33826446533203 18
1777438435032 16.879255294799805 19
1777438439041 16.471223831176758 20
1777438444268 15.612016677856445 21
1777438454781 16.30550193786621 22
1777438466094 16.572336196899414 23
1777438471847 15.072747230529785 24
1777438480107 14.971421241760254 25
1777438484910 15.90766716003418 26
1777438494362 15.548748970031738 27
1777438496361 15.181833267211914 28
1777438498999 15.259679794311523 29
1777438505449 14.643501281738281 30
1777438507615 14.346193313598633 31
1777438511844 13.367749214172363 32
1777438513918 13.615310668945312 33
1777438518574 13.749849319458008 34
1777438523437 13.71672248840332 35
1777438530526 14.621798515319824 36
1777438532439 13.67989444732666 37
1777438534202 13.138806343078613 38
1777438541398 12.628180503845215 39
1777438545341 12.525469779968262 40
1777438550813 12.5966157913208 41
1777438553276 12.727580070495605 42
1777438558469 12.694931983947754 43
1777438563211 12.082740783691406 44
1777438568116 11.553949356079102 45
1777438572809 12.467592239379883 46
1777438583592 11.083258628845215 47
1777438585192 10.712924003601074 48
1777438590099 12.607609748840332 49
1777438601843 11.604686737060547 50
1777438603801 11.651727676391602 51
1777438608870 10.45064640045166 52
1777438610782 10.717880249023438 53
1777438615650 10.630964279174805 54
1777438618249 10.55031967163086 55
1777438624484 11.290571212768555 56
1777438628798 10.286386489868164 57
1777438630692 11.18156623840332 58
1777438639795 10.227418899536133 59
1777438645231 10.202483177185059 60
1777438650762 10.240459442138672 61
1777438652366 10.806267738342285 62
1777438658045 9.888602256774902 63
1777438669209 9.920687675476074 64
1777438671556 9.233418464660645 65
1777438673572 10.136655807495117 66
1777438678814 8.914514541625977 67
1777438688568 9.386306762695312 68
1777438696122 9.7923002243042 69
1777438701742 9.650025367736816 70
1777438709190 9.031947135925293 71
1777438714471 10.029541969299316 72
1777438727989 9.067376136779785 73
1777438733572 9.9403657913208 74
1777438735295 9.597655296325684 75
1777438737090 9.251994132995605 76
1777438739121 9.208731651306152 77
1777438744448 9.39704704284668 78
1777438752384 9.072559356689453 79
1777438756307 9.206378936767578 80
1777438761029 9.701807022094727 81
1777438766605 8.921676635742188 82
1777438770840 8.6698579788208 83
1777438782105 8.89110279083252 84
1777438790017 8.593619346618652 85
1777438792272 8.537978172302246 86
1777438804346 8.804558753967285 87
1777438817163 8.237293243408203 88
1777438825485 8.190847396850586 89
1777438830517 8.498458862304688 90
