1777160590827 -1.725989033548133 1
1777160591655 -1.6502893474045686 2
1777160592366 -1.5790686445755742 3
1777160593067 -1.4942398419175156 4
1777160597739 -1.3827585013883348 5
1777160726237 -1.2394457315555383 6
1777160726859 -1.081958597648664 7
1777160727497 -0.9171554950288459 8
1777160728117 -0.7471825330366735 9
1777160728733 -0.5680770866431752 10
1777160729355 -0.39415665511277376 11
1777160729969 -0.20653596612273262 12
1777160730583 -0.025899432449834503 13
1777160731199 0.1521015766915288 14
1777160731818 0.3311081296807886 15
1777160732437 0.4883719879993007 16
1777160733049 0.6166721726513505 17
1777160733664 0.7292003519135568 18
1777160734281 0.8153035935658666 19
1777160734898 0.8636027073829897 20
1777160735518 0.9027223011974674 21
1777160736136 0.9092172996558938 22
1777160736760 0.9281029259894622 23
1777160737379 0.9332119816095009 24
1777160738000 0.9392087672294201 25
1777160738632 0.9479652490720707 26
1777160739250 0.9476788160377546 27
1777160739868 0.9438118743958853 28
1777160740485 0.9464548283709562 29
1777160741101 0.9441879295777925 30
1777160741718 0.9556605834465913 31
1777160742334 0.9533878817461452 32
1777160742952 0.961252528976839 33
1777160743569 0.9470288234471057 34
1777160744185 0.9617620629860665 35
1777160744798 0.9577350773527062 36
1777160745415 0.9594896698491157 37
1777160746031 0.9640656616994419 38
1777160746649 0.9584559438686548 39
1777160747264 0.9640158466347003 40
1777160747879 0.9659154328783216 41
1777160748515 0.9651858093782176 42
1777160749134 0.9625339070617851 43
1777160749751 0.9719684512052902 44
1777160750368 0.9699936878911916 45
1777160750983 0.9646124218611983 46
1777160751600 0.9699266937332505 47
1777160752216 0.9679908859624333 48
1777160752841 0.9687356553865174 49
1777160753458 0.9703269747374809 50
1777160754076 0.9734599969099639 51
1777160754691 0.9690564035507631 52
1777160755305 0.9692817099174776 53
1777160755922 0.9755333067933645 54
1777160756538 0.9745445258367438 55
1777160757153 0.9673915408403735 56
1777160757770 0.9742058044457943 57
1777160758420 0.97373059752742 58
1777160759036 0.9726625301043157 59
1777160759656 0.9763870900248397 60
1777160760272 0.9756781570226717 61
1777160760889 0.9721315903995936 62
1777160761503 0.971016697868097 63
1777160762117 0.9751439953409878 64
1777160762732 0.977943804818099 65
1777160763349 0.9778987306281446 66
1777160763966 0.9746651334999723 67
1777160764582 0.9745190346648938 68
1777160765199 0.974081642322458 69
1777160765815 0.9754090489914251 70
1777160766431 0.976784141876213 71
1777160767047 0.9796363569162465 72
1777160767665 0.9741267428240282 73
1777160768285 0.9792979823602335 74
1777160768905 0.9768982720980067 75
1777160769525 0.9843249002914141 76
1777160770144 0.9815991735607565 77
1777160770761 0.9799870883638592 78
1777160771378 0.9752996548604883 79
1777160771994 0.9797831924765694 80
1777160772613 0.9817430753759098 81
1777160773230 0.975384131891194 82
1777160773845 0.9828317711058578 83
1777160774463 0.9816413761966332 84
1777160775079 0.9829303033233695 85
1777160775695 0.98441089382798 86
1777160776314 0.9850984641900248 87
1777160776932 0.9853582483413923 88
1777160777552 0.98318829469691 89
1777160778175 0.9848084551679152 90
1777160778811 0.9824073970333662 91
1777160779428 0.983314616764713 92
1777160780045 0.9848467899962586 93
1777160780666 0.9826814875278731 94
1777160781282 0.9842154320095599 95
1777160781898 0.9867843821730249 96
1777160782521 0.9821791019062852 97
1777160783143 0.9841284182998876 98
1777160783758 0.9844768163855655 99
