1777160590827 162.71428680419922 1
1777160591655 159.10985565185547 2
1777160592366 155.7076873779297 3
1777160593067 151.82156372070312 4
1777160597739 147.17101287841797 5
1777160726237 141.73383331298828 6
1777160726859 135.25679779052734 7
1777160727497 127.75736618041992 8
1777160728117 120.16211318969727 9
1777160728733 112.1346435546875 10
1777160729355 103.70100021362305 11
1777160729969 94.5247688293457 12
1777160730583 85.31535339355469 13
1777160731199 76.1197738647461 14
1777160731818 66.5162353515625 15
1777160732437 56.88965606689453 16
1777160733049 47.74125099182129 17
1777160733664 40.45688438415527 18
1777160734281 34.35131645202637 19
1777160734898 29.632930755615234 20
1777160735518 25.86025333404541 21
1777160736136 25.375821113586426 22
1777160736760 22.617112159729004 23
1777160737379 22.23638343811035 24
1777160738000 21.270756721496582 25
1777160738632 19.9917573928833 26
1777160739250 19.719953536987305 27
1777160739868 20.46291160583496 28
1777160740485 20.073079109191895 29
1777160741101 20.427642822265625 30
1777160741718 18.419368743896484 31
1777160742334 18.706984519958496 32
1777160742952 17.572078704833984 33
1777160743569 20.229368209838867 34
1777160744185 17.24629306793213 35
1777160744798 17.902222633361816 36
1777160745415 17.508188247680664 37
1777160746031 16.87729835510254 38
1777160746649 17.69454860687256 39
1777160747264 16.754225730895996 40
1777160747879 16.262863159179688 41
1777160748515 16.531085968017578 42
1777160749134 17.22224235534668 43
1777160749751 14.89609432220459 44
1777160750368 15.34305477142334 45
1777160750983 16.316962242126465 46
1777160751600 15.329578399658203 47
1777160752216 15.773134231567383 48
1777160752841 15.717897415161133 49
1777160753458 15.207564353942871 50
1777160754076 14.700770854949951 51
1777160754691 15.327162742614746 52
1777160755305 15.534406185150146 53
1777160755922 13.864005088806152 54
1777160756538 14.127719402313232 55
1777160757153 16.132482528686523 56
1777160757770 14.361860752105713 57
1777160758420 14.51728343963623 58
1777160759036 14.7356276512146 59
1777160759656 13.719714164733887 60
1777160760272 13.927751064300537 61
1777160760889 14.69720983505249 62
1777160761503 14.970938205718994 63
1777160762117 14.200761795043945 64
1777160762732 13.181386470794678 65
1777160763349 13.224363327026367 66
1777160763966 14.085623264312744 67
1777160764582 13.985342979431152 68
1777160765199 14.14748477935791 69
1777160765815 13.83735466003418 70
1777160766431 13.745662689208984 71
1777160767047 12.647835731506348 72
1777160767665 14.151028633117676 73
1777160768285 12.841561317443848 74
1777160768905 13.545998573303223 75
1777160769525 11.22245740890503 76
1777160770144 12.339730739593506 77
1777160770761 12.484108924865723 78
1777160771378 13.9443039894104 79
1777160771994 12.707070350646973 80
1777160772613 12.089345932006836 81
1777160773230 13.74592638015747 82
1777160773845 11.752871036529541 83
1777160774463 12.05324649810791 84
1777160775079 11.715933322906494 85
1777160775695 11.196959972381592 86
1777160776314 11.05780029296875 87
1777160776932 11.096883296966553 88
1777160777552 11.576576709747314 89
1777160778175 11.273664951324463 90
1777160778811 11.846933841705322 91
1777160779428 11.706974983215332 92
1777160780045 11.166915893554688 93
1777160780666 11.90112829208374 94
1777160781282 11.4899320602417 95
1777160781898 10.384312152862549 96
1777160782521 11.830219268798828 97
1777160783143 11.15383768081665 98
1777160783758 11.254929542541504 99
