1777302008821 44173.56171875 1
1777302009943 39474.5203125 2
1777302011086 31434.02109375 3
1777302012199 21758.84921875 4
1777302013319 12578.9818359375 5
1777302014437 5718.7208984375 6
1777302015557 2269.667431640625 7
1777302016675 1318.8565673828125 8
1777302017799 1035.3479248046874 9
1777302018916 851.6440185546875 10
1777302020033 716.90537109375 11
1777302021154 625.9486328125 12
1777302022293 665.2429809570312 13
1777302023406 578.1568969726562 14
1777302024528 617.9088256835937 15
1777302025649 551.7659545898438 16
1777302026772 581.92880859375 17
1777302027881 501.675732421875 18
1777302029002 476.8512329101562 19
1777302030121 524.5741638183594 20
1777302031232 524.6300537109375 21
1777302032347 463.13112182617186 22
1777302033475 376.6074157714844 23
1777302034586 415.79613037109374 24
1777302035697 403.045263671875 25
1777302036818 386.8609130859375 26
1777302037936 364.74671630859376 27
1777302039049 332.26348876953125 28
1777302040160 399.75645751953124 29
1777302041275 350.78673095703124 30
1777302042388 353.45851440429686 31
1777302043515 335.6332092285156 32
1777302044634 353.99754638671874 33
1777302045751 311.3478759765625 34
1777302046877 299.68312377929686 35
1777302047995 282.8078674316406 36
1777302049107 264.9275665283203 37
1777302050219 261.15947265625 38
1777302051375 275.17650146484374 39
1777302052493 262.3138946533203 40
1777302053621 262.55763549804686 41
1777302054759 267.76471252441405 42
1777302055879 248.7431182861328 43
1777302056994 253.20791625976562 44
1777302058107 235.45703735351563 45
1777302059221 241.5634002685547 46
1777302060334 215.5880889892578 47
1777302061452 210.84258728027345 48
1777302062569 230.2273956298828 49
1777302063688 225.64197998046876 50
1777302064806 200.8432647705078 51
1777302065949 216.68338317871093 52
1777302067064 218.99412231445314 53
1777302068180 203.852734375 54
1777302069293 218.66620178222655 55
1777302070405 214.025146484375 56
1777302071520 212.69529418945314 57
1777302072634 193.48436889648437 58
1777302073750 187.85909423828124 59
