1777382115175 220.96928696370907 1
1777382115549 219.48087722794895 2
1777382115917 218.07638247584262 3
1777382116748 216.87514409217115 4
1777382117151 215.56709367387222 5
1777382117838 214.14699974550192 6
1777382119237 212.51743494652385 7
1777382119815 210.55110907152687 8
1777382120432 208.3145251926759 9
1777382120784 205.79326322185574 10
1777382121393 202.95415892511295 11
1777382122715 199.7879637734716 12
1777382123699 196.77837906830618 13
1777382124385 193.37528280522307 14
1777382126037 189.95376699015475 15
1777382126592 186.37059853957652 16
1777382127620 182.20809274700179 17
1777382128756 177.94224725841528 18
1777382129741 173.55377296208516 19
1777382130563 169.07148197027493 20
1777382130914 164.32258551208048 21
1777382131297 159.19352413022332 22
1777382131877 154.34590439375125 23
1777382132509 148.82938401698436 24
1777382133383 143.21261646805075 25
1777382133752 137.75992477857992 26
1777382134116 131.92088952758772 27
1777382134490 125.49852542086899 28
1777382135027 119.00281066139783 29
1777382135406 112.3095827737442 30
1777382135794 106.04735270446406 31
1777382136360 100.28205827034814 32
1777382137070 93.35843226511464 33
1777382138345 85.9636749910609 34
1777382139431 79.86052905886925 35
1777382142496 73.33581390809336 36
1777382143438 68.08490075587612 37
1777382144952 62.97336366472733 38
1777382145830 54.02741816950445 39
1777382146384 50.46807758839988 40
1777382146915 46.16535751377866 41
1777382147898 44.23011255293516 42
1777382149195 41.15732961757845 43
1777382149546 37.30823526978075 44
1777382150597 36.896306079928245 45
1777382151024 32.732750929282396 46
1777382151644 32.38954148272151 47
1777382152041 29.610899325868488 48
1777382153281 31.748873472878923 49
1777382153633 30.314689635799404 50
1777382154360 30.420386295110553 51
1777382155550 26.441692191263023 52
1777382156351 28.227178757457658 53
1777382156844 24.32030748072547 54
1777382157499 25.901109873435566 55
1777382158764 29.171370760907216 56
1777382159346 25.05094175110364 57
1777382160153 24.971476648290018 58
1777382160526 23.291882272267227 59
1777382161151 23.87270036577149 60
1777382161520 25.249763109965507 61
1777382162386 28.058397702659803 62
1777382163455 28.301257598216814 63
1777382164054 24.61712303625327 64
1777382164819 24.153251906041945 65
1777382165331 25.34938236966411 66
1777382166244 22.90133068766147 67
1777382166843 24.370094157754345 68
1777382167456 23.13227292726009 69
1777382168089 25.385617294635313 70
1777382168825 23.127096874949117 71
1777382169543 24.686308317757334 72
1777382170549 21.680093605430635 73
1777382171440 24.613935589322413 74
1777382172357 24.756164399624794 75
1777382173809 23.564901133458793 76
1777382174368 23.83140346298608 77
1777382175293 23.432160850194226 78
1777382176005 25.556133643352137 79
1777382176518 21.289198680757103 80
1777382177771 19.803641182912866 81
1777382178124 22.113966092446887 82
1777382178733 22.50319937105819 83
1777382179401 22.37051363672935 84
1777382179992 23.584334317408928 85
1777382180377 24.537291503269188 86
1777382181265 21.368474309972097 87
1777382181827 21.42969106019839 88
1777382182329 20.332231252018232 89
1777382183071 20.31323766689394 90
1777382183938 23.030607341355953 91
1777382184330 19.622434800752064 92
1777382184718 20.78807086722718 93
1777382185488 18.900402633980114 94
1777382186338 20.817936367694447 95
1777382186928 18.773942233383533 96
1777382187743 21.733517068347595 97
1777382188381 18.60142222883903 98
1777382189000 20.171191924191742 99
1777382189712 22.956499177622607 100
1777382190369 18.68926932337904 101
1777382191170 17.328251802962555 102
