1777433760698 -1.9420292652429385 1
1777433761334 -1.895640656087624 2
1777433761643 -1.848275486249559 3
1777433761937 -1.8067947238492064 4
1777433762239 -1.7650021155629756 5
1777433762533 -1.7215059971474687 6
1777433762825 -1.675175722366292 7
1777433763140 -1.6259917178380339 8
1777433763443 -1.570740197465113 9
1777433763757 -1.5052385877215664 10
1777433764085 -1.4261181039851496 11
1777433764401 -1.3419055312393224 12
1777433764702 -1.2535757862169077 13
1777433765015 -1.1616494801676183 14
1777433765327 -1.067408943701511 15
1777433765647 -0.9516825705710601 16
1777433765975 -0.8364438500897486 17
1777433766301 -0.7221641423701612 18
1777433766610 -0.6133931981300091 19
1777433766945 -0.4927344567379228 20
1777433767247 -0.3868262686038695 21
1777433767562 -0.26401339524501477 22
1777433767880 -0.1459669456833983 23
1777433768173 -0.04358436787041131 24
1777433768509 0.06833667912183983 25
1777433768839 0.15757644912023916 26
1777433769182 0.2649695956810013 27
1777433769657 0.34652269286008874 28
1777433769965 0.4374795648179287 29
1777433770275 0.5012525946282387 30
1777433770591 0.5760186841046856 31
1777433770888 0.6197922609627056 32
1777433771180 0.6917195617260947 33
1777433771502 0.7260141012407174 34
1777433771795 0.7756168282284062 35
1777433772106 0.8136010646673749 36
1777433772406 0.8371785807908874 37
1777433772715 0.8551410878187192 38
1777433773021 0.885711244884808 39
1777433773346 0.8834122132038601 40
1777433773651 0.8987976707530444 41
1777433773968 0.9108315343043047 42
1777433774302 0.9189760853831059 43
1777433774622 0.9243142981443644 44
1777433774930 0.9137212999620519 45
1777433775259 0.933527018293313 46
1777433775584 0.9351931756328442 47
1777433775897 0.9312261858869448 48
1777433776207 0.9356291934762915 49
1777433776519 0.9495677268841619 50
1777433776833 0.9467258554473929 51
1777433777137 0.9443538427430624 52
1777433777444 0.9471067398254348 53
1777433777768 0.9487303322892725 54
1777433778076 0.9430175267188018 55
1777433778381 0.946156212950712 56
1777433778684 0.9364219964524254 57
1777433778989 0.9498647036205349 58
1777433779302 0.9516582706983594 59
1777433779596 0.946450138425073 60
1777433779894 0.9543988519310472 61
1777433780288 0.9503589465780174 62
1777433780584 0.9524429421937343 63
1777433780886 0.9588104553708192 64
1777433781185 0.9512129161482871 65
1777433781474 0.9654857492841066 66
1777433781777 0.9542476136285899 67
1777433782107 0.9640836357126813 68
1777433782409 0.9491679615307753 69
1777433782716 0.966913330663705 70
1777433783038 0.9661515422691996 71
1777433783344 0.9638780863855331 72
1777433783658 0.9580144904405992 73
1777433783953 0.9525822558013014 74
1777433784260 0.9589851512436754 75
1777433784588 0.95897920921845 76
1777433784919 0.9569321804673684 77
1777433785221 0.9635113383951238 78
1777433785523 0.9635502425782703 79
1777433785827 0.9649564741882913 80
1777433786132 0.9632334075089602 81
1777433786430 0.961692912989082 82
1777433786740 0.9595905103727682 83
1777433787479 0.9678458021086145 84
1777433787775 0.9579140324623331 85
1777433788074 0.9567880635699517 86
1777433788374 0.9523046035422416 87
1777433788674 0.973425080941725 88
1777433788984 0.9676069569029343 89
1777433789286 0.9638541078729735 90
1777433789592 0.9651096198827207 91
1777433789908 0.9677795308468232 92
1777433790210 0.9580693190715152 93
1777433790561 0.9629849781548914 94
1777433790853 0.9703191687870925 95
1777433791160 0.9710234530781778 96
1777433791479 0.96929751638383 97
1777433791767 0.968702017725482 98
1777433792089 0.9739879850117772 99
1777433792406 0.9678800992119673 100
1777433792705 0.9596552646814819 101
1777433793006 0.9718169886590013 102
1777433793304 0.9721803047909938 103
1777433793612 0.9652848423108683 104
1777433793929 0.9677957437679091 105
1777433794224 0.9662374743903762 106
1777433794527 0.9675865356456907 107
1777433794815 0.9701692856767082 108
1777433795128 0.9670486672894703 109
1777433795441 0.9703669883432615 110
1777433795775 0.9724037619719184 111
1777433796074 0.9749687704183492 112
1777433796394 0.9640072033954225 113
1777433796751 0.968505978586355 114
1777433797086 0.9577605722263434 115
1777433797388 0.9720126939625338 116
1777433797695 0.9632200136090906 117
1777433797979 0.9670211931354307 118
1777433798276 0.9774381540660421 119
1777433798567 0.9695875449327042 120
1777433798848 0.9621842585102145 121
1777433799134 0.9616845700990199 122
1777433799750 0.9688177385325524 123
1777433800347 0.9720847922250337 124
1777433800660 0.9793125810730147 125
1777433800951 0.9674726974321204 126
1777433801255 0.9760568197661542 127
1777433801559 0.9746747691957843 128
1777433801859 0.962780803079987 129
1777433802175 0.9651977490284256 130
1777433802466 0.9679788524949413 131
1777433802767 0.9688437173609407 132
1777433803064 0.9743357085124993 133
1777433803354 0.9655364357613038 134
1777433803643 0.9775450894789323 135
1777433803941 0.9739542298380501 136
1777433804246 0.972183489328997 137
1777433804571 0.9790545560621495 138
1777433804854 0.9741348388051292 139
1777433805153 0.9682397012302585 140
1777433805495 0.9633907393194594 141
1777433805857 0.9746187739134252 142
1777433806221 0.9753097489657622 143
1777433806563 0.975660180383518 144
1777433806887 0.9745176477828378 145
1777433807182 0.9773774811630506 146
1777433807499 0.9741901148670347 147
1777433807801 0.9753557511582406 148
1777433808099 0.9700023786056029 149
1777433808412 0.9776938934064993 150
1777433808724 0.9698654118381212 151
1777433809031 0.9654032342482578 152
1777433809367 0.9740225519123201 153
1777433809734 0.9725130862585005 154
1777433810099 0.9760311579603298 155
1777433810446 0.9669279414856685 156
1777433810787 0.9768496046033897 157
1777433811145 0.9757901166077948 158
1777433811497 0.9798541610425968 159
1777433811843 0.9694811104403873 160
1777433812181 0.9799293775993976 161
1777433812524 0.974910679409481 162
1777433812872 0.9766080702555436 163
1777433813238 0.9738108160444885 164
1777433813589 0.9809071658743367 165
1777433813955 0.973513697923615 166
1777433814316 0.9797627886646213 167
1777433814663 0.9808332738195648 168
1777433814976 0.9733370442842588 169
1777433815300 0.9713270799063353 170
1777433815609 0.9738200877305517 171
1777433815921 0.9779554721686985 172
1777433816244 0.9749332529272697 173
1777433816587 0.9805811357862974 174
1777433816890 0.9793899602141257 175
1777433817202 0.9785820929967094 176
1777433817529 0.9763180465630297 177
1777433817832 0.97779194443624 178
1777433818135 0.9781577661450492 179
1777433818533 0.9704710018395927 180
1777433818828 0.9781974525892596 181
1777433819120 0.9731316183730534 182
1777433819403 0.9801333380360806 183
1777433819702 0.9811457491593184 184
1777433820006 0.9805812651793776 185
1777433820348 0.9799801316968252 186
1777433820672 0.9771013088480448 187
1777433820994 0.9779855498138547 188
1777433821288 0.9817203480907143 189
1777433821596 0.9811778885517015 190
1777433821907 0.9827822019837005 191
1777433822211 0.9756792570868218 192
1777433822501 0.9818698918777995 193
1777433822790 0.9815930324429415 194
1777433823103 0.980061696687494 195
1777433823454 0.9768119472065414 196
1777433823811 0.9827963625465689 197
1777433824166 0.983920146064083 198
1777433824511 0.9806853190240525 199
1777433825069 0.9776043610402806 200
1777433825381 0.9712772516202034 201
1777433825730 0.9788752236086773 202
1777433826092 0.9820005900055113 203
1777433826445 0.9801076169318849 204
1777433826833 0.9793113204604054 205
1777433827199 0.9797221459628029 206
1777433827520 0.9826963904985412 207
1777433827834 0.9780959121312836 208
1777433828161 0.9741547376535825 209
1777433828461 0.978758839309593 210
1777433828747 0.9792683020436797 211
1777433829047 0.9801518416372959 212
1777433829363 0.9795533509251694 213
1777433829673 0.9820349263826279 214
1777433829966 0.9803543291923721 215
1777433830274 0.9799353154163898 216
1777433830574 0.9755975388097851 217
1777433830917 0.9833872028325292 218
1777433831210 0.9823277813528436 219
1777433831510 0.9815604621210088 220
1777433831825 0.9842941416052728 221
1777433832139 0.9805573775024737 222
1777433832437 0.9754380782337323 223
1777433832721 0.9790368725871672 224
