1777433760698 160.23757934570312 1
1777433761334 158.31851196289062 2
1777433761643 156.33212280273438 3
1777433761937 154.58041381835938 4
1777433762239 152.8037567138672 5
1777433762533 150.93557739257812 6
1777433762825 148.9791717529297 7
1777433763140 146.8788299560547 8
1777433763443 144.71136474609375 9
1777433763757 142.38075256347656 10
1777433764085 139.89260864257812 11
1777433764401 137.16470336914062 12
1777433764702 134.21719360351562 13
1777433765015 130.978271484375 14
1777433765327 127.41069030761719 15
1777433765647 123.61248779296875 16
1777433765975 119.30113220214844 17
1777433766301 114.79410552978516 18
1777433766610 110.19316864013672 19
1777433766945 105.39320373535156 20
1777433767247 100.26837158203125 21
1777433767562 94.89109802246094 22
1777433767880 89.3521499633789 23
1777433768173 84.2531509399414 24
1777433768509 79.00211334228516 25
1777433768839 73.56158447265625 26
1777433769182 67.89501190185547 27
1777433769657 63.748661041259766 28
1777433769965 58.93827438354492 29
1777433770275 54.59883499145508 30
1777433770591 49.90739059448242 31
1777433770888 47.22008514404297 32
1777433771180 42.0389404296875 33
1777433771502 39.161163330078125 34
1777433771795 35.63164138793945 35
1777433772106 32.351715087890625 36
1777433772406 30.444862365722656 37
1777433772715 29.14061737060547 38
1777433773021 25.599777221679688 39
1777433773346 26.528913497924805 40
1777433773651 25.13926124572754 41
1777433773968 23.550682067871094 42
1777433774302 22.225982666015625 43
1777433774622 21.996318817138672 44
1777433774930 23.38723373413086 45
1777433775259 20.344955444335938 46
1777433775584 20.180818557739258 47
1777433775897 21.166988372802734 48
1777433776207 20.19035530090332 49
1777433776519 18.083946228027344 50
1777433776833 18.714338302612305 51
1777433777137 19.19135284423828 52
1777433777444 18.660438537597656 53
1777433777768 18.581459045410156 54
1777433778076 19.48550796508789 55
1777433778381 18.79580307006836 56
1777433778684 20.396427154541016 57
1777433778989 18.00687599182129 58
1777433779302 18.04095458984375 59
1777433779596 19.139888763427734 60
1777433779894 17.68621253967285 61
1777433780288 18.59434700012207 62
1777433780584 17.82198715209961 63
1777433780886 16.926164627075195 64
1777433781185 18.35157585144043 65
1777433781474 15.46794319152832 66
1777433781777 17.956518173217773 67
1777433782107 15.825961112976074 68
1777433782409 18.005033493041992 69
1777433782716 15.329194068908691 70
1777433783038 15.27334213256836 71
1777433783344 15.883854866027832 72
1777433783658 17.170602798461914 73
1777433783953 17.90574073791504 74
1777433784260 16.908538818359375 75
1777433784588 16.891847610473633 76
1777433784919 17.232776641845703 77
1777433785221 16.059030532836914 78
1777433785523 15.99237060546875 79
1777433785827 15.624137878417969 80
1777433786132 15.691229820251465 81
1777433786430 16.11269187927246 82
1777433786740 16.520971298217773 83
1777433787479 14.978973388671875 84
1777433787775 16.746116638183594 85
1777433788074 17.16786766052246 86
1777433788374 17.388019561767578 87
1777433788674 13.584673881530762 88
1777433788984 14.945301055908203 89
1777433789286 15.744165420532227 90
1777433789592 14.92924976348877 91
1777433789908 15.138909339904785 92
1777433790210 17.10869789123535 93
1777433790561 15.766216278076172 94
1777433790853 14.524042129516602 95
1777433791160 14.218680381774902 96
1777433791479 14.772591590881348 97
1777433791767 14.418876647949219 98
1777433792089 13.844895362854004 99
1777433792406 15.03445816040039 100
1777433792705 16.571935653686523 101
1777433793006 13.954643249511719 102
1777433793304 13.676121711730957 103
1777433793612 15.452156066894531 104
1777433793929 14.944162368774414 105
1777433794224 15.05813980102539 106
1777433794527 14.96104621887207 107
1777433794815 14.281729698181152 108
1777433795128 14.910903930664062 109
1777433795441 13.954692840576172 110
1777433795775 13.661026000976562 111
1777433796074 13.36108112335205 112
1777433796394 15.574650764465332 113
1777433796751 14.400720596313477 114
1777433797086 17.157052993774414 115
1777433797388 13.283058166503906 116
1777433797695 15.56137752532959 117
1777433797979 15.12110424041748 118
1777433798276 12.31878662109375 119
1777433798567 14.381569862365723 120
1777433798848 15.710443496704102 121
1777433799134 16.189701080322266 122
1777433799750 14.635388374328613 123
1777433800347 13.599862098693848 124
1777433800660 12.041645050048828 125
1777433800951 14.455835342407227 126
1777433801255 12.727575302124023 127
1777433801559 13.10292911529541 128
1777433801859 15.763466835021973 129
1777433802175 15.21808910369873 130
1777433802466 14.697002410888672 131
1777433802767 14.446001052856445 132
1777433803064 13.178847312927246 133
1777433803354 15.215776443481445 134
1777433803643 12.545076370239258 135
1777433803941 13.582624435424805 136
1777433804246 13.415538787841797 137
1777433804571 11.895708084106445 138
1777433804854 12.98006534576416 139
1777433805153 14.35056209564209 140
1777433805495 15.193546295166016 141
1777433805857 13.117660522460938 142
1777433806221 13.01464557647705 143
1777433806563 12.891454696655273 144
1777433806887 13.1050443649292 145
1777433807182 12.78759765625 146
1777433807499 13.35195541381836 147
1777433807801 12.963433265686035 148
1777433808099 14.252166748046875 149
1777433808412 12.436461448669434 150
1777433808724 13.69678783416748 151
1777433809031 15.161911010742188 152
1777433809367 12.954668045043945 153
1777433809734 13.487473487854004 154
1777433810099 12.79460620880127 155
1777433810446 14.64622974395752 156
1777433810787 12.300772666931152 157
1777433811145 12.802600860595703 158
1777433811497 11.823749542236328 159
1777433811843 13.967479705810547 160
1777433812181 11.443107604980469 161
1777433812524 12.921150207519531 162
1777433812872 12.42662525177002 163
1777433813238 13.465622901916504 164
1777433813589 11.300215721130371 165
1777433813955 13.021472930908203 166
1777433814316 11.750351905822754 167
1777433814663 11.537534713745117 168
1777433814976 13.347210884094238 169
1777433815300 13.772726058959961 170
1777433815609 13.436850547790527 171
1777433815921 12.215584754943848 172
1777433816244 13.269181251525879 173
1777433816587 11.7383394241333 174
1777433816890 11.79563045501709 175
1777433817202 11.936484336853027 176
1777433817529 12.722699165344238 177
1777433817832 12.113557815551758 178
1777433818135 12.040963172912598 179
1777433818533 14.091893196105957 180
1777433818828 12.109752655029297 181
1777433819120 13.429015159606934 182
1777433819403 11.507039070129395 183
1777433819702 11.400217056274414 184
1777433820006 11.476059913635254 185
1777433820348 11.764327049255371 186
1777433820672 12.398331642150879 187
1777433820994 11.83309555053711 188
1777433821288 10.840058326721191 189
1777433821596 11.311741828918457 190
1777433821907 11.061911582946777 191
1777433822211 12.579771995544434 192
1777433822501 11.039321899414062 193
1777433822790 11.22693157196045 194
1777433823103 11.787309646606445 195
1777433823454 12.297843933105469 196
1777433823811 11.078539848327637 197
1777433824166 10.555903434753418 198
1777433824511 11.662147521972656 199
1777433825069 12.438007354736328 200
1777433825381 13.594155311584473 201
1777433825730 11.885274887084961 202
1777433826092 10.61507511138916 203
1777433826445 11.627045631408691 204
1777433826833 11.82703971862793 205
1777433827199 11.579718589782715 206
1777433827520 10.870829582214355 207
1777433827834 11.991777420043945 208
1777433828161 12.960987091064453 209
1777433828461 11.867284774780273 210
1777433828747 11.655630111694336 211
1777433829047 11.664320945739746 212
1777433829363 11.918768882751465 213
1777433829673 10.849916458129883 214
1777433829966 11.477023124694824 215
1777433830274 11.800029754638672 216
1777433830574 12.590476989746094 217
1777433830917 10.62365436553955 218
1777433831210 10.773717880249023 219
1777433831510 11.021441459655762 220
1777433831825 10.550795555114746 221
1777433832139 11.306844711303711 222
1777433832437 12.751220703125 223
1777433832721 11.924603462219238 224
