1777202220878 189.68140912479197 1
1777202221299 186.92645745813493 2
1777202221688 184.51628157937316 3
1777202222076 181.8745297584308 4
1777202222464 178.7605183798886 5
1777202222857 175.4363775129149 6
1777202223246 172.08105701694828 7
1777202223634 168.68890888281828 8
1777202224021 164.85747940695498 9
1777202224408 160.62265173556537 10
1777202224793 156.3183372000971 11
1777202225178 151.82107246895512 12
1777202225567 147.22084930239345 13
1777202225953 142.39895938670142 14
1777202226345 137.4631911780002 15
1777202226736 132.4358720406978 16
1777202227126 126.99738850791073 17
1777202227516 121.54118832921135 18
1777202227905 115.78212843674879 19
1777202228292 110.01813666891064 20
1777202228683 103.71415039604233 21
1777202229095 97.40978825134638 22
1777202229483 90.22441863110785 23
1777202229872 83.46221715261245 24
1777202230258 76.76954610248994 25
1777202230646 69.68240367279955 26
1777202231034 62.124416911108256 27
1777202231427 55.988281692414596 28
1777202231819 49.94414872841017 29
1777202232212 44.1657716017503 30
1777202232604 38.22746616340953 31
1777202232997 34.17067269319613 32
1777202233388 30.806807749370147 33
1777202233781 27.733682174231173 34
1777202234175 25.170603793894752 35
1777202234569 23.404710880256967 36
1777202234964 21.19385956081413 37
1777202235356 19.182395041200536 38
1777202235752 18.837613772781644 39
1777202236143 19.86327419393867 40
1777202236536 17.903971915837577 41
1777202236929 17.27186178399261 42
1777202237321 17.033750971957776 43
1777202237713 15.955913016640928 44
1777202238107 16.52437326103978 45
1777202238499 14.77099341894748 46
1777202239396 14.204277810542541 47
1777202239791 16.88584775981113 48
1777202240187 13.641516920236441 49
1777202240579 13.189296563278289 50
1777202240973 12.180880141399316 51
1777202241368 13.319166850479396 52
1777202241762 12.336521706214318 53
1777202242155 13.478627656902788 54
1777202242553 14.699027586265428 55
1777202242949 10.901032525688938 56
1777202243347 12.578840892272588 57
1777202243744 14.779157469258505 58
1777202244138 14.272099207138874 59
1777202244533 13.2479736068545 60
1777202244930 10.787483385751939 61
1777202245325 12.126705673037197 62
1777202245721 12.88489608313205 63
1777202246120 11.205233555855836 64
1777202246517 11.527853429670165 65
1777202246914 11.346711265970264 66
1777202247310 9.82738632676164 67
1777202247705 9.82137055707401 68
1777202248476 11.934397660204645 69
1777202248869 13.014733184724165 70
1777202249256 10.311051069632084 71
1777202249639 10.610279921808186 72
1777202250027 10.951508963319677 73
1777202250405 10.752395056549615 74
1777202250784 11.000274001352885 75
1777202251166 10.881188682691585 76
1777202251544 10.115845245722483 77
