1777202220878 226.70255154055943 1
1777202221299 224.3405701299923 2
1777202221688 222.27298812496312 3
1777202222076 220.02902862463398 4
1777202222464 217.3457516981871 5
1777202222857 214.48032215974965 6
1777202223246 211.5125033242716 7
1777202223634 208.45539653304732 8
1777202224021 204.82096793602454 9
1777202224408 200.7570048591082 10
1777202224793 196.6574989035506 11
1777202225178 192.35358677121152 12
1777202225567 188.05927007861112 13
1777202225953 183.345590262624 14
1777202226345 178.51403240536862 15
1777202226736 173.58401469101352 16
1777202227126 168.42062183525806 17
1777202227516 163.08138784821523 18
1777202227905 157.80391065734082 19
1777202228292 152.03998240594478 20
1777202228683 145.84380021961852 21
1777202229095 139.0380807211643 22
1777202229483 131.69947590300046 23
1777202229872 123.73840696960261 24
1777202230258 115.14064514350481 25
1777202230646 107.02958940317626 26
1777202231034 97.38250632974334 27
1777202231427 90.57817755949829 28
1777202231819 81.56262272500345 29
1777202232212 72.7706089258397 30
1777202232604 64.62512466743294 31
1777202232997 58.63230814656498 32
1777202233388 52.91079286830925 33
1777202233781 46.9040665089726 34
1777202234175 42.896561519944406 35
1777202234569 40.09875047977259 36
1777202234964 37.00314235230992 37
1777202235356 34.12788842800983 38
1777202235752 32.8459390623959 39
1777202236143 34.089333252522884 40
1777202236536 31.644442285163795 41
1777202236929 30.418622627250276 42
1777202237321 30.086713465389295 43
1777202237713 28.30198760584504 44
1777202238107 28.60421064632301 45
1777202238499 26.323326945960048 46
1777202239396 24.977735447121827 47
1777202239791 29.230023727485666 48
1777202240187 24.608725189833585 49
1777202240579 24.050907820541568 50
1777202240973 22.776940125153857 51
1777202241368 24.292830250147883 52
1777202241762 23.100388085214068 53
1777202242155 23.82651121584421 54
1777202242553 25.57691754175041 55
1777202242949 20.43878039161056 56
1777202243347 23.207318907596935 57
1777202243744 26.079742216930796 58
1777202244138 25.310453958588806 59
1777202244533 23.61343601324387 60
1777202244930 20.108456843355576 61
1777202245325 22.062161796938597 62
1777202245721 22.875765761602114 63
1777202246120 20.61530829939967 64
1777202246517 21.316975680157764 65
1777202246914 21.158289575800723 66
1777202247310 19.032624995228176 67
1777202247705 19.18693298098466 68
1777202248476 21.336151334290953 69
1777202248869 23.329961623950435 70
1777202249256 19.46480181048562 71
1777202249639 19.740004702241873 72
1777202250027 20.309857099698075 73
1777202250405 20.57041931704131 74
1777202250784 20.434509618525457 75
1777202251166 20.471729416985404 76
1777202251544 19.524574640503136 77
