1777378376559 226.45805351102 1
1777378377709 224.9255606028359 2
1777378378649 223.305879065017 3
1777378379822 221.87569542144539 4
1777378380650 220.39446170446297 5
1777378381325 218.7816227142947 6
1777378383462 216.93567234897077 7
1777378384530 214.7995249936554 8
1777378385435 212.29135897099061 9
1777378387456 209.73248399747237 10
1777378389570 206.90859810251965 11
1777378390243 203.9068989453275 12
1777378390897 200.67728096062592 13
1777378391262 197.47684793096633 14
1777378392290 194.21073243708753 15
1777378392936 190.52678822477955 16
1777378399035 186.8915126483811 17
1777378400168 182.72630446585953 18
1777378400882 178.89594675571888 19
1777378401298 174.32607400536787 20
1777378402494 169.94733214477066 21
1777378403272 165.15356845032142 22
1777378403642 160.26396073158494 23
1777378404007 155.27239799180342 24
1777378404360 149.8739900403836 25
1777378405276 144.47372841843946 26
1777378405677 138.46663773496127 27
1777378407477 132.76457223455736 28
1777378412158 125.75771907223032 29
1777378412772 118.84211476655697 30
1777378413680 112.14848294365154 31
1777378414274 105.09746220770509 32
1777378414628 98.90658076563966 33
1777378414974 92.97339799305499 34
1777378416075 86.00760208951009 35
1777378416715 79.72252294090109 36
1777378417484 74.00279766670987 37
1777378417918 67.71282276782958 38
1777378418273 62.44417819640995 39
1777378418647 57.48343214094932 40
1777378419660 52.39618875169381 41
1777378419999 48.70409497349787 42
1777378422108 46.20696636043503 43
1777378422733 42.08053714539909 44
1777378425003 39.76297879211107 45
1777378425728 38.83469511817847 46
1777378426077 36.07527259728955 47
1777378426421 35.03265601270745 48
1777378427143 34.184316650809514 49
1777378428088 33.48535929491238 50
1777378429371 34.659231513430335 51
1777378430432 30.581313507432014 52
1777378432559 31.31853130068572 53
1777378434512 31.290910721006508 54
1777378435413 29.42496477901195 55
1777378436359 31.254355165270567 56
1777378436844 30.285974218687436 57
1777378437192 28.774616881205496 58
1777378438200 26.207055412960244 59
1777378439192 29.028750144657234 60
1777378440588 28.64669151176646 61
1777378466255 28.892675233160848 62
1777378478491 27.332286659607696 63
1777378480324 27.752714007203423 64
1777378481629 26.18910230591808 65
1777378482600 26.976155242364623 66
1777378483737 26.47043212445669 67
1777378484607 27.1814670928615 68
1777378485470 24.08934429969115 69
1777378486596 24.47110960046816 70
1777378489531 26.226155232166967 71
1777378490715 24.235656901138196 72
1777378492936 25.27252461643437 73
1777378493999 22.922912116534054 74
1777378494865 24.034361083567678 75
1777378543441 23.184821537096877 76
1777378544893 22.990217699345113 77
1777378546570 23.052721716006225 78
1777378547902 24.520774285940306 79
1777378548276 24.570036763158672 80
1777378548994 25.806851634955276 81
1777378551735 23.46983706703404 82
1777378554050 21.80756136449043 83
1777378554687 26.833500389700603 84
1777378555809 23.62975832537491 85
1777378556163 23.770935468484932 86
1777378556524 20.74506218309477 87
1777378556885 24.785279070322165 88
1777378557266 21.714175833517288 89
1777378558406 21.781615682457563 90
1777378558778 22.787002820875625 91
1777378559362 21.95707537855822 92
