1777378376559 189.5553860622368 1
1777378377709 187.76511056466586 2
1777378378649 185.8570905451346 3
1777378379822 184.17873498599667 4
1777378380650 182.46118174814436 5
1777378381325 180.62307237500804 6
1777378383462 178.5855503675872 7
1777378384530 176.3056405068004 8
1777378385435 173.80220530807307 9
1777378387456 171.1171638905407 10
1777378389570 168.2480938072003 11
1777378390243 165.21181364837844 12
1777378390897 162.00145956634145 13
1777378391262 158.59596129690138 14
1777378392290 155.08987493957412 15
1777378392936 151.27998533041702 16
1777378399035 147.4187978586588 17
1777378400168 143.33439722245956 18
1777378400882 139.19904978332698 19
1777378401298 134.85948887196136 20
1777378402494 130.35563449109225 21
1777378403272 125.79301602715825 22
1777378403642 120.85512496132887 23
1777378404007 115.74953558804775 24
1777378404360 110.28030121781444 25
1777378405276 105.1432041833489 26
1777378405677 99.92683250709484 27
1777378407477 94.08142892206968 28
1777378412158 88.40211055842974 29
1777378412772 82.35570387691872 30
1777378413680 76.70101775047853 31
1777378414274 70.7919102532683 32
1777378414628 65.63037856410548 33
1777378414974 59.814616505146304 34
1777378416075 55.00192371845525 35
1777378416715 49.47091333430722 36
1777378417484 45.79251054729074 37
1777378417918 40.84259584687838 38
1777378418273 37.1867288845956 39
1777378418647 35.14877559798504 40
1777378419660 31.156084583705827 41
1777378419999 29.406473828426055 42
1777378422108 27.59842081456344 43
1777378422733 24.848455606036094 44
1777378425003 23.952222099460997 45
1777378425728 22.936898962301992 46
1777378426077 20.87059957758511 47
1777378426421 20.671486785673633 48
1777378427143 20.159774870992898 49
1777378428088 19.961177344330604 50
1777378429371 20.314956654959122 51
1777378430432 17.91841077552567 52
1777378432559 18.593609796995565 53
1777378434512 18.155361346336093 54
1777378435413 17.093050599448205 55
1777378436359 18.24076426736201 56
1777378436844 17.474034867703878 57
1777378437192 17.083131563922482 58
1777378438200 14.810379966874718 59
1777378439192 16.766493829782053 60
1777378440588 16.6766889665103 61
1777378466255 16.976946982508608 62
1777378478491 15.64908499278115 63
1777378480324 16.272062505474526 64
1777378481629 14.970887480941297 65
1777378482600 15.801320088868692 66
1777378483737 15.572456624181706 67
1777378484607 16.047261003459543 68
1777378485470 13.51979739849384 69
1777378486596 14.017282450122128 70
1777378489531 15.361870134569797 71
1777378490715 13.748839993793267 72
1777378492936 14.719498039061927 73
1777378493999 12.938359933115073 74
1777378494865 13.854901631859843 75
1777378543441 13.162317806877812 76
1777378544893 12.879173557686931 77
1777378546570 13.231836793846897 78
1777378547902 13.447163259290067 79
1777378548276 14.145050655864507 80
1777378548994 15.009562468850746 81
1777378551735 13.330231545045665 82
1777378554050 12.361998264606182 83
1777378554687 15.464694958886748 84
1777378555809 13.300206528785155 85
1777378556163 13.445806754174404 86
1777378556524 11.63610334950759 87
1777378556885 13.906752722443935 88
1777378557266 12.091308532710364 89
1777378558406 12.321951823590156 90
1777378558778 12.621685629512587 91
1777378559362 12.419743642622208 92
