1777434648683 178.87278747558594 1
1777434649507 171.7847900390625 2
1777434650321 163.08421325683594 3
1777434651127 151.65890502929688 4
1777434651946 135.77090454101562 5
1777434652758 118.231201171875 6
1777434653583 99.3603286743164 7
1777434654404 80.5638427734375 8
1777434655210 61.61250686645508 9
1777434656027 45.0426025390625 10
1777434656839 32.80824279785156 11
1777434657671 26.25765609741211 12
1777434658517 23.14262580871582 13
1777434659343 22.214019775390625 14
1777434660169 20.42829132080078 15
1777434660996 19.707786560058594 16
1777434661851 19.4174861907959 17
1777434662718 18.414871215820312 18
1777434663591 18.56479263305664 19
1777434664456 17.16204071044922 20
1777434665322 16.954437255859375 21
1777434666192 15.572103500366211 22
1777434667063 15.664031982421875 23
1777434667931 15.345073699951172 24
1777434668813 15.234078407287598 25
1777434669683 14.98029613494873 26
1777434670752 16.15157127380371 27
1777434671875 15.79672908782959 28
1777434672788 14.995586395263672 29
1777434673717 15.190691947937012 30
1777434674875 15.185407638549805 31
1777434675797 14.33839225769043 32
1777434676962 13.554533958435059 33
1777434678061 13.616802215576172 34
1777434679026 13.470821380615234 35
1777434680137 12.617915153503418 36
1777434681110 13.31761360168457 37
1777434682311 12.390310287475586 38
1777434683231 13.395758628845215 39
1777434684716 12.154623031616211 40
1777434686172 12.43521499633789 41
1777434687132 12.801852226257324 42
1777434688094 11.475469589233398 43
1777434689697 12.544511795043945 44
1777434690753 11.937830924987793 45
1777434691835 11.046749114990234 46
1777434693197 11.16340160369873 47
1777434695576 12.154847145080566 48
1777434699042 12.004144668579102 49
1777434721572 11.903778076171875 50
1777434722758 11.309051513671875 51
1777434723658 10.987483978271484 52
1777434724806 11.069060325622559 53
1777434725693 11.681367874145508 54
1777434726564 10.39001750946045 55
1777434727756 10.93511962890625 56
1777434728855 10.915826797485352 57
1777434730079 11.015381813049316 58
1777434730972 10.984376907348633 59
1777434731880 10.652692794799805 60
1777434733322 10.840900421142578 61
