1777234122796 219.93317787473035 1
1777234124286 215.78032920152 2
1777234125677 210.21520309913353 3
1777234127075 201.98723291474872 4
1777234128738 189.36824755029747 5
1777234131061 173.0485684297184 6
1777234134300 153.54633347079138 7
1777234150583 133.3776942294151 8
1777234152076 112.93496246531781 9
1777234153514 91.11906998633074 10
1777234154898 70.11763058057032 11
1777234156416 53.04575396327645 12
1777234158540 41.85357765627156 13
1777234159987 36.95631374114239 14
1777234161340 34.33160665002351 15
1777234162731 31.511851556930946 16
1777234164239 32.150066969236576 17
1777234165639 29.176102414274887 18
1777234180749 28.86099550689705 19
1777234197277 28.157157012372505 20
1777234198552 27.308794637070815 21
1777234199935 26.676285586928305 22
1777234201286 25.916763256197772 23
1777234202620 25.818576205012185 24
1777234203928 25.55944554577076 25
1777234205321 25.310092628519435 26
1777234206692 25.376211066312997 27
1777234208005 24.705920165692625 28
1777234209338 24.21777492568561 29
1777234210741 24.299256243966255 30
1777234212052 23.573326651486372 31
1777234213381 22.269644916141246 32
1777234214651 22.495090733281238 33
1777234215797 22.339480925495618 34
1777234217111 21.520183176358483 35
1777234218441 22.44354580612809 36
1777234219604 21.647633691994997 37
1777234220942 21.914851835255444 38
1777234222323 21.032052150220615 39
1777234223696 20.820840698698294 40
1777234225058 19.80673559097779 41
1777234226402 20.9893490606894 42
1777234227746 19.56547489347212 43
1777234228939 20.312012427923804 44
1777234230131 20.618242889810226 45
1777234231416 19.062907660376954 46
1777234232712 19.072002542196678 47
1777234234051 19.408736970406704 48
1777234235359 19.347291140269572 49
1777234236653 18.25033845669393 50
1777234238000 18.219765458309503 51
1777234239340 18.853151806454886 52
1777234240695 18.54855719534437 53
1777234242063 18.2388966294751 54
1777234243396 17.99118619452662 55
1777234244595 17.75545736095698 56
