1777300902861 176.12535705566407 1
1777300904024 162.41864929199218 2
1777300905177 141.02108764648438 3
1777300906327 110.29398651123047 4
1777300907483 77.00482330322265 5
1777300908639 47.08868637084961 6
1777300909793 30.474386596679686 7
1777300910943 23.03826026916504 8
1777300912102 21.313549423217772 9
1777300913268 19.765872955322266 10
1777300914424 18.991786193847656 11
1777300915579 17.95240173339844 12
1777300916732 17.544709396362304 13
1777300917882 18.118218612670898 14
1777300919033 16.33550605773926 15
1777300920185 16.106569862365724 16
1777300921334 15.781971168518066 17
1777300922479 15.03532428741455 18
1777300923650 15.064258003234864 19
1777300924803 14.346732711791992 20
1777300925951 15.011996841430664 21
1777300927102 13.648669052124024 22
1777300928252 14.289469528198243 23
1777300929407 13.225937652587891 24
1777300930560 12.862087821960449 25
1777300931710 12.962847900390624 26
1777300932859 13.649019241333008 27
1777300934015 12.863413047790527 28
1777300935179 12.590568923950196 29
1777300936333 12.813020133972168 30
1777300937484 12.728498268127442 31
1777300938634 12.335251617431641 32
1777300939783 12.373134422302247 33
1777300940935 12.443126678466797 34
1777300942085 12.205137825012207 35
1777300943234 12.511695671081544 36
1777300944386 12.121713638305664 37
1777300945547 11.82750644683838 38
1777300946699 11.414540100097657 39
1777300947850 11.730119514465333 40
1777300948999 11.077430152893067 41
1777300950149 10.931227111816407 42
1777300951303 11.695277214050293 43
1777300952454 11.363097763061523 44
1777300953609 10.912483406066894 45
1777300954757 11.375445938110351 46
1777300955905 10.55863552093506 47
1777300957062 10.674409484863281 48
1777300958199 10.415503883361817 49
1777300959341 10.454691505432129 50
1777300960497 10.886924362182617 51
1777300961654 10.170461463928223 52
