1777433629408 -1.7482541333921997 1
1777433629766 -1.7103920434592115 2
1777433630079 -1.6708812198363634 3
1777433630422 -1.6368652566651245 4
1777433630828 -1.6033630493214779 5
1777433631462 -1.5668520943510433 6
1777433631813 -1.5298316699544388 7
1777433632294 -1.4886189918812494 8
1777433632602 -1.4437632978896442 9
1777433632900 -1.3954771729223125 10
1777433633205 -1.3390090391020846 11
1777433633549 -1.276527390258173 12
1777433633915 -1.2057690064397057 13
1777433634279 -1.1296789515951997 14
1777433634626 -1.0479173753261875 15
1777433634969 -0.9638827816173388 16
1777433635345 -0.8685357622124934 17
1777433635714 -0.778931602198679 18
1777433636077 -0.680476635591277 19
1777433636432 -0.601400336727449 20
1777433636782 -0.5122935523643637 21
1777433637222 -0.4277243831638724 22
1777433637524 -0.33590047955646773 23
1777433637836 -0.24294925237504916 24
1777433638165 -0.15742429220031084 25
1777433638621 -0.0681553900120111 26
1777433638943 0.02387058680529297 27
1777433639247 0.09772061419233635 28
1777433639556 0.19214881283520047 29
1777433639860 0.2607063591520641 30
1777433640177 0.3280154659474902 31
1777433640503 0.41090458225497173 32
1777433640843 0.48667109033499145 33
1777433641430 0.5533109695441993 34
1777433641836 0.6177239484002996 35
1777433642335 0.6691898134894889 36
1777433642799 0.7236974161878399 37
1777433643180 0.7533811670217746 38
1777433643573 0.8026006133228092 39
1777433643956 0.8334334641808396 40
1777433644329 0.854215622218623 41
1777433644697 0.8640225833651497 42
1777433645045 0.8876359860851163 43
1777433645421 0.8987600588829087 44
1777433645755 0.8956898090500018 45
1777433646046 0.9182898796837737 46
1777433646341 0.9181686548935548 47
1777433646657 0.9217286404407278 48
1777433646979 0.9325411454351509 49
1777433647300 0.9254082960008181 50
1777433647603 0.9372879188244423 51
1777433647940 0.9442483506156957 52
1777433648294 0.9386952075429643 53
1777433648654 0.9422454769279851 54
1777433648998 0.940915295579526 55
1777433649290 0.9469074168675407 56
1777433649618 0.9462948920178939 57
1777433649905 0.9560343136384414 58
1777433650204 0.9496173410809019 59
1777433650531 0.9542544524229344 60
1777433650827 0.9558104974659714 61
1777433651167 0.9363114899592577 62
1777433651640 0.9546113192609754 63
1777433651990 0.9542427652815568 64
1777433652352 0.95766674693463 65
1777433652698 0.954848119019896 66
1777433653057 0.9673618422019489 67
1777433653436 0.9535533626742614 68
1777433653773 0.9536283316437768 69
1777433654110 0.9582629505581967 70
1777433654501 0.9594073479789464 71
1777433654851 0.9642473912463416 72
1777433655187 0.9596240408794103 73
1777433655545 0.9622268409366951 74
1777433655925 0.9602910403417731 75
1777433656279 0.9612679188801593 76
1777433656654 0.9706779260983118 77
1777433657009 0.9621576629146367 78
1777433657381 0.9643031359925147 79
1777433657766 0.9625962990789135 80
1777433658129 0.9659877539424943 81
1777433658475 0.9631690814287678 82
1777433658837 0.9631433032211082 83
1777433659213 0.9674397485045817 84
1777433659540 0.9606087387516407 85
1777433659880 0.9590654117869304 86
1777433660180 0.9648492885951411 87
1777433660538 0.9581936074905477 88
1777433660848 0.961553014805996 89
1777433661159 0.9541697577234065 90
1777433661485 0.9599155879350659 91
1777433661802 0.966048555302845 92
1777433662120 0.9664299373909838 93
1777433662432 0.9612189027317543 94
1777433662731 0.9655765799292928 95
1777433663038 0.9620414995225255 96
1777433663353 0.970398800664882 97
1777433663677 0.9640922555671935 98
1777433663997 0.9633407742901949 99
1777433664372 0.9683625447125248 100
1777433664692 0.9740794249708296 101
1777433665002 0.9624500973893366 102
1777433665287 0.9626049556005356 103
1777433665576 0.9741461560126118 104
1777433665890 0.9698076001839172 105
1777433666240 0.9579818324702868 106
1777433666583 0.9721923917599444 107
1777433666934 0.9612075217619069 108
1777433667305 0.9665264579658637 109
1777433667731 0.9672338601103809 110
1777433668447 0.9637572034506756 111
1777433668820 0.9616478490454949 112
1777433669164 0.9738171747034652 113
1777433669535 0.9700882422707763 114
1777433669893 0.966607033701525 115
1777433670263 0.9700834918281288 116
1777433670633 0.9657978701866391 117
1777433670984 0.9636623716031417 118
1777433671341 0.9606153884145612 119
1777433671717 0.9637648146835579 120
1777433672089 0.9705399983635131 121
1777433672450 0.9723148531961093 122
1777433672740 0.9662516187862871 123
1777433673037 0.9655565496137187 124
1777433673330 0.9662266514547894 125
1777433673643 0.9699486400128531 126
1777433673939 0.9619926125402347 127
1777433674275 0.9683122225511865 128
1777433674612 0.9718040897168312 129
1777433674922 0.9685271166939108 130
1777433675244 0.9746000864016058 131
1777433675566 0.9675029274782212 132
1777433675859 0.9687131230743724 133
1777433676199 0.9688305853035216 134
1777433676478 0.9690502466326489 135
1777433676768 0.9749878837400873 136
1777433677076 0.9579813636451313 137
1777433677375 0.9759763657010732 138
1777433677679 0.9685207588507301 139
1777433677970 0.9712455730467099 140
1777433678257 0.9745504005029786 141
1777433678541 0.9675012100472943 142
1777433678837 0.962422209468477 143
1777433679145 0.9719921268756451 144
1777433679460 0.9725000510923741 145
1777433679759 0.9730304023736867 146
1777433680065 0.9742369908864983 147
1777433680394 0.9665441943869267 148
1777433680685 0.9698957895444259 149
1777433680982 0.9751824916269741 150
1777433681281 0.9774427455411474 151
1777433681587 0.9758685359152982 152
1777433681900 0.969777351314888 153
1777433682208 0.974301112294379 154
1777433682507 0.9677676247258616 155
1777433682805 0.9755455082072341 156
1777433683098 0.9699356014112058 157
1777433683394 0.9752225522581222 158
1777433683712 0.9754183704793391 159
1777433684007 0.9709007066974716 160
1777433684299 0.9715849761477069 161
1777433684597 0.9692521524049926 162
1777433684896 0.9792521762289649 163
1777433685202 0.974774738123836 164
1777433685511 0.9787129938125796 165
1777433685802 0.9755694972250143 166
1777433686099 0.9797632291360177 167
1777433686399 0.9775075654028315 168
1777433686696 0.9800987333339355 169
1777433686990 0.9736955241434622 170
1777433687313 0.9794569954147752 171
1777433687622 0.9770489946015836 172
1777433687946 0.9752830713665935 173
1777433688262 0.9807575331400065 174
1777433688578 0.9717853989017015 175
1777433688873 0.981083136994461 176
1777433689164 0.9803565943453793 177
1777433689471 0.9758051392728365 178
1777433689764 0.9748234600605362 179
1777433690060 0.9751208985261821 180
1777433690343 0.9832813433344774 181
1777433690642 0.9814400851593148 182
1777433690938 0.9828850211465006 183
1777433691273 0.9748047572855811 184
1777433691574 0.9713519724373673 185
1777433691870 0.9804685981102175 186
1777433692153 0.9783795873680362 187
1777433692452 0.977549360208662 188
1777433692750 0.9750692296885042 189
1777433693057 0.977152227030476 190
1777433693362 0.9711310050953066 191
1777433693770 0.973202061406829 192
1777433694076 0.9813759135201674 193
1777433694371 0.9797766384922522 194
1777433694668 0.9814153032051107 195
1777433694947 0.9773772822408572 196
1777433695259 0.9793973541574879 197
1777433695544 0.9776607635902653 198
1777433695853 0.9780696078294796 199
1777433696146 0.9769733965452523 200
1777433696469 0.9815036707670178 201
1777433696773 0.9776063009373748 202
1777433697065 0.9831458409047001 203
1777433697409 0.9744515645059019 204
1777433697744 0.9803718813942011 205
1777433698036 0.9810221861362929 206
1777433698321 0.9834264351522576 207
