1777233046103 -1.7747339292037612 1
1777233047463 -1.664189893149547 2
1777233048810 -1.5257328707817568 3
1777233050127 -1.3289521416270766 4
1777233051410 -1.0402891371028613 5
1777233052792 -0.6868226541600011 6
1777233054192 -0.3253588105798038 7
1777233055543 0.0012316271886678276 8
1777233056924 0.27787344364150424 9
1777233058212 0.5229351475824091 10
1777233059526 0.701936600538157 11
1777233060837 0.8193563663420204 12
1777233062150 0.883926464001904 13
1777233063476 0.9120579091107908 14
1777233064736 0.9235204700504239 15
1777233065878 0.9364260878780888 16
1777233067144 0.9419137977041208 17
1777233068528 0.9419403798629329 18
1777233069832 0.9483383462525545 19
1777233071128 0.9471887258654537 20
1777233072529 0.9497890675268044 21
1777233073877 0.9530253776929973 22
1777233075198 0.9489749249307549 23
1777233076513 0.9536229714998891 24
1777233077727 0.9504234804240637 25
1777233079056 0.958276882603806 26
1777233080423 0.9583727133075908 27
1777233081757 0.956442141383034 28
1777233083143 0.9572942190943291 29
1777233084467 0.9603837169376037 30
1777233085793 0.9586192997666789 31
1777233087123 0.9614734735319 32
1777233088435 0.9587510877076111 33
1777233089794 0.9618437739937129 34
1777233091120 0.9624776720081881 35
1777233092462 0.9629661032494944 36
1777233093851 0.963786135269887 37
1777233095292 0.9624990485469954 38
1777233096556 0.9601777122855373 39
1777233097904 0.9621741589281007 40
1777233099222 0.9626531429576826 41
1777233100563 0.9666952147917861 42
1777233101903 0.9635170157492026 43
1777233103208 0.9658663606851834 44
1777233104499 0.9645728866791933 45
1777233105799 0.9636611565415724 46
1777233107023 0.9684438933645106 47
1777233108346 0.9668192672234823 48
1777233109764 0.970672259622199 49
1777233111101 0.960842637864911 50
1777233112560 0.9620602871710453 51
1777233113933 0.9643357868939679 52
1777233115229 0.9628594549443277 53
1777233116634 0.9665952227078035 54
1777233117972 0.9674249018775806 55
1777233119258 0.9696545056443491 56
1777233120523 0.971450419589883 57
1777233121682 0.9696232641124152 58
1777233122872 0.9694583250617267 59
1777233124142 0.971183721679824 60
1777233125381 0.9735017165059118 61
1777233126745 0.9706491558560904 62
1777233128036 0.9717403440504718 63
1777233129305 0.9744511201511112 64
1777233130639 0.9727302965275673 65
1777233131935 0.9712786000866306 66
1777233133306 0.9731724244836915 67
1777233134673 0.9730431816370032 68
1777233135986 0.9716088937509607 69
1777233137324 0.9714099788664672 70
1777233139028 0.970637948479738 71
1777233140321 0.9742168344250978 72
1777233141638 0.9751357711567907 73
1777233142963 0.9727243749319104 74
1777233144297 0.9742553860553265 75
1777233145771 0.973358271421574 76
1777233147267 0.9736430251386186 77
1777233148636 0.9748841656785604 78
1777233150017 0.976370182948924 79
1777233151388 0.9766508407033543 80
1777233152974 0.9781166823702192 81
1777233192223 0.9779909790459665 82
1777233193602 0.9788763792648002 83
