1777233046103 -1.7747338894170266 1
1777233047463 -1.6641901420204621 2
1777233048810 -1.5257330177409654 3
1777233050127 -1.3289521793914791 4
1777233051410 -1.0402893325475997 5
1777233052792 -0.6868226764624474 6
1777233054192 -0.3253588373807843 7
1777233055543 0.0012315947567470564 8
1777233056924 0.2778734689005439 9
1777233058212 0.5229351077372648 10
1777233059526 0.7019365989774464 11
1777233060837 0.8193563715935176 12
1777233062150 0.8839264642332907 13
1777233063476 0.9120579062551427 14
1777233064736 0.9235204756849658 15
1777233065878 0.9364260888579641 16
1777233067144 0.9419137976864671 17
1777233068528 0.9419403800071204 18
1777233069832 0.948338345589749 19
1777233071128 0.9471887261800651 20
1777233072529 0.9497890689406012 21
1777233073877 0.953025378197136 22
1777233075198 0.9489749249931257 23
1777233076513 0.9536229710086854 24
1777233077727 0.9504234808437139 25
1777233079056 0.9582768809143934 26
1777233080423 0.9583727109411257 27
1777233081757 0.9564421419981216 28
1777233083143 0.957294217200217 29
1777233084467 0.9603837168742639 30
1777233085793 0.958619298597564 31
1777233087123 0.9614734743103648 32
1777233088435 0.9587510858608064 33
1777233089794 0.9618437759004105 34
1777233091120 0.962477668252898 35
1777233092462 0.9629661026663208 36
1777233093851 0.9637861362072103 37
1777233095292 0.9624990469493221 38
1777233096556 0.9601777109924313 39
1777233097904 0.9621741573310996 40
1777233099222 0.9626531424175289 41
1777233100563 0.9666952138087204 42
1777233101903 0.9635170130424092 43
1777233103208 0.9658663600841724 44
1777233104499 0.9645728860361807 45
1777233105799 0.9636611541699488 46
1777233107023 0.9684438913250762 47
1777233108346 0.9668192666679309 48
1777233109764 0.9706722601919922 49
1777233111101 0.9608426383767887 50
1777233112560 0.9620602864464439 51
1777233113933 0.9643357882966286 52
1777233115229 0.9628594527235558 53
1777233116634 0.9665952206083392 54
1777233117972 0.967424902366696 55
1777233119258 0.9696545051663464 56
1777233120523 0.9714504171407025 57
1777233121682 0.9696232631260244 58
1777233122872 0.9694583260975085 59
1777233124142 0.971183721251478 60
1777233125381 0.9735017166602091 61
1777233126745 0.9706491543956386 62
1777233128036 0.971740342625453 63
1777233129305 0.9744511183067429 64
1777233130639 0.9727302956041731 65
1777233131935 0.9712786001253936 66
1777233133306 0.9731724230386412 67
1777233134673 0.9730431807616639 68
1777233135986 0.971608892258319 69
1777233137324 0.9714099774307209 70
1777233139028 0.9706379495557907 71
1777233140321 0.9742168334467469 72
1777233141638 0.9751357703494017 73
1777233142963 0.972724373538845 74
1777233144297 0.9742553857267234 75
1777233145771 0.9733582699503218 76
1777233147267 0.9736430222532625 77
1777233148636 0.97488416578224 78
1777233150017 0.9763701840741887 79
1777233151388 0.976650838827473 80
1777233152974 0.9781166819133127 81
1777233192223 0.9779909790749687 82
1777233193602 0.9788763785788758 83
