1777376296729 161.7716522216797 1
1777376297295 160.06956481933594 2
1777376298533 158.15528869628906 3
1777376300560 156.51866149902344 4
1777376301375 154.77178955078125 5
1777376302310 152.26309204101562 6
1777376303020 149.6660919189453 7
1777376305108 147.26853942871094 8
1777376305946 144.89727783203125 9
1777376307401 142.67076110839844 10
1777376308834 140.4248046875 11
1777376310008 137.99049377441406 12
1777376310660 135.1311798095703 13
1777376312328 132.00660705566406 14
1777376312962 128.88026428222656 15
1777376313806 125.65339660644531 16
1777376314800 122.2947998046875 17
1777376315224 118.87512969970703 18
1777376315744 115.41848754882812 19
1777376316591 111.86968231201172 20
1777376317759 107.74607849121094 21
1777376318641 103.6560287475586 22
1777376319869 98.74868774414062 23
1777376320783 92.93026733398438 24
1777376321829 87.227294921875 25
1777376322372 82.321533203125 26
1777376323481 77.68763732910156 27
1777376324463 72.38074493408203 28
1777376326388 68.24016571044922 29
1777376327041 64.68757629394531 30
1777376327661 60.30805587768555 31
1777376328698 55.185184478759766 32
1777376329942 51.136322021484375 33
1777376331815 47.931846618652344 34
1777376333724 45.027767181396484 35
1777376334285 41.73887634277344 36
1777376334955 38.43352508544922 37
1777376337469 37.1046257019043 38
1777376338941 34.45210647583008 39
1777376340466 32.59170913696289 40
1777376341667 30.926389694213867 41
1777376342553 29.765281677246094 42
1777376343189 28.182296752929688 43
1777376344866 25.412742614746094 44
1777376346542 27.68285369873047 45
1777376347538 25.82628631591797 46
1777376348687 26.80571937561035 47
1777376349692 26.269840240478516 48
1777376350767 24.206640243530273 49
1777376352683 23.406442642211914 50
1777376354499 23.112247467041016 51
1777376356542 26.1080265045166 52
1777376358144 23.116107940673828 53
1777376359161 21.672754287719727 54
1777376360759 23.341676712036133 55
1777376361757 23.155004501342773 56
1777376362773 23.866943359375 57
1777376363849 22.29000473022461 58
1777376364372 21.659677505493164 59
1777376364838 20.873302459716797 60
1777376365266 21.022035598754883 61
1777376366232 21.96744155883789 62
1777376367076 19.923879623413086 63
1777376369128 22.419443130493164 64
1777376369692 20.845624923706055 65
1777376370106 20.25886344909668 66
1777376370698 19.87999153137207 67
1777376372404 19.866043090820312 68
1777376373248 20.501827239990234 69
1777376374085 20.004478454589844 70
1777376374692 19.505115509033203 71
1777376375517 20.724035263061523 72
1777376375959 19.07550811767578 73
1777376376621 20.544466018676758 74
1777376377633 20.072465896606445 75
1777376378062 20.29948616027832 76
1777376378959 19.643327713012695 77
1777376380419 20.404006958007812 78
1777376380952 18.298858642578125 79
1777376381665 19.037567138671875 80
1777376382096 18.58333969116211 81
1777376383107 19.033824920654297 82
1777376383532 21.031904220581055 83
1777376383974 18.663549423217773 84
1777376384402 18.905071258544922 85
1777376384832 18.73587417602539 86
1777376385902 16.500518798828125 87
1777376386347 18.103666305541992 88
1777376387180 17.60396385192871 89
1777376388118 21.383255004882812 90
1777376389196 18.654224395751953 91
1777376390187 16.554513931274414 92
1777376391243 20.062108993530273 93
1777376391985 17.904848098754883 94
1777376393037 18.068729400634766 95
1777376394874 16.970083236694336 96
1777376395388 17.806324005126953 97
1777376396960 17.819278717041016 98
1777376398121 17.700428009033203 99
1777376398729 19.53545570373535 100
1777376400616 16.781652450561523 101
1777376401732 16.867050170898438 102
1777376402518 18.88939094543457 103
1777376403217 17.230222702026367 104
1777376405171 17.258813858032227 105
1777376406116 17.179197311401367 106
1777376407571 15.586709022521973 107
1777376408004 16.884353637695312 108
1777376409692 15.972888946533203 109
1777376410612 17.05690574645996 110
1777376411532 16.507205963134766 111
1777376412573 17.26759910583496 112
1777376413222 15.922593116760254 113
1777376416076 15.654664039611816 114
1777376417434 16.431427001953125 115
1777376420860 16.063251495361328 116
1777376430074 16.88532829284668 117
1777376432248 17.756542205810547 118
1777376433320 14.607154846191406 119
1777376433984 15.360580444335938 120
1777376434603 15.281632423400879 121
1777376435034 16.388221740722656 122
1777376435689 15.666584968566895 123
1777376436163 14.729650497436523 124
1777376436823 17.655092239379883 125
1777376437642 15.585935592651367 126
1777376438761 15.890515327453613 127
1777376439494 15.196200370788574 128
1777376440510 13.729117393493652 129
1777376441414 14.072307586669922 130
1777376442634 14.883496284484863 131
1777376443576 16.17433738708496 132
1777376444827 15.430807113647461 133
1777376446003 15.487860679626465 134
1777376446497 16.895524978637695 135
1777376447135 16.980743408203125 136
1777376448190 15.514751434326172 137
1777376449747 13.828371047973633 138
1777376450805 15.027284622192383 139
1777376451321 14.318270683288574 140
1777376452825 14.571593284606934 141
1777376455265 13.398351669311523 142
1777376456039 14.070296287536621 143
1777376459384 14.462804794311523 144
1777376460580 13.523077964782715 145
1777376461489 13.723718643188477 146
1777376462436 14.908884048461914 147
1777376463389 13.594154357910156 148
1777376463970 13.21534252166748 149
1777376466673 14.339097023010254 150
1777376469430 14.581167221069336 151
1777376470268 14.317987442016602 152
1777376471416 13.019597053527832 153
1777376472588 14.916878700256348 154
1777376475894 13.78156852722168 155
1777376482594 14.3652925491333 156
1777376484645 14.098427772521973 157
1777376485325 13.308561325073242 158
1777376487144 13.137601852416992 159
1777376488027 14.619423866271973 160
1777376489321 12.78642463684082 161
1777376489878 13.124764442443848 162
1777376490518 12.249204635620117 163
1777376490964 13.840842247009277 164
1777376492104 12.573575019836426 165
1777376492905 13.328303337097168 166
1777376493796 12.830667495727539 167
1777376494557 12.100818634033203 168
1777376494990 12.100958824157715 169
1777376495983 12.050329208374023 170
1777376496404 12.836686134338379 171
1777376497913 13.171446800231934 172
1777376498947 13.387113571166992 173
1777376499817 13.035062789916992 174
1777376500622 14.135890007019043 175
1777376501757 13.071295738220215 176
1777376502388 13.080196380615234 177
1777376502900 12.69127368927002 178
1777376504677 14.033538818359375 179
1777376505257 14.070951461791992 180
1777376505694 13.733102798461914 181
1777376507609 13.41840934753418 182
1777376508107 11.845084190368652 183
1777376511570 12.711691856384277 184
1777376512242 12.167582511901855 185
1777376513702 13.276933670043945 186
1777376515130 12.912626266479492 187
1777376517037 12.862041473388672 188
1777376518288 12.610374450683594 189
1777376519184 12.918810844421387 190
1777376521419 11.546966552734375 191
1777376521958 12.182705879211426 192
1777376523425 11.96427059173584 193
1777376524397 11.227411270141602 194
1777376524857 12.374699592590332 195
1777376527729 11.817893981933594 196
1777376528451 12.991342544555664 197
1777376529151 12.230722427368164 198
1777376530622 11.479599952697754 199
1777376531287 13.145195960998535 200
1777376531788 11.673593521118164 201
1777376532718 11.828890800476074 202
1777376533323 11.38976001739502 203
1777376534467 12.408105850219727 204
1777376534964 12.186115264892578 205
1777376535386 12.15128231048584 206
1777376536322 11.658856391906738 207
1777376536934 11.541756629943848 208
1777376538513 11.434476852416992 209
1777376539805 12.379834175109863 210
1777376541355 11.400301933288574 211
1777376542588 11.967726707458496 212
1777376544335 12.165361404418945 213
1777376544908 11.703608512878418 214
1777376545484 11.616771697998047 215
1777376546055 11.213207244873047 216
1777376547049 10.984280586242676 217
1777376547675 11.189775466918945 218
1777376549244 11.396340370178223 219
1777376550175 11.132126808166504 220
1777376551090 11.365334510803223 221
1777376552130 11.878299713134766 222
1777376552682 11.488842964172363 223
1777376553259 11.951401710510254 224
1777376554107 11.449095726013184 225
1777376554747 11.13176155090332 226
1777376556400 11.390193939208984 227
1777376558280 11.373788833618164 228
1777376559217 11.696876525878906 229
1777376559816 11.497818946838379 230
1777376560468 10.408376693725586 231
1777376561026 11.246630668640137 232
1777376562029 11.04043197631836 233
1777376562986 10.751147270202637 234
1777376563779 11.012137413024902 235
1777376564790 11.534828186035156 236
1777376565524 11.167882919311523 237
1777376566216 11.715213775634766 238
1777376567596 10.289859771728516 239
1777376568960 11.745198249816895 240
1777376569830 11.856568336486816 241
1777376571246 10.993470191955566 242
1777376572419 10.807172775268555 243
1777376573608 11.676566123962402 244
1777376574033 12.84554386138916 245
1777376574968 10.999469757080078 246
1777376575384 11.02364444732666 247
1777376576630 11.114508628845215 248
1777376577546 10.697623252868652 249
1777376578541 11.441905975341797 250
1777376580526 10.841724395751953 251
1777376581656 10.884835243225098 252
1777376583575 10.875696182250977 253
1777376585407 11.182538032531738 254
1777376585978 11.481422424316406 255
1777376586597 10.352014541625977 256
1777376587748 11.121877670288086 257
1777376588674 11.136188507080078 258
1777376589409 10.756104469299316 259
1777376590336 10.717582702636719 260
1777376591458 9.967873573303223 261
1777376592078 10.463565826416016 262
1777376593349 10.6250638961792 263
1777376593784 11.078457832336426 264
1777376594343 11.065155029296875 265
1777376594943 10.148722648620605 266
1777376595439 10.519969940185547 267
1777376596538 10.955307960510254 268
1777376597508 11.095332145690918 269
1777376598216 10.5048189163208 270
1777376599710 11.111645698547363 271
1777376600368 10.203810691833496 272
1777376601073 10.725532531738281 273
1777376602724 10.473231315612793 274
1777376605309 10.761642456054688 275
1777376606476 10.367347717285156 276
1777376608053 10.154913902282715 277
1777376608984 10.431224822998047 278
1777376610822 10.969901084899902 279
1777376611318 9.84410572052002 280
1777376612872 10.332635879516602 281
1777376613447 10.386725425720215 282
1777376614469 10.169129371643066 283
1777376615781 11.286523818969727 284
1777376616408 10.026350021362305 285
1777376618715 9.774869918823242 286
1777376619205 10.151522636413574 287
