1777377419079 -1.7917680669800315 1
1777377420560 -1.7290620969592922 2
1777377421765 -1.6655516533108055 3
1777377422981 -1.5918039700918527 4
1777377425209 -1.4976787316753402 5
1777377428142 -1.3838854451523144 6
1777377430124 -1.2310161755046283 7
1777377432648 -1.065768666736265 8
1777377435164 -0.8896330549353871 9
1777377437153 -0.707717604977771 10
1777377438321 -0.5170717564874959 11
1777377439978 -0.30597363594558513 12
1777377440816 -0.06318974740477705 13
1777377441678 0.12930421628032637 14
1777377444148 0.3135868653709616 15
1777377445016 0.4760132955165434 16
1777377446282 0.6118494773131462 17
1777377447132 0.72605032026236 18
1777377447979 0.8017532084791599 19
1777377450058 0.8600468802420154 20
1777377451368 0.8986916633288246 21
1777377452645 0.9159670034897024 22
1777377454772 0.9262556378005972 23
1777377455629 0.9355416544423445 24
1777377457427 0.942848944327284 25
1777377458404 0.9455232532857382 26
1777377459790 0.9478874000280465 27
1777377461356 0.9499184708303257 28
1777377462933 0.9476292752782625 29
1777377463803 0.953785641915871 30
1777377464668 0.9591096307756241 31
1777377465827 0.9572760842074096 32
1777377467090 0.9597721661112368 33
1777377467947 0.9581408298546443 34
1777377470055 0.9605102154506727 35
1777377471647 0.9518866252492829 36
1777377472498 0.9566599352764652 37
1777377473344 0.9562493925046275 38
1777377475343 0.9644440466570128 39
1777377476485 0.9619497438155483 40
1777377478350 0.9532265905784801 41
1777377479192 0.9664908047051477 42
1777377481151 0.9620782116670284 43
1777377483223 0.9646678306629785 44
1777377484067 0.960289393172737 45
1777377486355 0.9661091041326625 46
1777377488328 0.9645208697482702 47
1777377490257 0.9612312215603543 48
1777377491797 0.9683219736772389 49
1777377493845 0.9624993258695559 50
1777377494681 0.9639804264787993 51
1777377495576 0.9646484185474805 52
1777377496814 0.9668416492813036 53
1777377498066 0.9622783949168666 54
1777377499585 0.9654988452649483 55
1777377501231 0.9697091915592293 56
1777377503436 0.9675412169712613 57
1777377505384 0.9701854572765146 58
1777377506305 0.9616719288416452 59
1777377508409 0.9673566412057103 60
1777377510098 0.9729611775414293 61
1777377512922 0.9695893245887087 62
1777377515464 0.9641439724525608 63
1777377554736 0.970434363791609 64
1777377557029 0.9731263707882779 65
1777377560255 0.9667249254536884 66
1777377561190 0.9725900151194639 67
1777377565875 0.9724540838017272 68
1777377567626 0.9668350771697719 69
1777377572116 0.9693846897541428 70
1777377573963 0.9695285352550537 71
1777377576150 0.9747348754556011 72
1777377577007 0.9762328217153429 73
1777377579128 0.9718813959521163 74
1777377580033 0.9704730197436807 75
1777377582065 0.9749601527346194 76
1777377586197 0.9725761824227694 77
1777377588435 0.9755253695073692 78
1777377589849 0.9722863807466018 79
1777377591206 0.9701856441591389 80
1777377592062 0.9749345269832667 81
1777377593554 0.9754372776046033 82
1777377595674 0.9786078296946391 83
1777377600694 0.9741422706537196 84
1777377601761 0.9743539005709566 85
1777377602671 0.9714313242446614 86
