1777224833705 194.43170166015625 1
1777224837157 192.50302124023438 2
1777224842628 190.43226623535156 3
1777224846418 188.23239135742188 4
1777224847940 185.72923278808594 5
1777224848969 182.8091278076172 6
1777224849586 179.4488067626953 7
1777224852307 175.7026824951172 8
1777224857672 171.59988403320312 9
1777224859841 167.18313598632812 10
1777224863379 162.34158325195312 11
1777224915549 157.22991943359375 12
1777224916211 151.80950927734375 13
1777224918678 146.01947021484375 14
1777224922289 140.0928192138672 15
1777224925096 133.6416015625 16
1777224931426 126.84439086914062 17
1777224936311 119.73346710205078 18
1777224956701 112.27330780029297 19
1777225003101 104.3484115600586 20
1777225003746 96.487060546875 21
1777225004385 88.3925552368164 22
1777225005793 80.3882064819336 23
1777225006441 72.427001953125 24
1777225007082 65.04398345947266 25
1777225007724 58.071651458740234 26
1777225009135 51.654747009277344 27
1777225009972 45.804954528808594 28
1777225010579 41.68627166748047 29
1777225011190 36.78958511352539 30
1777225012238 32.777976989746094 31
1777225012936 30.554079055786133 32
1777225014408 28.41701316833496 33
1777225022018 27.192216873168945 34
1777225025352 26.002925872802734 35
1777225027639 25.715085983276367 36
1777225030205 23.370738983154297 37
1777225050428 24.3699951171875 38
1777225112896 22.50145721435547 39
1777225132146 22.19133949279785 40
1777225133456 22.129169464111328 41
1777225136436 23.01650047302246 42
1777225137695 22.29595375061035 43
1777225138721 20.87220001220703 44
1777225142947 20.864458084106445 45
1777225210869 21.297889709472656 46
1777225225419 20.541820526123047 47
1777225227533 21.192813873291016 48
1777225228215 20.075830459594727 49
1777225237662 19.893342971801758 50
1777225247990 20.024991989135742 51
1777225371592 19.74513053894043 52
1777225372794 19.96875 53
1777225373477 19.436111450195312 54
1777225374167 20.02960777282715 55
1777225374895 18.58704948425293 56
1777225376755 18.465442657470703 57
1777225378327 18.500680923461914 58
1777225392989 19.869192123413086 59
1777225501290 18.82485008239746 60
1777225538315 17.510814666748047 61
1777225558799 18.257213592529297 62
1777225565581 18.922409057617188 63
1777225571672 17.49807357788086 64
1777225573022 18.000301361083984 65
1777225574937 18.325742721557617 66
1777225576045 17.458297729492188 67
1777225816362 17.260074615478516 68
1777225819878 17.4542179107666 69
1777225823638 17.338306427001953 70
1777225824438 17.03301239013672 71
1777225825728 18.40963363647461 72
