1777224833705 189.43170388222302 1
1777224837157 187.5030189016883 2
1777224842628 185.43228873377748 3
1777224846418 183.23475238399092 4
1777224847940 180.7461606001616 5
1777224848969 177.85315964632153 6
1777224849586 174.53652118138544 7
1777224852307 170.82638116143272 8
1777224857672 166.73873818039684 9
1777224859841 162.31190212068316 10
1777224863379 157.47121663745963 11
1777224915549 152.38822745268862 12
1777224916211 146.98752331019708 13
1777224918678 141.20084574190363 14
1777224922289 135.2585108113583 15
1777224925096 128.80378061004478 16
1777224931426 122.01806956911115 17
1777224936311 114.90255339931056 18
1777224956701 107.46126540716578 19
1777225003101 99.55950568888514 20
1777225003746 91.71624260822325 21
1777225004385 83.63631685831514 22
1777225005793 75.64164352192994 23
1777225006441 67.71885455809687 24
1777225007082 60.35371361518004 25
1777225007724 53.418930564427896 26
1777225009135 47.04459136048976 27
1777225009972 41.22998749222814 28
1777225010579 37.08899552753513 29
1777225011190 32.2480155644666 30
1777225012238 28.273880501039855 31
1777225012936 26.054053854816324 32
1777225014408 23.940232326756206 33
1777225022018 22.69459890297281 34
1777225025352 21.54421091107712 35
1777225027639 21.25305673338285 36
1777225030205 18.96978116777457 37
1777225050428 19.926505330164712 38
1777225112896 18.107303777303823 39
1777225132146 17.742566841739244 40
1777225133456 17.72947913621778 41
1777225136436 18.56399832203048 42
1777225137695 17.87115230325104 43
1777225138721 16.445726914330223 44
1777225142947 16.474440256007895 45
1777225210869 16.895618547360055 46
1777225225419 16.151034625641962 47
1777225227533 16.79973787317819 48
1777225228215 15.684911857824499 49
1777225237662 15.555719029532414 50
1777225247990 15.683144126439613 51
1777225371592 15.39070246545833 52
1777225372794 15.610639760302433 53
1777225373477 15.09561924645989 54
1777225374167 15.646105535017766 55
1777225374895 14.23545574427911 56
1777225376755 14.161085002224935 57
1777225378327 14.170795728512113 58
1777225392989 15.505192628413596 59
1777225501290 14.466144110410267 60
1777225538315 13.231645463707164 61
1777225558799 13.929954618968056 62
1777225565581 14.583157233049501 63
1777225571672 13.18315346606395 64
1777225573022 13.703213786350862 65
1777225574937 14.000966482560074 66
1777225576045 13.151869468666565 67
1777225816362 13.002106709124687 68
1777225819878 13.188307514067475 69
1777225823638 13.080772594221186 70
1777225824438 12.72713205580563 71
1777225825728 14.073956956600204 72
