1777259219164 199.95697253448523 1
1777259221787 190.39797373869857 2
1777259224103 174.38085594934373 3
1777259227038 147.90355643091235 4
1777259249918 113.93176266490295 5
1777259256273 83.2867446823315 6
1777259261235 58.370730856323874 7
1777259267697 43.54423956947735 8
1777259271947 37.64128582567702 9
1777259277685 34.6066875331267 10
1777259285000 32.99690048899562 11
1777259287922 31.523296833255053 12
1777259295598 30.681477749560933 13
1777259342502 30.153617111960727 14
1777259345572 29.799126381825253 15
1777259348789 28.0590961384372 16
1777259353306 28.72318632197935 17
1777259359525 27.614938824722266 18
1777259365511 27.24804837453824 19
1777259370290 27.162902702123176 20
1777259374147 25.928321486491274 21
1777259378776 26.49853250820693 22
1777259384112 25.39059057149815 23
1777259389978 25.021773889976238 24
1777259396262 24.696940888764995 25
1777259401260 24.85632714519666 26
1777259407726 24.69581819572327 27
1777259415179 24.879013236037505 28
1777259420066 23.97596059579459 29
1777259428065 23.07620408168731 30
1777259433319 23.540542962576488 31
1777259552531 23.24828439232523 32
1777259554790 23.1730487445311 33
1777259556949 22.620457549798385 34
1777259569126 22.34565333189182 35
1777259571367 21.45983583893401 36
1777259573480 21.55991619042592 37
1777259575737 20.86986048256601 38
1777259578237 20.17864951581094 39
1777259581141 20.2552949341761 40
1777259586510 19.653884800004146 41
1777259598940 19.547205328520256 42
1777259645870 19.510492427460782 43
1777259648732 18.81158296320315 44
1777259652522 18.744290985402493 45
1777259657304 18.23166792805422 46
1777259677406 18.4916899916475 47
1777259679988 18.266716441825558 48
1777259683312 18.041006191688627 49
1777259687075 18.034052548050916 50
1777259691676 17.989002198915117 51
1777259697025 17.83091832465164 52
1777259703557 17.42789469578267 53
1777259709062 17.66534957237933 54
1777259714566 17.355022697410487 55
1777259722127 17.35015424937426 56
1777259731974 17.811659313396664 57
1777259818389 17.00454025992651 58
1777259820600 17.23279165854247 59
1777259822837 17.137655574132616 60
1777259825054 16.699200802659323 61
