1777238544032 187.71068741176245 1
1777238545338 182.43739401458365 2
1777238546605 175.9256266962971 3
1777238547827 167.34930584874493 4
1777238549142 156.30095984323964 5
1777238550490 142.24270671098566 6
1777238551666 126.19379153472846 7
1777238552933 108.1644484117321 8
1777238554311 89.61716609916755 9
1777238555714 71.18651956769907 10
1777238557047 54.11264799681398 11
1777238558429 40.14480960731708 12
1777238559776 30.535624383914072 13
1777238561102 25.522328491569336 14
1777238562219 22.101012248623324 15
1777238563501 21.79555641214636 16
1777238564797 19.90237901814181 17
1777238566162 20.102220738893106 18
1777238567488 18.759635757741968 19
1777238568742 19.14248481970007 20
1777238570113 17.880802914792486 21
1777238571351 17.255423091904106 22
1777238572605 17.598123633070546 23
1777238573769 15.932562996398962 24
1777238574941 16.71403666847395 25
1777238576130 15.176695749189877 26
1777238577409 16.44787022786076 27
1777238578764 15.765023535136539 28
1777238580110 16.01862403222273 29
1777238581396 15.536374469875799 30
1777238582726 14.678362911670122 31
1777238584058 15.141534505923635 32
1777238585230 14.7311049420485 33
1777238586455 14.344318341956864 34
1777238587608 14.298498134646637 35
1777238588866 14.099828770044475 36
1777238590158 14.005538111634626 37
1777238591449 14.604356815698772 38
1777238592788 14.311281460758105 39
1777238594157 13.477535065019824 40
1777238595435 13.981690719165455 41
1777238596755 13.528846218581768 42
1777238598052 14.431287369249292 43
1777238599395 14.482448852503223 44
1777238600715 13.443862397154149 45
1777238602036 13.500791179860821 46
1777238603351 12.666120236408549 47
1777238604725 12.64531507419266 48
1777238606050 12.507136625691995 49
1777238607490 12.7032582453819 50
1777238608858 13.946146905779209 51
1777238610115 13.173257591888195 52
