1777126008053 171.99879455566406 1
1777126124900 168.57254028320312 2
1777126125535 165.16456604003906 3
1777126126166 161.0071258544922 4
1777126126800 156.19122314453125 5
1777126127654 150.7398681640625 6
1777126128309 144.33982849121094 7
1777126129004 136.98878479003906 8
1777126129661 129.40296936035156 9
1777126130312 121.4358901977539 10
1777126130965 112.79463195800781 11
1777126131634 103.6580581665039 12
1777126132289 93.82275390625 13
1777126132939 83.81919860839844 14
1777126133592 73.13384246826172 15
1777126134272 62.442752838134766 16
1777126134986 52.49898910522461 17
1777126135658 44.442138671875 18
1777126136336 37.26723861694336 19
1777126137042 32.48375701904297 20
1777126137717 27.04056739807129 21
1777126138391 25.000370025634766 22
1777126139095 23.848876953125 23
1777126139773 21.993446350097656 24
1777126140518 21.710636138916016 25
1777126141237 19.58767318725586 26
1777126141987 20.725215911865234 27
1777126142686 20.012216567993164 28
1777126143394 18.819883346557617 29
1777126144157 19.576297760009766 30
1777126144893 17.65081787109375 31
1777126145593 18.5583553314209 32
1777126146294 17.287622451782227 33
1777126146998 17.634544372558594 34
1777126147709 17.844831466674805 35
1777126148422 15.719648361206055 36
1777126149121 17.232254028320312 37
1777126149904 16.672412872314453 38
1777126150624 17.778038024902344 39
1777126151353 16.981409072875977 40
1777126152096 15.540329933166504 41
1777126152822 17.198572158813477 42
1777126153531 15.441588401794434 43
1777126177519 16.554014205932617 44
1777126193548 16.98142433166504 45
1777126194201 15.363028526306152 46
1777126194853 16.21358299255371 47
1777126195504 15.807218551635742 48
1777126196158 15.73990535736084 49
1777126196808 15.514747619628906 50
1777126197444 16.244123458862305 51
1777126198083 16.12708282470703 52
1777126198722 13.903143882751465 53
1777126199363 15.74050521850586 54
1777126200002 14.446577072143555 55
1777126200646 14.088519096374512 56
1777126201279 14.229035377502441 57
1777126201924 13.893790245056152 58
1777126202566 14.670496940612793 59
1777126203203 15.853979110717773 60
1777126203836 13.583939552307129 61
1777126204474 13.657855987548828 62
1777126205111 13.754539489746094 63
1777126205745 14.027998924255371 64
1777126206381 12.84990119934082 65
1777126214987 13.87978744506836 66
1777126216014 14.478079795837402 67
1777126216727 14.718017578125 68
1777126217422 13.598786354064941 69
1777126218117 13.624940872192383 70
1777126218801 13.605171203613281 71
1777126219506 12.813057899475098 72
1777126220193 12.659649848937988 73
1777126220869 12.36709976196289 74
1777126221553 13.85240650177002 75
1777126222229 13.278465270996094 76
1777126222939 11.253325462341309 77
1777126223617 11.150976181030273 78
1777126224287 12.522247314453125 79
1777126228907 11.240135192871094 80
1777126229723 12.047041893005371 81
1777126230568 12.828743934631348 82
1777126231391 11.409727096557617 83
1777126272835 11.299829483032227 84
1777126431593 11.163643836975098 85
1777126432225 11.426596641540527 86
1777126432850 11.360152244567871 87
1777126433480 11.281378746032715 88
