1777126008053 213.73624773011713 1
1777126124900 210.96539630351702 2
1777126125535 208.23239533931795 3
1777126126166 204.73483231365395 4
1777126126800 200.10948175311432 5
1777126127654 194.24367549227955 6
1777126128309 187.6791539935909 7
1777126129004 180.39785133317136 8
1777126129661 172.35356103080667 9
1777126130312 163.76767557274542 10
1777126130965 154.19748143614407 11
1777126131634 144.35087731375242 12
1777126132289 133.02168819876704 13
1777126132939 121.40708654795444 14
1777126133592 107.73473191565243 15
1777126134272 93.60902942892315 16
1777126134986 80.25039244939086 17
1777126135658 67.80284349448407 18
1777126136336 56.27108328842733 19
1777126137042 47.98160200388661 20
1777126137717 40.121635129550114 21
1777126138391 36.37221115275541 22
1777126139095 34.048710654966435 23
1777126139773 31.09973148340422 24
1777126140518 31.098898364607507 25
1777126141237 27.805960651520497 26
1777126141987 29.32536843565173 27
1777126142686 28.35682344754356 28
1777126143394 26.532870653166352 29
1777126144157 27.85152524541688 30
1777126144893 24.71191064713595 31
1777126145593 26.377605580717045 32
1777126146294 24.14713706665088 33
1777126146998 24.872725339622768 34
1777126147709 24.62138223940537 35
1777126148422 21.935788862218118 36
1777126149121 23.960682770899002 37
1777126149904 23.39960086840759 38
1777126150624 24.5771726313419 39
1777126151353 23.596458350347568 40
1777126152096 21.47208384208399 41
1777126152822 24.306432756368093 42
1777126153531 21.254233981920006 43
1777126177519 23.328628647024694 44
1777126193548 23.69194049531599 45
1777126194201 21.56889412101408 46
1777126194853 22.418999570633094 47
1777126195504 21.82821238014901 48
1777126196158 22.115804884371578 49
1777126196808 21.372325707614127 50
1777126197444 22.176450401102926 51
1777126198083 22.588799109621647 52
1777126198722 19.396332447201036 53
1777126199363 22.343608637009112 54
1777126200002 20.124858215969887 55
1777126200646 19.93699640576769 56
1777126201279 19.977667738050734 57
1777126201924 19.434264671207576 58
1777126202566 20.5492245567275 59
1777126203203 22.463037265981878 60
1777126203836 19.13332689309538 61
1777126204474 19.15499460609099 62
1777126205111 19.196589103357006 63
1777126205745 19.341001546463733 64
1777126206381 17.891631385449806 65
1777126214987 19.147875699377938 66
1777126216014 20.035024111842475 67
1777126216727 20.958064032683144 68
1777126217422 18.981223214450562 69
1777126218117 19.12396915624637 70
1777126218801 19.18660294116379 71
1777126219506 17.749431762196203 72
1777126220193 17.4311354312298 73
1777126220869 17.02977165315477 74
1777126221553 19.47892992280377 75
1777126222229 18.281738274729324 76
1777126222939 15.756644164515121 77
1777126223617 15.253207010221807 78
1777126224287 17.163532649992067 79
1777126228907 15.42940318171592 80
1777126229723 16.56315870594614 81
1777126230568 17.592088204156223 82
1777126231391 15.493036490226826 83
1777126272835 15.351786635609336 84
1777126431593 15.14841584336384 85
1777126432225 15.623465256657262 86
1777126432850 15.57118123909243 87
1777126433480 15.357156960110192 88
