1777395228579 181.67115783691406 1
1777395231100 178.98458862304688 2
1777395235630 176.93319702148438 3
1777395238156 174.9103240966797 4
1777395242782 172.7625732421875 5
1777395245845 170.41949462890625 6
1777395252314 167.8489227294922 7
1777395254744 164.87835693359375 8
1777395256171 161.71624755859375 9
1777395256523 158.21209716796875 10
1777395259071 154.39515686035156 11
1777395259443 149.92538452148438 12
1777395259784 144.7530059814453 13
1777395261191 139.603759765625 14
1777395262067 134.4148712158203 15
1777395262421 129.05084228515625 16
1777395264894 123.73681640625 17
1777395265223 118.08967590332031 18
1777395269221 112.34899139404297 19
1777395273925 106.41315460205078 20
1777395277987 100.30530548095703 21
1777395279681 94.19112396240234 22
1777395281093 88.33734130859375 23
1777395288249 82.47337341308594 24
1777395290616 76.1540298461914 25
1777395291851 70.197021484375 26
1777395296506 64.3016357421875 27
1777395298572 58.33599853515625 28
1777395300653 51.87977600097656 29
1777395303590 46.06719207763672 30
1777395304759 41.44350814819336 31
1777395307904 35.3224983215332 32
1777395311551 32.08725357055664 33
1777395311887 30.303600311279297 34
1777395314555 28.68039894104004 35
1777395314896 26.5631160736084 36
1777395317316 25.614961624145508 37
1777395317690 22.501901626586914 38
1777395322172 22.093591690063477 39
1777395326993 21.341907501220703 40
1777395329534 19.627910614013672 41
1777395331855 22.44369888305664 42
1777395332187 21.50832176208496 43
1777395333146 18.92241859436035 44
1777395334748 19.083072662353516 45
1777395338537 20.38359832763672 46
1777395343956 18.1301326751709 47
1777395347675 18.515283584594727 48
1777395351115 18.662057876586914 49
1777395352580 17.214855194091797 50
1777395357152 18.33754539489746 51
1777395359242 16.44828987121582 52
1777395363595 17.2420711517334 53
1777395364494 18.646953582763672 54
1777395365615 19.904338836669922 55
1777395366654 17.683778762817383 56
1777395370503 16.23432731628418 57
1777395370886 19.23625373840332 58
1777395375269 17.252750396728516 59
1777395377966 16.8824520111084 60
1777395383742 17.05048942565918 61
1777395385183 15.384550094604492 62
1777395386756 17.039297103881836 63
1777395392626 15.297377586364746 64
1777395394200 18.011276245117188 65
1777395394518 15.315788269042969 66
1777395394871 18.75485610961914 67
1777395399284 15.511812210083008 68
1777395404451 14.912766456604004 69
1777395406174 15.97311019897461 70
1777395407599 16.11185646057129 71
1777395407919 15.41491413116455 72
1777395408250 13.407560348510742 73
1777395411654 14.419865608215332 74
1777395416434 14.528491973876953 75
1777395416767 14.853666305541992 76
1777395417099 15.258344650268555 77
1777395420753 14.104348182678223 78
1777395424665 14.336795806884766 79
1777395590385 15.457164764404297 80
1777395593287 14.106264114379883 81
1777395595468 17.34052848815918 82
1777395596745 14.521586418151855 83
1777395599241 14.860491752624512 84
1777395601450 15.065112113952637 85
1777395605407 15.539490699768066 86
1777395610668 13.723743438720703 87
1777395613903 14.291580200195312 88
1777395614257 13.840348243713379 89
1777395615779 15.586798667907715 90
1777395619439 13.00143051147461 91
1777395620954 13.488018989562988 92
1777395621282 13.294754028320312 93
1777395621626 12.956841468811035 94
1777395623441 14.231176376342773 95
1777395623789 13.202691078186035 96
1777395624105 13.193973541259766 97
1777395628544 13.112151145935059 98
1777395628917 11.906004905700684 99
1777395633002 11.48691463470459 100
1777395637419 12.957469940185547 101
1777395640036 11.846663475036621 102
1777395641353 11.895721435546875 103
1777395641704 12.004289627075195 104
1777395644053 11.843924522399902 105
1777395644386 11.935708999633789 106
1777395648114 12.252867698669434 107
1777395650515 11.296093940734863 108
1777395652586 11.35678482055664 109
