1777395228579 176.67115221854053 1
1777395231100 173.98459264508887 2
1777395235630 171.9335925103906 3
1777395238156 169.9173783035323 4
1777395242782 167.79106897279436 5
1777395245845 165.4957730032978 6
1777395252314 162.98041200442734 7
1777395254744 160.06927496477013 8
1777395256171 156.8868326424577 9
1777395256523 153.32996483005186 10
1777395259071 149.45491483544552 11
1777395259443 144.97269532890923 12
1777395259784 139.84702921275994 13
1777395261191 134.7396576043669 14
1777395262067 129.57256941402397 15
1777395262421 124.23141528095577 16
1777395264894 118.95909618509226 17
1777395265223 113.33804270902061 18
1777395269221 107.62627275334263 19
1777395273925 101.69322400787014 20
1777395277987 95.62602653481123 21
1777395279681 89.52887130104124 22
1777395281093 83.69042946008965 23
1777395288249 77.88318887751818 24
1777395290616 71.5155800753069 25
1777395291851 65.6151037255203 26
1777395296506 59.76251087378229 27
1777395298572 53.8135886468224 28
1777395300653 47.355499677808574 29
1777395303590 41.610724310370514 30
1777395304759 37.02234857002941 31
1777395307904 30.99735303819702 32
1777395311551 27.755392180486844 33
1777395311887 26.00239011295214 34
1777395314555 24.409214050988577 35
1777395314896 22.25999374991617 36
1777395317316 21.289295111811697 37
1777395317690 18.242642036451365 38
1777395322172 17.82376177000205 39
1777395326993 17.0584286244413 40
1777395329534 15.404126342871535 41
1777395331855 18.15580273845055 42
1777395332187 17.230426495706457 43
1777395333146 14.725332403378065 44
1777395334748 14.892726897078603 45
1777395338537 16.157157417489103 46
1777395343956 13.924757620244609 47
1777395347675 14.345463258352007 48
1777395351115 14.421216919016658 49
1777395352580 13.096703021586254 50
1777395357152 14.085214390802077 51
1777395359242 12.31345764619436 52
1777395363595 13.107308557756737 53
1777395364494 14.487726990762752 54
1777395365615 15.720953258556765 55
1777395366654 13.478059342282338 56
1777395370503 12.096014737386163 57
1777395370886 14.964585446391727 58
1777395375269 13.119431515732124 59
1777395377966 12.75754125406699 60
1777395383742 12.984476155248181 61
1777395385183 11.301654624493063 62
1777395386756 12.90187617368269 63
1777395392626 11.186070988987845 64
1777395394200 13.886675115080342 65
1777395394518 11.283278718878135 66
1777395394871 14.544430070004221 67
1777395399284 11.461686279256744 68
1777395404451 10.893765090293595 69
1777395406174 11.81366626844289 70
1777395407599 12.005024044364603 71
1777395407919 11.31843505359964 72
1777395408250 9.39603339685187 73
1777395411654 10.38278730649965 74
1777395416434 10.460341996160047 75
1777395416767 10.775373358534205 76
1777395417099 11.072120487028085 77
1777395420753 10.06284882993046 78
1777395424665 10.239940454359294 79
1777395590385 11.308396409088795 80
1777395593287 10.014345878052614 81
1777395595468 13.098195963892444 82
1777395596745 10.441841022373291 83
1777395599241 10.779315901666548 84
1777395601450 10.985938669156777 85
1777395605407 11.447298663600295 86
1777395610668 9.715291313648503 87
1777395613903 10.245317361843927 88
1777395614257 9.781300026376925 89
1777395615779 11.502025183984788 90
1777395619439 8.997901927651473 91
1777395620954 9.46000254021828 92
1777395621282 9.28721660232767 93
1777395621626 8.928537011494907 94
1777395623441 10.102292396951182 95
1777395623789 9.228954352808584 96
1777395624105 9.16738370229876 97
1777395628544 9.08203351741503 98
1777395628917 7.951646574891011 99
1777395633002 7.553668736157398 100
1777395637419 9.036967445297732 101
1777395640036 7.880402611264842 102
1777395641353 8.012013642987196 103
1777395641704 8.096686740007964 104
1777395644053 7.930653456705206 105
1777395644386 7.9891205711855235 106
1777395648114 8.32744280961715 107
1777395650515 7.43134525712647 108
1777395652586 7.4547932207897905 109
