1777430721911 40912.46484375 1
1777430722335 39982.8203125 2
1777430722671 39265.125 3
1777430723013 38556.46484375 4
1777430723356 37782.234375 5
1777430723687 36953.56640625 6
1777430724034 35997.53515625 7
1777430724389 34839.390625 8
1777430724749 33398.94140625 9
1777430725083 31896.642578125 10
1777430725418 30308.4609375 11
1777430725760 28529.490234375 12
1777430726111 26753.857421875 13
1777430726562 24902.412109375 14
1777430726899 22611.990234375 15
1777430727220 20695.23828125 16
1777430727539 18739.81640625 17
1777430727883 16563.35546875 18
1777430728227 14781.4892578125 19
1777430728559 12967.12109375 20
1777430728884 11525.197265625 21
1777430729195 9740.51171875 22
1777430729517 8656.951171875 23
1777430729830 7202.21240234375 24
1777430730165 6090.7490234375 25
1777430730470 5004.9521484375 26
1777430730805 4038.968505859375 27
1777430731113 3481.095458984375 28
1777430731448 2921.75927734375 29
1777430731778 2518.986572265625 30
1777430732156 2112.456787109375 31
1777430732483 1946.62646484375 32
1777430732824 1462.7222900390625 33
1777430733128 1294.8648681640625 34
1777430733449 1165.65576171875 35
1777430733759 1152.5374755859375 36
1777430734076 1010.764404296875 37
1777430734390 1058.2486572265625 38
1777430734715 994.686279296875 39
1777430735017 952.4412841796875 40
1777430735334 799.505859375 41
1777430735639 900.9874267578125 42
1777430735981 846.3399658203125 43
1777430736303 905.0311279296875 44
1777430736615 656.6807861328125 45
1777430736945 794.1023559570312 46
1777430737249 797.8217163085938 47
1777430737562 801.6439819335938 48
1777430737895 734.792724609375 49
1777430738215 701.2037353515625 50
1777430738522 677.9993896484375 51
1777430738851 598.6561889648438 52
1777430739148 768.5941162109375 53
1777430739485 532.8812255859375 54
1777430739800 690.37255859375 55
1777430740112 675.8017578125 56
1777430740414 633.4943237304688 57
1777430740735 579.5106201171875 58
1777430741053 472.6917724609375 59
1777430741381 716.932861328125 60
1777430741712 495.5238037109375 61
1777430742029 578.5615844726562 62
1777430742349 645.6847534179688 63
1777430742676 686.7960815429688 64
1777430742999 603.5157470703125 65
1777430743338 601.0765380859375 66
1777430743648 482.66455078125 67
1777430743977 591.0177612304688 68
1777430744321 564.81298828125 69
1777430744669 539.6947021484375 70
1777430745002 500.02099609375 71
1777430745342 500.364501953125 72
1777430745677 534.6508178710938 73
1777430746001 540.2080078125 74
1777430746333 455.84356689453125 75
1777430746658 510.8148193359375 76
1777430747001 501.181396484375 77
1777430747320 467.12591552734375 78
1777430747628 476.3196105957031 79
1777430747967 603.314453125 80
1777430748287 410.5034484863281 81
1777430748642 471.88726806640625 82
1777430748948 392.7543640136719 83
1777430749272 404.0692443847656 84
1777430749594 531.3040771484375 85
1777430749924 468.7614440917969 86
1777430750241 329.755126953125 87
1777430750555 444.90167236328125 88
1777430750884 369.1669006347656 89
1777430751213 434.5671081542969 90
1777430751559 427.6102600097656 91
1777430751890 464.087646484375 92
1777430752215 341.2699279785156 93
1777430752536 390.3298645019531 94
1777430752860 379.3887939453125 95
1777430753185 342.765625 96
1777430753508 502.84814453125 97
1777430753835 466.09173583984375 98
1777430754177 375.8442687988281 99
1777430754527 384.10260009765625 100
1777430755818 421.6358642578125 101
1777430756623 437.7406005859375 102
1777430756946 316.968017578125 103
1777430757258 368.885498046875 104
1777430757583 454.6020202636719 105
1777430757900 306.72918701171875 106
1777430758228 347.4630126953125 107
1777430758565 345.68048095703125 108
1777430758876 416.71337890625 109
1777430759189 391.0054626464844 110
1777430759491 302.5959167480469 111
1777430759798 388.3179626464844 112
1777430760116 342.6474609375 113
1777430760424 331.1190185546875 114
1777430760726 343.4706726074219 115
1777430761040 284.6221008300781 116
1777430761349 369.63433837890625 117
1777430761656 469.47509765625 118
1777430761976 301.6542663574219 119
1777430762308 301.28155517578125 120
1777430762621 391.4197082519531 121
1777430762917 296.319091796875 122
1777430763243 315.9862365722656 123
1777430763553 294.6958312988281 124
1777430763861 295.20709228515625 125
1777430764175 322.5872497558594 126
1777430764483 330.6181640625 127
1777430764824 304.25537109375 128
1777430765157 286.82904052734375 129
1777430765458 341.78228759765625 130
1777430765767 379.1699523925781 131
1777430766082 294.0892028808594 132
1777430766412 294.0831604003906 133
1777430766763 277.7156677246094 134
1777430767083 284.31842041015625 135
1777430767430 267.9555358886719 136
1777430767765 283.8025817871094 137
1777430768129 224.26242065429688 138
1777430768462 222.98545837402344 139
1777430768774 235.6146240234375 140
1777430769096 266.77386474609375 141
1777430769406 312.7250061035156 142
1777430769735 234.23162841796875 143
1777430770054 277.5986328125 144
1777430770399 247.55160522460938 145
1777430770722 212.7035369873047 146
1777430771049 194.20765686035156 147
1777430771365 215.56954956054688 148
1777430771698 230.08602905273438 149
1777430772023 262.7823791503906 150
1777430772357 249.8071746826172 151
1777430772683 195.80726623535156 152
1777430773004 344.84344482421875 153
1777430773307 284.4996643066406 154
1777430773624 190.7405548095703 155
1777430773958 257.64892578125 156
1777430774280 262.5110778808594 157
1777430774605 230.43698120117188 158
1777430774944 213.30010986328125 159
1777430775282 236.0570831298828 160
1777430775622 245.49864196777344 161
1777430775948 202.5811004638672 162
1777430776302 278.40863037109375 163
1777430776647 213.763671875 164
1777430776970 229.88690185546875 165
1777430777332 212.71192932128906 166
1777430777669 253.43284606933594 167
1777430777995 222.53347778320312 168
1777430778317 185.5406036376953 169
1777430778654 246.43345642089844 170
1777430779005 197.95751953125 171
1777430779341 189.6439208984375 172
1777430779667 209.1158905029297 173
1777430780000 193.31521606445312 174
1777430780343 169.77760314941406 175
1777430780666 196.21975708007812 176
1777430780998 198.20526123046875 177
1777430781320 236.78318786621094 178
1777430781644 219.1783905029297 179
1777430782002 243.7548065185547 180
1777430782341 220.1740264892578 181
1777430782674 225.47682189941406 182
1777430783020 189.6273193359375 183
1777430783373 184.63882446289062 184
1777430783866 189.2600860595703 185
1777430784218 196.6837921142578 186
1777430784577 167.42214965820312 187
1777430784976 189.2601318359375 188
1777430785332 154.35409545898438 189
1777430785681 188.49598693847656 190
1777430786024 251.882568359375 191
1777430786381 298.7914123535156 192
1777430786730 253.03099060058594 193
1777430787071 206.2666473388672 194
1777430787623 159.57080078125 195
1777430787948 171.96376037597656 196
1777430788271 197.7810821533203 197
1777430788614 195.15869140625 198
1777430788972 267.6499328613281 199
1777430789312 186.4147186279297 200
1777430789635 187.17027282714844 201
1777430789958 176.48947143554688 202
1777430790353 166.19851684570312 203
1777430790714 201.3540496826172 204
1777430791031 219.93887329101562 205
1777430791350 161.1133575439453 206
1777430791677 152.67723083496094 207
1777430791978 228.6141357421875 208
1777430792310 260.7914733886719 209
1777430792632 266.0462951660156 210
1777430792953 166.2647705078125 211
1777430793274 215.92889404296875 212
1777430793601 167.41552734375 213
1777430793920 174.72543334960938 214
1777430794264 195.8585205078125 215
1777430794605 190.23007202148438 216
1777430794944 207.63330078125 217
1777430795252 180.0910186767578 218
1777430795588 159.80690002441406 219
1777430795911 156.9126434326172 220
1777430796228 179.6941375732422 221
1777430796556 257.4144592285156 222
1777430796870 192.29733276367188 223
1777430797220 164.4746856689453 224
1777430797532 156.90692138671875 225
1777430797858 143.66041564941406 226
1777430798180 154.60885620117188 227
1777430798541 199.9388427734375 228
1777430798882 148.4551544189453 229
1777430799188 167.1024932861328 230
1777430799505 145.11593627929688 231
1777430799815 170.35629272460938 232
1777430800114 163.54110717773438 233
1777430800435 159.07286071777344 234
1777430800757 154.60208129882812 235
1777430801101 273.36749267578125 236
1777430801446 186.47935485839844 237
1777430801795 158.16064453125 238
1777430802107 172.64166259765625 239
1777430802419 232.3845977783203 240
1777430802722 189.04702758789062 241
1777430803045 173.83438110351562 242
1777430803387 163.1221160888672 243
1777430803707 126.14573669433594 244
1777430804025 136.79771423339844 245
1777430804340 139.5222625732422 246
1777430804646 137.88125610351562 247
1777430804963 140.98007202148438 248
1777430805307 195.45314025878906 249
1777430805634 156.5789794921875 250
1777430805972 151.0591278076172 251
1777430806293 123.78874969482422 252
1777430806625 132.0679931640625 253
1777430806946 140.20509338378906 254
1777430807244 143.60552978515625 255
1777430807549 147.40684509277344 256
1777430807843 167.31455993652344 257
1777430808164 157.50222778320312 258
1777430808488 158.9898681640625 259
1777430808799 122.22215270996094 260
1777430809114 148.94091796875 261
