1777430041948 -1.951728984577353 1
1777430042278 -1.9095179146842334 2
1777430042597 -1.8721398266378513 3
1777430042938 -1.8391762617383907 4
1777430043325 -1.8040623122005646 5
1777430043744 -1.7672845714546321 6
1777430044134 -1.7263328742506316 7
1777430044519 -1.682243040995691 8
1777430044917 -1.63560058422396 9
1777430045310 -1.5821610953849126 10
1777430045678 -1.5222209523956587 11
1777430046355 -1.451629468279528 12
1777430046726 -1.3737207643355105 13
1777430047081 -1.2912438495830685 14
1777430047450 -1.20227423264713 15
1777430047804 -1.10879982705619 16
1777430048146 -1.007206111782533 17
1777430048502 -0.9154941817299731 18
1777430048836 -0.8109971219722489 19
1777430049162 -0.7162665755024877 20
1777430049493 -0.6166535594242868 21
1777430049824 -0.5197936452845611 22
1777430050166 -0.4362104121967749 23
1777430050608 -0.33088760547627816 24
1777430050921 -0.23419645729161798 25
1777430051237 -0.13520202526663594 26
1777430051580 -0.04457908597257276 27
1777430051906 0.039348034932420006 28
1777430052209 0.13502103757478645 29
1777430052514 0.2220543916492853 30
1777430052827 0.3079557197811378 31
1777430053155 0.38489990779143934 32
1777430053488 0.4610297858518797 33
1777430053813 0.5451273418088122 34
1777430054124 0.6071255112049885 35
1777430054423 0.6611936443514648 36
1777430054727 0.7204064250989709 37
1777430055040 0.748517736838689 38
1777430055356 0.7885635788451943 39
1777430055669 0.8185636431637331 40
1777430055997 0.8596700237968291 41
1777430056329 0.8709677828413238 42
1777430056774 0.879088809483325 43
1777430057154 0.8997173683022652 44
1777430057510 0.9075004315963932 45
1777430057857 0.9148285141619726 46
1777430058198 0.9155897350092649 47
1777430058557 0.9223819784737763 48
1777430058920 0.914533365520893 49
1777430059273 0.9224082757706835 50
1777430059629 0.9325274450867094 51
1777430059973 0.9276112861087727 52
1777430060334 0.9282836663815093 53
1777430060688 0.9341555151106319 54
1777430061060 0.9393565321968216 55
1777430061414 0.9361167593704897 56
1777430061751 0.941695922677677 57
1777430062163 0.9415031074045339 58
1777430062541 0.950115599614252 59
1777430062926 0.9361523609020586 60
1777430063338 0.9411159439832321 61
1777430063695 0.9402053047707942 62
1777430064079 0.9497716511688474 63
1777430064495 0.9332942128462131 64
1777430064853 0.9519605159549718 65
1777430065217 0.9493518827163847 66
1777430065569 0.9512614286645388 67
1777430065931 0.9524460183512199 68
1777430066289 0.9561082206970737 69
1777430066659 0.9595792471576359 70
1777430067031 0.9552123848335532 71
1777430067354 0.9630566224392957 72
1777430067675 0.9581625510744842 73
1777430068013 0.9599139119013761 74
1777430068335 0.9622136908929525 75
1777430068658 0.9603536967229827 76
1777430068981 0.964064768798976 77
1777430069291 0.9655178384647145 78
1777430069610 0.9614571565242029 79
1777430069925 0.9556946271254046 80
1777430070241 0.9624216561648619 81
1777430070563 0.9667083420153859 82
1777430070902 0.9611154570626003 83
1777430071230 0.9663621447005574 84
1777430071538 0.9541779505305651 85
1777430071875 0.962340263324523 86
1777430072209 0.9586368610342207 87
1777430072551 0.9682310210013971 88
1777430072899 0.9584479609391539 89
1777430073307 0.971272395319134 90
1777430073637 0.9666068981543743 91
1777430073944 0.9641627817754372 92
1777430074265 0.9649428563457777 93
1777430074569 0.9752742056427576 94
1777430074872 0.9701488028013234 95
1777430075195 0.9603263087853193 96
1777430075497 0.965482814742848 97
1777430075811 0.9584129119647419 98
1777430076122 0.9645898276657822 99
1777430076446 0.9704553950586405 100
1777430076786 0.9700784998132667 101
1777430077103 0.9647902289844632 102
1777430077433 0.9655132517811486 103
1777430077765 0.967985338784989 104
1777430078073 0.9672960132295192 105
1777430078387 0.9624341035515426 106
1777430078697 0.9653216730785925 107
1777430079014 0.9669892694757946 108
1777430079332 0.967450850974398 109
1777430079656 0.9673449325416796 110
1777430079988 0.9720647635412863 111
1777430080302 0.9680654972102668 112
1777430080648 0.976575037027963 113
1777430080978 0.9702281811751434 114
1777430081293 0.9733386518293268 115
1777430081613 0.9719111433924366 116
1777430081941 0.962978220249991 117
1777430082259 0.9686445781483037 118
1777430082577 0.9717982364966887 119
1777430082895 0.9704573110543709 120
1777430083212 0.9699055276258525 121
1777430083537 0.9746588003522437 122
1777430083857 0.9753636564325728 123
1777430084177 0.9712797400887468 124
1777430084488 0.9753850987832797 125
1777430084825 0.9685718739067011 126
1777430085200 0.9733953086751369 127
1777430085552 0.9788508939140909 128
1777430085909 0.9778767403344627 129
1777430086219 0.9721231965643218 130
1777430086534 0.9743248007721423 131
1777430086841 0.9727248224641656 132
1777430087153 0.9748878062594988 133
1777430087464 0.9690329251264871 134
1777430087795 0.969231946500182 135
1777430088108 0.9719101056452903 136
1777430088447 0.966200882171436 137
1777430088807 0.9709789524152296 138
1777430089174 0.9743355121282851 139
1777430089536 0.9738650316607264 140
1777430089906 0.9748822794466122 141
1777430090263 0.9781405076211446 142
1777430090649 0.9744849441972522 143
1777430091010 0.9770518165631225 144
1777430091374 0.9770954762368816 145
1777430091742 0.9723182061065756 146
1777430092112 0.9731366177544991 147
1777430092472 0.9746722268910543 148
1777430093076 0.9800842153303757 149
1777430093419 0.9740013199713652 150
1777430093796 0.9792090445097752 151
1777430094153 0.9764787554586957 152
1777430094504 0.9803199577466458 153
1777430094872 0.980630842374264 154
1777430095268 0.973464747751075 155
1777430095646 0.9791593088047729 156
1777430096040 0.9759178701616087 157
1777430096398 0.9787663411865772 158
1777430096776 0.9792570997270013 159
1777430097149 0.977832382751442 160
1777430097546 0.9778792764963153 161
1777430097945 0.9758706846416668 162
1777430098300 0.9736586206295984 163
1777430098996 0.9779307389796585 164
1777430099359 0.9792631521101138 165
1777430099727 0.9818414346273086 166
1777430100091 0.9743993089430274 167
1777430100451 0.9779237883812186 168
1777430100799 0.9834352257866343 169
1777430101150 0.9807440631587849 170
1777430101499 0.9749833050973981 171
1777430101839 0.9760497352516591 172
1777430102195 0.9785254450874276 173
1777430102557 0.9791201675563733 174
1777430102914 0.9798928777880501 175
1777430103272 0.9783995684170732 176
1777430103647 0.9782129677917291 177
1777430104014 0.9796815112633865 178
1777430104395 0.9818002989170005 179
1777430104778 0.9836067785507661 180
1777430105139 0.9767178321983747 181
1777430105506 0.9807877267093035 182
1777430105858 0.9827482864299002 183
1777430106218 0.9817212741403332 184
1777430106583 0.9803873497952532 185
1777430106932 0.9799875031185813 186
1777430107285 0.9826130378661119 187
1777430107646 0.9831284033948482 188
1777430108006 0.9819754892974418 189
1777430108361 0.9819034862061511 190
1777430108720 0.9808753617621666 191
1777430109101 0.9776659555463346 192
1777430109466 0.9816069266260995 193
1777430109865 0.9833341242942063 194
1777430110212 0.9784816654350945 195
1777430110562 0.972985003136312 196
1777430110895 0.9811935939648864 197
1777430111200 0.982634013261119 198
1777430111515 0.9832222709529388 199
1777430111815 0.9819130783941544 200
1777430112118 0.9812080899253866 201
1777430112435 0.9837537735510704 202
1777430112743 0.9800012920959101 203
1777430113051 0.9853524645523126 204
1777430113376 0.9811611470844598 205
1777430113686 0.9792654095847526 206
