1777379312850 181.96273803710938 1
1777379313841 180.22390747070312 2
1777379314644 178.38551330566406 3
1777379315657 176.75711059570312 4
1777379316638 174.85414123535156 5
1777379318264 172.1104736328125 6
1777379318992 169.58993530273438 7
1777379324124 167.12051391601562 8
1777379325266 164.68446350097656 9
1777379326206 162.40298461914062 10
1777379327268 160.21121215820312 11
1777379327988 157.77626037597656 12
1777379330870 154.76223754882812 13
1777379331391 151.565673828125 14
1777379331861 148.31126403808594 15
1777379332445 144.8136444091797 16
1777379332899 141.28298950195312 17
1777379333371 137.62933349609375 18
1777379335174 133.80905151367188 19
1777379336342 129.7711181640625 20
1777379336823 125.17811584472656 21
1777379337847 120.2410659790039 22
1777379338321 114.49910736083984 23
1777379339506 108.4541015625 24
1777379340051 102.68280029296875 25
1777379340840 96.78529357910156 26
1777379341761 91.33829498291016 27
1777379342488 86.01090240478516 28
1777379343395 79.92571258544922 29
1777379343830 74.9179458618164 30
1777379344257 70.41380310058594 31
1777379344945 65.66636657714844 32
1777379345378 60.424095153808594 33
1777379346791 56.20135498046875 34
1777379347212 52.08531951904297 35
1777379348065 47.68782043457031 36
1777379348493 44.81206130981445 37
1777379348924 41.06846237182617 38
1777379349781 37.28312301635742 39
1777379350765 35.15663528442383 40
1777379351489 34.77653121948242 41
1777379351919 31.643373489379883 42
1777379352713 29.172821044921875 43
1777379353783 28.290016174316406 44
1777379354461 27.943099975585938 45
1777379355051 26.2504940032959 46
1777379355845 26.536813735961914 47
1777379357214 27.87980842590332 48
1777379357639 25.719942092895508 49
1777379358725 24.850982666015625 50
1777379359162 24.090585708618164 51
1777379360565 24.801347732543945 52
1777379361306 24.61811065673828 53
1777379361877 22.457284927368164 54
1777379362888 23.027711868286133 55
1777379363321 23.701908111572266 56
1777379364354 23.17108917236328 57
1777379365485 21.983945846557617 58
1777379365990 22.601978302001953 59
1777379367064 20.908849716186523 60
1777379368332 22.077688217163086 61
1777379369226 20.845409393310547 62
1777379370206 22.159893035888672 63
1777379370653 21.53179931640625 64
1777379372278 21.065261840820312 65
1777379373294 21.244365692138672 66
1777379375054 21.659765243530273 67
1777379375603 21.474977493286133 68
1777379376107 19.654823303222656 69
1777379377054 21.7194881439209 70
1777379377486 22.117137908935547 71
1777379378588 20.123437881469727 72
1777379379939 19.06244659423828 73
1777379380372 20.3487548828125 74
1777379381999 20.377979278564453 75
1777379382929 20.9715576171875 76
1777379383654 19.007919311523438 77
1777379384574 18.79302215576172 78
1777379385692 19.300973892211914 79
1777379387811 19.700727462768555 80
1777379389028 18.862321853637695 81
1777379390004 18.49069595336914 82
1777379390419 18.682825088500977 83
1777379391086 19.445960998535156 84
1777379391751 19.384305953979492 85
1777379392189 19.35968589782715 86
1777379392609 20.90953826904297 87
1777379393560 18.34884262084961 88
1777379394115 17.462522506713867 89
1777379395119 19.06825828552246 90
1777379395823 19.26779556274414 91
1777379396262 18.134782791137695 92
1777379397407 18.719749450683594 93
1777379397903 17.81890106201172 94
1777379398594 19.693376541137695 95
1777379399275 20.098081588745117 96
1777379399949 17.55742073059082 97
1777379400364 17.136245727539062 98
1777379401137 17.678709030151367 99
1777379401562 17.276866912841797 100
1777379401989 16.973899841308594 101
1777379402411 18.121416091918945 102
1777379402923 18.658058166503906 103
1777379403739 18.774686813354492 104
1777379404168 18.00062370300293 105
1777379404919 17.360977172851562 106
