1777298985308 220.17073009097933 1
1777298986016 217.3495887930466 2
1777298986728 214.52305818719128 3
1777298987415 210.7726253614903 4
1777298988097 205.78155132133568 5
1777298988788 199.50368543052886 6
1777298989490 192.83180820855594 7
1777298990193 185.39819921659642 8
1777298990877 177.22332698343507 9
1777298991568 168.35397655423748 10
1777298992254 158.52483907910843 11
1777298992939 148.07230730592428 12
1777298993635 137.04341299788126 13
1777298994346 124.62835665223747 14
1777298995038 110.61190612531415 15
1777298995727 95.45829704488409 16
1777298996417 81.99840166956011 17
1777298997110 67.81830452501995 18
1777298997815 56.182884737306196 19
1777298998512 46.98646866226571 20
1777298999202 41.10360065644763 21
1777298999899 36.351477847350694 22
1777299000584 34.630745041199646 23
1777299001263 32.23430782694274 24
1777299001966 28.546351029611998 25
1777299002664 29.50060673147305 26
1777299003347 27.463487366975436 27
1777299004029 29.274884843961537 28
1777299004691 26.10509912277719 29
1777299005368 26.37027082013534 30
1777299006032 25.01746862405401 31
1777299006723 24.28356891577109 32
1777299007379 25.07028472150742 33
1777299008032 23.491430108031786 34
1777299008702 23.33341619735907 35
1777299009413 24.190754727267667 36
1777299010114 21.73407648622015 37
1777299010819 25.067899318351703 38
1777299011535 22.431643794101632 39
1777299012244 22.907719522532574 40
1777299012944 23.45020364267156 41
1777299013644 22.033494557819203 42
1777299014335 21.79796338092359 43
1777299015042 20.539404105806554 44
1777299015855 20.251835654151023 45
1777299016561 22.238691870684555 46
1777299017258 21.143793953707263 47
1777299017955 20.071615814562193 48
1777299018668 19.49563678191578 49
1777299019362 18.590906650263143 50
1777299020063 18.858371499983136 51
1777299020764 20.94907564128215 52
1777299021457 17.96089372558025 53
1777299022138 18.237797098390363 54
1777299022849 19.669870878364407 55
1777299023536 19.747054784812253 56
1777299024281 19.817602869099712 57
1777299024983 16.64816444575151 58
1777299025677 16.30300187680713 59
1777299026373 17.287945093876772 60
1777299027082 17.822141619652704 61
1777299027743 17.637798493061602 62
1777299028415 15.931353119924166 63
1777299029103 17.44881675126127 64
1777299029768 16.36197323003538 65
1777299030425 17.03967270066515 66
1777299031084 16.523212412234948 67
1777299031739 16.70508593975925 68
1777299032417 15.990137518723312 69
1777299033113 15.753499587510923 70
1777299033799 15.00181787681132 71
1777299034497 18.510481726097 72
1777299035222 16.619973316354134 73
1777299035922 14.250606547209873 74
