1777433369386 158.4403330485026 1
1777433370322 151.39944966634116 2
1777433371225 142.91551717122397 3
1777433372148 131.68885803222656 4
1777433373085 117.47190602620442 5
1777433373984 101.51645914713542 6
1777433374919 84.33482869466145 7
1777433375822 67.49339040120442 8
1777433376741 50.22027587890625 9
1777433377625 36.76570510864258 10
1777433378536 29.10929997762044 11
1777433379435 25.056556701660156 12
1777433380349 22.330926259358723 13
1777433381261 21.097164789835613 14
1777433382177 20.06201171875 15
1777433383129 18.365027745564777 16
1777433384061 18.204381942749023 17
1777433384997 18.439847946166992 18
1777433386020 15.794933954874674 19
1777433386900 16.84989356994629 20
1777433387767 16.383175532023113 21
1777433388626 16.014070510864258 22
1777433389484 15.506890614827475 23
1777433390363 14.720930735270182 24
1777433391220 15.724862416585287 25
1777433392095 15.495128313700357 26
1777433392980 15.377633094787598 27
1777433393884 14.597685178120932 28
1777433394757 15.43674119313558 29
1777433395636 15.841740290323893 30
1777433396524 14.03193219502767 31
1777433397383 14.305959065755209 32
1777433398264 14.190289815266928 33
1777433399103 13.183758099873861 34
1777433399970 13.257953643798828 35
1777433400844 13.46777057647705 36
1777433401707 13.709113438924154 37
1777433402560 12.463561375935873 38
1777433403404 11.59125010172526 39
1777433404297 12.750494639078775 40
1777433405145 13.609209696451822 41
1777433405989 11.981472651163736 42
1777433406853 12.321416219075521 43
1777433407722 11.756439526875814 44
1777433408594 11.828042984008789 45
1777433409465 11.769574801127115 46
1777433410321 11.90291659037272 47
1777433411179 12.866701443990072 48
1777433412054 11.033771514892578 49
1777433412923 10.292302767435709 50
1777433413828 10.787074089050293 51
1777433414712 10.400922457377115 52
1777433415566 10.364789009094238 53
1777433416437 11.098783175150553 54
1777433417308 9.896106084187826 55
1777433418215 9.67537784576416 56
1777433419068 10.134139696756998 57
1777433419945 10.101868311564127 58
1777433420811 9.740328152974447 59
1777433421677 10.443614641825357 60
1777433422536 9.944387753804525 61
1777433423368 9.858373959859213 62
1777433424218 10.016607920328775 63
1777433425067 9.823492685953775 64
1777433425926 9.756859143575033 65
1777433426782 10.099711736043295 66
1777433427646 10.278879483540853 67
1777433428499 10.079859415690104 68
1777433429357 9.672488530476889 69
1777433430203 9.457074483235678 70
1777433431082 9.766972541809082 71
1777433431942 9.402233759562174 72
1777433432811 9.067823727925619 73
1777433433660 9.446627298990885 74
1777433434525 9.316010157267252 75
1777433435422 8.779213269551596 76
1777433436303 8.497251828511557 77
1777433437163 8.754008293151855 78
1777433438035 9.98961353302002 79
1777433438917 8.820247650146484 80
1777433440022 8.761658668518066 81
1777433440884 9.278359095255533 82
1777433441743 8.447295188903809 83
1777433442581 8.750301678975424 84
1777433443445 8.41828727722168 85
1777433444307 8.39565372467041 86
1777433445179 8.69442335764567 87
1777433446033 8.874048550923666 88
1777433446895 8.913771947224935 89
1777433447762 8.195693333943685 90
1777433448610 7.931801637013753 91
1777433449483 8.084881146748861 92
1777433450331 8.089687983194986 93
