1777414192013 194.23892211914062 1
1777414198131 192.29983520507812 2
1777414202750 190.30108642578125 3
1777414209987 188.55789184570312 4
1777414219178 186.72720336914062 5
1777414223724 184.81216430664062 6
1777414228643 182.71995544433594 7
1777414229069 180.4414520263672 8
1777414232916 177.9541778564453 9
1777414236395 175.23997497558594 10
1777414236753 172.24745178222656 11
1777414239989 169.01910400390625 12
1777414242901 165.5758819580078 13
1777414245995 161.94630432128906 14
1777414246314 158.12806701660156 15
1777414246649 154.0048370361328 16
1777414249833 149.5758819580078 17
1777414259395 144.94613647460938 18
1777414260359 140.35447692871094 19
1777414265111 135.75762939453125 20
1777414265989 130.83680725097656 21
1777414270082 126.11793518066406 22
1777414277280 121.02708435058594 23
1777414281095 116.01152038574219 24
1777414285757 110.83613586425781 25
1777414292048 105.71575927734375 26
1777414299224 99.66014862060547 27
1777414301583 93.61299896240234 28
1777414307458 87.88496398925781 29
1777414313262 82.17146301269531 30
1777414320299 76.19314575195312 31
1777414328096 70.50483703613281 32
1777414333268 65.23072052001953 33
1777414341374 60.41119384765625 34
1777414342344 54.985164642333984 35
1777414348982 50.772682189941406 36
1777414355995 47.02962875366211 37
1777414362901 42.164302825927734 38
1777414368192 39.08953094482422 39
1777414376210 35.708805084228516 40
1777414383278 33.701934814453125 41
1777414387222 30.05665397644043 42
1777414388340 29.64394187927246 43
1777414392529 28.171096801757812 44
1777414396768 26.770740509033203 45
1777414397743 26.425975799560547 46
1777414402345 24.5722713470459 47
1777414405688 24.275758743286133 48
1777414415174 24.68984603881836 49
1777414418635 24.72442054748535 50
1777414421815 23.75957679748535 51
1777414422311 23.426223754882812 52
1777414425725 21.92485237121582 53
1777414426176 20.897409439086914 54
1777414438548 21.723304748535156 55
1777414442667 21.381101608276367 56
1777414453993 20.551528930664062 57
1777414464373 19.516891479492188 58
1777414477412 20.60563087463379 59
1777414478461 20.56391716003418 60
1777414489176 20.38941764831543 61
1777414490196 22.224170684814453 62
1777414496744 19.827713012695312 63
1777414500150 20.209035873413086 64
1777414503405 20.014484405517578 65
1777414506824 20.941221237182617 66
1777414517141 19.13838768005371 67
1777414520575 20.815391540527344 68
1777414520913 18.1793212890625 69
1777414521386 17.70732307434082 70
1777414526219 17.94176483154297 71
1777414526890 18.648536682128906 72
1777414533987 17.43274688720703 73
1777414534426 18.12135887145996 74
1777414534787 15.966350555419922 75
1777414535200 18.207889556884766 76
1777414541964 18.68726348876953 77
1777414542424 18.486482620239258 78
1777414542803 16.933603286743164 79
1777414546241 17.886398315429688 80
1777414546578 17.936756134033203 81
1777414547028 16.257143020629883 82
1777414554817 16.267501831054688 83
1777414559693 17.243566513061523 84
1777414563307 17.988481521606445 85
1777414570276 16.904197692871094 86
1777414570595 16.382272720336914 87
