1777414192013 -2.8090480857276168 1
1777414198131 -2.752948303348394 2
1777414202750 -2.6963787930615974 3
1777414209987 -2.6461147591096785 4
1777414219178 -2.5947077089239907 5
1777414223724 -2.540180058299779 6
1777414228643 -2.478296332205007 7
1777414229069 -2.407179596950371 8
1777414232916 -2.328010333314446 9
1777414236395 -2.241740238718311 10
1777414236753 -2.1483042577704468 11
1777414239989 -2.0499412053155153 12
1777414242901 -1.9469504760585665 13
1777414245995 -1.839312483430112 14
1777414246314 -1.7294444199612324 15
1777414246649 -1.620162204776185 16
1777414249833 -1.5222410742953558 17
1777414259395 -1.4158690386002317 18
1777414260359 -1.2871349115911221 19
1777414265111 -1.1760892056316985 20
1777414265989 -1.0602105136507896 21
1777414270082 -0.9429486950797838 22
1777414277280 -0.8373853048964326 23
1777414281095 -0.7100411248007241 24
1777414285757 -0.5862256750546151 25
1777414292048 -0.4634268906810599 26
1777414299224 -0.30431128375273064 27
1777414301583 -0.20044230671028873 28
1777414307458 -0.06429378874905467 29
1777414313262 0.0535013266403227 30
1777414320299 0.16266497312792616 31
1777414328096 0.25856309078864625 32
1777414333268 0.36168098949259153 33
1777414341374 0.44550666607906964 34
1777414342344 0.5253606726867387 35
1777414348982 0.5911520470413438 36
1777414355995 0.6468677490344871 37
1777414362901 0.7127445960305019 38
1777414368192 0.7598699040817711 39
1777414376210 0.7988013587832823 40
1777414383278 0.8235093899238293 41
1777414387222 0.8563633572709193 42
1777414388340 0.8673363065570938 43
1777414392529 0.880698817320963 44
1777414396768 0.8941117591292651 45
1777414397743 0.9009537347740655 46
1777414402345 0.9137494045333115 47
1777414405688 0.9146160118631654 48
1777414415174 0.9154324723287242 49
1777414418635 0.9165136301975235 50
1777414421815 0.9270894432062935 51
1777414422311 0.9276050662061025 52
1777414425725 0.9343324626053915 53
1777414426176 0.9405750367597938 54
1777414438548 0.9377493243507926 55
1777414442667 0.9384320124815414 56
1777414453993 0.9451742736880321 57
1777414464373 0.9483817657169978 58
1777414477412 0.9437031277652913 59
1777414478461 0.9438212811225343 60
1777414489176 0.9451924120318198 61
1777414490196 0.934317810933293 62
1777414496744 0.9492570787960696 63
1777414500150 0.9472737255001745 64
1777414503405 0.9478622734953143 65
1777414506824 0.9436583147435803 66
1777414517141 0.9523196772098372 67
1777414520575 0.9440615390339344 68
1777414520913 0.9584187622547219 69
1777414521386 0.9589475777709224 70
1777414526219 0.9564828506468115 71
1777414526890 0.9549662538242999 72
1777414533987 0.9605557149150328 73
1777414534426 0.9572260062993555 74
1777414534787 0.9677414091688579 75
1777414535200 0.955359858182744 76
1777414541964 0.9553537045897628 77
1777414542424 0.9569108641891755 78
1777414542803 0.9627925514287353 79
1777414546241 0.9558310370485208 80
1777414546578 0.9586301649521423 81
1777414547028 0.9651267578946117 82
1777414554817 0.9667795277153456 83
1777414559693 0.962749550055402 84
1777414563307 0.957658588583933 85
1777414570276 0.9629566294291555 86
1777414570595 0.9648115228793867 87
