1777394497511 -2.8242881855911404 1
1777394500418 -2.7733847900494633 2
1777394542373 -2.7266026185844368 3
1777394576782 -2.685439694001823 4
1777394579641 -2.6425094312829693 5
1777394579965 -2.5967093863737634 6
1777394586131 -2.547020358140423 7
1777394586438 -2.491216472864557 8
1777394827173 -2.4284338229276186 9
1777394829850 -2.358077466281371 10
1777394830446 -2.2792383762454085 11
1777394831526 -2.1941515203025284 12
1777394832093 -2.107446324055595 13
1777394833027 -2.0161134510066447 14
1777394834210 -1.9207055222234115 15
1777394835854 -1.8237149286734087 16
1777394837067 -1.727998336540634 17
1777394837864 -1.63150947395371 18
1777394839292 -1.529322143805992 19
1777394840054 -1.4187321753473645 20
1777394840561 -1.310892371101136 21
1777394841721 -1.2015907442266838 22
1777394842374 -1.1014456637083954 23
1777394844196 -0.9911842949289673 24
1777394845866 -0.8794264772645397 25
1777394847783 -0.7638566235132569 26
1777394848551 -0.6467338346096081 27
1777394849670 -0.5323076966124329 28
1777394851064 -0.40512041937647014 29
1777394852061 -0.3066491681653889 30
1777394852737 -0.19451264767748744 31
1777394853744 -0.09257784437211414 32
1777394854358 0.02058303621206936 33
1777394855052 0.10617337191887521 34
1777394856447 0.20669811710110375 35
1777394857821 0.3109718540996439 36
1777394858412 0.39368917233453016 37
1777394859016 0.4682712439080523 38
1777394859685 0.5331959125627557 39
1777394861276 0.587893506422646 40
1777394863976 0.6497271914398297 41
1777394864763 0.6935510039515904 42
1777394865289 0.730544656154275 43
1777394866168 0.7829973799465706 44
1777394867394 0.8188398621315364 45
1777394869370 0.8459678948145257 46
1777394888962 0.8553167546138613 47
1777394890471 0.8756432745316537 48
1777394891994 0.885921753141371 49
1777394894543 0.8860415569294136 50
1777394897338 0.8982729323752703 51
1777394898199 0.9105151722463907 52
1777394899357 0.9132308140370647 53
1777394900212 0.9238295691269497 54
1777394900547 0.9233906529043036 55
1777394902179 0.9108968589613102 56
1777394902519 0.9227131346660595 57
1777394902850 0.9301907338388067 58
1777394905165 0.9400700869101557 59
1777394905500 0.9347053834560641 60
1777394906360 0.9421809059278053 61
1777394906695 0.9416355533135928 62
1777394907664 0.9437496076128099 63
1777394910009 0.9440845740200944 64
1777394910322 0.9552802549541779 65
1777394912303 0.9459870835318223 66
1777394912901 0.9437492195976219 67
1777394914015 0.946680319117681 68
1777394914773 0.9486219252583503 69
1777394915099 0.9438556723841962 70
1777394917534 0.9546374176227361 71
1777394919364 0.9465948355462659 72
1777394921568 0.9578972698420692 73
1777394922245 0.9480407987368061 74
1777394923817 0.9512288080313329 75
1777394925081 0.9567945662003314 76
1777394925849 0.9536284579039153 77
1777394927481 0.9498610053086598 78
1777394929314 0.9577136748456049 79
1777394930763 0.956332814464122 80
1777394932872 0.963709108882789 81
1777394934008 0.9668220235759339 82
1777394934831 0.9611407051934489 83
1777394935670 0.957847071060249 84
1777394936599 0.9612880689898436 85
1777394938587 0.9624250354656811 86
1777394941015 0.9603056110629851 87
1777394941986 0.9637600946249907 88
1777394942322 0.9665378215782437 89
1777394943597 0.9588047572546168 90
1777394944429 0.9561358803612113 91
1777394944771 0.9645744510645301 92
1777394945564 0.9641952864483324 93
