1777435795579 -1.7151513864938597 1
1777435796819 -1.514431472614588 2
1777435798008 -1.193181011918978 3
1777435799020 -0.725051098614115 4
1777435800067 -0.23799808596986266 5
1777435801091 0.21470342054434574 6
1777435802118 0.5751581605408131 7
1777435803151 0.7987383423802789 8
1777435804197 0.8859063617186019 9
1777435805230 0.923724871610115 10
1777435806254 0.936087618922293 11
1777435807297 0.9463488742947859 12
1777435808343 0.9497718120029666 13
1777435809376 0.9545376182748841 14
1777435810415 0.9596976418156005 15
1777435811461 0.9629771470384785 16
1777435812493 0.9627172487676503 17
1777435813533 0.9694937032089881 18
1777435814582 0.9647829393664957 19
1777435815942 0.966981340500791 20
1777435816972 0.9650728449764576 21
1777435817986 0.9657977583146768 22
1777435819018 0.9686191204324804 23
1777435820040 0.969841008710956 24
1777435821063 0.9703227390537588 25
1777435822090 0.9726399423769667 26
1777435823133 0.9654509727768381 27
1777435824156 0.9724505689708304 28
1777435825201 0.9704145571931051 29
1777435826241 0.9740578392403667 30
1777435827472 0.9718719137729862 31
1777435828492 0.9704534385036357 32
1777435829524 0.9758460301905143 33
1777435830558 0.9736662000638804 34
1777435831585 0.9767440110173548 35
1777435832607 0.9776928092389574 36
1777435833625 0.9789950835773259 37
1777435834645 0.9737496471723701 38
1777435835670 0.9780323519242207 39
1777435836699 0.9753538199258294 40
1777435837748 0.9823628398571301 41
1777435838801 0.9804290790892407 42
1777435839906 0.9811906164817039 43
1777435840961 0.9822773141022556 44
1777435841986 0.9823612498398735 45
1777435843021 0.9811126563020311 46
1777435844061 0.9833941636698473 47
1777435845078 0.9824637609138099 48
1777435846116 0.9807223911567859 49
1777435847137 0.9838685155314784 50
1777435848180 0.9827043099280114 51
1777435849229 0.9818913927095929 52
1777435850256 0.9838694053380009 53
1777435851274 0.9842405577015322 54
1777435852311 0.9830316715234838 55
1777435853570 0.9843689593996975 56
1777435854606 0.9861742769448686 57
1777435855626 0.9861798532982899 58
1777435856654 0.9870035249352429 59
1777435857694 0.9864279479678484 60
1777435858730 0.986299737196738 61
1777435859781 0.9855195065382916 62
1777435860808 0.9877894597063337 63
1777435861828 0.9844881541538409 64
1777435862838 0.9876219421240231 65
1777435863868 0.9885068961819362 66
1777435864900 0.9868572982664139 67
1777435865943 0.9872355170929917 68
1777435866973 0.9879577374678101 69
1777435868030 0.9880702070524852 70
1777435869231 0.9877353496451886 71
1777435870298 0.9889381082518335 72
1777435871318 0.9879228879511084 73
1777435872356 0.9885098405345957 74
1777435873392 0.9899016139976635 75
1777435874430 0.9871489861696796 76
1777435875471 0.9903646599890343 77
1777435876517 0.9894002993494333 78
1777435877545 0.9908128113929615 79
1777435878582 0.9903186314984915 80
1777435879602 0.9894018111192132 81
1777435880667 0.9895310200455816 82
1777435881719 0.9904042371942241 83
1777435882759 0.989951150106756 84
1777435883808 0.991330589199523 85
1777435884891 0.9904342067770379 86
1777435886251 0.9910323671885566 87
1777435887308 0.9907464778388224 88
1777435888368 0.9903164211230241 89
1777435889390 0.9913369794184086 90
1777435890427 0.9903256962302869 91
1777435891468 0.9913141750257504 92
1777435892493 0.991879552581231 93
1777435893525 0.990696144946664 94
1777435894553 0.9915914948433994 95
1777435895587 0.9914473226836041 96
1777435896709 0.9908768818673097 97
1777435898048 0.9918699912835238 98
1777435899085 0.9908094322530985 99
1777435900106 0.9918884883838526 100
1777435901136 0.99068144189277 101
1777435902195 0.9921103260908457 102
1777435903205 0.9920894674879794 103
1777435904225 0.9903182473510225 104
1777435905236 0.991529568463548 105
