1777435795579 39816.8486328125 1
1777435796819 36873.3515625 2
1777435798008 32162.3154296875 3
1777435799020 25297.33642578125 4
1777435800067 18154.85498046875 5
1777435801091 11516.129150390625 6
1777435802118 6230.173095703125 7
1777435803151 2951.439453125 8
1777435804197 1673.1476135253906 9
1777435805230 1118.5509948730469 10
1777435806254 937.2551422119141 11
1777435807297 786.7770080566406 12
1777435808343 736.5807037353516 13
1777435809376 666.691650390625 14
1777435810415 591.0215148925781 15
1777435811461 542.9285736083984 16
1777435812493 546.7399139404297 17
1777435813533 447.3653259277344 18
1777435814582 516.4471969604492 19
1777435815942 484.2083282470703 20
1777435816972 512.1958160400391 21
1777435817986 501.5652160644531 22
1777435819018 460.1908187866211 23
1777435820040 442.27220916748047 24
1777435821063 435.20777130126953 25
1777435822090 401.2267074584961 26
1777435823133 506.65069580078125 27
1777435824156 404.0038146972656 28
1777435825201 433.8612976074219 29
1777435826241 380.43370056152344 30
1777435827472 412.48961639404297 31
1777435828492 433.2911071777344 32
1777435829524 354.2104263305664 33
1777435830558 386.1769561767578 34
1777435831585 341.0418243408203 35
1777435832607 327.12799072265625 36
1777435833625 308.0305404663086 37
1777435834645 384.95323944091797 38
1777435835670 322.1487045288086 39
1777435836699 361.4285354614258 40
1777435837748 258.6434555053711 41
1777435838801 287.00145721435547 42
1777435839906 275.833740234375 43
1777435840961 259.89766693115234 44
1777435841986 258.66676330566406 45
1777435843021 276.9770050048828 46
1777435844061 243.51941299438477 47
1777435845078 257.1634826660156 48
1777435846116 282.7001266479492 49
1777435847137 236.5631866455078 50
1777435848180 253.63590621948242 51
1777435849229 265.5570755004883 52
1777435850256 236.55014038085938 53
1777435851274 231.1072998046875 54
1777435852311 248.83524322509766 55
1777435853570 229.22433471679688 56
1777435854606 202.74991989135742 57
1777435855626 202.66814422607422 58
1777435856654 190.58925247192383 59
1777435857694 199.02990341186523 60
1777435858730 200.91007232666016 61
1777435859781 212.3519172668457 62
1777435860808 179.06376266479492 63
1777435861828 227.47637939453125 64
1777435862838 181.52035903930664 65
1777435863868 168.54278182983398 66
1777435864900 192.73362350463867 67
1777435865943 187.18716049194336 68
1777435866973 176.59602737426758 69
1777435868030 174.94668579101562 70
1777435869231 179.8572654724121 71
1777435870298 162.21918106079102 72
1777435871318 177.10707473754883 73
1777435872356 168.49960327148438 74
1777435873392 148.08967971801758 75
1777435874430 188.45610427856445 76
1777435875471 141.29925346374512 77
1777435876517 155.4413070678711 78
1777435877545 134.7272548675537 79
1777435878582 141.97424697875977 80
1777435879602 155.41913223266602 81
1777435880667 153.5243263244629 82
1777435881719 140.71886444091797 83
1777435882759 147.3632469177246 84
1777435883808 127.13420677185059 85
1777435884891 140.2793731689453 86
1777435886251 131.50753593444824 87
1777435887308 135.70001411437988 88
1777435888368 142.00666427612305 89
1777435889390 127.04049491882324 90
1777435890427 141.8706455230713 91
1777435891468 127.37491035461426 92
1777435892493 119.08382797241211 93
1777435893525 136.43813133239746 94
1777435894553 123.30810737609863 95
1777435895587 125.4223403930664 96
1777435896709 133.78768157958984 97
1777435898048 119.22404098510742 98
1777435899085 134.77680206298828 99
1777435900106 118.95278549194336 100
1777435901136 136.65374946594238 101
1777435902195 115.69960403442383 102
1777435903205 116.0054874420166 103
1777435904225 141.9798812866211 104
1777435905236 124.21623420715332 105
