1777204733234 50482.2890625 1
1777204733896 48673.78515625 2
1777204734593 46712.93359375 3
1777204735329 44092.119140625 4
1777204735940 41106.31640625 5
1777204736553 37959.515625 6
1777204737169 34639.42578125 7
1777204737790 31162.3349609375 8
1777204738401 27705.111328125 9
1777204739012 24209.4091796875 10
1777204739752 20497.984375 11
1777204740985 16555.7451171875 12
1777204741624 12823.3623046875 13
1777204742254 9173.38671875 14
1777204742920 6414.934326171875 15
1777204743561 4370.939453125 16
1777204744599 2854.810791015625 17
1777204745238 2129.0625 18
1777204745884 1531.9126586914062 19
1777204746528 1287.861328125 20
1777204747171 979.4353332519531 21
1777204747870 900.8446960449219 22
1777204748550 1024.07373046875 23
1777204749196 751.3677978515625 24
1777204749800 769.4814453125 25
1777204750395 612.1902770996094 26
1777204750991 807.2054138183594 27
1777204751587 632.7644653320312 28
1777204752181 603.413330078125 29
1777204752784 571.3018798828125 30
1777204753580 560.4385681152344 31
1777204754212 599.2549133300781 32
1777204754837 551.8898315429688 33
1777204755467 584.0322570800781 34
1777204756155 544.3740844726562 35
1777204756798 429.05201721191406 36
1777204757438 539.6532287597656 37
1777204758071 501.1109619140625 38
1777204758702 429.9128723144531 39
1777204759343 443.90362548828125 40
1777204761069 473.6851501464844 41
1777204761704 465.51715087890625 42
1777204762329 469.67347717285156 43
1777204762958 442.1094970703125 44
1777204763836 495.6498718261719 45
1777204764439 433.3863830566406 46
1777204765042 451.1603088378906 47
1777204765641 422.6463928222656 48
1777204766243 469.8073272705078 49
1777204766842 372.46742248535156 50
1777204767438 419.96311950683594 51
1777204768037 373.6081237792969 52
1777204768636 475.08428955078125 53
1777204769234 422.4450225830078 54
1777204769832 349.2423400878906 55
1777204770428 342.29795837402344 56
1777204771023 354.03765869140625 57
1777204771620 408.15782165527344 58
1777204772219 340.05677795410156 59
1777204773344 390.3439636230469 60
1777204773939 370.8687438964844 61
1777204774534 342.8791198730469 62
1777204775130 375.92323303222656 63
1777204775737 353.61521911621094 64
