1777372898735 50025.57734375 1
1777372900274 46454.49765625 2
1777372901453 41489.17734375 3
1777372902890 34959.6421875 4
1777372904092 27052.578125 5
1777372905298 18497.65234375 6
1777372906506 10709.86171875 7
1777372907691 5261.22431640625 8
1777372908831 2298.1287109375 9
1777372909968 1362.1516357421874 10
1777372911104 899.4509155273438 11
1777372912243 773.6398559570313 12
1777372913384 644.5560913085938 13
1777372914513 638.5649047851563 14
1777372915676 548.8018798828125 15
1777372916869 540.3991333007813 16
1777372918096 503.9711547851563 17
1777372919526 490.16982421875 18
1777372920670 467.1726928710938 19
1777372921811 458.14307861328126 20
1777372922947 453.1355712890625 21
1777372924073 384.0254760742188 22
1777372925446 426.05974731445315 23
1777372926604 426.3223449707031 24
1777372927745 371.3913146972656 25
1777372928895 419.01708984375 26
1777372930033 349.10801391601564 27
1777372931187 368.43780517578125 28
1777372932317 520.257568359375 29
1777372933457 379.4419189453125 30
1777372934616 397.4428955078125 31
1777372935860 334.3510009765625 32
1777372937018 324.84364624023436 33
1777372938140 307.8088623046875 34
1777372939370 290.9007507324219 35
1777372940507 320.4646484375 36
1777372941695 324.9557739257813 37
1777372942850 319.86427612304686 38
1777372943994 286.397509765625 39
1777372945422 261.09881896972655 40
1777372946561 290.896484375 41
1777372947695 250.39080810546875 42
1777372948844 279.74453125 43
1777372949983 253.20030212402344 44
1777372951131 258.2020202636719 45
1777372952286 260.3862670898437 46
1777372953416 217.7396270751953 47
1777372954565 228.34989013671876 48
