1777382724195 41091.0078125 1
1777382727239 40504.71484375 2
1777382728650 39906.8671875 3
1777382731378 39403.8046875 4
1777382835680 38887.31640625 5
1777382836353 38307.171875 6
1777382836694 37663.0546875 7
1777382837043 36898.80859375 8
1777382837387 36059.72265625 9
1777382837737 35124.59375 10
1777382838080 33972.01953125 11
1777382838454 32779.39453125 12
1777382838803 31627.74609375 13
1777382839154 30357.2421875 14
1777382839505 29232.4765625 15
1777382840144 27906.87109375 16
1777382840489 26716.1875 17
1777382840835 25424.109375 18
1777382841180 24189.953125 19
1777382841632 22908.04296875 20
1777382842130 21637.50390625 21
1777382842868 20300.0625 22
1777382843470 18864.572265625 23
1777382843858 17484.65625 24
1777382844553 16093.044921875 25
1777382845214 14485.0263671875 26
1777382845570 13132.4462890625 27
1777382845921 11663.703125 28
1777383048869 10440.662109375 29
1777383049578 9337.1455078125 30
1777383050254 8144.533203125 31
1777383050718 7100.2978515625 32
1777383051438 6123.81787109375 33
1777383052434 5316.54541015625 34
1777383053502 4631.10546875 35
1777383057483 3720.3681640625 36
1777383064912 3230.846435546875 37
1777383067231 2530.40234375 38
1777383068764 2151.906005859375 39
1777383070346 1858.7994384765625 40
1777383071863 1704.707275390625 41
1777383083541 1465.4288330078125 42
1777383084726 1234.681640625 43
1777383086624 1200.6256103515625 44
1777383087624 1019.0964965820312 45
1777383089656 921.6668090820312 46
1777383090293 857.8399047851562 47
1777383092325 958.554931640625 48
1777383112775 785.8734130859375 49
1777383113989 1088.38134765625 50
1777383114640 858.6439208984375 51
1777383115085 798.8884887695312 52
1777383116742 648.1740112304688 53
1777383117966 778.1781005859375 54
1777383119230 591.3786010742188 55
1777383123478 826.25341796875 56
1777383124855 660.9712524414062 57
1777383205196 841.5601806640625 58
1777383205766 700.4148559570312 59
1777383207304 624.4407958984375 60
1777383209669 535.1350708007812 61
1777383211299 629.9462280273438 62
1777383211872 589.3637084960938 63
1777383212809 687.7742309570312 64
1777383214462 547.5059814453125 65
1777383215334 721.7483520507812 66
1777383216934 782.8341064453125 67
1777383219058 564.0783081054688 68
1777383220153 631.2162475585938 69
1777383222055 626.1773071289062 70
1777383223684 418.8296203613281 71
1777383225597 552.4091186523438 72
1777383226503 445.9514465332031 73
1777383227867 667.2028198242188 74
1777383230118 667.126708984375 75
1777383232269 553.8741455078125 76
1777383233228 462.9159851074219 77
1777383233902 619.1854858398438 78
1777383235464 540.778076171875 79
1777383236582 478.4146728515625 80
1777383237448 527.0597534179688 81
1777383238837 557.8499755859375 82
1777383240030 505.04327392578125 83
1777383241700 592.4865112304688 84
1777383242562 512.27099609375 85
1777383243443 529.0687255859375 86
1777383243990 423.1900329589844 87
1777383246137 481.6211242675781 88
1777383246590 460.9415588378906 89
1777383248723 439.4102783203125 90
1777383249828 453.2413024902344 91
1777383254303 457.0127258300781 92
1777383255725 477.6405029296875 93
1777383256252 299.3056640625 94
1777383257732 345.8835144042969 95
1777383258717 496.18267822265625 96
1777383261908 528.4231567382812 97
1777383371768 354.72723388671875 98
1777383375105 383.6159362792969 99
1777383376732 539.9008178710938 100
1777383377206 394.6242980957031 101
1777383379161 469.74224853515625 102
1777383380836 638.326171875 103
1777383381775 361.8160400390625 104
1777383382138 364.4105529785156 105
1777383383761 387.6441345214844 106
1777383385409 410.9441223144531 107
1777383386315 497.2463684082031 108
1777383386717 582.71728515625 109
1777383387751 429.3472595214844 110
1777383388147 425.2900695800781 111
1777383388549 339.1012878417969 112
1777383390645 432.4679260253906 113
1777383391255 364.3534851074219 114
1777383392454 376.1995544433594 115
1777383393123 496.5495300292969 116
1777383393612 386.95306396484375 117
1777383394651 335.2761535644531 118
1777383395270 465.48748779296875 119
1777383396662 439.1044006347656 120
1777383397410 360.92205810546875 121
1777383397935 281.16864013671875 122
1777383399523 335.6810607910156 123
1777383402244 323.1756591796875 124
1777383403402 347.59307861328125 125
1777383404317 382.27410888671875 126
1777383406668 384.8599853515625 127
1777383407494 395.91571044921875 128
1777383409102 302.5351257324219 129
1777383410628 338.93426513671875 130
1777383412034 344.4646911621094 131
1777383413202 363.2760314941406 132
1777383414632 375.4488830566406 133
1777383415670 307.6620788574219 134
1777383416417 344.6098937988281 135
1777383417649 310.0426940917969 136
1777383418924 326.1856384277344 137
1777383419800 368.7189636230469 138
1777383420726 365.6429443359375 139
1777383421659 311.52374267578125 140
1777383422075 413.9396667480469 141
1777383422581 362.62530517578125 142
1777383423901 305.1463317871094 143
1777383424888 469.99951171875 144
1777383426141 284.0836181640625 145
1777383427098 311.6778259277344 146
1777383428394 262.1712341308594 147
1777383429093 397.4349060058594 148
1777383429465 331.1031188964844 149
1777383430156 308.7905578613281 150
1777383431725 300.8852233886719 151
1777383432657 266.8797607421875 152
1777383433021 307.9118347167969 153
1777383434105 316.9561767578125 154
1777383434949 402.70458984375 155
1777383436441 313.634521484375 156
1777383437259 383.57269287109375 157
1777383438469 330.99530029296875 158
1777383439175 257.7855224609375 159
1777383440975 302.3362731933594 160
1777383441866 329.3370666503906 161
1777383442255 360.28533935546875 162
1777383442674 427.284423828125 163
1777383443076 310.90399169921875 164
1777383443849 278.3855895996094 165
1777383444731 208.7473602294922 166
1777383445493 265.5499572753906 167
1777383447613 258.0811462402344 168
1777383448426 254.65631103515625 169
1777383448973 277.8337097167969 170
1777383451410 244.32704162597656 171
1777383452828 289.9317321777344 172
1777383453198 217.35964965820312 173
1777383453724 249.4287567138672 174
