1777382724195 202.7091705189975 1
1777382727239 201.25783175754924 2
1777382728650 199.7670322838581 3
1777382731378 198.5039160507923 4
1777382835680 197.19867242517125 5
1777382836353 195.72218033477964 6
1777382836694 194.06971604941353 7
1777382837043 192.09062599135336 8
1777382837387 189.89397740910584 9
1777382837737 187.41556432164325 10
1777382838080 184.3150008307788 11
1777382838454 181.05080649157574 12
1777382838803 177.84191320875402 13
1777382839154 174.23329815939317 14
1777382839505 170.97507585171587 15
1777382840144 167.05349769983866 16
1777382840489 163.45087182392146 17
1777382840835 159.449394401484 18
1777382841180 155.53119662948652 19
1777382841632 151.3540318879877 20
1777382842130 147.09692011136738 21
1777382842868 142.47828781958324 22
1777382843470 137.34836098630737 23
1777382843858 132.22955891176525 24
1777382844553 126.85836559673548 25
1777382845214 120.35375510214669 26
1777382845570 114.59688603562708 27
1777382845921 107.99862556995807 28
1777383048869 102.1795581776267 29
1777383049578 96.62890617104439 30
1777383050254 90.24706755969969 31
1777383050718 84.2632651370839 32
1777383051438 78.25482650350553 33
1777383052434 72.91464468922722 34
1777383053502 68.05222603816866 35
1777383057483 60.99482079703571 36
1777383064912 56.84053514479675 37
1777383067231 50.303104712830596 38
1777383068764 46.38864091412223 39
1777383070346 43.11379638209285 40
1777383071863 41.28810089348534 41
1777383083541 38.280919960311984 42
1777383084726 35.13803694893897 43
1777383086624 34.65004488238886 44
1777383087624 31.92329081692599 45
1777383089656 30.358965876360664 46
1777383090293 29.288904124004986 47
1777383092325 30.960538297010036 48
1777383112775 28.03343384400023 49
1777383113989 32.99062514800606 50
1777383114640 29.302626518768545 51
1777383115085 28.264615489504386 52
1777383116742 25.459261796652093 53
1777383117966 27.89584378695037 54
1777383119230 24.318277099215287 55
1777383123478 28.744624157722953 56
1777383124855 25.709361183067273 57
1777383205196 29.009656679527637 58
1777383205766 26.46535199004599 59
1777383207304 24.988813415175148 60
1777383209669 23.132986638149024 61
1777383211299 25.098729609829732 62
1777383211872 24.276814216368955 63
1777383212809 26.225450062049102 64
1777383214462 23.39884572890963 65
1777383215334 26.86537459353175 66
1777383216934 27.979172726249654 67
1777383219058 23.750332799888696 68
1777383220153 25.124017345133993 69
1777383222055 25.023535064592817 70
1777383223684 20.46532727227513 71
1777383225597 23.503385259411967 72
1777383226503 21.11756251401196 73
1777383227867 25.830269449315058 74
1777383230118 25.82879611953246 75
1777383232269 23.53453091752229 76
1777383233228 21.515482451189 77
1777383233902 24.883437982719425 78
1777383235464 23.254635584585603 79
1777383236582 21.8726924006068 80
1777383237448 22.957781979493767 81
1777383238837 23.61884788862356 82
1777383240030 22.47316786583016 83
1777383241700 24.341045812176368 84
1777383242562 22.633404430039906 85
1777383243443 23.001493985955292 86
1777383243990 20.57158314177556 87
1777383246137 21.945868045433475 88
1777383246590 21.469549572310328 89
1777383248723 20.962115311206368 90
1777383249828 21.289464589092756 91
1777383254303 21.377855968971215 92
1777383255725 21.854988056040835 93
1777383256252 17.300452712645992 94
1777383257732 18.59794382194701 95
1777383258717 22.275158320933574 96
1777383261908 22.98745650867623 97
1777383371768 18.834203829382297 98
1777383375105 19.58611590589867 99
1777383376732 23.235765919613964 100
1777383377206 19.865152858604013 101
1777383379161 21.673537979184577 102
1777383380836 25.265117689712035 103
1777383381775 19.02146261566293 104
1777383382138 19.08954040773417 105
1777383383761 19.688680365161204 106
1777383385409 20.27175676438658 107
1777383386315 22.29902169172906 108
1777383386717 24.139537799142925 109
1777383387751 20.720696405321043 110
1777383388147 20.622562148774776 111
1777383388549 18.414703034309213 112
1777383390645 20.79586319500565 113
1777383391255 19.08804560732769 114
1777383392454 19.39586436442984 115
1777383393123 22.283391349372675 116
1777383393612 19.671122590356752 117
1777383394651 18.31054760416665 118
1777383395270 21.57515904444203 119
1777383396662 20.954818076871142 120
1777383397410 18.997948786789294 121
1777383397935 16.768083973332157 122
1777383399523 18.321600934171 123
1777383402244 17.977087060469156 124
1777383403402 18.6438482780053 125
1777383404317 19.55183134355242 126
1777383406668 19.617848642283956 127
1777383407494 19.89763077477363 128
1777383409102 17.393536895422447 129
1777383410628 18.410167439127726 130
1777383412034 18.55975999742748 131
1777383413202 19.05980145474083 132
1777383414632 19.37650337539363 133
1777383415670 17.540298710609857 134
1777383416417 18.563671344829075 135
1777383417649 17.608029250651445 136
1777383418924 18.06061013442609 137
1777383419800 19.20205623424343 138
1777383420726 19.12179239339078 139
1777383421659 17.650035203244816 140
1777383422075 20.345507286574275 141
1777383422581 19.042723155467584 142
1777383423901 17.468438161069507 143
1777383424888 21.67947212730859 144
1777383426141 16.854780276350755 145
1777383427098 17.654399619577394 146
1777383428394 16.191702632239124 147
1777383429093 19.93576951125437 148
1777383429465 18.196239141550222 149
1777383430156 17.572437447927594 150
1777383431725 17.346043450558742 151
1777383432657 16.33645496251214 152
1777383433021 17.54741675337988 153
1777383434105 17.80326309297856 154
1777383434949 20.067500837018795 155
1777383436441 17.709729571181345 156
1777383437259 19.58501194462474 157
1777383438469 18.193276238571457 158
1777383439175 16.055700621926704 159
1777383440975 17.38781967911329 160
1777383441866 18.147646311585163 161
1777383442255 18.981183823868015 162
1777383442674 20.67085929099526 163
1777383443076 17.632469812797602 164
1777383443849 16.68489105746901 165
1777383444731 14.448091923485682 166
1777383445493 16.295703644684714 167
1777383447613 16.064904177748286 168
1777383448426 15.95795447528148 169
1777383448973 16.668344540379433 170
1777383451410 15.630964193739826 171
1777383452828 17.027381835670873 172
1777383453198 14.743122113657037 173
1777383453724 15.793313671103578 174
