1777421111521 -1.7175521302295835 1
1777421115141 -1.5794775499829783 2
1777421122816 -1.3966695758552237 3
1777421135981 -1.107084295421862 4
1777421154526 -0.7293487981092183 5
1777421159314 -0.3539194111073805 6
1777421174563 0.007318524106111224 7
1777421178024 0.3520288543605492 8
1777421189108 0.6271822939591156 9
1777421201316 0.7867216271310176 10
1777421208530 0.882220634920421 11
1777421218630 0.9119187021484402 12
1777421227537 0.9251686015062006 13
1777421238717 0.9438518212873755 14
1777421260189 0.9415723547834008 15
1777421267622 0.9464693642453439 16
1777421280838 0.9468130940510255 17
1777421285050 0.9525121125849548 18
1777421297986 0.9512895307197751 19
1777421308715 0.9546222693435641 20
1777421315186 0.9615558132250739 21
1777421321459 0.9617879495326549 22
1777421328548 0.9598267972378111 23
1777421331706 0.9629866253989391 24
1777421338409 0.9656123628634925 25
1777421346156 0.9628128982851379 26
1777421360702 0.9601050145755003 27
1777421375122 0.9684787073186454 28
1777421387835 0.9707017391532039 29
1777421404739 0.9653198672279055 30
1777421418720 0.9650624583050248 31
1777421435591 0.9610468759620209 32
1777421442020 0.9677838662581439 33
1777421447718 0.9682419158154258 34
1777421460039 0.9695254587049453 35
1777421470975 0.9698151334336993 36
1777421484697 0.9634713042308932 37
1777421499036 0.9657810227719733 38
1777421509673 0.9719811030944158 39
1777421516268 0.9700922348952834 40
1777421525520 0.9725072970363005 41
1777421529569 0.96733948250122 42
1777421539197 0.9696543125582315 43
1777421551415 0.9705219539089214 44
1777421554259 0.9738951257597673 45
1777421573578 0.9729230403651747 46
1777421577282 0.973757121427324 47
1777421583263 0.9744732949177717 48
1777421593111 0.972614988435585 49
1777421599550 0.9726272546464955 50
1777421613927 0.9760867725598303 51
1777421623447 0.9786146043274584 52
1777421630028 0.9737903274504696 53
1777421639347 0.9752400259239514 54
1777421654315 0.9752166478626851 55
1777421670992 0.9770707867902416 56
1777421680091 0.9787550091835955 57
1777421692002 0.9770879468030063 58
1777421701966 0.9786994680841972 59
1777421713527 0.9796030127333786 60
1777421723917 0.9785874126581972 61
1777421727314 0.9747680950483819 62
1777421736926 0.9791855012182352 63
1777421740476 0.9802182616139679 64
1777421747354 0.9803399898590066 65
1777421753913 0.9809005132032229 66
1777421760822 0.9826814599196879 67
1777421767971 0.9813013078153748 68
1777421777822 0.9816362396142059 69
1777421790514 0.9811374883495534 70
1777421797412 0.983477095654826 71
1777421804623 0.9830905934664076 72
1777421815125 0.9827003431228544 73
1777421821934 0.9810026394168477 74
1777421832614 0.9814272341592394 75
1777421845067 0.9838038693122025 76
1777421852245 0.9831652468587952 77
1777421864551 0.9825101945969992 78
1777421888852 0.982836645793734 79
1777421899669 0.9831137019698446 80
1777421920247 0.9845721025578493 81
1777421940160 0.9836121598298383 82
1777421943436 0.9853039997014224 83
1777421947271 0.9826901221897028 84
1777421954629 0.9855964317129904 85
1777421958865 0.9863461430746951 86
1777421965449 0.9854458603644138 87
1777421971961 0.9832888767059912 88
1777421979287 0.9840095780076681 89
1777421985866 0.9839746651675718 90
1777421993270 0.9854508123324391 91
1777422001179 0.9860292369779549 92
1777422005927 0.9866030183894237 93
1777422014024 0.9851501486745902 94
1777422022853 0.9863667325972127 95
1777422027757 0.9856754513027688 96
1777422035369 0.9860576120338951 97
