1777373408039 158.8887176513672 1
1777373409530 149.67449951171875 2
1777373410731 136.3551788330078 3
1777373411910 117.65013122558594 4
1777373413107 96.5988540649414 5
1777373414337 75.01329040527344 6
1777373415524 53.55289840698242 7
1777373416716 37.15388107299805 8
1777373417954 26.63480567932129 9
1777373419232 21.620983123779297 10
1777373421113 19.638813018798828 11
1777373422300 18.5235595703125 12
1777373423478 17.566875457763672 13
1777373424649 16.976926803588867 14
1777373425814 16.299602508544922 15
1777373427024 16.971187591552734 16
1777373428314 16.183565139770508 17
1777373429620 15.77796459197998 18
1777373431001 14.849310874938965 19
1777373435081 15.180914878845215 20
1777373436298 14.156232833862305 21
1777373437493 15.088579177856445 22
1777373438685 14.569421768188477 23
1777373439876 13.892868041992188 24
1777373441073 14.250882148742676 25
1777373442348 13.591898918151855 26
1777373443959 13.6146821975708 27
1777373451089 14.345892906188965 28
1777373452312 13.737987518310547 29
1777373453524 13.700346946716309 30
1777373454729 13.499015808105469 31
1777373456021 12.575057983398438 32
1777373457209 13.440488815307617 33
1777373458402 12.832178115844727 34
1777373459572 12.788780212402344 35
1777373460761 12.993069648742676 36
1777373461953 12.846269607543945 37
1777373463179 12.539485931396484 38
1777373464705 12.3442964553833 39
1777373465882 12.462953567504883 40
1777373467041 12.16027545928955 41
1777373468299 11.563450813293457 42
1777373469514 12.030651092529297 43
1777373470656 12.015767097473145 44
1777373471841 11.383996963500977 45
1777373473034 11.494791984558105 46
1777373474219 11.505908012390137 47
1777373475443 11.382425308227539 48
1777373476621 11.662177085876465 49
1777373477816 11.369013786315918 50
1777373479038 11.12691593170166 51
1777373480236 10.412109375 52
1777373481439 11.063105583190918 53
1777373482648 10.572001457214355 54
1777373483909 10.477802276611328 55
1777373485195 10.310038566589355 56
1777373486438 10.194914817810059 57
1777373487680 9.73637580871582 58
1777373488950 9.838726043701172 59
1777373490197 10.022163391113281 60
1777373491413 9.738386154174805 61
1777373492648 9.510497093200684 62
1777373494170 9.52413272857666 63
1777373495394 9.896039962768555 64
1777373496637 9.59034252166748 65
1777373497901 9.593820571899414 66
1777373499178 9.147176742553711 67
1777373500389 9.363201141357422 68
1777373501597 9.401358604431152 69
1777373502785 9.058965682983398 70
1777373504277 8.699277877807617 71
1777373505503 8.817886352539062 72
1777373506673 9.120553970336914 73
1777373507888 9.170554161071777 74
1777373509129 8.753962516784668 75
1777373510904 8.877405166625977 76
1777373512079 8.677628517150879 77
1777373513252 9.1805419921875 78
1777373514429 8.52157211303711 79
1777373515615 8.548352241516113 80
1777373516778 8.254530906677246 81
1777373517971 8.198843955993652 82
1777373519146 8.71601390838623 83
1777373520593 8.222630500793457 84
1777373521804 8.38925552368164 85
1777373523002 8.190539360046387 86
1777373524229 8.119048118591309 87
1777373525441 7.8747406005859375 88
1777373526715 8.018141746520996 89
1777373527927 8.325714111328125 90
1777373529052 8.202263832092285 91
1777373530214 8.32219123840332 92
1777373531469 8.240008354187012 93
1777373532733 8.252601623535156 94
1777373534163 8.020505905151367 95
1777373535321 8.11340618133545 96
1777373536478 7.7225847244262695 97
1777373537651 7.851913928985596 98
1777373538804 8.04877758026123 99
1777373539935 7.8243536949157715 100
1777373541067 8.12138557434082 101
1777373542219 7.729341506958008 102
1777373543551 7.452456474304199 103
1777373544717 8.205585479736328 104
1777373545859 7.820311546325684 105
1777373546985 7.714456558227539 106
1777373548111 7.463741779327393 107
1777373549245 7.500068664550781 108
1777373550364 7.515671253204346 109
1777373551494 7.672379970550537 110
1777373552635 7.4787092208862305 111
1777373553801 7.252354145050049 112
1777373554945 7.890617370605469 113
1777373556098 7.489634990692139 114
1777373557231 7.363712787628174 115
1777373558357 7.62758207321167 116
1777373559728 7.488631248474121 117
1777373560894 7.410022258758545 118
1777373562043 7.53135347366333 119
1777373563198 7.4602203369140625 120
1777373564326 7.713848114013672 121
1777373565462 7.156823635101318 122
1777373566587 7.170827865600586 123
1777373567732 7.35060453414917 124
1777373568874 7.535431385040283 125
1777373570078 7.155506134033203 126
1777373571259 7.469514846801758 127
1777373572397 7.429166793823242 128
1777373573526 7.1100754737854 129
1777373574673 7.2751030921936035 130
1777373575818 7.071905612945557 131
1777373576961 7.125851631164551 132
1777373578114 7.0966715812683105 133
1777373579237 6.8511810302734375 134
1777373580385 6.957547664642334 135
1777373581539 7.041597366333008 136
1777373582689 7.030559062957764 137
1777373583844 7.019122123718262 138
1777373585007 6.987500190734863 139
1777373586173 7.255603790283203 140
1777373587318 6.95916223526001 141
1777373588476 6.75913667678833 142
1777373589668 7.1661376953125 143
1777373591241 7.059841156005859 144
1777373592410 6.905323028564453 145
1777373593605 6.835353374481201 146
1777373594791 7.1312456130981445 147
1777373595965 6.880126476287842 148
1777373597159 7.278552055358887 149
1777373598388 6.870772361755371 150
