1777387964367 162.77716064453125 1
1777387967112 160.95033264160156 2
1777387967451 159.10606384277344 3
1777387969883 157.50914001464844 4
1777387970224 155.854248046875 5
1777387970566 154.08888244628906 6
1777387972027 152.18911743164062 7
1777387972345 150.141845703125 8
1777387977085 147.9444580078125 9
1777387980797 145.5951690673828 10
1777387982134 143.09075927734375 11
1777387983502 140.27230834960938 12
1777387984912 137.23574829101562 13
1777387986214 134.00344848632812 14
1777387986562 130.44012451171875 15
1777387986914 126.61307525634766 16
1777387988067 122.62208557128906 17
1777387989538 118.20071411132812 18
1777387992934 113.78794860839844 19
1777387997846 109.4772720336914 20
1777388003425 105.13348388671875 21
1777388004807 100.52819061279297 22
1777388008353 95.80963897705078 23
1777388009754 91.05732727050781 24
1777388011086 86.25904846191406 25
1777388011430 81.85330963134766 26
1777388011763 77.21692657470703 27
1777388013992 72.57215118408203 28
1777388112839 67.76387786865234 29
1777388116754 63.22225570678711 30
1777388118196 58.52178955078125 31
1777388123397 55.46748352050781 32
1777388124674 49.705467224121094 33
1777388137960 46.54113006591797 34
1777388143004 43.975948333740234 35
1777388143325 40.07356643676758 36
1777388149283 36.529666900634766 37
1777388153191 33.260860443115234 38
1777388154551 30.76068687438965 39
1777388156048 28.964996337890625 40
1777388159131 26.784997940063477 41
1777388159458 26.611806869506836 42
1777388162562 23.719633102416992 43
1777388164357 23.493885040283203 44
1777388164742 23.147050857543945 45
1777388165104 21.20846176147461 46
1777388168558 21.299314498901367 47
1777388168945 19.91815185546875 48
1777388172220 21.252431869506836 49
1777388172551 21.357309341430664 50
1777388172874 19.73349380493164 51
1777388174685 21.57532501220703 52
1777388183266 18.65658950805664 53
1777388184900 20.33852767944336 54
1777388187872 18.52689552307129 55
1777388190929 19.68999481201172 56
1777388194055 17.80483627319336 57
1777388197704 18.837303161621094 58
1777388207255 19.89319610595703 59
1777388209186 17.38439178466797 60
1777388211967 19.25897216796875 61
1777388219147 18.64727210998535 62
1777388222498 16.97018051147461 63
1777388233715 17.311491012573242 64
1777388245493 16.903295516967773 65
1777388247697 16.211885452270508 66
1777388254150 16.717525482177734 67
1777388258486 16.828981399536133 68
1777388260147 17.016592025756836 69
1777388261810 17.57293128967285 70
1777388263270 19.180238723754883 71
1777388272869 15.123032569885254 72
1777388273225 17.02579116821289 73
1777388273549 16.643686294555664 74
1777388273905 16.501773834228516 75
1777388277671 17.795581817626953 76
1777388279452 16.447046279907227 77
1777388279778 13.889092445373535 78
1777388281919 19.08570671081543 79
1777388284053 15.852164268493652 80
1777388284391 20.203859329223633 81
1777388284721 15.934667587280273 82
1777388292921 17.047189712524414 83
1777388298577 15.600234985351562 84
1777388298934 17.31233787536621 85
1777388299266 16.677932739257812 86
1777388301342 16.471141815185547 87
1777388301664 15.457276344299316 88
1777388305743 18.48359489440918 89
1777388306085 15.582491874694824 90
1777388306407 15.859853744506836 91
1777388306749 15.899624824523926 92
1777388310700 15.187830924987793 93
1777388313077 14.942752838134766 94
1777388315163 14.726316452026367 95
1777388317409 16.563282012939453 96
1777388317733 18.228424072265625 97
1777388319547 16.270244598388672 98
1777388319869 14.754565238952637 99
1777388320212 15.470779418945312 100
1777388323879 14.178462028503418 101
1777388325767 14.143333435058594 102
1777388331061 13.765545845031738 103
1777388338431 15.819180488586426 104
1777388340289 16.242544174194336 105
1777388343592 13.528401374816895 106
1777388345179 14.284960746765137 107
1777388345517 14.055662155151367 108
1777388351614 13.792543411254883 109
1777388355490 13.0203218460083 110
1777388357619 13.880529403686523 111
1777388357947 14.401611328125 112
1777388359839 14.296748161315918 113
1777388360174 15.102537155151367 114
1777388360497 13.881729125976562 115
1777388362619 16.102413177490234 116
1777388362952 13.417718887329102 117
1777388366883 14.694230079650879 118
1777388369065 15.715895652770996 119
1777388369404 14.526055335998535 120
1777388371699 14.910451889038086 121
1777388373581 13.413917541503906 122
1777388377662 14.29897689819336 123
1777388377984 14.203692436218262 124
1777388378327 13.211318969726562 125
1777388382376 13.371466636657715 126
1777388453176 14.575725555419922 127
1777388655427 13.808980941772461 128
1777388658012 13.573312759399414 129
1777388658349 15.572263717651367 130
1777388658731 14.316089630126953 131
1777388660422 16.32041358947754 132
1777388664814 13.604703903198242 133
1777388665150 13.847453117370605 134
1777388670286 13.782129287719727 135
1777388671831 13.517885208129883 136
1777388677325 13.010953903198242 137
1777388677673 12.398051261901855 138
1777388677986 13.18639087677002 139
1777388678290 12.02274227142334 140
1777388678614 12.918187141418457 141
1777388678963 13.030829429626465 142
1777388686340 13.365724563598633 143
1777388693763 12.633544921875 144
1777388694117 13.013869285583496 145
1777388694459 13.810637474060059 146
1777388696278 12.1873197555542 147
1777388700423 14.130146026611328 148
1777388706705 13.464062690734863 149
1777388709347 12.72413158416748 150
1777388718692 14.570632934570312 151
1777388719038 12.846467971801758 152
1777388725658 13.583517074584961 153
1777388727106 12.384441375732422 154
1777388731529 12.328071594238281 155
1777388733299 12.411791801452637 156
1777388737410 12.316408157348633 157
1777388740078 12.674418449401855 158
1777388749567 12.022910118103027 159
1777388755398 12.184521675109863 160
1777388759642 13.714704513549805 161
1777388762395 14.017265319824219 162
1777388766391 12.502676010131836 163
1777388777680 12.763959884643555 164
1777388783282 11.116633415222168 165
1777388787379 11.646503448486328 166
1777388794928 11.125736236572266 167
1777388800050 12.435626029968262 168
1777388806586 12.078407287597656 169
1777388813685 12.277019500732422 170
1777388823030 12.111528396606445 171
1777388825526 13.30309009552002 172
1777388832506 11.453840255737305 173
1777388838296 11.809758186340332 174
1777388841813 12.725420951843262 175
1777388850580 11.736735343933105 176
1777388856226 12.041540145874023 177
1777388862692 11.423404693603516 178
1777388865579 10.882026672363281 179
1777388873620 12.604378700256348 180
1777388876201 11.384899139404297 181
1777388887090 10.915451049804688 182
1777388892859 11.138592720031738 183
1777388895673 10.728195190429688 184
1777388901383 11.636521339416504 185
1777388907488 12.797551155090332 186
1777388907846 10.555434226989746 187
1777388908229 11.547444343566895 188
1777388911306 10.244729042053223 189
1777388913656 11.510613441467285 190
1777388913994 11.951374053955078 191
1777388916943 10.629303932189941 192
1777388919569 10.780852317810059 193
1777388922097 12.801109313964844 194
1777388922421 10.845191955566406 195
1777388922734 9.596983909606934 196
1777388934890 11.896520614624023 197
1777389008216 10.475781440734863 198
1777389053387 12.930431365966797 199
1777389206632 12.119155883789062 200
1777389269859 10.884526252746582 201
1777389392948 10.190985679626465 202
1777389395464 10.819066047668457 203
1777389397655 10.32186222076416 204
1777389405995 10.471193313598633 205
1777389406309 11.74160385131836 206
1777389408865 10.169268608093262 207
1777389416126 10.280620574951172 208
1777389416450 9.53664493560791 209
1777389422664 10.6882963180542 210
1777389427426 10.259265899658203 211
1777389429939 10.44833755493164 212
1777389437857 11.008310317993164 213
1777389446364 10.708465576171875 214
1777389469998 9.877949714660645 215
1777389502952 9.15774154663086 216
1777389529482 9.002601623535156 217
1777389565209 11.550853729248047 218
1777389577204 11.916162490844727 219
1777389609063 10.653475761413574 220
1777389621298 10.181375503540039 221
1777389654215 9.325810432434082 222
1777389682566 10.30543041229248 223
1777389698923 9.974331855773926 224
1777389705840 9.820263862609863 225
1777389725672 8.917780876159668 226
1777389766802 10.549702644348145 227
1777389797480 10.387048721313477 228
1777389832502 10.689252853393555 229
1777389853471 10.482747077941895 230
1777389865010 10.355290412902832 231
1777389882485 9.629051208496094 232
1777389901126 10.155952453613281 233
1777389911605 10.176220893859863 234
1777389929297 10.380231857299805 235
1777389968714 10.558032035827637 236
1777389986570 10.2722806930542 237
1777390007095 10.044184684753418 238
1777390041621 10.417487144470215 239
1777390073291 9.632241249084473 240
1777390099683 10.208623886108398 241
1777390131222 10.21352767944336 242
1777390174318 9.973230361938477 243
1777390214545 9.857405662536621 244
1777390230179 10.149182319641113 245
1777390234224 9.481797218322754 246
1777390240210 9.154633522033691 247
1777390240632 8.911568641662598 248
1777390246950 10.869254112243652 249
1777390247268 9.486600875854492 250
1777390250521 9.331883430480957 251
1777390276787 9.894739151000977 252
1777390293326 10.376437187194824 253
1777390306047 9.397576332092285 254
1777390323545 8.877781867980957 255
1777390340914 9.034826278686523 256
1777390360056 9.249112129211426 257
1777390376310 9.157973289489746 258
1777390388289 8.687668800354004 259
1777390405563 8.906258583068848 260
1777390424791 9.737412452697754 261
