1777430237419 220.7185000175563 1
1777430237750 219.13663153669677 2
1777430238074 217.68781402503907 3
1777430238382 216.44064031796339 4
1777430238694 215.11491296804599 5
1777430239002 213.66905448321242 6
1777430239325 212.1013724319105 7
1777430239635 210.3766989681842 8
1777430239936 208.47521210566018 9
1777430240256 206.24440333315715 10
1777430240578 203.58118006092803 11
1777430240900 200.27831221515225 12
1777430241208 196.7954303490048 13
1777430241512 192.82995261369535 14
1777430242112 188.89337476801563 15
1777430242421 184.55767433582923 16
1777430242724 179.82319876061598 17
1777430243028 174.38322673246128 18
1777430243343 168.74282392149303 19
1777430243633 163.41699202117874 20
1777430243955 158.4264665783467 21
1777430244270 152.39384112391156 22
1777430244798 146.64843562709763 23
1777430245121 140.85888883027582 24
1777430245427 134.90901882148205 25
1777430245735 128.55912732571733 26
1777430246035 122.71641836338567 27
1777430246341 116.07275634542759 28
1777430246651 110.55716051973974 29
1777430246953 103.7895397171001 30
1777430247279 96.34257925821272 31
1777430247597 90.81673144821663 32
1777430248025 83.94227287714605 33
1777430248324 77.27070730251697 34
1777430248624 71.04875980290754 35
1777430248936 64.26448341132915 36
1777430249237 58.56250416888992 37
1777430249539 55.05257607789576 38
1777430249843 50.87587577947062 39
1777430250168 46.59164880406413 40
1777430250484 45.364767807221554 41
1777430250802 42.42963643317678 42
1777430251120 39.156985727325846 43
1777430251422 37.00509361054232 44
1777430251730 35.40169873660726 45
1777430252054 34.61511662306116 46
1777430252369 33.170410353911436 47
1777430252670 34.393356249449724 48
1777430252967 34.353029200266676 49
1777430253275 32.28665136624287 50
1777430253578 30.593042757083165 51
1777430253884 30.700736429036294 52
1777430254208 29.05986946260416 53
1777430254502 28.95332210368689 54
1777430254790 28.134565430670087 55
1777430255110 27.291193911896173 56
1777430255410 28.61978195139356 57
1777430255719 27.64000891413455 58
1777430256016 27.075265600252543 59
1777430256321 25.861076700051324 60
1777430256620 27.78393898684994 61
1777430256934 25.93668343970683 62
1777430257239 25.539892967913943 63
1777430257526 26.127804546309594 64
1777430257843 26.77040533968026 65
1777430258144 25.586649560702305 66
1777430258449 29.604982977361153 67
1777430258751 24.629722490934988 68
1777430259052 23.022411539746845 69
1777430259348 23.465190673417588 70
1777430259651 24.971157678816425 71
1777430259962 23.763777099837924 72
1777430260251 27.234102704103474 73
1777430260562 22.61018215128004 74
1777430260864 23.766653546529877 75
1777430261168 24.838319964761606 76
1777430261477 21.373667179069685 77
1777430261784 21.946849080683826 78
1777430262112 25.135501925190393 79
1777430262421 25.08880224416612 80
1777430262731 24.39865513831846 81
1777430263037 23.794057357402156 82
1777430263346 22.64740533177518 83
1777430263669 23.815752423061557 84
1777430264003 21.851231506699456 85
1777430264316 23.418891049915505 86
1777430264629 21.969623749071836 87
1777430264940 20.58235855986186 88
1777430265252 23.264288336770722 89
1777430265559 21.515190967844383 90
1777430265878 23.252400592213725 91
1777430266194 20.625713914017393 92
1777430266498 22.0885212496467 93
1777430266799 20.38648185877409 94
1777430267111 21.830290526528874 95
1777430267434 25.532218177022195 96
1777430267745 21.700522786536375 97
1777430268070 23.123516633167522 98
1777430268372 22.22131350036808 99
1777430268691 20.865202106271266 100
1777430269010 21.270639964789936 101
1777430269346 21.958652829398055 102
1777430269647 22.383636683124333 103
1777430269958 22.99726652404857 104
1777430270264 21.382462119206405 105
1777430270580 19.25576893949374 106
1777430270886 18.112573191492906 107
