1777214410348 49649.05078125 1
1777214642637 45041.54140625 2
1777214643769 38381.40390625 3
1777214644886 29241.910546875 4
1777214646009 19179.2875 5
1777214647122 10780.9265625 6
1777214648231 5319.31630859375 7
1777214666912 2352.06337890625 8
1777214668041 1383.375732421875 9
1777214669153 1150.3328857421875 10
1777214670298 935.335693359375 11
1777214671416 787.10205078125 12
1777214672733 704.0496826171875 13
1777214673849 628.9587524414062 14
1777214674990 638.6890258789062 15
1777214676106 626.0177856445313 16
1777214677250 607.0011596679688 17
1777214678372 553.6739624023437 18
1777214679510 546.4178161621094 19
1777214680640 513.2036010742188 20
1777214681758 490.5114990234375 21
1777214682886 563.7468383789062 22
1777214684029 429.1692321777344 23
1777214685146 496.8924133300781 24
1777214686276 455.21088256835935 25
1777214687398 422.6025451660156 26
1777214688513 483.44033203125 27
1777214689641 404.51666870117185 28
1777214690760 449.00501708984376 29
1777214691899 420.877783203125 30
1777214693040 428.737060546875 31
1777214694188 373.943212890625 32
1777214695347 403.60365600585936 33
1777214696506 405.65662841796876 34
1777214697681 357.23322143554685 35
1777214698819 387.0110107421875 36
1777214700269 385.6044067382812 37
1777214701712 347.85146484375 38
1777214703161 387.3436584472656 39
1777214704483 346.2786865234375 40
1777214705707 311.31712036132814 41
1777214706877 352.8226806640625 42
1777214708055 370.1481994628906 43
1777214709254 312.0399108886719 44
1777214710439 378.4984985351563 45
1777214711892 359.1343627929688 46
1777214713317 374.0641235351562 47
1777214714522 333.2338562011719 48
1777214715755 303.1996215820312 49
