1777214410348 185.120942722298 1
1777214642637 172.9390783565002 2
1777214643769 155.51722805045765 3
1777214644886 129.7721545085117 4
1777214646009 97.63841013665736 5
1777214647122 67.05599306998168 6
1777214648231 43.92253835463665 7
1777214666912 28.089369705019617 8
1777214668041 21.917310016790086 9
1777214669153 20.19155731742904 10
1777214670298 17.9256053929075 11
1777214671416 16.397540911612428 12
1777214672733 15.447170355757313 13
1777214673849 14.200287515764407 14
1777214674990 14.58597424749792 15
1777214676106 14.319085751144138 16
1777214677250 13.951724324423886 17
1777214678372 13.280679536176152 18
1777214679510 13.26595951960637 19
1777214680640 12.59519063554572 20
1777214681758 12.33026731637808 21
1777214682886 13.377766855454304 22
1777214684029 11.313755795631183 23
1777214685146 12.572704274329913 24
1777214686276 11.652730694832886 25
1777214687398 11.114377204849875 26
1777214688513 12.036006151007477 27
1777214689641 10.857419987966322 28
1777214690760 11.556408745579466 29
1777214691899 11.043452845466208 30
1777214693040 11.335811532150359 31
1777214694188 10.212509689782499 32
1777214695347 10.80649109970183 33
1777214696506 10.875042006814269 34
1777214697681 9.92233622140433 35
1777214698819 10.456335963864298 36
1777214700269 10.440967268181975 37
1777214701712 9.744616590872319 38
1777214703161 10.322184729942908 39
1777214704483 9.737271327182386 40
1777214705707 9.065141191651835 41
1777214706877 9.697758456800111 42
1777214708055 10.122861931253468 43
1777214709254 9.067822754086828 44
1777214710439 9.98553600785295 45
1777214711892 9.924494137735762 46
1777214713317 10.151044347638914 47
1777214714522 9.567486888276049 48
1777214715755 8.831905689126641 49
