1777303644271 216.39306059874474 1
1777303645387 203.99189683233516 2
1777303646496 180.93894013353514 3
1777303647608 149.35789342577598 4
1777303648725 112.36742634277729 5
1777303649852 72.10934725713918 6
1777303650960 45.075877579853554 7
1777303652070 35.28893128763108 8
1777303653180 31.1165114040229 9
1777303654295 27.348090346706975 10
1777303655410 26.153610016560656 11
1777303656521 24.93173943936946 12
1777303657633 23.302483532700915 13
1777303658740 23.371042532067186 14
1777303659840 22.36411263218377 15
1777303660971 22.297641935788473 16
1777303662080 20.472984171075826 17
1777303663188 20.95746345947581 18
1777303664292 20.569711140266016 19
1777303665396 20.157608789044193 20
1777303666504 19.085459810172466 21
1777303667612 18.543949461000658 22
1777303668720 20.320693277566907 23
1777303669828 18.97967806148299 24
1777303670937 17.896211864691818 25
1777303672058 17.155001694635818 26
1777303673166 16.89132742198354 27
1777303674276 17.804651345987114 28
1777303675387 17.30916121985587 29
1777303676503 18.081346258297703 30
1777303677622 17.43977112936622 31
1777303678735 17.780869779754802 32
1777303679846 16.117101013446504 33
1777303680954 17.128732181022023 34
1777303682077 17.077832909876328 35
1777303683195 16.562400082694946 36
1777303684307 16.110045269617807 37
1777303685421 15.660068318384575 38
1777303686534 16.51421133795186 39
1777303687647 14.645058913820918 40
1777303688754 15.050944126298493 41
1777303689867 15.453375588753858 42
1777303690973 15.335030348915108 43
1777303692081 15.166439183104151 44
1777303693204 14.522883283966426 45
1777303694321 14.438974223566774 46
1777303695432 14.167405691997322 47
1777303696538 13.206790719249124 48
1777303697645 15.054624435299496 49
1777303698749 14.19582748705658 50
1777303699856 13.487162902105997 51
1777303700960 13.971706676075083 52
