1777303644271 176.44711303710938 1
1777303645387 163.17259216308594 2
1777303646496 141.9545135498047 3
1777303647608 111.33128356933594 4
1777303648725 78.47582244873047 5
1777303649852 48.29816818237305 6
1777303650960 30.452547073364258 7
1777303652070 24.634822845458984 8
1777303653180 22.303956985473633 9
1777303654295 19.75435447692871 10
1777303655410 19.046382904052734 11
1777303656521 18.03460693359375 12
1777303657633 17.162504196166992 13
1777303658740 17.142946243286133 14
1777303659840 16.358142852783203 15
1777303660971 16.196704864501953 16
1777303662080 14.967055320739746 17
1777303663188 15.391802787780762 18
1777303664292 15.031737327575684 19
1777303665396 14.659280776977539 20
1777303666504 13.873320579528809 21
1777303667612 13.506299018859863 22
1777303668720 14.792280197143555 23
1777303669828 13.961155891418457 24
1777303670937 13.194111824035645 25
1777303672058 12.544239044189453 26
1777303673166 12.395538330078125 27
1777303674276 12.956087112426758 28
1777303675387 12.640538215637207 29
1777303676503 12.600604057312012 30
1777303677622 12.729127883911133 31
1777303678735 12.8928861618042 32
1777303679846 11.869732856750488 33
1777303680954 12.348346710205078 34
1777303682077 12.020652770996094 35
1777303683195 12.156244277954102 36
1777303684307 11.899602890014648 37
1777303685421 11.458663940429688 38
1777303686534 11.755508422851562 39
1777303687647 10.746221542358398 40
1777303688754 10.913233757019043 41
1777303689867 11.28158950805664 42
1777303690973 11.210984230041504 43
1777303692081 10.987578392028809 44
1777303693204 10.677160263061523 45
1777303694321 10.57436466217041 46
1777303695432 10.326207160949707 47
1777303696538 9.816190719604492 48
1777303697645 10.777545928955078 49
1777303698749 10.45883560180664 50
1777303699856 10.044118881225586 51
1777303700960 10.319363594055176 52
