1777303644271 176.44710998535157 1
1777303645387 163.17257690429688 2
1777303646496 141.95452575683595 3
1777303647608 111.33128051757812 4
1777303648725 78.47582702636718 5
1777303649852 48.29816665649414 6
1777303650960 30.452549362182616 7
1777303652070 24.63482208251953 8
1777303653180 22.30395851135254 9
1777303654295 19.754353713989257 10
1777303655410 19.04638252258301 11
1777303656521 18.034607315063475 12
1777303657633 17.16250343322754 13
1777303658740 17.142947006225587 14
1777303659840 16.358142471313478 15
1777303660971 16.196704864501953 16
1777303662080 14.967054748535157 17
1777303663188 15.391803741455078 18
1777303664292 15.03173656463623 19
1777303665396 14.659280586242676 20
1777303666504 13.873320198059082 21
1777303667612 13.506298828125 22
1777303668720 14.792280578613282 23
1777303669828 13.96115608215332 24
1777303670937 13.194111442565918 25
1777303672058 12.544238662719726 26
1777303673166 12.395538139343262 27
1777303674276 12.956087875366212 28
1777303675387 12.640538787841797 29
1777303676503 12.600603675842285 30
1777303677622 12.729127883911133 31
1777303678735 12.892885780334472 32
1777303679846 11.869732475280761 33
1777303680954 12.348346328735351 34
1777303682077 12.020652580261231 35
1777303683195 12.156244468688964 36
1777303684307 11.899602317810059 37
1777303685421 11.458663368225098 38
1777303686534 11.755507850646973 39
1777303687647 10.746220588684082 40
1777303688754 10.913234901428222 41
1777303689867 11.281590461730957 42
1777303690973 11.210984230041504 43
1777303692081 10.987579917907714 44
1777303693204 10.677161026000977 45
1777303694321 10.574365043640137 46
1777303695432 10.326207160949707 47
1777303696538 9.816191673278809 48
1777303697645 10.777546882629395 49
1777303698749 10.458835983276368 50
1777303699856 10.044118499755859 51
1777303700960 10.319363594055176 52
