1777437035641 211.22875018382513 1
1777437036933 203.38009763983288 2
1777437037953 189.56585740342948 3
1777437038997 170.03549520436516 4
1777437040066 147.65185815218283 5
1777437041428 121.17751501210151 6
1777437042461 91.58919836904978 7
1777437043504 63.57285092465155 8
1777437044540 45.39266774884392 9
1777437045599 36.6836588773374 10
1777437046615 32.68625207717215 11
1777437047660 30.415025700908956 12
1777437048688 29.01496633299205 13
1777437049736 27.80197424210734 14
1777437050757 25.999144537191878 15
1777437051777 24.50904592848118 16
1777437052806 25.73966919971707 17
1777437053817 23.500759791338016 18
1777437054840 23.678771526970174 19
1777437055855 23.788962005534163 20
1777437056874 22.668776916873693 21
1777437057932 23.814156439918108 22
1777437058952 20.18712285379508 23
1777437059975 22.498698440909994 24
1777437060992 21.13639585227982 25
1777437062031 21.723481926062767 26
1777437063052 22.058051950887283 27
1777437064066 21.48252696798493 28
1777437065091 22.50119998745599 29
1777437066142 21.49412202857273 30
1777437067191 20.751435677613898 31
1777437068230 19.732840286979698 32
1777437069274 20.217806875409913 33
1777437070291 19.875328608311086 34
1777437071318 19.80911825712742 35
1777437072340 20.099896835731577 36
1777437073363 18.448854638413252 37
1777437074368 18.907030170611744 38
1777437075399 18.609385306003517 39
1777437076411 17.958818377434902 40
1777437077442 19.123313304297238 41
1777437078471 17.476124032189038 42
1777437079493 18.15641428090627 43
1777437080512 17.40435578079564 44
1777437081544 17.948733773552732 45
1777437082572 18.256530038893114 46
1777437083588 16.382921457912094 47
1777437084624 17.973900661930312 48
1777437085649 17.28181125791264 49
1777437086649 17.68961918019034 50
1777437087668 16.669481090660497 51
1777437088684 16.79577712042877 52
1777437089695 15.680023501205714 53
1777437090728 15.870553376606097 54
1777437091765 16.484215262366035 55
1777437092778 16.553197630064858 56
1777437093800 16.586557946226858 57
1777437094813 16.988698222829903 58
1777437095836 15.700676101499528 59
1777437096866 16.106543690525843 60
1777437097893 15.47369789537228 61
1777437098948 15.291457037427445 62
