1777437035641 -1.773241306335022 1
1777437036933 -1.5709791905901256 2
1777437037953 -1.2335826878854836 3
1777437038997 -0.7970531032999757 4
1777437040066 -0.35506325749052925 5
1777437041428 0.08730236268210578 6
1777437042461 0.4785735803354615 7
1777437043504 0.7487600719319149 8
1777437044540 0.8719226679226189 9
1777437045599 0.9163455523898146 10
1777437046615 0.9335881407435798 11
1777437047660 0.9424612352451359 12
1777437048688 0.9476646784516877 13
1777437049736 0.9519316165354432 14
1777437050757 0.9579622286277327 15
1777437051777 0.962634066086119 16
1777437052806 0.9587832775482986 17
1777437053817 0.9656692541539278 18
1777437054840 0.965135778996121 19
1777437055855 0.9648234348780811 20
1777437056874 0.9680453664775542 21
1777437057932 0.9647341743769101 22
1777437058952 0.9746436828287264 23
1777437059975 0.9685211681123841 24
1777437060992 0.9722278759732974 25
1777437062031 0.9706646891516945 26
1777437063052 0.9697329092034235 27
1777437064066 0.9713114719287874 28
1777437065091 0.9685046214909571 29
1777437066142 0.9712773990316292 30
1777437067191 0.9732331477726968 31
1777437068230 0.9757955493953299 32
1777437069274 0.9745683426811254 33
1777437070291 0.9754448601441356 34
1777437071318 0.9756041063872989 35
1777437072340 0.9748797541267238 36
1777437073363 0.9788336448838085 37
1777437074368 0.977767238611133 38
1777437075399 0.978458890476555 39
1777437076411 0.9799518622079626 40
1777437077442 0.9772637670461264 41
1777437078471 0.9810020333007022 42
1777437079493 0.9794985233595687 43
1777437080512 0.9811591442886566 44
1777437081544 0.979960155114318 45
1777437082572 0.9792642809946465 46
1777437083588 0.9833158693864151 47
1777437084624 0.9799142061074505 48
1777437085649 0.9814333956112724 49
1777437086649 0.9805482421688613 50
1777437087668 0.982714241519383 51
1777437088684 0.9824553596398669 52
1777437089695 0.9847113203168866 53
1777437090728 0.9843359674263621 54
1777437091765 0.9830939214964926 55
1777437092778 0.9829620438596158 56
1777437093800 0.9828959639561154 57
1777437094813 0.9820357121655657 58
1777437095836 0.984676466436502 59
1777437096866 0.9838649130366951 60
1777437097893 0.985111611774177 61
1777437098948 0.9854651624554573 62
