1777206827249 50507.12109375 1
1777206827856 48651.513671875 2
1777206828458 46700.294921875 3
1777206829054 44176.146484375 4
1777206829652 41229.48828125 5
1777206830250 37991.708984375 6
1777206830846 34685.669921875 7
1777206831438 31124.9169921875 8
1777206832030 27425.732421875 9
1777206832629 23735.8310546875 10
1777206833225 19900.3896484375 11
1777206833847 16206.82470703125 12
1777206834443 12641.76318359375 13
1777206835042 9507.865234375 14
1777206835638 6854.997802734375 15
1777206836254 4667.76904296875 16
1777206836849 3267.0889892578125 17
1777206838604 2169.8309326171875 18
1777206839206 1542.9893798828125 19
1777206839805 1229.8970947265625 20
1777206840399 1055.5625 21
1777206840999 966.6404724121094 22
1777206841595 838.5602111816406 23
1777206842192 783.6620178222656 24
1777206842801 797.0003356933594 25
1777206843397 703.6043701171875 26
1777206843993 644.86279296875 27
1777206844591 580.2670593261719 28
1777206845190 717.0811462402344 29
1777206845791 657.310546875 30
1777206846391 592.4773254394531 31
1777206846996 534.3694458007812 32
1777206849373 675.8981323242188 33
1777206849978 543.1043395996094 34
1777206850583 476.24656677246094 35
1777206851190 508.82847595214844 36
1777206851796 477.0264892578125 37
1777206852406 446.67919921875 38
1777206853014 567.0338134765625 39
1777206853625 445.0312957763672 40
1777206854234 480.5371398925781 41
1777206854841 448.76551818847656 42
1777206855456 506.8123321533203 43
1777206856063 484.7815246582031 44
1777206856671 424.1259002685547 45
1777206857307 427.6738586425781 46
1777206857915 412.87030029296875 47
1777206858527 414.2123718261719 48
1777206859135 340.65240478515625 49
1777206859741 454.39808654785156 50
1777206860346 397.907958984375 51
1777206860949 392.4992370605469 52
1777206861555 420.94285583496094 53
1777206862157 386.1100616455078 54
1777206862758 352.1269989013672 55
1777206863360 312.39598083496094 56
1777206863963 329.4047546386719 57
1777206864567 304.82965087890625 58
1777206865167 282.9288635253906 59
1777206865766 349.4650573730469 60
1777206866366 318.50286865234375 61
1777206866960 352.9932403564453 62
1777206867587 356.72581481933594 63
1777206868186 315.74005126953125 64
1777206868782 382.36253356933594 65
1777206869379 309.9606628417969 66
1777206869977 297.3611297607422 67
1777206870571 294.0770263671875 68
