1777230160716 51044.2140625 1
1777230162366 49061.0609375 2
1777230163732 46569.9265625 3
1777230165091 43508.63125 4
1777230166399 39740.69375 5
1777230167796 34620.60859375 6
1777230169217 28794.708984375 7
1777230170759 23122.936328125 8
1777230172150 17547.3703125 9
1777230174187 12251.5822265625 10
1777230176365 7930.64306640625 11
1777230179468 4571.49873046875 12
1777230185602 2723.57666015625 13
1777230187908 1854.41083984375 14
1777230189264 1420.3768310546875 15
1777230190561 1281.8734130859375 16
1777230191862 1077.7278686523437 17
1777230193078 1025.8318969726563 18
1777230194397 944.758740234375 19
1777230195591 914.0408935546875 20
1777230196768 798.8657470703125 21
1777230198056 782.9154418945312 22
1777230199375 763.5545532226563 23
1777230200641 717.8387573242187 24
1777230201815 704.9280883789063 25
1777230203083 701.6200927734375 26
1777230204319 721.3939331054687 27
1777230205636 630.2465454101563 28
1777230206826 642.6935180664062 29
1777230208025 622.3373901367188 30
1777230209317 773.212646484375 31
1777230210655 616.9408081054687 32
1777230211962 596.7335693359375 33
1777230213253 597.6931030273438 34
1777230214595 552.3431274414063 35
1777230215877 569.1742553710938 36
1777230217162 551.1307006835938 37
1777230218441 534.5427917480469 38
1777230219786 589.9176879882813 39
1777230221014 525.5422058105469 40
1777230222317 541.1459228515625 41
1777230223614 598.97509765625 42
1777230224963 526.1038757324219 43
1777230226275 545.3869079589844 44
1777230227574 586.0010498046875 45
1777230228866 556.3620483398438 46
1777230230212 522.8732788085938 47
1777230231522 551.4700012207031 48
1777230232819 479.476708984375 49
1777230233989 619.8882934570313 50
1777230235145 499.4539001464844 51
1777230236400 503.2415771484375 52
1777230237572 503.38080444335935 53
