1777208156242 -1.9602747278249453 1
1777208157940 -1.946478810522927 2
1777208158842 -1.9267999882932556 3
1777208161214 -1.90193698144463 4
1777208162355 -1.8745178823217206 5
1777208164142 -1.8444976235487989 6
1777208165403 -1.8126865201324587 7
1777208166445 -1.7806032169487809 8
1777208168249 -1.7489030762344284 9
1777208170343 -1.7150801005271807 10
1777208172813 -1.6801155376690544 11
1777208173209 -1.6439594145874104 12
1777208173621 -1.6070656308472002 13
1777208174013 -1.5659004434737502 14
1777208174410 -1.5163472913207872 15
1777208174879 -1.465255974142461 16
1777208175285 -1.4121549764707 17
1777208175796 -1.36087168197087 18
1777208176576 -1.303411348970695 19
1777208177063 -1.2468097774300069 20
1777208177456 -1.1919744520049504 21
1777208177851 -1.1345318621857605 22
1777208178349 -1.0742945497477798 23
1777208179121 -1.010241425550991 24
1777208179513 -0.9513746357577486 25
1777208179908 -0.8904049500851925 26
1777208180301 -0.8234558274181654 27
1777208180792 -0.7618638284875885 28
1777208181166 -0.6960247076927579 29
1777208182323 -0.6287186529272828 30
1777208182723 -0.557041601762619 31
1777208183127 -0.47621605369804265 32
1777208183531 -0.40128023654804035 33
1777208183927 -0.3120718880239206 34
1777208184321 -0.24050348697597723 35
1777208184723 -0.1576866936071395 36
1777208185118 -0.07606187984103974 37
1777208185508 -0.006855268546796189 38
1777208188340 0.07490000339351954 39
1777208189506 0.12973531717150355 40
1777208191300 0.19730673101784024 41
1777208192101 0.2695482642373618 42
1777208192503 0.33139414939278444 43
1777208192903 0.3991014715215059 44
1777208194817 0.4645568912275643 45
1777208195227 0.5194361120180945 46
1777208195638 0.5672252627239476 47
1777208196066 0.6150793989233567 48
1777208196874 0.6602558848386705 49
1777208197280 0.6945273572437008 50
1777208198442 0.7382741107317989 51
1777208198846 0.7735191754933328 52
1777208199622 0.7814221700406297 53
1777208200396 0.8153929919698383 54
1777208200796 0.8328290598183175 55
1777208201201 0.8667757986935488 56
1777208203838 0.8595004362198778 57
1777208205005 0.8887780371595775 58
1777208205433 0.8905313541874367 59
1777208205884 0.9106465010976419 60
1777208207815 0.9004655136720233 61
1777208208251 0.915494626972786 62
1777208209842 0.9200126013589519 63
1777208212450 0.9200475088202322 64
1777208212854 0.9261759521470654 65
1777208213259 0.9322668203206822 66
1777208213671 0.9313375026337929 67
1777208214077 0.936932112962175 68
1777208214513 0.9292619571502662 69
1777208215691 0.9434906785494912 70
1777208216097 0.9435186206798727 71
1777208216930 0.9444577193950773 72
1777208217559 0.9456046474694626 73
1777208217999 0.939003640985776 74
1777208218978 0.9500682811080002 75
1777208219637 0.9437925996675787 76
1777208220140 0.9549828565543137 77
1777208220554 0.9549998506357776 78
1777208220968 0.9417569364475545 79
1777208221379 0.9442153357622433 80
1777208221790 0.9594916822419922 81
1777208222330 0.950411196000962 82
1777208223884 0.9510538449204669 83
1777208224372 0.9599153391018971 84
1777208224772 0.9552123371402398 85
1777208225172 0.9539670729911804 86
1777208225580 0.9559074924332595 87
1777208225982 0.9561035776131512 88
1777208226388 0.9572797609193673 89
1777208226791 0.9540009647739238 90
1777208228608 0.9588916134424299 91
1777208229454 0.9589038024072083 92
1777208229848 0.9586545767895115 93
1777208230625 0.9685866167355456 94
1777208231417 0.963635835235305 95
1777208231824 0.9649922217262616 96
1777208232869 0.9632504817136446 97
1777208233286 0.9634048644755783 98
1777208234081 0.9670692991575455 99
1777208234503 0.9568357147967942 100
1777208235213 0.9719778525943098 101
1777208235624 0.9658332315127941 102
1777208236053 0.9709839125193837 103
1777208236463 0.9644444809033297 104
1777208236879 0.9579433937376817 105
1777208237291 0.964073984830429 106
1777208237732 0.955730787070225 107
1777208238152 0.9614671468706274 108
1777208238589 0.9698464328049917 109
1777208239018 0.9634692728926558 110
1777208239433 0.9699965517173273 111
1777208239878 0.9544278214107381 112
1777208240298 0.9695192958824672 113
1777208240730 0.9736458308457997 114
1777208241173 0.9700453194167923 115
1777208241637 0.9749122847022833 116
1777208242729 0.966630366260375 117
1777208243629 0.9577935076809352 118
1777208244094 0.9740935476176326 119
1777208246356 0.9691450661237994 120
1777208247078 0.967705432270647 121
1777208248364 0.9653493040322374 122
1777208250373 0.973365688324651 123
1777208250842 0.9750446308416342 124
1777208252510 0.9744719060623689 125
1777208252972 0.9731371363761111 126
1777208253437 0.9701452902037988 127
1777208253856 0.9762200353572416 128
1777208254475 0.9757111925904925 129
1777208255502 0.9708129796993037 130
1777208255912 0.9660974891551035 131
1777208256317 0.9659808282772441 132
1777208257471 0.9752464487225331 133
1777208257854 0.9726040405505832 134
1777208258234 0.9717503776636769 135
1777208264502 0.9772973788475483 136
1777208264915 0.9814252249373568 137
1777208265319 0.9723950172634068 138
1777208265722 0.9745177768353329 139
1777208268479 0.979977565682558 140
1777208269300 0.9722999283455659 141
1777208269708 0.97746786138668 142
1777208270121 0.9797624019212346 143
1777208270525 0.9740329485803733 144
1777208271543 0.9768342698017458 145
1777208271980 0.9749057445547258 146
1777208272743 0.9819716008899998 147
1777208273170 0.9803810272677373 148
1777208273712 0.9709818899623462 149
1777208275635 0.9768884592201783 150
1777208276059 0.9763583431607744 151
1777208276483 0.97858806219414 152
1777208278552 0.9814079905534471 153
1777208282356 0.9750863282561917 154
1777208282799 0.9774420102103631 155
1777208283239 0.979218590185332 156
1777208283686 0.9785599105170278 157
1777208284119 0.9772395164037168 158
1777208284580 0.9776850146343272 159
1777208285037 0.9801641170534307 160
1777208286251 0.9794364153475408 161
1777208286916 0.9801531391758542 162
1777208287337 0.9726811911458954 163
1777208287782 0.9809324264975341 164
1777208288204 0.9763341507480241 165
1777208288633 0.9766246415819438 166
1777208289048 0.9823295784521944 167
1777208289459 0.9796839979080478 168
1777208289867 0.9758352422627088 169
1777208290277 0.9821785882518868 170
1777208290711 0.9808156974323897 171
1777208291126 0.9839213987149334 172
1777208291538 0.9832341254433346 173
1777208291943 0.9835125801258816 174
1777208292363 0.9841290806731988 175
1777208293917 0.9787847115270756 176
1777208294313 0.981920794670702 177
1777208294708 0.9797587113007512 178
1777208295102 0.9829141622253157 179
1777208295494 0.984458757867376 180
1777208295889 0.9849272310077163 181
1777208296281 0.9844258466831219 182
1777208297270 0.9818797127161539 183
1777208297788 0.9813723989864689 184
1777208298657 0.9829271615887021 185
1777208300182 0.9829025097588366 186
1777208300959 0.9823905038491755 187
1777208301354 0.9816873796276986 188
1777208301748 0.982058283271439 189
1777208302406 0.9852209221973773 190
1777208302909 0.982600811544933 191
1777208304453 0.9856820324497674 192
1777208305186 0.9819222086371715 193
1777208305624 0.9826673508842317 194
1777208306073 0.9805544825807875 195
1777208307077 0.9806605612503232 196
1777208307490 0.9828284757155545 197
1777208307956 0.9854676117289372 198
1777208308371 0.9849150944147885 199
1777208308787 0.9842419609048595 200
1777208310351 0.9838579077391899 201
1777208310792 0.9825427267001219 202
1777208311812 0.9828801977066094 203
1777208314219 0.9827853862134601 204
1777208315437 0.9845233696766075 205
1777208317049 0.9829547660680007 206
1777208317493 0.9870313055065955 207
1777208317925 0.9849922089332329 208
1777208318485 0.9830064278685494 209
1777208318952 0.9805708887376269 210
1777208319538 0.9846747987387241 211
1777208320042 0.9827101486154936 212
1777208320514 0.9843690621830078 213
1777208323829 0.9851880769375446 214
1777208344063 0.9837154941152516 215
1777208347088 0.9832020069075174 216
1777208351523 0.9839298488478821 217
1777208353605 0.984352044088099 218
1777208354030 0.9845881133438114 219
1777208354443 0.9860708631051776 220
1777208354856 0.9880957517669194 221
1777208355269 0.9868293776465298 222
1777208355689 0.9864141484749048 223
1777208356109 0.9868141538806692 224
1777208356526 0.9856726985877752 225
1777208357823 0.9872255718327285 226
1777208358232 0.9862219696883322 227
1777208358641 0.9861782208963756 228
1777208359046 0.9839063711129613 229
1777208360530 0.9852334109077234 230
1777208361912 0.9856260741656386 231
1777208362410 0.9841515021194235 232
1777208362874 0.984752105418517 233
1777208363855 0.9885744137840903 234
1777208365003 0.9851468334470641 235
1777208365523 0.9839740142588868 236
1777208365978 0.9858891025174883 237
1777208366954 0.9884122698444134 238
1777208367640 0.9888194749556934 239
1777208368091 0.9857052645849731 240
1777208368524 0.9850999916688198 241
1777208372248 0.9878697033830783 242
1777208372660 0.9873792363437797 243
1777208373065 0.9879455416761904 244
1777208373477 0.9874923135211643 245
1777208373879 0.9858445500889272 246
1777208374280 0.9861098230800425 247
1777208374681 0.9863768566950819 248
1777208375084 0.9873211674685727 249
1777208375490 0.9862972002725768 250
1777208376376 0.9884613515080827 251
