1777208156242 197.83439847192903 1
1777208157940 197.3728625596741 2
1777208158842 196.71265131531322 3
1777208161214 195.87533902331862 4
1777208162355 194.94776944735736 5
1777208164142 193.9271266964733 6
1777208165403 192.8396962181283 7
1777208166445 191.73671727136667 8
1777208168249 190.64063460474526 9
1777208170343 189.46417042543953 10
1777208172813 188.24026784272274 11
1777208173209 186.96622982172477 12
1777208173621 185.65718365781055 13
1777208174013 184.18560187349064 14
1777208174410 182.39841993216388 15
1777208174879 180.53724079120076 16
1777208175285 178.58228583065008 17
1777208175796 176.67373155586827 18
1777208176576 174.5104816425793 19
1777208177063 172.35302842204428 20
1777208177456 170.23682378344293 21
1777208177851 167.99141416862648 22
1777208178349 165.6040670733965 23
1777208179121 163.02713779076782 24
1777208179513 160.62239175897923 25
1777208179908 158.09320950194223 26
1777208180301 155.2685111246804 27
1777208180792 152.62369471186315 28
1777208181166 149.74484157434273 29
1777208182323 146.7434850023162 30
1777208182723 143.4781941184792 31
1777208183127 139.7046130457044 32
1777208183531 136.1125883919265 33
1777208183927 131.708744430182 34
1777208184321 128.06627465154517 35
1777208184723 123.71755019625348 36
1777208185118 119.27636222629151 37
1777208185508 115.37701447320433 38
1777208188340 110.59363079253254 39
1777208189506 107.2658469134631 40
1777208191300 103.01740599287093 41
1777208192101 98.27239626256959 42
1777208192503 94.02013165407715 43
1777208192903 89.13255468507283 44
1777208194817 84.13805271137727 45
1777208195227 79.70973341796157 46
1777208195638 75.64264708875378 47
1777208196066 71.33807262232945 48
1777208196874 67.02112758652117 49
1777208197280 63.55093191500519 50
1777208198442 58.82461808936268 51
1777208198846 54.72068189764954 52
1777208199622 53.75747359016116 53
1777208200396 49.40374707053479 54
1777208200796 47.01280784597427 55
1777208201201 41.96887506962005 56
1777208203838 43.099601896000735 57
1777208205005 38.346970053769404 58
1777208205433 38.04351724146392 59
1777208205884 34.370953241913625 60
1777208207815 36.27626506721113 61
1777208208251 33.425503470053556 62
1777208209842 32.5197018107389 63
1777208212450 32.51260647930469 64
1777208212854 31.241703000119188 65
1777208213259 29.925160965132044 66
1777208213671 30.129753782403885 67
1777208214077 28.8761921425982 68
1777208214513 30.581748595656997 69
1777208215691 27.333536038771356 70
1777208216097 27.326778215098603 71
1777208216930 27.098648138920716 72
1777208217559 26.817400575611583 73
1777208217999 28.397999050948226 74
1777208218978 25.69354637249036 75
1777208219637 27.26041878124594 76
1777208220140 24.396343570089428 77
1777208220554 24.391738543607087 78
1777208220968 27.749674477257386 79
1777208221379 27.157713118669207 80
1777208221790 23.14237364679372 81
1777208222330 25.605166915173708 82
1777208223884 25.438708077501573 83
1777208224372 23.021038219063747 84
1777208224772 24.334081490219766 85
1777208225172 24.670054160168053 86
1777208225580 24.144496807227497 87
1777208225982 24.0907517285712 88
1777208226388 23.76580862642735 89
1777208226791 24.660970219122312 90
1777208228608 23.31315190526181 91
1777208229454 23.309694504865487 92
1777208229848 23.38026866592052 93
1777208230625 20.37948091064883 94
1777208231417 21.926666105986964 95
1777208231824 21.513846263620263 96
1777208232869 22.042538525284964 97
1777208233286 21.99618913416097 98
1777208234081 20.865860268770597 99
1777208234503 23.889005218143765 100
1777208235213 19.248038055712083 101
1777208235624 21.253856353897504 102
1777208236053 19.586426748975136 103
1777208236463 21.68149907971656 104
1777208236879 23.58049348193465 105
1777208237291 21.794167758623306 106
1777208237732 24.192831393210522 107
1777208238152 22.57102843166192 108
1777208238589 19.966646229898547 109
1777208239018 21.976823563149004 110
1777208239433 19.916882033626806 111
1777208239878 24.546279482352947 112
1777208240298 20.07466379456562 113
1777208240730 18.66639400464693 114
1777208241173 19.90069032938148 115
1777208241637 18.212364373261728 116
1777208242729 21.004459452567 117
1777208243629 23.622474495055155 118
1777208244094 18.50715869861452 119
1777208246356 20.197522394805553 120
1777208247078 20.663339572656735 121
1777208248364 21.40384267371567 122
1777208250373 18.76534365682104 123
1777208250842 18.164262431695377 124
1777208252510 18.371516098563166 125
1777208252972 18.84568602072625 126
1777208253437 19.86745400799422 127
1777208253856 17.731332338106323 128
1777208254475 17.920035869017532 129
1777208255502 19.644033738604644 130
1777208255912 21.171505272371327 131
1777208256317 21.20789932776192 132
1777208257471 18.090665722391115 133
1777208257854 19.03176312937138 134
1777208258234 19.326005972159315 135
1777208264502 17.325021560457362 136
1777208264915 15.671030830018509 137
1777208265319 19.10422958757473 138
1777208265722 18.355001972544414 139
1777208268479 16.27024917758733 140
1777208269300 19.13710426803452 141
1777208269708 17.259849500651974 142
1777208270121 16.357437616596904 143
1777208270525 18.528791962559158 144
1777208271543 17.500835289775278 145
1777208271980 18.214738616869017 146
1777208272743 15.438829372480873 147
1777208273170 16.10548817228395 148
1777208273712 19.58710840511759 149
1777208275635 17.480354835522682 150
1777208276059 17.679693541481512 151
1777208276483 16.82533744031509 152
1777208278552 15.678298744241093 153
1777208282356 18.1490815237645 154
1777208282799 17.2697472807965 155
1777208283239 16.575753836081635 156
1777208283686 16.836394280346408 157
1777208284119 17.347084948231846 158
1777208284580 17.176477289313794 159
1777208285037 16.19427701857347 160
1777208286251 16.48865373231838 161
1777208286916 16.198757660878176 162
1777208287337 19.00494721904873 163
1777208287782 15.87754981521915 164
1777208288204 17.688737050932474 165
1777208288633 17.579839326126443 166
1777208289048 15.28478189229788 167
1777208289459 16.389091659986928 168
1777208289867 17.87421634263391 169
1777208290277 15.34994475016141 170
1777208290711 15.926076347830122 171
1777208291126 14.580080087282186 172
1777208291538 14.888428853331137 173
1777208291943 14.764275318605845 174
1777208292363 14.485611188988702 175
1777208293917 16.74789643245113 176
1777208294313 15.460567892089166 177
1777208294708 16.358929151637074 178
1777208295102 15.029824679044413 179
1777208295494 14.334371189127737 180
1777208295889 14.11667137701383 181
1777208296281 14.349540655247525 182
1777208297270 15.478124132470196 183
1777208297788 15.69329897020889 184
1777208298657 15.02410630092857 185
1777208300182 15.034949214279926 186
1777208300959 15.258409026517405 187
1777208301354 15.560051537749542 188
1777208301748 15.401668091634841 189
1777208302406 13.978464183790006 190
1777208302909 15.16702007398964 191
1777208304453 13.758669807544873 192
1777208305186 15.459963374125337 193
1777208305624 15.137991881943043 194
1777208306073 16.034134692642347 195
1777208307077 15.990341609242543 196
1777208307490 15.067465569124684 197
1777208307956 13.861309823901191 198
1777208308371 14.122354175248965 199
1777208308787 14.434004983992825 200
1777208310351 14.608839186364085 201
1777208310792 15.192315739199579 202
1777208311812 15.044756430229167 203
1777208314219 15.086358766289344 204
1777208315437 14.304542961619582 205
1777208317049 15.01195507474012 206
1777208317493 13.094348975709188 207
1777208317925 14.086210479883997 208
1777208318485 14.989188812273998 209
1777208318952 16.027368979233128 210
1777208319538 14.234390543521975 211
1777208320042 15.119290874342248 212
1777208320514 14.375677208912412 213
1777208323829 13.993988381281074 214
1777208344063 14.673140628652174 215
1777208347088 14.90268368714513 216
1777208351523 14.576248162611902 217
1777208353605 14.383500480049017 218
1777208354030 14.27459147548511 219
1777208354443 13.57056436870465 220
1777208354856 12.54546480341757 221
1777208355269 13.195897615061565 222
1777208355689 13.402296501483313 223
1777208356109 13.203521397525808 224
1777208356526 13.763153997503057 225
1777208357823 12.995904130529814 226
1777208358232 13.4967545740894 227
1777208358641 13.51816551719187 228
1777208359046 14.586891539500671 229
1777208360530 13.972556327396417 230
1777208361912 13.785529823678567 231
1777208362410 14.47537508200214 232
1777208362874 14.19844231456945 233
1777208363855 12.290654820751072 234
1777208365003 14.01345777819904 235
1777208365523 14.556204421421235 236
1777208365978 13.658817983845466 237
1777208366954 12.377557663603119 238
1777208367640 12.158132686793952 239
1777208368091 13.747503990426658 240
1777208368524 14.035536759036251 241
1777208372248 12.664017316583493 242
1777208372660 12.91750452749189 243
1777208373065 12.624367273168646 244
1777208373477 12.859505524094569 245
1777208373879 13.680363436327267 246
1777208374280 13.551572273503336 247
1777208374681 13.42067726484287 248
1777208375084 12.947186515682663 249
1777208375490 13.459857173348947 250
1777208376376 12.351316658290296 251
