1777423252753 161.05409240722656 1
1777423263297 154.2166748046875 2
1777423276189 145.8129425048828 3
1777423279661 134.48965454101562 4
1777423295236 119.76427459716797 5
1777423302577 102.10013580322266 6
1777423319699 84.00372314453125 7
1777423329634 66.01703643798828 8
1777423344149 48.56007766723633 9
1777423357689 36.77816390991211 10
1777423367940 28.1916561126709 11
1777423372900 25.332130432128906 12
1777423386463 23.293468475341797 13
1777423396902 21.980804443359375 14
1777423401757 21.568010330200195 15
1777423409044 20.990549087524414 16
1777423421470 19.173686981201172 17
1777423429419 18.68263053894043 18
1777423437274 18.279163360595703 19
1777423440695 17.740278244018555 20
1777423443769 17.879117965698242 21
1777423455448 17.68320655822754 22
1777423467398 16.611398696899414 23
1777423480187 18.2496395111084 24
1777423498241 16.759685516357422 25
1777423508753 16.654191970825195 26
1777423515131 17.268970489501953 27
1777423522138 17.23027229309082 28
1777423531615 17.66602325439453 29
1777423538284 16.140817642211914 30
1777423544460 16.355806350708008 31
1777423551837 15.545433044433594 32
1777423561355 15.354442596435547 33
1777423573951 16.23765754699707 34
1777423583984 15.057929992675781 35
1777423598861 15.012962341308594 36
1777423609591 15.249224662780762 37
1777423616932 15.397932052612305 38
1777423620492 15.092479705810547 39
1777423629709 14.458307266235352 40
1777423639217 14.320821762084961 41
1777423642998 13.982282638549805 42
1777423646040 13.453632354736328 43
1777423652964 14.525440216064453 44
1777423662118 14.166077613830566 45
1777423669001 14.136621475219727 46
1777423687872 14.753063201904297 47
1777423691392 14.032846450805664 48
1777423698895 14.637886047363281 49
1777423701988 13.609569549560547 50
1777423708743 13.222684860229492 51
1777423718745 13.917991638183594 52
1777423741764 13.87148380279541 53
1777423755240 13.936429023742676 54
1777423780884 13.162761688232422 55
1777423790761 13.212726593017578 56
1777423801307 12.619786262512207 57
1777423807101 13.584295272827148 58
1777423812331 13.0736083984375 59
1777423818988 13.020570755004883 60
1777423830878 13.64017105102539 61
1777423839546 12.318892478942871 62
1777423846784 12.204216003417969 63
1777423859816 12.417930603027344 64
1777423863039 12.594799041748047 65
1777423869848 12.406455993652344 66
1777423884247 12.243176460266113 67
1777423900055 12.079402923583984 68
1777423912417 11.322890281677246 69
1777423930161 11.4261474609375 70
1777423934076 11.796782493591309 71
1777423945141 11.434539794921875 72
1777423958793 12.072599411010742 73
1777423977589 11.053333282470703 74
1777423984174 11.279674530029297 75
1777423999797 11.11928653717041 76
1777424015544 11.292763710021973 77
1777424028276 10.948606491088867 78
1777424034050 11.258113861083984 79
1777424040412 10.76319408416748 80
1777424056710 10.895886421203613 81
1777424063921 10.801501274108887 82
1777424073190 10.77940559387207 83
1777424082677 10.84730052947998 84
1777424088983 10.410701751708984 85
1777424092539 10.279637336730957 86
1777424105543 10.23773193359375 87
1777424109204 10.272741317749023 88
1777424118413 10.29171371459961 89
1777424125425 10.063639640808105 90
1777424128350 10.301012992858887 91
1777424132033 10.072805404663086 92
1777424135311 9.802221298217773 93
1777424146141 9.482043266296387 94
1777424150211 10.269267082214355 95
1777424162605 9.281848907470703 96
1777424176005 9.790934562683105 97
1777424179655 10.699145317077637 98
1777424186189 9.49963092803955 99
1777424201659 9.51561164855957 100
1777424218433 9.702404975891113 101
1777424233537 9.411592483520508 102
1777424247218 9.602906227111816 103
1777424256842 10.185246467590332 104
1777424279344 9.666343688964844 105
1777424286152 9.688281059265137 106
1777424293373 9.127076148986816 107
1777424299692 9.24293041229248 108
1777424306387 9.414843559265137 109
1777424315347 9.36020565032959 110
1777424319161 9.24853515625 111
1777424322346 8.796122550964355 112
1777424336865 9.436793327331543 113
1777424337948 9.400360107421875 114
1777424347643 9.531111717224121 115
1777424354002 9.24142074584961 116
1777424358466 8.941954612731934 117
1777424372543 9.013949394226074 118
1777424392765 9.318629264831543 119
1777424404302 9.243557929992676 120
1777424417677 8.571529388427734 121
1777424425796 8.856806755065918 122
1777424429671 9.436909675598145 123
1777424439388 8.949520111083984 124
1777424443493 8.533029556274414 125
1777424449970 8.797775268554688 126
1777424453665 8.79873275756836 127
1777424459515 8.937427520751953 128
1777424462464 8.71003246307373 129
1777424469297 9.31319522857666 130
1777424482440 8.703866004943848 131
1777424490557 9.177558898925781 132
1777424501902 8.829325675964355 133
1777424513870 9.004850387573242 134
