1777434239876 155.06480494907925 1
1777434240731 148.55334688216922 2
1777434241603 140.8601591079954 3
1777434242482 130.6840088132828 4
1777434243346 117.57259618365575 5
1777434244222 102.47677747938368 6
1777434245100 86.52204103015718 7
1777434246009 69.96088571699839 8
1777434246868 54.352581084720676 9
1777434247723 39.2980103628976 10
1777434248626 28.595906551300533 11
1777434249480 22.56519693647112 12
1777434250329 19.635675472683378 13
1777434251192 17.558875419980005 14
1777434252056 16.284647151402066 15
1777434252928 15.462278596181719 16
1777434253789 15.35348137749566 17
1777434254657 14.144730537656754 18
1777434255501 13.599183896988157 19
1777434256380 12.33784364670042 20
1777434257247 12.341726642184787 21
1777434258098 12.04503050910102 22
1777434258998 12.056184002709767 23
1777434259856 12.129864744156126 24
1777434260711 12.692348552885509 25
1777434261561 12.14501129029289 26
1777434262394 10.660763885861352 27
1777434263394 11.200418865869915 28
1777434264330 10.776092928931826 29
1777434265267 12.399820140051464 30
1777434266208 10.795544562264094 31
1777434267158 11.352539802732922 32
1777434268032 10.872399645003062 33
1777434268902 10.599679839421832 34
1777434269975 10.092777682107592 35
1777434270830 9.988703349279978 36
1777434271682 10.821570572020516 37
1777434272532 10.71570238083128 38
1777434273398 10.313458251953126 39
1777434274286 10.14484924134754 40
1777434275166 10.752121265350826 41
1777434276044 9.85496162838406 42
1777434276937 9.816561287168472 43
1777434277816 9.515059625534784 44
1777434278662 10.062104443141392 45
1777434279513 9.981887841603113 46
1777434280624 8.828955695742653 47
1777434281496 8.161684983874125 48
1777434282371 8.263614663623628 49
1777434283239 7.932852878267803 50
1777434284095 8.370890434204586 51
1777434284945 9.557781658475362 52
1777434285799 8.691843302287753 53
1777434286696 8.140757709079319 54
1777434287574 7.8099522424122645 55
1777434288464 7.8075271863786 56
1777434289321 7.418222142779638 57
1777434290218 7.022386302645244 58
1777434291080 7.016656418452187 59
1777434291945 7.281444255889408 60
1777434292805 7.4351521779620455 61
1777434293658 7.4948776290530255 62
1777434294518 6.863828141348702 63
1777434295372 6.688560183086093 64
1777434296238 7.0582819015260725 65
1777434297067 6.279200335911342 66
1777434297938 6.059032194955009 67
1777434298806 6.352738492451017 68
1777434299644 6.212460315038287 69
1777434300522 6.920244743710472 70
1777434301376 6.13268526924981 71
1777434303300 6.636708931695847 72
1777434304142 6.651336721390012 73
1777434305015 6.502244952368358 74
1777434305853 5.873890879797557 75
1777434306679 6.223196423242962 76
1777434307524 6.288327877105228 77
1777434308404 5.6749430156889415 78
1777434309279 5.678030731564476 79
1777434310141 5.594395807054307 80
1777434310981 5.714677569979713 81
1777434311842 5.646276022895934 82
1777434312700 5.908603992159405 83
1777434313553 6.065133082677447 84
1777434314424 5.337639687553285 85
1777434315292 5.59143182058183 86
1777434316177 5.2827848131694495 87
1777434317037 6.274590637570336 88
1777434317887 5.44221825523982 89
1777434318763 6.101851881118048 90
1777434319603 5.1901477299039325 91
1777434320441 5.165809785752069 92
1777434321289 5.166674402025011 93
1777434322139 5.609504209245954 94
1777434323020 5.165925943283808 95
1777434323885 4.788799828574771 96
1777434324784 4.698235772148011 97
1777434325649 4.7773432724059575 98
1777434326505 5.125655131869846 99
1777434327345 4.939045244549948 100
1777434328176 5.040539743029882 101
1777434329036 4.333545648484003 102
1777434329869 4.6875915724133685 103
1777434330701 4.6798958611866786 104
1777434331710 4.632029194302029 105
1777434332568 4.761077391912067 106
1777434333467 4.610278580680726 107
1777434334312 4.662049402509417 108
1777434335166 4.427043602958558 109
