1777232033963 210.44039998334833 1
1777232035876 176.21215313494102 2
1777232037995 118.67181864331931 3
1777232039963 51.803415185660754 4
1777232041821 32.82901604299027 5
1777232044189 28.58066792580695 6
1777232046152 27.589296190330153 7
1777232047995 25.02064850833583 8
1777232049840 24.019894414324362 9
1777232051694 22.716448437236096 10
1777232053525 22.980429722044665 11
1777232055353 21.037633185324125 12
1777232057202 20.454660609587414 13
1777232059058 21.053787380789252 14
1777232060955 19.24637757273781 15
1777232062802 19.50606622931638 16
1777232095074 18.479679465957933 17
1777232096888 17.720157959911607 18
1777232098706 17.634017376776452 19
1777232100521 17.147315206639878 20
1777232103269 16.445140005825102 21
1777232207528 16.74145957505872 22
1777232216865 16.066474907680167 23
1777232233301 16.23887638564128 24
1777232306486 15.009552070218314 25
1777232314770 14.886613927331235 26
1777232326211 14.514600626053985 27
1777232333600 14.613363836793392 28
1777232344171 14.332780042266535 29
1777232349644 14.582440955876725 30
1777232360628 15.04124986655864 31
1777232431340 14.460560214693933 32
1777232434967 13.12394404462492 33
1777232436831 13.499238816686637 34
1777232438665 13.562792680501417 35
1777232440565 13.117513506325931 36
1777232442533 13.005194623075997 37
1777232444422 13.320027183594073 38
1777232446451 13.733676577110625 39
1777232450523 12.376014136513366 40
1777232458033 12.786664474780732 41
1777232461191 12.39449817692784 42
1777232463603 12.368843529873846 43
1777232466025 12.753591113936402 44
1777232468455 12.229572206558325 45
1777232470873 13.490828230026363 46
1777232472752 12.784651032431972 47
