1777230243189 -2.7798035886792425 1
1777230244518 -2.6340190731215607 2
1777230245917 -2.4558330552739984 3
1777230247207 -2.2074985227878208 4
1777230248506 -1.8991553291907737 5
1777230249815 -1.5417244995106856 6
1777230251186 -1.1521326732752222 7
1777230252501 -0.7422813177004528 8
1777230253867 -0.31839801448147 9
1777230255201 0.0819183086157822 10
1777230256513 0.3969747144383097 11
1777230257813 0.6204709031017431 12
1777230259127 0.7680055311073197 13
1777230260525 0.8549314085331688 14
1777230261845 0.8843062786847059 15
1777230263125 0.9085081959300507 16
1777230264428 0.9181648730965177 17
1777230265784 0.9234637658957253 18
1777230267097 0.9205411524317775 19
1777230268360 0.9317750118743577 20
1777230269661 0.9379630431163352 21
1777230270913 0.9375813367274061 22
1777230272052 0.9357224619828184 23
1777230273312 0.9445578716673977 24
1777230274610 0.9467174308576609 25
1777230275916 0.9453861474686808 26
1777230277201 0.9502270730460124 27
1777230278483 0.9450186457146335 28
1777230279774 0.9483444758179317 29
1777230281078 0.9498649575985747 30
1777230282411 0.9524021834478098 31
1777230283720 0.9533081016347091 32
1777230285081 0.9572279425497936 33
1777230286336 0.9581187467253705 34
1777230287660 0.9546250798327587 35
1777230288964 0.9555266303895419 36
1777230290278 0.9578710902933858 37
1777230291654 0.9569263443556754 38
1777230293023 0.9600670464012826 39
1777230294357 0.9553159742114832 40
1777230295692 0.9537321945841737 41
1777230297029 0.9595357038678578 42
1777230298406 0.9564255446290478 43
1777230299817 0.960315948853871 44
1777230301690 0.958539285237113 45
1777230303536 0.9601980840487677 46
1777230306022 0.9651495032356313 47
1777230308948 0.9616450506137941 48
1777230311724 0.9600355985900468 49
1777230314540 0.95951320991696 50
1777230317975 0.9595274058078376 51
1777230320232 0.9656825115018631 52
1777230351446 0.9621093397507329 53
