1777381058569 -2.1074240131637354 1
1777381059619 -2.0458318045720048 2
1777381059993 -1.9971359505130444 3
1777381060434 -1.9521661211369836 4
1777381060817 -1.9027886844754494 5
1777381061805 -1.842709147605456 6
1777381062875 -1.7714225903152903 7
1777381063240 -1.6885792688176409 8
1777381063675 -1.5949872941842114 9
1777381064057 -1.4977161462114048 10
1777381064917 -1.4039139373645284 11
1777381065757 -1.3039906154073178 12
1777381067102 -1.1974893051363846 13
1777381067524 -1.0899762214493078 14
1777381068257 -0.9815434056062557 15
1777381068946 -0.8686234612728136 16
1777381070962 -0.7559447682301912 17
1777381072314 -0.641767167026084 18
1777381072888 -0.5236641809094502 19
1777381074240 -0.41248754019013734 20
1777381074993 -0.2925080076257276 21
1777381076264 -0.1728390824955175 22
1777381076769 -0.05576906405787252 23
1777381077200 0.06108020099524791 24
1777381077834 0.1875732332007719 25
1777381079012 0.32057382749663577 26
1777381079420 0.42170961447760225 27
1777381080087 0.514849750788882 28
1777381081004 0.6028622442824757 29
1777381081456 0.682485460789678 30
1777381081826 0.7464865968601543 31
1777381082649 0.8070649966200633 32
1777381083067 0.8274384072691799 33
1777381083709 0.8686334857170908 34
1777381084255 0.9003163808560636 35
1777381084612 0.9127794910183438 36
1777381085631 0.9170766470075047 37
1777381086251 0.9196027154981048 38
1777381086669 0.9342227466555377 39
1777381087046 0.9459429683369966 40
1777381087461 0.9342910093614655 41
1777381087888 0.9501492006399834 42
1777381088579 0.940854972113752 43
1777381089200 0.9590722040752014 44
1777381089640 0.9505934360964412 45
1777381090015 0.9408843194819972 46
1777381090863 0.9578007412360011 47
1777381091235 0.9669725678296294 48
1777381091711 0.9617559029335655 49
1777381092129 0.9514045350160824 50
1777381092614 0.959209755292747 51
1777381093198 0.9634383334438716 52
1777381093755 0.9634640955512261 53
1777381094470 0.958288982779744 54
1777381094850 0.9587923176553916 55
1777381095705 0.9703696214112745 56
1777381096102 0.958968207630846 57
1777381096490 0.960471899002223 58
1777381096879 0.9708714500968286 59
1777381097785 0.9661237858936871 60
1777381098167 0.9591884604991697 61
1777381099526 0.9663334838905236 62
1777381099897 0.9774860503481846 63
1777381100565 0.96926175813919 64
1777381101268 0.9744152613812582 65
1777381102060 0.9775940863383721 66
1777381102548 0.9677178413086803 67
1777381102979 0.9717098296513372 68
1777381103343 0.9745091156077791 69
1777381103817 0.9719261767502876 70
1777381104171 0.9718078710374896 71
1777381104803 0.9792390893255182 72
1777381105149 0.9735937122550133 73
1777381105521 0.9710061337211948 74
1777381106135 0.9766448850194918 75
1777381106485 0.9754345933373952 76
1777381106846 0.9722616895780678 77
1777381107491 0.9744061876636533 78
1777381108137 0.9808664029929504 79
1777381108656 0.9785716371963261 80
1777381109631 0.9786690001445827 81
1777381110259 0.9787160076903347 82
1777381110879 0.9784959980149355 83
1777381111360 0.9755943807259541 84
1777381111719 0.9814334858638007 85
1777381112070 0.981192098630956 86
1777381112445 0.9778502300192076 87
1777381113543 0.980643781010106 88
1777381113893 0.9782865797832871 89
1777381114260 0.9791028483416042 90
1777381114963 0.9754959430130994 91
1777381115417 0.9751736931496622 92
1777381115917 0.9805188340922928 93
1777381116911 0.9792731763823272 94
1777381117546 0.9788379876437788 95
1777381119127 0.9775798509530443 96
1777381119854 0.9826605371450582 97
1777381120240 0.9835911399073627 98
1777381120692 0.9823201176983337 99
1777381121317 0.9841909261630286 100
1777381122109 0.9820514055664171 101
1777381122469 0.9833892753357966 102
1777381122952 0.9814172513230656 103
1777381123330 0.9829579660078582 104
1777381124231 0.9819292680625931 105
1777381124745 0.9848776342969888 106
1777381125835 0.9829967298060638 107
1777381126783 0.9820564390084286 108
1777381127140 0.9874521944240485 109
1777381127714 0.9803298130601412 110
1777381128051 0.9739716960066989 111
1777381128675 0.9857477810702205 112
1777381129435 0.9794324746805044 113
