1777433455122 174.10557001598067 1
1777433456352 167.28557035385597 2
1777433457645 158.99786321363928 3
1777433458541 147.8686611830271 4
1777433459419 132.68872475489385 5
1777433460296 116.0011670194173 6
1777433461183 98.22722422846711 7
1777433462073 80.04206427509688 8
1777433462940 61.972575400415835 9
1777433463841 43.87521159196025 10
1777433464946 30.818885195308695 11
1777433465836 22.5769522537062 12
1777433466731 19.729637474106134 13
1777433467614 18.958638797650764 14
1777433468472 16.8840443822763 15
1777433469360 15.391793843159173 16
1777433470225 15.277452719692317 17
1777433471084 13.796294334592956 18
1777433471969 13.271669420145326 19
1777433472870 14.130517868556266 20
1777433473760 13.459521480361875 21
1777433474637 13.805486336661064 22
1777433475523 12.193905131802465 23
1777433476409 12.2030445859141 24
1777433477283 11.051733503001675 25
1777433478142 11.004072868032063 26
1777433479070 11.603790008694299 27
1777433480456 10.620915966751095 28
1777433481340 10.461476140010202 29
1777433482218 11.116884361622326 30
1777433483100 10.296826793834896 31
1777433483976 10.256898872666069 32
1777433484878 9.885835043013316 33
1777433485758 9.23116690773911 34
1777433486646 9.732888962682312 35
1777433487587 9.317199210592953 36
1777433488472 8.602698857571074 37
1777433489345 9.553818695823422 38
1777433490218 8.698252256353673 39
1777433491119 8.447123542390278 40
1777433491992 8.351712526923007 41
1777433492847 8.005038577632877 42
1777433494196 7.819317541414131 43
1777433495068 8.776080199530918 44
1777433495944 8.216638039734404 45
1777433496839 7.636965308160594 46
1777433497718 7.98269426690285 47
1777433498620 7.164129075032332 48
1777433499495 7.104884526103927 49
1777433500412 6.600186579273431 50
1777433501289 6.719459786555373 51
1777433502154 7.2100641136162 52
1777433503062 6.3862604662941465 53
1777433503941 7.086053634976495 54
1777433504816 7.121741880479668 55
1777433505699 6.763999858144986 56
1777433507180 6.7684560322794045 57
1777433508044 6.488506252668579 58
1777433508922 6.932158484274059 59
1777433509776 6.59127825453294 60
1777433510665 6.920595775680795 61
