1777414048782 42035.7890625 1
1777414052143 41138.6953125 2
1777414052491 40426.25 3
1777414052837 39742.75 4
1777414053198 38994.8125 5
1777414066481 38147.18359375 6
1777414066954 37118.8671875 7
1777414068038 35928.35546875 8
1777414071658 34545.20703125 9
1777414072045 33044.62890625 10
1777414072465 31370.001953125 11
1777414074724 29691.78125 12
1777414075115 28030.125 13
1777414079453 26323.095703125 14
1777414084795 24646.708984375 15
1777414088000 22730.71484375 16
1777414088319 21112.220703125 17
1777414091062 19413.287109375 18
1777414096426 17765.228515625 19
1777414096744 16008.1337890625 20
1777414099820 14161.00390625 21
1777414106021 12539.7373046875 22
1777414106405 10694.912109375 23
1777414106838 9232.056640625 24
1777414110102 7769.95654296875 25
1777414110428 6486.50146484375 26
1777414113784 5541.412109375 27
1777414114445 4488.1552734375 28
1777414120376 3737.604248046875 29
1777414120695 2839.348876953125 30
1777414123640 2529.13720703125 31
1777414123976 2204.965087890625 32
1777414124297 1629.8800048828125 33
1777414137417 1523.0712890625 34
1777414149350 1172.4036865234375 35
1777414152865 1086.1051025390625 36
1777414170832 1051.8897705078125 37
1777414179169 998.8385009765625 38
1777414192044 917.0594482421875 39
1777414198174 972.54248046875 40
1777414206242 944.0098876953125 41
1777414218777 1018.8552856445312 42
1777414224760 890.2947998046875 43
1777414228643 840.790283203125 44
1777414229076 889.0548095703125 45
1777414232917 658.1285400390625 46
1777414236384 738.2352905273438 47
1777414236712 792.1090087890625 48
1777414239961 584.6980590820312 49
1777414242894 607.9633178710938 50
1777414245964 671.7579345703125 51
1777414246272 656.8242797851562 52
1777414246578 586.5568237304688 53
1777414249817 745.7860107421875 54
1777414259672 583.8927001953125 55
1777414266272 535.3728637695312 56
1777414277684 907.5557861328125 57
1777414286148 631.8445434570312 58
1777414299172 627.9667358398438 59
1777414313526 519.124267578125 60
1777414328100 659.6665649414062 61
1777414342156 509.045654296875 62
1777414359416 770.1786499023438 63
1777414375990 634.46923828125 64
1777414383518 501.8940734863281 65
1777414396529 530.953857421875 66
1777414404704 510.9259338378906 67
1777414415160 771.2822875976562 68
1777414418713 360.8241271972656 69
1777414421954 516.2391357421875 70
1777414425660 532.5159912109375 71
1777414426043 526.6017456054688 72
1777414442688 451.68475341796875 73
1777414465162 513.26220703125 74
1777414478488 480.2619934082031 75
1777414493288 469.6389465332031 76
1777414500187 445.0841979980469 77
1777414503427 412.24859619140625 78
1777414513531 610.0735473632812 79
1777414520653 365.1279296875 80
1777414521022 620.7608642578125 81
1777414526172 385.4168395996094 82
1777414534135 367.1833801269531 83
1777414534633 503.118408203125 84
1777414535008 522.91015625 85
1777414541954 514.5392456054688 86
1777414542611 433.3563537597656 87
1777414546304 473.44781494140625 88
1777414546646 505.7599182128906 89
1777414559688 430.5914611816406 90
1777414567043 358.4035949707031 91
1777414570342 427.7834777832031 92
1777414576352 444.91473388671875 93
1777414576679 546.822021484375 94
1777414581078 330.95257568359375 95
1777414589986 413.8848571777344 96
1777414598878 520.9210815429688 97
1777414599220 518.1499633789062 98
1777414602658 460.4842834472656 99
1777414609072 400.9854736328125 100
1777414609562 466.1667785644531 101
1777414614968 445.1796875 102
1777414619936 449.71014404296875 103
1777414622865 422.9850158691406 104
1777414623179 347.3274230957031 105
1777414624925 444.6435852050781 106
1777414625363 429.9292297363281 107
1777414629650 401.1541442871094 108
1777414640226 292.635498046875 109
1777414643460 389.8775329589844 110
1777414643917 345.2166748046875 111
1777414648626 264.29510498046875 112
1777414654102 361.4972839355469 113
1777414654432 361.05511474609375 114
1777414654760 412.9980163574219 115
1777414660890 401.65618896484375 116
1777414664045 339.0721740722656 117
1777414674175 290.1385498046875 118
1777414674497 544.2147827148438 119
1777414674838 385.84454345703125 120
1777414675150 307.9418029785156 121
1777414679901 315.91351318359375 122
1777414680388 368.28240966796875 123
1777414683905 422.8973388671875 124
1777414690131 407.9773254394531 125
1777414690794 297.0647277832031 126
1777414701657 308.1288146972656 127
1777414701977 315.69854736328125 128
1777414702290 309.78875732421875 129
1777414702626 322.1733703613281 130
1777414702949 233.425537109375 131
1777414703267 380.41632080078125 132
1777414703866 343.3565368652344 133
1777414708655 409.93511962890625 134
1777414712155 375.10321044921875 135
1777414714293 265.5959777832031 136
1777414719290 307.8616638183594 137
1777414719613 259.8835754394531 138
1777414728319 243.88194274902344 139
1777414730638 257.4496154785156 140
1777414733746 215.53269958496094 141
1777414740920 309.90936279296875 142
1777414746037 278.9196472167969 143
1777414750932 274.76318359375 144
1777414751248 285.75286865234375 145
1777414751555 303.8446960449219 146
1777414751877 290.15667724609375 147
1777414755067 276.60791015625 148
1777414762376 236.0198974609375 149
1777414762729 231.04051208496094 150
1777414763091 290.5172119140625 151
1777414763452 270.90386962890625 152
1777414763764 254.40255737304688 153
1777414766410 290.66522216796875 154
1777414769759 207.6045379638672 155
1777414770084 205.276123046875 156
1777414770400 234.92770385742188 157
1777414770726 276.0439758300781 158
1777414771044 310.386474609375 159
1777414771381 244.8447265625 160
1777414771691 264.3387145996094 161
1777414772006 365.5606384277344 162
1777414774747 195.9453582763672 163
1777414775058 164.5792236328125 164
1777414779556 336.13543701171875 165
1777414781809 281.0585021972656 166
1777414788681 266.8415222167969 167
1777414798172 229.0345916748047 168
1777414798501 193.9888458251953 169
1777414803690 220.5269775390625 170
1777414806237 210.0285186767578 171
1777414815693 180.6694793701172 172
1777414818875 196.2056427001953 173
1777414821932 234.3626708984375 174
1777414828583 273.3055725097656 175
1777414828936 331.64617919921875 176
1777414832448 241.428955078125 177
1777414839420 273.8931884765625 178
1777414839974 286.59234619140625 179
1777414840769 228.72779846191406 180
1777414843919 197.84046936035156 181
1777414844337 242.30845642089844 182
1777414847581 171.31849670410156 183
