1777434100743 212.0431554660099 1
1777434101624 206.26204156681456 2
1777434102522 197.91771129874527 3
1777434103419 185.48409725571165 4
1777434104631 169.9176422636797 5
1777434105494 152.3508670586806 6
1777434106793 133.4688862430097 7
1777434108012 112.09311916396568 8
1777434108902 89.48601123994236 9
1777434109778 68.86265549890884 10
1777434110660 50.89007120117336 11
1777434111523 40.67553979055668 12
1777434112399 34.58163374563641 13
1777434113261 31.690012090790407 14
1777434114140 29.331981381894366 15
1777434115028 28.045734598323005 16
1777434115901 26.140919809099582 17
1777434116769 25.52150962281164 18
1777434117666 25.087204156832126 19
1777434118550 25.45895335885065 20
1777434119430 24.462180128876923 21
1777434120301 24.54971192418918 22
1777434121173 25.881823849779874 23
1777434122069 22.89565029346244 24
1777434122949 22.397071828532077 25
1777434123846 20.498719213102902 26
1777434124713 22.960284202015462 27
1777434125576 22.258904875265987 28
1777434126449 21.802801560835874 29
1777434127341 22.823542162251755 30
1777434128215 21.91176170800233 31
1777434129092 22.13779770033422 32
1777434129967 21.516896873834952 33
1777434130846 19.83756473010902 34
1777434131715 20.23506484610189 35
1777434132606 20.05546973896642 36
1777434133481 20.34781467423811 37
1777434134356 18.50334616795719 38
1777434135233 18.86929010929014 39
1777434136105 18.09669505186648 40
1777434136950 19.02021874699957 41
1777434137837 19.372482547844992 42
1777434138714 17.424628562394677 43
1777434139605 18.647101260570583 44
1777434140476 17.306178568293674 45
1777434141382 16.044474887804125 46
1777434142249 18.331240040565827 47
1777434143121 17.114249063232023 48
1777434144024 15.457575794166862 49
1777434144974 15.908392504669974 50
1777434145844 15.992857580731433 51
1777434146714 15.460464360845426 52
1777434147610 17.056632040040697 53
1777434148493 16.180851192558894 54
1777434149355 17.1823177803284 55
1777434150242 16.47326115634146 56
1777434151094 15.510824491239026 57
1777434152006 15.54624331074111 58
1777434152866 13.534007497064932 59
1777434153729 14.461350485755426 60
1777434154629 13.952806458131732 61
1777434155679 15.085560521345469 62
1777434156569 13.439401542275363 63
1777434157428 14.796920844351996 64
1777434158314 14.325382532452076 65
1777434159181 14.566448375648443 66
