1777309506198 -1.4760957343263903 1
1777309508038 -0.6916485591720878 2
1777309509896 0.32519883544596795 3
1777309511821 0.8466960888789101 4
1777309513685 0.9294545359962807 5
1777309515531 0.9453365166377262 6
1777309517384 0.9523350329616616 7
1777309519236 0.957940006090517 8
1777309521096 0.9573191184525601 9
1777309522939 0.9621807702540888 10
1777309524777 0.9652963652865933 11
1777309526614 0.9639745094117893 12
1777309528468 0.9646618810015359 13
1777309530301 0.9663653103216852 14
1777309532145 0.9661429085181666 15
1777309533998 0.9707004082870692 16
1777309535837 0.9723158846114515 17
1777309537676 0.9756490231272024 18
1777309539522 0.9743822335131128 19
1777309541364 0.977000517362911 20
1777309543231 0.9785633637194545 21
1777309545075 0.9776440565513742 22
1777309546928 0.981190920256515 23
1777309548772 0.9803359881894732 24
1777309550612 0.9829198468433817 25
1777309552458 0.9840938069358115 26
1777309554318 0.9841331152821156 27
1777309556158 0.9850533757678782 28
1777309558009 0.9859387556620683 29
1777309559859 0.9855562750639668 30
1777309561692 0.9864166629894189 31
1777309563540 0.9863402289412926 32
1777309565396 0.9873595447532951 33
1777309567227 0.9877687674154194 34
1777309569077 0.95128991118117 35
1777309570922 0.9865802047514454 36
1777309572761 0.9877387942990019 37
1777309574614 0.988389979284243 38
1777309576453 0.9888778362893363 39
1777309578293 0.9868119229271528 40
1777309580145 0.9892868366640715 41
1777309581987 0.9891068472533465 42
1777309583821 0.9896744476684732 43
1777309585691 0.9907443034615715 44
1777309587532 0.990654758616949 45
1777309589381 0.9898351906725642 46
1777309591223 0.989944304564187 47
1777309593055 0.990460821197874 48
1777309594894 0.9897462401846864 49
1777309596747 0.9904900744210998 50
1777309598580 0.9901734833429675 51
1777309600412 0.9901989323088607 52
1777309602255 0.9906433259208567 53
1777309604109 0.9903220701525648 54
1777309605963 0.9908525530120847 55
1777309607804 0.9897602849499203 56
1777309609641 0.9907333172195762 57
1777309611480 0.9909586702184923 58
