1777398072856 157.69047270275297 1
1777398074804 155.8390119280134 2
1777398083381 153.99855143229166 3
1777398086880 152.34395839146205 4
1777398090388 150.6433387393043 5
1777398090713 148.86549130394346 6
1777398094195 146.9730247860863 7
1777398099215 144.98854123070126 8
1777398100900 142.84023902529762 9
1777398107951 140.47714727492558 10
1777398108310 137.90824236188615 11
1777398115109 135.0550279889788 12
1777398116900 131.86520007905506 13
1777398120908 128.4408405122303 14
1777398123175 124.54040367489769 15
1777398137862 120.49097943987165 16
1777398283386 116.32030131022135 17
1777398287648 111.61475495837983 18
1777398288668 107.38673618861607 19
1777398289975 102.85699164980934 20
1777398290287 98.4253284635998 21
1777398296071 93.73793287731353 22
1777398299488 89.30751226515997 23
1777398302716 84.82464977446057 24
1777398303048 79.7516591389974 25
1777398303368 74.97809622628348 26
1777398305192 70.342087663923 27
1777398307023 65.92127187819708 28
1777398309988 60.9175783429827 29
1777398313185 56.59479046776181 30
1777398316340 51.727289109002974 31
1777398319212 47.80931113106864 32
1777398319520 44.025086248488655 33
1777398319840 40.6143626440139 34
1777398320163 37.28139234270368 35
1777398320497 33.987612896873834 36
1777398322122 31.620162491571335 37
1777398322438 29.92996052333287 38
1777398325455 27.008416675385973 39
1777398328671 24.52490297953288 40
1777398329001 22.472232718694777 41
1777398329328 22.049901290166947 42
1777398336353 19.98087522415888 43
1777398339213 18.523453667050315 44
1777398341032 18.076487132481166 45
1777398342691 18.67209287370954 46
1777398346989 18.964315468924386 47
1777398350231 16.686953353881837 48
1777398353342 16.954725383576893 49
1777398356278 16.629345793951124 50
1777398358394 15.052918007260278 51
1777398360191 14.621826426188152 52
1777398360528 16.012943376813617 53
1777398360863 15.208037421816872 54
1777398364412 13.818284152802967 55
1777398366411 13.488995760963077 56
1777398367934 14.631833921160016 57
1777398368279 14.542276146298363 58
1777398372015 12.684599721999396 59
1777398372355 15.66357897803897 60
1777398372679 12.719536717732748 61
1777398376243 12.225257891700382 62
1777398376562 13.565404383341471 63
1777398378574 13.805154854910715 64
1777398385638 13.34010750906808 65
1777398390927 13.810368892124721 66
1777398392796 11.40575427100772 67
1777398393122 11.001688312348865 68
1777398398698 14.742791566394624 69
1777398399030 13.10985852196103 70
1777398399340 12.319025802612305 71
1777398399660 11.824262046813965 72
1777398400003 11.570964976719447 73
1777398403311 12.189673396519252 74
1777398407011 12.504614166986375 75
1777398408890 11.691156478155227 76
1777398413768 12.03801670074463 77
1777398414090 12.324350484212239 78
1777398414409 11.190171486990792 79
1777398414738 12.448504911150252 80
1777398416658 11.139512734186082 81
1777398421476 11.980777240934826 82
1777398426538 11.416173607962472 83
1777398428278 10.234667496454149 84
1777398431340 11.375588099161783 85
1777398436205 13.380268678211031 86
1777398436524 10.21533221290225 87
1777398436864 9.94805421375093 88
1777398437203 10.427411542619978 89
1777398437546 10.397784087771461 90
1777398437882 10.663403974260603 91
1777398442621 12.315272848946707 92
1777398446085 13.492981011526926 93
1777398452325 9.933740815662203 94
1777398457259 10.682527106148855 95
1777398458709 9.936446289789108 96
1777398463907 10.018636921473911 97
1777398464276 11.288082704089938 98
1777398464657 11.204224613734654 99
1777398464990 11.320172773088728 100
1777398465333 12.327191688900902 101
1777398465710 13.217928014482771 102
1777398466046 10.268975575764975 103
1777398466377 10.301735033307757 104
1777398466767 11.61526144118536 105
1777398467098 10.778453935895648 106
1777398467440 10.947229258219402 107
1777398467771 9.862864857628232 108
1777398469615 12.485298756190709 109
1777398471415 9.461720194135394 110
1777398473535 9.916890462239584 111
1777398475328 12.840682865324474 112
1777398482302 11.805489640008835 113
1777398486162 11.712239438011533 114
1777398491206 12.494989703950427 115
1777398496513 10.785299410138812 116
1777398501498 12.550649570283436 117
1777398507821 10.322261674063546 118
1777398509706 10.891240310668945 119
1777398514602 9.125759742373512 120
1777398514937 8.588303911118281 121
1777398515256 10.719534828549339 122
1777398518668 11.251632299877349 123
1777398525246 10.99632461184547 124
1777398527141 10.582996459234328 125
1777398530769 11.307455062866211 126
1777398532665 9.262129433949788 127
1777398536218 8.965324292864118 128
1777398541419 11.395655077979677 129
1777398560001 8.957855987548829 130
1777398588377 9.569435373942058 131
1777398591856 9.231828108287992 132
1777398593572 10.191034607660203 133
1777398595506 11.657365508306594 134
1777398598994 9.478423254830497 135
1777398607297 9.453351266043526 136
1777398612919 9.184007027035667 137
1777398616595 10.095470610119047 138
1777398619937 8.851556836991083 139
1777398621742 8.94975932893299 140
1777398623723 9.02887403397333 141
1777398627144 8.415183421543666 142
1777398627544 9.936523546491351 143
1777398631107 8.193708619617281 144
1777398634813 10.568396722702753 145
1777398636642 10.326720376241775 146
1777398640199 9.640897464752197 147
1777398642150 10.356897099812825 148
1777398644097 9.411280532110306 149
1777398650458 10.141601108369374 150
1777398652311 10.691948136829195 151
1777398659145 8.624217814490908 152
1777398661332 9.008995037987118 153
1777398663227 8.99187122526623 154
1777398666835 7.821440796625047 155
1777398672189 8.896025884719123 156
1777398680618 9.04985849289667 157
1777398687149 9.311572329203289 158
1777398690370 9.50768943060012 159
1777398691985 9.14413312730335 160
1777398698069 9.308212334769113 161
1777398703185 9.61246062687465 162
1777398709289 7.696544374738421 163
1777398714918 9.95274422055199 164
1777398716752 7.35622920081729 165
1777398724703 8.340128744216193 166
1777398728912 7.177426510765439 167
1777398736727 7.626550774347215 168
1777398740292 7.656337538219634 169
1777398748778 8.532592664446149 170
1777398753656 9.562940851847332 171
1777398758417 8.849295843215216 172
1777398760339 7.582951545715332 173
1777398767693 9.226051939101445 174
1777398772075 8.60431177048456 175
1777398778247 7.849621822720482 176
1777398780688 9.62799296152024 177
1777398787099 7.894566408793131 178
1777398794142 8.067108608427501 179
1777398799856 6.820336637042818 180
1777398805543 8.118929908389138 181
1777398814549 8.682467578706287 182
1777398818211 7.5795583815801715 183
1777398825217 8.54578818366641 184
1777398829426 8.383699980236235 185
1777398832267 7.69980057307652 186
1777398835469 7.354330694107782 187
1777398850615 8.0344089053926 188
1777398853478 7.016396322704497 189
1777398855946 9.563214220319475 190
1777398856277 9.291607893080938 191
1777398861698 8.525803770337786 192
1777398965775 7.56671317872547 193
1777399127732 7.322682108197894 194
1777399139381 8.174125417073567 195
1777399143752 8.387279483250209 196
1777399148369 6.8894166855585 197
1777399148697 9.224657994224911 198
1777399150390 7.053102238972982 199
1777399152168 7.288870139349075 200
1777399155870 6.457962054298037 201
1777399159734 6.595999463399251 202
1777399161556 5.9877436683291485 203
1777399164502 6.718026406424386 204
1777399170860 6.938786806379046 205
1777399179680 8.058432351975213 206
1777399181394 7.690997046516055 207
1777399181755 7.28684325445266 208
1777399184437 7.1991291545686265 209
1777399186436 7.3228088923863 210
1777399197142 6.5561458769298735 211
1777399201485 6.3873624529157365 212
1777399206364 6.680447905404227 213
1777399212869 5.755625733875093 214
1777399214670 6.853146035330636 215
1777399216753 7.5818602607363745 216
1777399220580 6.759301258268811 217
1777399227659 6.456019601367768 218
1777399227997 6.450290516444615 219
1777399233313 7.117724345979236 220
1777399235246 6.34011789049421 221
1777399237137 6.90737243833996 222
1777399238905 5.893930616832915 223
1777399240442 7.843918582371303 224
1777399242079 6.093851850146339 225
1777399244101 6.579925282796224 226
1777399247705 7.344336100987026 227
1777399249479 6.327466574169341 228
1777399249834 6.288657206580752 229
1777399250164 6.334729912167504 230
