1777433805348 48618.0703125 1
1777433805666 47615.42578125 2
1777433805984 46868.796875 3
1777433806301 46142.08203125 4
1777433806598 45362.75 5
1777433807163 44518.4140625 6
1777433807503 43578.49609375 7
1777433807836 42518.7421875 8
1777433808175 41157.6953125 9
1777433808509 39685.59375 10
1777433808835 37937.96484375 11
1777433809164 36133.359375 12
1777433809490 34398.828125 13
1777433809802 32253.26953125 14
1777433810252 30049.208984375 15
1777433810565 28117.43359375 16
1777433810875 25958.232421875 17
1777433811194 24072.61328125 18
1777433811495 22093.849609375 19
1777433811789 20115.75 20
1777433812078 18296.341796875 21
1777433812372 16453.95703125 22
1777433812701 14667.8291015625 23
1777433813033 12926.169921875 24
1777433813364 10842.3359375 25
1777433813710 9302.6826171875 26
1777433814050 7923.2353515625 27
1777433814392 6657.322265625 28
1777433814746 5517.5673828125 29
1777433815117 4574.701171875 30
1777433815451 3676.53955078125 31
1777433815816 3137.891357421875 32
1777433816169 2419.380859375 33
1777433816538 2012.8680419921875 34
1777433816869 1579.66943359375 35
1777433817226 1524.75537109375 36
1777433817588 1334.0380859375 37
1777433817939 1314.9014892578125 38
1777433818315 1280.88818359375 39
1777433818632 1116.2183837890625 40
1777433818952 1059.4791259765625 41
1777433819267 1083.189453125 42
1777433819595 791.1123046875 43
1777433819914 758.5870971679688 44
1777433820280 925.851318359375 45
1777433820639 809.836181640625 46
1777433820978 669.9910888671875 47
1777433821320 640.1436157226562 48
1777433821667 877.8641357421875 49
1777433822012 694.29833984375 50
1777433822365 654.6404418945312 51
1777433822684 735.0860595703125 52
1777433822993 659.3378295898438 53
1777433823321 698.58056640625 54
1777433823626 516.299560546875 55
1777433823916 545.653076171875 56
1777433824216 641.218017578125 57
1777433824532 610.8192138671875 58
1777433825416 629.2647705078125 59
1777433825747 539.26416015625 60
1777433826089 626.170654296875 61
1777433826466 432.9070739746094 62
1777433826793 666.8248291015625 63
1777433827125 439.27520751953125 64
1777433827433 508.4881286621094 65
1777433827722 397.9417724609375 66
1777433828055 641.9985961914062 67
1777433828353 521.433837890625 68
1777433828662 653.7504272460938 69
1777433829005 502.99505615234375 70
1777433829344 380.58209228515625 71
1777433829658 412.61578369140625 72
1777433829969 439.6730651855469 73
1777433830285 460.32708740234375 74
1777433830594 501.7537536621094 75
1777433830956 569.2042846679688 76
1777433831257 410.6217346191406 77
1777433831569 411.9114685058594 78
1777433831891 463.9894104003906 79
1777433832210 396.2986145019531 80
1777433832521 416.09869384765625 81
1777433832885 481.35455322265625 82
1777433833199 371.2460632324219 83
1777433833524 359.9828186035156 84
1777433833843 421.9360046386719 85
1777433834150 436.4450988769531 86
1777433834441 442.48272705078125 87
1777433834792 393.4294128417969 88
1777433835129 474.2720642089844 89
1777433835471 350.4164123535156 90
1777433835803 299.1318359375 91
1777433836111 394.0304870605469 92
1777433836427 334.94134521484375 93
1777433836733 440.95648193359375 94
1777433837030 341.6489562988281 95
1777433837361 374.5592956542969 96
1777433837680 352.45440673828125 97
1777433837977 364.3625793457031 98
