1777432423698 40962.6484375 1
1777432424791 40035.484375 2
1777432426312 39308.04296875 3
1777432426902 38615.08984375 4
1777432427756 37866.05078125 5
1777432428080 37081.11328125 6
1777432429711 36190.703125 7
1777432430032 35161.43359375 8
1777432430444 33928.8203125 9
1777432431472 32540.3671875 10
1777432432121 31046.947265625 11
1777432432427 29411.865234375 12
1777432433833 27541.556640625 13
1777432434530 25710.693359375 14
1777432435164 23806.330078125 15
1777432436597 22296.986328125 16
1777432436907 20248.794921875 17
1777432437212 18578.240234375 18
1777432438543 16598.2109375 19
1777432439721 14710.2783203125 20
1777432440381 13181.1455078125 21
1777432441407 11449.98046875 22
1777432441901 9992.837890625 23
1777432443124 8924.8037109375 24
1777432444257 7195.525390625 25
1777432445375 6550.90380859375 26
1777432446570 5336.68994140625 27
1777432447732 4540.2314453125 28
1777432448867 3923.481201171875 29
1777432450261 3226.0556640625 30
1777432452229 2800.6123046875 31
1777432453418 2338.994384765625 32
1777432454418 2070.7041015625 33
1777432455626 1749.90380859375 34
1777432456561 1601.3297119140625 35
1777432457493 1332.760986328125 36
1777432458363 1178.81494140625 37
1777432459144 1036.02197265625 38
1777432460680 964.2459716796875 39
1777432461554 984.356201171875 40
1777432462001 786.4286499023438 41
1777432462427 939.10595703125 42
1777432463116 884.641845703125 43
1777432463418 1004.5243530273438 44
1777432464043 717.0489501953125 45
1777432464574 775.0403442382812 46
1777432465133 634.7985229492188 47
1777432465702 665.7156372070312 48
1777432466560 765.980224609375 49
1777432466938 743.2302856445312 50
1777432469279 663.051513671875 51
1777432469765 620.6463623046875 52
1777432470782 656.3883666992188 53
1777432471826 767.0234985351562 54
1777432472705 484.9724426269531 55
1777432473020 782.2422485351562 56
1777432474142 507.62158203125 57
1777432474426 563.4995727539062 58
1777432474703 734.2992553710938 59
1777432475300 500.6556396484375 60
1777432476344 575.6898193359375 61
1777432476925 708.3616333007812 62
1777432478365 476.9031982421875 63
1777432479264 571.8629760742188 64
1777432479696 544.490234375 65
1777432479988 508.06585693359375 66
1777432480308 552.5758666992188 67
1777432481419 575.1841430664062 68
1777432481995 496.4895324707031 69
1777432482554 561.9114990234375 70
1777432483159 584.1135864257812 71
1777432483444 510.3351135253906 72
1777432483728 469.6652526855469 73
1777432484020 525.524169921875 74
1777432484312 543.9395751953125 75
1777432484842 620.1556396484375 76
1777432485143 587.6173095703125 77
1777432485456 566.048828125 78
1777432486013 713.3104248046875 79
1777432486284 425.3138732910156 80
1777432486575 475.5718688964844 81
1777432486863 607.5214233398438 82
1777432487170 666.9567260742188 83
1777432487458 480.2352294921875 84
1777432488031 537.927001953125 85
1777432488323 542.487060546875 86
1777432488600 494.4299621582031 87
1777432489260 490.1424255371094 88
1777432489930 388.8116760253906 89
1777432490616 612.70263671875 90
1777432491224 488.7022399902344 91
1777432491714 543.9303588867188 92
1777432491997 452.6212158203125 93
1777432492500 503.4224853515625 94
1777432492796 623.9517822265625 95
1777432493078 390.1526794433594 96
1777432494029 434.8170166015625 97
1777432494327 480.3692932128906 98
1777432494621 465.2658386230469 99
1777432494905 374.0922546386719 100
1777432495490 425.9635314941406 101
1777432495940 357.4649963378906 102
1777432496387 529.9127807617188 103
1777432496919 411.53839111328125 104
1777432497325 454.4320068359375 105
1777432497598 334.66766357421875 106
1777432498029 558.0674438476562 107
1777432498302 465.5948791503906 108
1777432498619 376.1910705566406 109
1777432498938 346.2653503417969 110
1777432499244 307.84368896484375 111
1777432499564 353.0042419433594 112
1777432499856 362.4534912109375 113
1777432500134 473.3724670410156 114
1777432500400 466.0138854980469 115
1777432500668 521.223388671875 116
1777432500941 440.3460998535156 117
1777432501218 388.02935791015625 118
1777432501490 468.4941101074219 119
1777432501765 455.3409729003906 120
1777432502036 372.2450866699219 121
1777432502324 402.1112365722656 122
1777432502594 365.8248291015625 123
1777432502898 308.42291259765625 124
1777432503191 354.2258605957031 125
1777432503469 407.4328918457031 126
1777432503739 326.38763427734375 127
1777432504012 423.0463562011719 128
1777432504297 392.3896484375 129
1777432504569 293.2541809082031 130
1777432504852 384.620361328125 131
1777432505119 299.9532775878906 132
1777432505392 412.1530456542969 133
1777432505660 423.52392578125 134
1777432505932 264.41802978515625 135
1777432506242 375.65960693359375 136
1777432506507 340.4587097167969 137
1777432506773 413.9627990722656 138
1777432507041 362.7434387207031 139
1777432507306 349.05609130859375 140
1777432507584 358.2189025878906 141
1777432507850 348.1243591308594 142
1777432508117 310.7349853515625 143
1777432508386 345.819091796875 144
1777432508650 438.5799255371094 145
1777432508914 326.0451965332031 146
1777432509187 439.7419738769531 147
1777432509451 330.5458068847656 148
1777432509721 360.2943420410156 149
1777432509991 399.92181396484375 150
1777432510258 340.8509216308594 151
1777432510525 395.688232421875 152
1777432510788 326.8512878417969 153
1777432511056 296.20452880859375 154
1777432511333 354.8050537109375 155
1777432511594 313.4057922363281 156
1777432511862 400.4125061035156 157
1777432512128 381.2796936035156 158
1777432512402 280.07611083984375 159
1777432512683 396.55230712890625 160
