1777432423698 -1.7932846135574456 1
1777432424791 -1.73006050004473 2
1777432426312 -1.6804554315687716 3
1777432426902 -1.6332021413927755 4
1777432427756 -1.5821244716616802 5
1777432428080 -1.5285989067681047 6
1777432429711 -1.4678809755017275 7
1777432430032 -1.3976939096816472 8
1777432430444 -1.3136408499263457 9
1777432431472 -1.2189607071992992 10
1777432432121 -1.1171231149139693 11
1777432432427 -1.0056249471316665 12
1777432433833 -0.8780868003459557 13
1777432434530 -0.7532383021151068 14
1777432435164 -0.6233779264702755 15
1777432436597 -0.5204541391866337 16
1777432436907 -0.3807859469353738 17
1777432437212 -0.2668690370405489 18
1777432438543 -0.1318489555977438 19
1777432439721 -0.003108860951859027 20
1777432440381 0.10116429667703553 21
1777432441407 0.2192140870963345 22
1777432441901 0.3185782042999632 23
1777432443124 0.3914085650190797 24
1777432444257 0.5093297894569868 25
1777432445375 0.5532872210520607 26
1777432446570 0.636085687858216 27
1777432447732 0.6903970121618679 28
1777432448867 0.7324538220984032 29
1777432450261 0.7800119829476996 30
1777432452229 0.8090233892773027 31
1777432453418 0.8405015831276575 32
1777432454418 0.8587965762913796 33
1777432455626 0.880672274944883 34
1777432456561 0.8908036944594311 35
1777432457493 0.9091176707442189 36
1777432458363 0.9196154140274443 37
1777432459144 0.9293526092968061 38
1777432460680 0.9342470855240375 39
1777432461554 0.9328757509738732 40
1777432462001 0.9463726305853923 41
1777432462427 0.9359614045304979 42
1777432463116 0.9396753746325194 43
1777432463418 0.9315004584222691 44
1777432464043 0.9511037020578588 45
1777432464574 0.9471492116063059 46
1777432465133 0.9567124436754374 47
1777432465702 0.9546041742806538 48
1777432466560 0.9477670303412684 49
1777432466938 0.9493183709117252 50
1777432469279 0.9547858444864884 51
1777432469765 0.9576774911721045 52
1777432470782 0.9552402077293219 53
1777432471826 0.9476958864093517 54
1777432472705 0.9669292364156593 55
1777432473020 0.9466581043644037 56
1777432474142 0.9653847682211675 57
1777432474426 0.9615743896416871 58
1777432474703 0.9499273867140193 59
1777432475300 0.9658597815711827 60
1777432476344 0.960743123889765 61
1777432476925 0.9516961013734158 62
1777432478365 0.9674794830259961 63
1777432479264 0.9610040813744517 64
1777432479696 0.9628706557248227 65
1777432479988 0.9653544701285571 66
1777432480308 0.9623192877155993 67
1777432481419 0.9607776075392638 68
1777432481995 0.9661438700085896 69
1777432482554 0.9616826834715853 70
1777432483159 0.9601687008223025 71
1777432483444 0.9651997290543578 72
1777432483728 0.9679730485963285 73
1777432484020 0.9641639714302368 74
1777432484312 0.9629082089848484 75
1777432484842 0.9577109550005853 76
1777432485143 0.959929778574837 77
1777432485456 0.961400555821735 78
1777432486013 0.9513586370174288 79
1777432486284 0.9709974140789123 80
1777432486575 0.9675702700315578 81
1777432486863 0.9585724957376556 82
1777432487170 0.9545195443573637 83
1777432487458 0.9672522684068474 84
1777432488031 0.9633182100133962 85
1777432488323 0.9630072533932743 86
1777432488600 0.9662843188545402 87
1777432489260 0.9665766903781987 88
1777432489930 0.9734865337342208 89
1777432490616 0.9582191835659973 90
1777432491224 0.9666748976201173 91
1777432491714 0.9629088355912949 92
1777432491997 0.9691352995428442 93
1777432492500 0.9656711096091047 94
1777432492796 0.9574520929690353 95
1777432493078 0.9733950897755111 96
1777432494029 0.970349386317375 97
1777432494327 0.9672431281922935 98
1777432494621 0.9682730459070896 99
1777432494905 0.9744902680864902 100
1777432495490 0.9709531127494635 101
1777432495940 0.975624098498515 102
1777432496387 0.9638647072356676 103
1777432496919 0.9719367783218807 104
1777432497325 0.9690118200198761 105
1777432497598 0.9771786710390639 106
1777432498029 0.9619448129893822 107
1777432498302 0.9682506124202794 108
1777432498619 0.9743471481298857 109
1777432498938 0.9763878125238973 110
1777432499244 0.9790078265834239 111
1777432499564 0.9759282816805319 112
1777432499856 0.9752839273041541 113
1777432500134 0.9677202496797863 114
1777432500400 0.9682220396736962 115
1777432500668 0.9644572486158441 116
1777432500941 0.9699723518911398 117
1777432501218 0.973539883688043 118
1777432501490 0.9680529092073947 119
1777432501765 0.9689498367190444 120
1777432502036 0.974616228666562 121
1777432502324 0.9725796257985452 122
1777432502594 0.9750540337706272 123
1777432502898 0.9789683288139195 124
1777432503191 0.9758449765784132 125
1777432503469 0.9722167369494163 126
1777432503739 0.9777432923778592 127
1777432504012 0.9711520387328225 128
1777432504297 0.9732425500501772 129
1777432504569 0.9800026987711329 130
1777432504852 0.9737723470690608 131
1777432505119 0.9795458798398777 132
1777432505392 0.971894864185412 133
1777432505660 0.971119472955686 134
1777432505932 0.9819690631738683 135
1777432506242 0.97438338982905 136
1777432506507 0.9767837745238035 137
1777432506773 0.9717714556947536 138
1777432507041 0.9752641549533712 139
1777432507306 0.976197509355564 140
1777432507584 0.9755726888643581 141
1777432507850 0.9762610452197367 142
1777432508117 0.9788106662603347 143
1777432508386 0.9764182447948742 144
1777432508650 0.9700927897091313 145
1777432508914 0.9777666442515739 146
1777432509187 0.9700135480939068 147
1777432509451 0.9774597458886093 148
1777432509721 0.9754311620609858 149
1777432509991 0.972728925566095 150
1777432510258 0.9767570283223272 151
1777432510525 0.9730176160939893 152
1777432510788 0.9777116771962256 153
1777432511056 0.9798015111697698 154
1777432511333 0.9758054820382425 155
1777432511594 0.9786285394182235 156
1777432511862 0.9726954642744825 157
1777432512128 0.9740001502231875 158
1777432512402 0.9809013247160453 159
1777432512683 0.9729586947930801 160
