1777432423698 162.1597442626953 1
1777432424791 159.26840209960938 2
1777432426312 156.99441528320312 3
1777432426902 154.77069091796875 4
1777432427756 152.39276123046875 5
1777432428080 149.87579345703125 6
1777432429711 147.19981384277344 7
1777432430032 144.35511779785156 8
1777432430444 141.34991455078125 9
1777432431472 137.94065856933594 10
1777432432121 134.1549835205078 11
1777432432427 130.08511352539062 12
1777432433833 125.37040710449219 13
1777432434530 120.04534912109375 14
1777432435164 114.66775512695312 15
1777432436597 109.22576141357422 16
1777432436907 103.42466735839844 17
1777432437212 97.60559844970703 18
1777432438543 91.24769592285156 19
1777432439721 84.46389770507812 20
1777432440381 78.84862518310547 21
1777432441407 72.78812408447266 22
1777432441901 67.35189056396484 23
1777432443124 61.95182800292969 24
1777432444257 56.09016799926758 25
1777432445375 52.46204376220703 26
1777432446570 47.17399215698242 27
1777432447732 43.07616424560547 28
1777432448867 39.996883392333984 29
1777432450261 36.05258560180664 30
1777432452229 34.37703323364258 31
1777432453418 30.949302673339844 32
1777432454418 29.79816246032715 33
1777432455626 27.66547203063965 34
1777432456561 27.053218841552734 35
1777432457493 24.204666137695312 36
1777432458363 23.696651458740234 37
1777432459144 22.4560546875 38
1777432460680 21.57598114013672 39
1777432461554 21.92627716064453 40
1777432462001 19.601804733276367 41
1777432462427 21.22978973388672 42
1777432463116 20.952890396118164 43
1777432463418 22.626436233520508 44
1777432464043 18.899093627929688 45
1777432464574 19.554706573486328 46
1777432465133 17.798490524291992 47
1777432465702 18.133737564086914 48
1777432466560 20.069042205810547 49
1777432466938 19.500160217285156 50
1777432469279 18.097238540649414 51
1777432469765 18.205123901367188 52
1777432470782 18.320362091064453 53
1777432471826 19.22770118713379 54
1777432472705 15.705750465393066 55
1777432473020 20.526798248291016 56
1777432474142 16.384586334228516 57
1777432474426 17.118993759155273 58
1777432474703 19.36458396911621 59
1777432475300 16.13140296936035 60
1777432476344 17.176042556762695 61
1777432476925 18.470365524291992 62
1777432478365 15.606317520141602 63
1777432479264 17.508432388305664 64
1777432479696 16.862346649169922 65
1777432479988 16.210445404052734 66
1777432480308 16.808794021606445 67
1777432481419 17.345077514648438 68
1777432481995 15.976420402526855 69
1777432482554 16.969205856323242 70
1777432483159 17.25489044189453 71
1777432483444 16.480079650878906 72
1777432483728 15.794503211975098 73
1777432484020 16.324913024902344 74
1777432484312 16.74265480041504 75
1777432484842 17.72491455078125 76
1777432485143 17.612659454345703 77
1777432485456 17.19154167175293 78
1777432486013 19.060474395751953 79
1777432486284 14.479039192199707 80
1777432486575 15.67225170135498 81
1777432486863 17.56488609313965 82
1777432487170 18.47123146057129 83
1777432487458 15.952128410339355 84
1777432488031 16.452566146850586 85
1777432488323 16.976957321166992 86
1777432488600 15.588354110717773 87
1777432489260 15.659908294677734 88
1777432489930 14.505054473876953 89
1777432490616 17.423734664916992 90
1777432491224 15.785346031188965 91
1777432491714 16.136737823486328 92
1777432491997 15.360416412353516 93
1777432492500 15.7781982421875 94
1777432492796 17.05816078186035 95
1777432493078 13.846768379211426 96
1777432494029 15.104223251342773 97
1777432494327 15.560482025146484 98
1777432494621 14.764653205871582 99
1777432494905 13.909029960632324 100
1777432495490 14.237866401672363 101
1777432495940 13.738357543945312 102
1777432496387 16.69951820373535 103
1777432496919 14.342622756958008 104
1777432497325 15.562759399414062 105
1777432497598 12.975886344909668 106
1777432498029 16.853172302246094 107
1777432498302 15.277734756469727 108
1777432498619 13.923626899719238 109
1777432498938 13.089850425720215 110
1777432499244 12.412640571594238 111
1777432499564 13.315072059631348 112
1777432499856 13.698262214660645 113
1777432500134 15.359437942504883 114
1777432500400 15.544116973876953 115
1777432500668 15.744717597961426 116
1777432500941 14.592231750488281 117
1777432501218 14.154766082763672 118
1777432501490 15.541041374206543 119
1777432501765 15.233442306518555 120
1777432502036 14.070252418518066 121
1777432502324 14.604354858398438 122
1777432502594 13.962267875671387 123
1777432502898 12.973154067993164 124
1777432503191 13.64554500579834 125
1777432503469 14.469112396240234 126
1777432503739 13.270273208618164 127
1777432504012 13.578664779663086 128
1777432504297 14.047093391418457 129
1777432504569 12.391337394714355 130
1777432504852 14.36135482788086 131
1777432505119 12.137184143066406 132
1777432505392 14.274218559265137 133
1777432505660 14.291571617126465 134
1777432505932 11.825888633728027 135
1777432506242 13.628899574279785 136
1777432506507 13.04871654510498 137
1777432506773 14.374723434448242 138
1777432507041 13.277715682983398 139
1777432507306 13.338239669799805 140
1777432507584 13.554454803466797 141
1777432507850 13.257835388183594 142
1777432508117 12.764543533325195 143
1777432508386 13.451451301574707 144
1777432508650 15.008672714233398 145
1777432508914 12.987369537353516 146
1777432509187 14.398517608642578 147
1777432509451 13.2457857131958 148
1777432509721 13.549553871154785 149
1777432509991 14.241246223449707 150
1777432510258 12.906232833862305 151
1777432510525 14.376660346984863 152
1777432510788 12.845985412597656 153
1777432511056 13.024779319763184 154
1777432511333 13.238423347473145 155
1777432511594 12.096325874328613 156
1777432511862 14.264878273010254 157
1777432512128 14.032556533813477 158
1777432512402 11.957571029663086 159
1777432512683 14.245553016662598 160
