1777437649075 157.76041793823242 1
1777437650251 148.3583526611328 2
1777437651323 135.81735610961914 3
1777437652360 117.22007942199707 4
1777437653419 95.83147621154785 5
1777437654932 73.90884780883789 6
1777437656585 53.70933818817139 7
1777437657792 36.377570152282715 8
1777437659117 28.351780891418457 9
1777437661178 24.176296710968018 10
1777437665693 21.11509418487549 11
1777437680422 19.964287281036377 12
1777437682393 18.651776790618896 13
1777437684115 18.231462955474854 14
1777437685503 17.640962600708008 15
1777437686539 16.91384744644165 16
1777437689303 16.957523345947266 17
1777437690308 16.652196884155273 18
1777437691301 16.622711658477783 19
1777437692855 16.809541702270508 20
1777437694040 15.5101900100708 21
1777437695316 14.744575023651123 22
1777437697242 15.684789180755615 23
1777437698242 14.732768297195435 24
1777437699226 14.255546569824219 25
1777437700238 14.815624952316284 26
1777437701254 15.182938814163208 27
1777437702272 14.332348108291626 28
1777437703883 15.122012853622437 29
1777437704876 13.606323957443237 30
1777437706713 13.53427004814148 31
1777437707709 13.414751768112183 32
1777437708865 13.096433877944946 33
1777437709850 12.379639625549316 34
1777437711524 13.453704833984375 35
1777437712889 12.78206992149353 36
1777437714831 12.46256399154663 37
1777437715822 13.00509262084961 38
1777437716812 12.948384284973145 39
1777437717844 12.641896963119507 40
1777437718890 12.18267822265625 41
1777437720347 12.433912754058838 42
1777437722373 12.40852165222168 43
1777437723384 12.286590576171875 44
1777437724458 10.931342363357544 45
1777437726113 11.903423309326172 46
1777437727163 12.33070707321167 47
1777437728216 11.864497661590576 48
1777437729259 11.27184772491455 49
1777437730807 12.179166555404663 50
1777437732071 12.77800965309143 51
1777437734716 11.309378385543823 52
1777437735739 11.143128156661987 53
1777437736753 11.287750244140625 54
1777437738731 10.99887990951538 55
1777437740300 11.210958242416382 56
1777437741896 11.155915975570679 57
1777437743416 10.71059250831604 58
1777437744595 10.986322164535522 59
1777437745972 10.43601679801941 60
1777437746991 10.30520749092102 61
1777437748037 10.078471660614014 62
1777437749190 10.760103225708008 63
1777437751478 10.562248468399048 64
1777437753071 10.700578451156616 65
1777437754182 10.650900840759277 66
1777437755959 10.109786748886108 67
1777437757071 9.954147577285767 68
1777437759671 10.365511178970337 69
1777437760754 9.82632040977478 70
1777437761887 9.74820065498352 71
1777437763019 9.32494044303894 72
1777437765356 9.766775846481323 73
1777437766430 10.25029706954956 74
1777437767550 9.906021118164062 75
1777437769902 9.804061651229858 76
1777437771024 9.068778276443481 77
1777437772130 9.83668041229248 78
1777437773494 10.248173713684082 79
