1777437649075 199.19638438537265 1
1777437650251 191.57641491228742 2
1777437651323 178.95169381899586 3
1777437652360 159.50562354613916 4
1777437653419 137.12595455281541 5
1777437654932 111.46491814059706 6
1777437656585 85.00652476101334 7
1777437657792 58.18099613567013 8
1777437659117 43.20986315883315 9
1777437661178 35.695108552445795 10
1777437665693 30.329824794449188 11
1777437680422 28.605230377535815 12
1777437682393 26.356543932887863 13
1777437684115 25.574850422521926 14
1777437685503 24.402033365028224 15
1777437686539 23.68558688304373 16
1777437689303 23.76733569416801 17
1777437690308 23.021721038214917 18
1777437691301 23.26645042317692 19
1777437692855 23.40781421712463 20
1777437694040 21.789908375315044 21
1777437695316 20.623029522892132 22
1777437697242 22.204882286936627 23
1777437698242 20.549834492483072 24
1777437699226 20.154017878426632 25
1777437700238 20.680347024458744 26
1777437701254 21.13606714146033 27
1777437702272 20.218639479615728 28
1777437703883 21.09778768346516 29
1777437704876 19.03920689837191 30
1777437706713 18.938854231271062 31
1777437707709 18.579949641625923 32
1777437708865 18.269331894632767 33
1777437709850 17.477939167186655 34
1777437711524 18.51008869018546 35
1777437712889 17.621644625127566 36
1777437714831 17.54817565024898 37
1777437715822 18.03495126503138 38
1777437716812 18.163435648292538 39
1777437717844 17.726940536838036 40
1777437718890 17.214645708451165 41
1777437720347 17.28523975365656 42
1777437722373 17.19487157003927 43
1777437723384 16.974103103862678 44
1777437724458 15.213980459479872 45
1777437726113 16.958245397736903 46
1777437727163 17.196220061902494 47
1777437728216 16.384702139907358 48
1777437729259 15.53475970024804 49
1777437730807 16.80317068675348 50
1777437732071 17.579905522122417 51
1777437734716 15.719343754364036 52
1777437735739 15.294391312266661 53
1777437736753 15.816301475621371 54
1777437738731 15.41965000372291 55
1777437740300 15.410785411549725 56
1777437741896 15.537213263601062 57
1777437743416 14.7903415740299 58
1777437744595 15.226425614583464 59
1777437745972 14.466288570917161 60
1777437746991 14.174689040262455 61
1777437748037 14.079097679177544 62
1777437749190 14.835903828534915 63
1777437751478 14.602593891571484 64
1777437753071 15.021196937605447 65
1777437754182 14.937197927828036 66
1777437755959 13.844881987250105 67
1777437757071 13.76497632326768 68
1777437759671 14.148675900171861 69
1777437760754 13.727067269985158 70
1777437761887 13.439124012877592 71
1777437763019 12.710577238313682 72
1777437765356 13.40277736063579 73
1777437766430 13.974309544861077 74
1777437767550 13.71516436575752 75
1777437769902 13.597893088319369 76
1777437771024 12.247266269674743 77
1777437772130 13.574136675559016 78
1777437773494 14.146830859553646 79
