1777437649075 39679.2021484375 1
1777437650251 36701.5263671875 2
1777437651323 32023.75244140625 3
1777437652360 25442.18603515625 4
1777437653419 18803.5458984375 5
1777437654932 12424.471923828125 6
1777437656585 7226.1612548828125 7
1777437657792 3385.4370727539062 8
1777437659117 1867.1261291503906 9
1777437661178 1274.95654296875 10
1777437665693 919.9326629638672 11
1777437680422 818.4503326416016 12
1777437682393 694.6961364746094 13
1777437684115 654.2619476318359 14
1777437685503 595.5755004882812 15
1777437686539 561.0850372314453 16
1777437689303 565.1034393310547 17
1777437690308 530.1233673095703 18
1777437691301 541.6401977539062 19
1777437692855 548.125732421875 20
1777437694040 475.02874755859375 21
1777437695316 425.9678497314453 22
1777437697242 493.1534194946289 23
1777437698242 422.4702911376953 24
1777437699226 406.58983612060547 25
1777437700238 427.7926254272461 26
1777437701254 446.85040283203125 27
1777437702272 408.9519271850586 28
1777437703883 445.31292724609375 29
1777437704876 362.6121292114258 30
1777437706713 358.7854766845703 31
1777437707709 345.3520812988281 32
1777437708865 334.4393005371094 33
1777437709850 305.7450714111328 34
1777437711524 342.80590057373047 35
1777437712889 310.92198944091797 36
1777437714831 308.1371078491211 37
1777437715822 325.28316497802734 38
1777437716812 329.9923400878906 39
1777437717844 314.3298797607422 40
1777437718890 296.58773040771484 41
1777437720347 298.8213348388672 42
1777437722373 295.71453857421875 43
1777437723384 288.5880584716797 44
1777437724458 231.54878997802734 45
1777437726113 287.8625183105469 46
1777437727163 296.0242156982422 47
1777437728216 268.57167053222656 48
1777437729259 241.44753646850586 49
1777437730807 282.37317657470703 50
1777437732071 309.19725036621094 51
1777437734716 247.38848495483398 52
1777437735739 233.9874382019043 53
1777437736753 250.26928329467773 54
1777437738731 237.9389305114746 55
1777437740300 237.59993743896484 56
1777437741896 241.50709533691406 57
1777437743416 218.8657989501953 58
1777437744595 231.9698028564453 59
1777437745972 209.39262771606445 60
1777437746991 200.99790573120117 61
1777437748037 198.37579727172852 62
1777437749190 220.2429962158203 63
1777437751478 213.28175354003906 64
1777437753071 225.66697311401367 65
1777437754182 223.17543029785156 66
1777437755959 191.8494987487793 67
1777437757071 189.6031379699707 68
1777437759671 200.26388549804688 69
1777437760754 188.5029640197754 70
1777437761887 180.6125144958496 71
1777437763019 161.55942153930664 72
1777437765356 179.71435546875 73
1777437766430 195.32422256469727 74
1777437767550 188.17861938476562 75
1777437769902 185.14325332641602 76
1777437771024 150.07238388061523 77
1777437772130 184.27599334716797 78
1777437773494 200.34666061401367 79
