1777405231351 205.32674037372726 1
1777405234187 203.86692388970312 2
1777405239791 202.38881013719606 3
1777405240142 201.11035527789215 4
1777405240482 199.80269564622995 5
1777405240824 198.36235782022757 6
1777405241454 196.7752326577204 7
1777405242036 194.979135502366 8
1777405242642 192.83802505276287 9
1777405242995 190.45664696985506 10
1777405243390 187.581076221057 11
1777405243782 184.4695732024661 12
1777405246342 181.09305705216863 13
1777405249584 177.4618356858736 14
1777405255014 173.21300222738765 15
1777405255389 169.2189606416048 16
1777405255760 164.7383223289287 17
1777405259036 160.46928858234836 18
1777405265089 156.34803799336595 19
1777405265470 151.7828295419149 20
1777405268626 147.5342849454831 21
1777405269004 143.00752547943063 22
1777405280391 137.6010708079701 23
1777405289757 132.9844989204569 24
1777405292395 128.23756488203836 25
1777405295234 122.06232398860838 26
1777405295896 116.34551687484567 27
1777405296626 110.89713614285763 28
1777405297137 104.49798143983452 29
1777405297665 97.96060572208351 30
1777405298157 91.30339298357154 31
1777405306351 85.97913480079775 32
1777405314878 79.52799600415881 33
1777405320260 73.33394294254197 34
1777405323681 67.76895203096326 35
1777405327265 60.15503651373466 36
1777405330374 55.52021819937535 37
1777405337212 51.70133062011678 38
1777405340086 47.28530581993073 39
1777405343435 45.503278341716765 40
1777405347000 43.25771161605538 41
1777405350447 40.341312680539566 42
1777405350961 37.927984159745094 43
1777405360186 35.81148933728794 44
1777405363065 35.96932863620146 45
1777405372958 35.42194909288678 46
1777405379295 33.492882726922375 47
1777405384615 31.880773642233713 48
1777405389820 32.47338528630985 49
1777405390209 29.79771277335624 50
1777405390564 32.100378910098165 51
1777405398284 28.355630994249296 52
1777405403656 31.961813076188083 53
1777405412569 27.704256313265184 54
1777405415258 26.925202928378738 55
1777405418008 27.12548152654391 56
1777405418357 26.087326117951893 57
1777405421545 24.710318765965464 58
1777405421929 27.122615867646438 59
1777405422324 26.794804493624554 60
1777405422702 25.686930926254234 61
1777405427630 27.339668222129063 62
1777405433066 21.72287857005007 63
1777405435534 26.133423245852715 64
1777405435868 25.84978225586787 65
1777405438435 24.47572463056827 66
1777405438736 25.081803419869328 67
1777405439053 24.51938780675343 68
1777405441771 23.467578355823566 69
1777405444334 22.647511784720688 70
1777405447199 26.012018800360586 71
1777405447577 22.393323502776447 72
1777405452432 23.736694463688494 73
1777405452797 24.797606026559045 74
1777405461825 25.179471764511735 75
1777405474260 26.859869241744157 76
1777405474621 27.72707210189619 77
1777405474968 21.26788510904925 78
1777405477502 25.304090520512933 79
1777405477819 21.111034585022118 80
1777405480893 23.459332279416945 81
1777405483717 23.884036605855464 82
1777405484043 24.163725294688888 83
1777405487243 28.175274077388092 84
1777405487772 23.10141718757139 85
1777405494792 23.82473592701895 86
1777405495135 25.105756535712455 87
1777405495471 21.471360404663535 88
1777405499046 23.61739553952367 89
1777405499400 22.038987725856845 90
1777405502738 22.243717292403602 91
1777405506453 19.99039686441655 92
1777405515623 20.285312333912312 93
1777405515976 19.31596111405709 94
1777405516592 21.172206524157147 95
1777405519739 22.284340407393216 96
1777405525145 20.21953032931975 97
1777405533897 21.21975170799197 98
1777405534232 20.32370634384342 99
1777405537100 22.249765459174647 100
1777405538923 20.04704702040381 101
1777405545243 22.331085243759706 102
1777405548453 22.19958957602032 103
1777405548802 19.68392514666949 104
1777405551666 20.085176291001904 105
1777405557386 20.10417282288874 106
1777405557732 22.584575473459896 107
1777405558079 21.71277739370156 108
1777405560888 19.305513470037436 109
1777405561224 18.56034371024896 110
1777405563978 21.820092221632493 111
1777405567092 20.315533126907322 112
1777405567410 21.854608240990903 113
1777405567846 21.981979619190707 114
1777405568181 23.35449363713277 115
1777405568497 22.579652981384935 116
1777405569088 22.86617054452043 117
1777405571923 21.368928459696452 118
1777405572257 18.58989012588773 119
1777405583965 19.33915929598261 120
1777405587357 23.037031796313844 121
1777405587729 22.15249701002794 122
1777405588073 19.274961463107957 123
1777405588394 22.303653106487538 124
1777405593206 21.895733756562745 125
1777405597622 18.733596340156833 126
1777405597939 22.327550946084525 127
1777405598264 22.158380704582605 128
1777405602982 19.04604502395937 129
1777405613261 23.05860665392236 130
1777405615786 18.396099406903407 131
1777405621962 17.00026927061561 132
1777405622294 17.940972925721848 133
1777405624736 23.052196154783037 134
1777405631607 19.499125925672523 135
1777405635002 19.533041324103642 136
1777405635352 20.006469443159585 137
1777405635696 18.642635316995825 138
1777405638210 18.425718726706513 139
1777405638561 19.715424609409173 140
1777405641303 19.061885235988594 141
1777405643546 17.644417529935726 142
1777405643887 20.101653589960733 143
1777405644211 20.075711947651524 144
1777405646714 18.49196388357614 145
1777405647067 20.219232992685455 146
1777405647412 20.227587694905147 147
1777405651403 17.958585780140268 148
1777405651827 15.989897399535003 149
1777405653520 20.535230184026123 150
1777405657024 20.16252324859168 151
1777405663723 19.056699777151458 152
1777405664080 17.39441940439564 153
1777405664654 18.837044859351032 154
1777405673845 16.815106384866407 155
1777405680140 17.935977246449557 156
1777405690013 18.59841229625277 157
1777405690364 18.989995631437917 158
1777405691537 17.136183157090713 159
1777405694967 18.83420220905474 160
1777405695288 15.548148404978717 161
1777405700395 17.53007843400433 162
1777405701263 17.94769401508128 163
1777405701724 15.854704611729456 164
1777405704292 15.427776780428175 165
1777405705211 17.247147918659625 166
1777405711958 16.209887014156475 167
1777405712312 16.423514911279366 168
1777405715719 16.32339195755588 169
1777405717785 18.956921378854283 170
1777405721153 16.733497803222992 171
1777405726629 14.902570546275523 172
1777405730383 17.915814519918133 173
1777405730710 18.4201611731951 174
1777405731042 18.470555973989555 175
1777405731356 16.89368269184011 176
1777405732091 18.5123373597578 177
1777405735349 16.818192323123736 178
1777405735692 16.16661769164752 179
1777405736100 15.989488963823039 180
1777405736525 17.492012162754552 181
1777405743147 15.659941887096087 182
1777405753109 16.080612242321205 183
1777405754153 18.11291100751107 184
1777405754650 17.37789080605548 185
1777405755002 17.36927404666652 186
1777405755723 16.765614078514616 187
1777405756667 15.877081787098621 188
1777405759649 15.687677997931909 189
1777405765458 14.73685451449682 190
1777405778201 16.892030613345085 191
1777405778554 20.05230967472365 192
1777405778899 15.29668796569135 193
1777405784742 17.847888366432176 194
1777405787299 15.350556085808575 195
1777405787616 17.06506820186708 196
1777405787947 16.27391756973121 197
1777405788274 14.619457792359405 198
1777405788616 15.872030626267449 199
1777405788949 15.394909877036316 200
1777405789268 17.62522076407617 201
1777405789595 18.112326354358704 202
1777405789922 17.36015992402981 203
1777405790252 13.825704347627568 204
1777405790568 13.763103552948357 205
1777405790875 14.840729544667566 206
1777405793623 16.422205782824594 207
1777405793944 18.481091708349425 208
1777405796585 16.622902644664208 209
1777405799062 14.491465194263915 210
1777405802012 16.675568504879752 211
1777405808278 14.413031911835953 212
1777405808631 14.971440401977391 213
1777405811856 16.68044403290169 214
1777405817940 15.319721869989289 215
1777405824628 15.278466842987408 216
1777405824951 14.182125737338797 217
1777405827706 13.975646499119796 218
1777405828024 18.586003178740615 219
1777405828339 14.115006143728737 220
1777405836205 14.801421968350077 221
1777405838759 15.481330210385922 222
1777405847660 13.065836941072819 223
1777405858363 13.78813127609808 224
1777405871042 15.14054840666901 225
1777405877841 15.484476006387261 226
1777405890291 15.842564886489093 227
1777405897008 14.20400377163183 228
1777405897356 15.290493593600486 229
1777405905086 16.012251931382497 230
1777405908175 15.515409623693975 231
1777405908511 13.511590573799385 232
1777405908835 13.704423310074699 233
1777405913703 12.52229091561886 234
1777405916219 14.82295315332093 235
1777405919142 13.474033390401853 236
1777405922558 13.731652242735748 237
1777405923033 13.21641920386402 238
1777405925261 16.175779835033747 239
1777405925605 14.453502951139345 240
1777405930002 14.65540667549757 241
1777405932562 14.404223119514562 242
1777405935835 14.521195278099096 243
1777405938354 14.706315864905099 244
1777405938705 14.995000387498953 245
1777405942278 13.238529638603659 246
1777405942613 15.570709881877125 247
1777405949191 14.516826469046942 248
1777405949521 12.725615277057825 249
1777405955198 13.2030348554615 250
1777405955517 13.154828572448514 251
1777405955870 17.220744659591798 252
1777405967460 13.41680023569156 253
1777405970972 15.571275312836905 254
1777405977916 12.757336469226736 255
1777405985029 13.413213881863847 256
1777405994918 13.977022115486434 257
1777406004573 14.47073304529401 258
1777406010947 13.236789667740732 259
1777406011299 13.743364987395111 260
1777406014794 12.922228659572367 261
1777406018188 14.582695705461523 262
1777406023423 12.682975375671232 263
1777406027370 13.813473766403481 264
1777406028499 13.966400153652806 265
1777406028953 13.113295795158749 266
1777406035959 13.698975372980684 267
1777406036878 14.033393815031824 268
1777406037199 13.451326008491458 269
1777406037524 12.98820429958408 270
