1777369817087 190.79530334472656 1
1777369818273 181.38343811035156 2
1777369819506 167.77345275878906 3
1777369820645 149.22842407226562 4
1777369821805 127.84647369384766 5
1777369822985 103.271728515625 6
1777369824646 77.41093444824219 7
1777369825807 53.5494384765625 8
1777369826986 37.40741729736328 9
1777369828201 28.908254623413086 10
1777369829429 24.281858444213867 11
1777369830674 21.826313018798828 12
1777369832349 19.96784782409668 13
1777369833583 21.088375091552734 14
1777369834812 19.6932430267334 15
1777369836035 18.277807235717773 16
1777369837258 17.962656021118164 17
1777369838501 16.81721305847168 18
1777369839704 17.145034790039062 19
1777369840902 16.487150192260742 20
1777369842065 16.66526222229004 21
1777369843210 16.675447463989258 22
1777369844345 16.393342971801758 23
1777369845518 16.0612735748291 24
1777369846743 15.735834121704102 25
1777369848196 15.88586711883545 26
1777369849432 15.86639404296875 27
1777369850643 15.577920913696289 28
1777369851780 15.350848197937012 29
1777369852969 15.017423629760742 30
1777369854195 14.369902610778809 31
1777369855422 14.235719680786133 32
1777369856662 14.00783920288086 33
1777369857904 14.424732208251953 34
1777369859121 13.816433906555176 35
1777369860590 13.592483520507812 36
1777369861823 13.4639253616333 37
1777369863057 20.980619430541992 38
1777369864200 14.909845352172852 39
1777369865339 14.290034294128418 40
1777369866480 13.6972017288208 41
1777369867623 13.475275039672852 42
1777369868759 13.647624015808105 43
1777369869977 13.24484920501709 44
1777369871161 12.60464859008789 45
1777369872375 12.95563793182373 46
1777369873611 13.023528099060059 47
1777369874843 12.598970413208008 48
1777369876044 12.782002449035645 49
