1777149190188 181.00405883789062 1
1777149191401 177.5935516357422 2
1777149192043 174.2637939453125 3
1777149192695 170.2276153564453 4
1777149193331 165.5453643798828 5
1777149193995 160.3053436279297 6
1777149197717 154.17222595214844 7
1777149198739 146.95233154296875 8
1777149224854 139.2488250732422 9
1777149308098 130.937255859375 10
1777149309140 121.99671173095703 11
1777149309859 112.30841064453125 12
1777149310580 101.7985610961914 13
1777149311307 90.52244567871094 14
1777149312037 79.6530990600586 15
1777149313021 69.05127716064453 16
1777149314058 58.48641586303711 17
1777149314800 49.5899772644043 18
1777149315574 41.205257415771484 19
1777149316304 35.60997772216797 20
1777149317015 30.634096145629883 21
1777149317734 25.646865844726562 22
1777149318446 23.66231918334961 23
1777149319151 23.270761489868164 24
1777149319860 23.11121940612793 25
1777149320864 20.537254333496094 26
1777149321584 21.791048049926758 27
1777149322336 20.080827713012695 28
1777149323048 18.61723518371582 29
1777149323753 18.961637496948242 30
1777149324452 18.653175354003906 31
1777149325188 18.355939865112305 32
1777149325882 16.686002731323242 33
1777149326571 18.849262237548828 34
1777149327268 17.426076889038086 35
1777149328249 17.07440757751465 36
1777149328955 16.388229370117188 37
1777149329664 16.95098114013672 38
1777149330373 16.35169219970703 39
1777149331086 16.4803409576416 40
1777149331792 15.57081127166748 41
1777149332610 14.24864387512207 42
1777149347197 15.162772178649902 43
1777149347938 15.392975807189941 44
1777149348663 16.20509147644043 45
1777149349372 15.062435150146484 46
1777149350092 14.733046531677246 47
1777149350822 14.11686897277832 48
1777149351546 13.754515647888184 49
1777149352267 14.80521011352539 50
1777149352999 14.099580764770508 51
1777149353820 13.469571113586426 52
1777149354573 14.410746574401855 53
1777149355283 13.624785423278809 54
1777149355991 15.220040321350098 55
1777149356664 13.720646858215332 56
1777149357352 15.073342323303223 57
1777149358038 14.50927734375 58
1777149358711 14.523415565490723 59
1777149359377 13.559370040893555 60
1777149360048 13.39417552947998 61
1777149360965 13.28884220123291 62
1777149361645 13.996591567993164 63
1777149362334 12.845183372497559 64
1777149363017 13.331912994384766 65
1777149367170 13.484148025512695 66
1777149368120 12.816509246826172 67
1777149426368 12.596373558044434 68
1777149426997 13.418960571289062 69
1777149427633 12.19605827331543 70
1777149428269 12.59885025024414 71
1777149434884 13.808577537536621 72
