1777256950614 217.86902814226286 1
1777256952728 206.7817803981637 2
1777256954898 188.50086572250308 3
1777256957288 159.47601057090316 4
1777256960013 122.26894312422257 5
1777256980871 84.83129505498492 6
1777256991792 56.95339663497249 7
1777257048811 43.950807791804934 8
1777257050993 38.21619912757514 9
1777257053041 34.875455550233724 10
1777257054862 33.83084914794081 11
1777257058373 32.23732686074873 12
1777257061218 31.59983385430449 13
1777257063894 30.927097627676886 14
1777257065952 30.09302020236454 15
1777257069003 29.174160236310048 16
1777257073664 29.585940236670286 17
1777257077256 28.635603046289948 18
1777257083147 27.32000048557469 19
1777257116131 27.251076836295077 20
1777257118489 26.127620992366353 21
1777257120843 26.695476579949553 22
1777257123163 27.40527441639499 23
1777257125532 25.4997178732093 24
1777257127847 25.13725077445654 25
1777257130106 25.273971712428644 26
1777257132351 25.37081271068623 27
1777257134815 23.591981330529045 28
1777257137348 24.033323203961196 29
1777257139715 23.271395732762763 30
1777257142183 23.481963992750188 31
1777257158911 22.161683493564805 32
1777257161400 22.29371255485713 33
1777257163955 21.88249527196212 34
1777257166779 21.47011274722537 35
1777257172627 21.226905856455016 36
1777257182829 20.970976555863736 37
1777257218990 21.027937077490677 38
1777257221327 20.347735143450695 39
1777257223721 20.20534392960741 40
1777257226554 19.644056893324468 41
1777257230707 19.814447179097993 42
1777257235376 19.72764669461862 43
1777257239982 20.320187226619367 44
1777257246467 20.045297626623775 45
1777257251467 19.77597025971901 46
1777257255294 19.860131727428435 47
1777257259255 19.963524047638373 48
1777257265917 19.302885860802625 49
1777257270742 18.984108761585993 50
1777257277511 19.078115390195602 51
