1777428899546 48768.16015625 1
1777428899842 48116.81640625 2
1777428900118 47462.05078125 3
1777428900392 46932.6796875 4
1777428900666 46390.30859375 5
1777428900939 45792.18359375 6
1777428901209 45126.5 7
1777428901477 44387.234375 8
1777428901751 43583.6484375 9
1777428902019 42683.203125 10
1777428902295 41642.3359375 11
1777428902570 40531.6015625 12
1777428902842 39233.015625 13
1777428903116 37822.04296875 14
1777428903388 36403.23046875 15
1777428903666 34996.08984375 16
1777428903939 33536.6328125 17
1777428904215 31864.0234375 18
1777428904487 30307.267578125 19
1777428904761 28791.671875 20
1777428905034 27173.79296875 21
1777428905315 25488.748046875 22
1777428905590 23821.86328125 23
1777428905864 22134.671875 24
1777428906137 20437.830078125 25
1777428906411 18962.07421875 26
1777428906683 17430.90625 27
1777428906957 16001.94140625 28
1777428907234 14644.2314453125 29
1777428907519 13302.64453125 30
1777428907805 11787.4658203125 31
1777428908088 10325.11328125 32
1777428908376 8941.8056640625 33
1777428908655 7657.3955078125 34
1777428908943 6460.060546875 35
1777428909233 5659.72998046875 36
1777428909516 4484.59326171875 37
1777428909806 3707.835693359375 38
1777428910098 3171.92333984375 39
1777428910375 2691.880859375 40
1777428910649 2218.948974609375 41
1777428910925 1959.1385498046875 42
1777428911201 1775.640380859375 43
1777428911476 1583.5128173828125 44
1777428911750 1329.8775634765625 45
1777428912027 1311.1038818359375 46
1777428912300 1192.7769775390625 47
1777428912575 929.6446533203125 48
1777428912849 1036.9908447265625 49
1777428913139 1038.606689453125 50
1777428913415 1077.2899169921875 51
1777428913691 867.8408203125 52
1777428913964 840.6370239257812 53
1777428914238 854.60400390625 54
1777428914516 738.6969604492188 55
1777428914792 735.2103271484375 56
1777428915068 796.2295532226562 57
1777428915343 776.16552734375 58
1777428915623 743.4837036132812 59
1777428915909 794.2120361328125 60
1777428916191 795.26025390625 61
1777428916468 709.3756713867188 62
1777428916747 683.8759765625 63
1777428917021 673.0303955078125 64
1777428917330 674.666259765625 65
1777428917686 561.9603881835938 66
1777428917986 604.8717041015625 67
1777428918286 686.1753540039062 68
1777428918583 721.5659790039062 69
1777428918877 713.7039184570312 70
1777428919194 607.9329833984375 71
1777428919516 588.6575927734375 72
1777428919812 515.7633666992188 73
1777428920127 719.9757690429688 74
1777428920404 585.9443969726562 75
1777428920679 592.265869140625 76
1777428920958 631.0300903320312 77
1777428921239 612.71484375 78
1777428921514 544.23486328125 79
1777428921789 612.2007446289062 80
1777428922065 449.03228759765625 81
1777428922343 660.5407104492188 82
1777428922618 583.54833984375 83
1777428922895 608.7778930664062 84
1777428923169 536.918212890625 85
1777428923445 507.32281494140625 86
1777428923722 452.078857421875 87
1777428923997 469.7467346191406 88
1777428924284 502.1053466796875 89
1777428924565 549.6033325195312 90
1777428924842 522.5899047851562 91
1777428925117 640.40234375 92
1777428925393 380.2945861816406 93
1777428925675 610.0416870117188 94
1777428925955 527.9105224609375 95
1777428926252 595.0275268554688 96
1777428926594 457.45587158203125 97
1777428926881 478.2103271484375 98
1777428927162 424.19329833984375 99
1777428927448 445.92529296875 100
1777428927734 388.41424560546875 101
1777428928018 383.5169982910156 102
1777428928304 576.5684814453125 103
1777428928606 526.741943359375 104
1777428928953 492.4759521484375 105
1777428929289 395.24969482421875 106
1777428929664 507.6609191894531 107
1777428930019 401.8429870605469 108
