1777380644468 51318.7109375 1
1777380679065 50190.46484375 2
1777380679407 49338.02734375 3
1777380680039 48509.625 4
1777380680378 47591.2265625 5
1777380680740 46560.82421875 6
1777380681088 45400.69140625 7
1777380681432 44066.07421875 8
1777380681789 42602.98046875 9
1777380682128 40932.2265625 10
1777380682719 39259.86328125 11
1777380683063 37581.82421875 12
1777380683724 35922.88671875 13
1777380684241 34149.58203125 14
1777380684607 32419.99609375 15
1777380684984 30581.6796875 16
1777380685370 28846.091796875 17
1777380685740 26880.70703125 18
1777380686120 25136.4140625 19
1777380686512 23414.41015625 20
1777380687387 21327.7421875 21
1777380688513 19460.587890625 22
1777380688881 17859.416015625 23
1777380689253 15765.9443359375 24
1777380689838 14151.2236328125 25
1777380690211 12251.865234375 26
1777380690833 10565.38671875 27
1777380691195 9244.240234375 28
1777380691931 7666.03564453125 29
1777380692577 6733.0556640625 30
1777380692931 5328.43408203125 31
1777380693297 4446.61279296875 32
1777380694089 3626.6591796875 33
1777380694434 3198.027099609375 34
1777380695322 2490.408935546875 35
1777380695901 2062.18798828125 36
1777380696258 1793.25439453125 37
1777380696665 1690.2623291015625 38
1777380697369 1424.5042724609375 39
1777380697728 1334.4571533203125 40
1777380698526 1196.2322998046875 41
1777380699001 1001.7401123046875 42
1777380699340 961.9364013671875 43
1777380700317 1178.4530029296875 44
1777380700698 958.6133422851562 45
1777380701654 856.1022338867188 46
1777380702023 815.1959838867188 47
1777380702391 840.0423583984375 48
1777380702738 789.807861328125 49
1777380703485 740.7418823242188 50
1777380703850 621.7328491210938 51
1777380704265 709.762451171875 52
1777380704934 729.97314453125 53
1777380705273 629.6741943359375 54
1777380705933 794.4306030273438 55
1777380707073 566.3200073242188 56
1777380707606 659.6310424804688 57
1777380708017 681.6689453125 58
1777380708687 521.3693237304688 59
1777380709754 717.1412963867188 60
1777380710219 677.5321044921875 61
1777380710577 509.6017761230469 62
1777380710947 519.3110961914062 63
1777380711309 489.3714599609375 64
1777380711962 460.1927795410156 65
1777380712318 534.6280517578125 66
1777380712678 529.7866821289062 67
1777380713038 628.02197265625 68
1777380713374 649.90576171875 69
1777380714539 471.52880859375 70
1777380714898 566.1226196289062 71
1777380715256 447.4056091308594 72
1777380715613 544.3418579101562 73
1777380715957 488.6616516113281 74
1777380716943 555.826904296875 75
1777380717324 437.87359619140625 76
1777380717699 441.9912109375 77
1777380718363 520.61669921875 78
1777380719925 540.5067749023438 79
1777380720273 476.21435546875 80
1777380721014 585.5577392578125 81
1777380721357 493.70703125 82
1777380721701 441.981689453125 83
1777380722729 578.4406127929688 84
1777380723072 394.4574279785156 85
1777380724267 538.3977661132812 86
1777380724930 519.5653686523438 87
