1777383951975 41994.484375 1
1777383952872 41013.3125 2
1777383953720 40000.9765625 3
1777383954562 38809.35546875 4
1777383955399 37333.513020833336 5
1777383956245 35370.36328125 6
1777383957072 32916.915364583336 7
1777383957909 30003.564453125 8
1777383958749 26596.254557291668 9
1777383959577 23496.030598958332 10
1777383960419 20646.195963541668 11
1777383961269 17666.129557291668 12
1777383962100 14770.484049479166 13
1777383963264 12147.352213541666 14
1777383964442 9571.995768229166 15
1777383965327 7381.47607421875 16
1777383966155 5362.20361328125 17
1777383967004 3945.0487467447915 18
1777383967860 2739.0667317708335 19
1777383968713 2059.199015299479 20
1777383969555 1531.4360758463542 21
1777383970406 1244.8030192057292 22
1777383971279 1090.0100504557292 23
1777383972275 989.3087768554688 24
1777383973108 937.8819580078125 25
1777383973968 881.2118937174479 26
1777383974824 843.5405680338541 27
1777383975686 859.6093139648438 28
1777383976547 751.2818196614584 29
1777383977397 691.3230794270834 30
1777383978232 653.9278361002604 31
1777383979081 617.4577229817709 32
1777383979934 694.066650390625 33
1777383980773 577.5656127929688 34
1777383981626 628.1570434570312 35
1777383982467 584.4454549153646 36
1777383983329 566.5777994791666 37
1777383984603 568.5530598958334 38
1777383985467 719.0645141601562 39
1777383986324 594.9625040690104 40
1777383987161 613.176025390625 41
1777383987991 565.2975870768229 42
1777383988841 602.8245646158854 43
1777383989690 596.0692749023438 44
1777383990544 518.1630655924479 45
1777383991390 527.4261474609375 46
1777383992245 603.0379028320312 47
1777383993152 476.1240539550781 48
1777384001374 458.7931315104167 49
1777384002223 549.1614176432291 50
1777384003071 454.48255411783856 51
1777384003929 498.2433268229167 52
1777384004780 485.94769287109375 53
1777384005656 532.2366739908854 54
1777384006511 400.50440470377606 55
1777384007394 470.99082438151044 56
1777384008266 390.4656066894531 57
1777384009134 495.3526306152344 58
1777384010019 496.9198506673177 59
1777384010900 475.7145589192708 60
1777384011765 436.34471638997394 61
1777384012659 468.100830078125 62
1777384013560 474.89561971028644 63
1777384014469 382.99676513671875 64
1777384022720 416.28094482421875 65
1777384026965 441.90369669596356 66
1777384027820 376.7696533203125 67
1777384028695 432.9787190755208 68
1777384029570 427.80462646484375 69
1777384030559 385.3488260904948 70
1777384036718 426.6051330566406 71
1777384049245 328.81664021809894 72
1777384053681 387.78517659505206 73
1777384054560 387.92026774088544 74
1777384055697 356.54595947265625 75
1777384107161 336.9601135253906 76
1777384108009 343.79527791341144 77
1777384108859 336.3240661621094 78
1777384109714 320.99029541015625 79
1777384110572 365.9081217447917 80
1777384111435 369.45921834309894 81
1777384112439 346.93853759765625 82
1777384127201 342.3486328125 83
1777384128078 336.5746561686198 84
1777384128969 349.27086385091144 85
1777384129835 331.1957702636719 86
1777384130711 345.25474039713544 87
1777384131590 332.517333984375 88
1777384132444 325.1949971516927 89
1777384133326 318.2234191894531 90
1777384134193 330.5441487630208 91
1777384135041 280.55859375 92
1777384135892 310.54457600911456 93
1777384136744 356.89551798502606 94
1777384137615 304.7393290201823 95
1777384138474 277.9611307779948 96
1777384139317 320.7484842936198 97
1777384140157 256.4344787597656 98
1777384141006 298.0397440592448 99
1777384141854 259.54034423828125 100
1777384142697 299.2932942708333 101
1777384143539 271.16064453125 102
1777384144412 263.8915506998698 103
1777384145285 281.7250467936198 104
1777384146128 296.3603820800781 105
1777384146996 271.5842590332031 106
1777384147854 272.78306070963544 107
1777384148741 255.76134236653647 108
1777384149629 296.7207743326823 109
1777384150512 253.33809407552084 110
1777384151347 283.60166422526044 111
1777384152223 247.08203125 112
1777384153080 322.0930887858073 113
1777384153945 290.785400390625 114
1777384154789 258.4429168701172 115
1777384155636 269.4417419433594 116
1777384156483 262.9538269042969 117
1777384157329 317.0556233723958 118
1777384158166 274.3635965983073 119
1777384159020 212.8433380126953 120
1777384159862 268.23460896809894 121
1777384160731 272.21339925130206 122
1777384161793 255.47445678710938 123
1777384164855 246.03467305501303 124
1777384165708 252.93702189127603 125
1777384166640 246.17047627766928 126
1777384167542 242.25736490885416 127
1777384168564 284.6338399251302 128
1777384169874 252.17880249023438 129
1777384180974 261.02126057942706 130
1777384181824 266.07989501953125 131
1777384182676 271.85716247558594 132
1777384183515 245.36172993977866 133
1777384184354 246.66119893391928 134
1777384185203 223.50922648111978 135
1777384186075 249.5808359781901 136
1777384186943 241.63300069173178 137
1777384187796 237.70342508951822 138
1777384188649 242.89880879720053 139
1777384189513 255.559814453125 140
1777384190353 227.3868865966797 141
1777384191213 205.6934814453125 142
1777384192052 234.63628641764322 143
1777384192918 211.41793314615884 144
1777384193768 207.28484598795572 145
1777384194618 236.65828959147134 146
1777384195483 220.55547078450522 147
1777384196326 230.9842325846354 148
1777384197181 237.4980723063151 149
1777384198037 235.4370880126953 150
1777384198882 194.04652404785156 151
1777384199740 257.497065226237 152
1777384200586 229.36539713541666 153
1777384202125 212.9386240641276 154
1777384202969 196.1161142985026 155
1777384203828 204.97015889485678 156
1777384204672 170.10529581705728 157
1777384205515 199.22193908691406 158
1777384206369 217.33939107259116 159
1777384207233 223.04961649576822 160
1777384208075 216.24161783854166 161
1777384208924 186.36221313476562 162
1777384209771 261.93931070963544 163
1777384210629 196.8066151936849 164
1777384211490 231.27969868977866 165
1777384212333 197.36090596516928 166
1777384213188 229.6203816731771 167
1777384214319 209.45911153157553 168
1777384215168 189.91971842447916 169
1777384216026 192.25430806477866 170
1777384216877 229.19314575195312 171
1777384217745 191.3093719482422 172
1777384218600 187.05347188313803 173
1777384219454 204.2845255533854 174
1777384220309 204.03961181640625 175
1777384221159 197.34417724609375 176
1777384222017 181.3052012125651 177
1777384222876 194.26119995117188 178
1777384223747 200.52497355143228 179
1777384224599 175.19574483235678 180
1777384225443 194.40470377604166 181
1777384226289 186.9466756184896 182
1777384227154 176.48219299316406 183
1777384228560 188.00003051757812 184
1777384229405 180.4809315999349 185
1777384230281 188.17325337727866 186
1777384231123 178.71703084309897 187
1777384231993 196.5828857421875 188
1777384232858 207.64198303222656 189
1777384233707 177.92997233072916 190
1777384234590 178.70428466796875 191
1777384235442 195.19850158691406 192
1777384236305 198.60540262858072 193
1777384237191 173.83863321940103 194
1777384238682 182.92030334472656 195
1777384239675 178.17079162597656 196
1777384240551 171.42706807454428 197
1777384241388 173.1117197672526 198
1777384242242 173.22239685058594 199
1777384243082 186.85529073079428 200
1777384243930 171.23034159342447 201
1777384244781 180.77099100748697 202
1777384245635 187.65646362304688 203
1777384246508 171.61697896321616 204
1777384247375 187.33409118652344 205
1777384248252 179.46491495768228 206
1777384249140 157.45053100585938 207
1777384250027 152.98434448242188 208
1777384251039 165.9801279703776 209
1777384260901 168.22347513834634 210
1777384261771 185.57641092936197 211
1777384262605 167.04188537597656 212
1777384263457 168.66795857747397 213
1777384264304 177.57526652018228 214
1777384265163 174.23735555013022 215
1777384266013 190.22773234049478 216
1777384266864 160.6766357421875 217
1777384267716 151.33069356282553 218
1777384268571 150.7198028564453 219
1777384269432 187.15040588378906 220
1777384270331 174.47769165039062 221
1777384271206 157.8199462890625 222
1777384272055 164.7827351888021 223
1777384272917 152.60845438639322 224
1777384274254 158.28608194986978 225
1777384275135 159.78237915039062 226
1777384275984 161.59259541829428 227
1777384276848 171.34423828125 228
