1777388155032 212.83491656854108 1
1777388156606 208.70944888922813 2
1777388159727 203.6656267695224 3
1777388164964 195.63272259646695 4
1777388165847 184.90302242299228 5
1777388169103 172.47856625271967 6
1777388172770 158.06194984055358 7
1777388175210 142.04410813180775 8
1777388183842 124.81531941018362 9
1777388185436 106.53110655977814 10
1777388189874 87.97411599080515 11
1777388194567 69.8461726162818 12
1777388203193 54.70754494391687 13
1777388209671 43.1462399980279 14
1777388215549 37.54638234850513 15
1777388222979 33.90854326215369 16
1777388236646 31.078769459930623 17
1777388249807 29.686256226991123 18
1777388257289 27.507855911010054 19
1777388260695 28.684143782876372 20
1777388263754 26.85122185327624 21
1777388271988 26.492013787053548 22
1777388273782 25.6517214238775 23
1777388276525 25.48592011644347 24
1777388280025 26.465036183558528 25
1777388284599 25.809718593438166 26
1777388285481 23.674945358393796 27
1777388293454 23.182064235165484 28
1777388299123 26.23309701065909 29
1777388301886 23.438745826285636 30
1777388306404 22.621827700745694 31
1777388307286 21.82347051286411 32
1777388311274 21.943081237187652 33
1777388315637 22.37061445884426 34
1777388317953 20.845504393659912 35
1777388320070 22.225445953475315 36
1777388322730 21.57745814524888 37
1777388329646 21.431818405755664 38
1777388331694 20.20614507953503 39
1777388339000 23.675279819234344 40
1777388340905 20.32436703872067 41
1777388345660 19.72681478001074 42
1777388352167 20.62169951297051 43
1777388358124 20.003049850033623 44
1777388360373 19.68159179906398 45
1777388363128 19.25043950059903 46
1777388367437 20.03307497619045 47
1777388369660 18.42213393053997 48
1777388374099 19.01133542366074 49
1777388378231 18.574076388909273 50
1777388382891 18.680253939711196 51
1777388587388 19.651489282291667 52
1777388658470 16.767484065433337 53
1777388660971 17.561357962834084 54
1777388665363 17.06703202047661 55
1777388672260 16.095467779581487 56
1777388677894 16.208195967427184 57
1777388678759 17.441545566942192 58
1777388679624 17.498996771609317 59
1777388692427 15.608775286965638 60
1777388694295 16.42505083959937 61
1777388696799 17.967269601386587 62
1777388700957 16.98479947048823 63
1777388707288 15.33388238423253 64
1777388712099 15.213849679301658 65
1777388719277 16.77208408099246 66
