1777388155032 -1.8155768556381826 1
1777388156606 -1.7074837109617498 2
1777388159727 -1.5782031143889128 3
1777388164964 -1.3788366814331439 4
1777388165847 -1.1250534151295817 5
1777388169103 -0.8490680851488324 6
1777388172770 -0.5528755878902099 7
1777388175210 -0.25408885362464195 8
1777388183842 0.03167441951477046 9
1777388185436 0.2945969733965532 10
1777388189874 0.5189443759366532 11
1777388194567 0.6967502543783385 12
1777388203193 0.8139495824435208 13
1777388209671 0.8842609604968319 14
1777388215549 0.912366950153356 15
1777388222979 0.9284951554930758 16
1777388236646 0.9399469884513972 17
1777388249807 0.9452135051493389 18
1777388257289 0.9529242975771902 19
1777388260695 0.9488437859458079 20
1777388263754 0.9551557343131439 21
1777388271988 0.9563765129372296 22
1777388273782 0.9590995097941415 23
1777388276525 0.9596203103550016 24
1777388280025 0.9564551938502982 25
1777388284599 0.958577297419115 26
1777388285481 0.9651601525867023 27
1777388293454 0.9665868069437229 28
1777388299123 0.9572228670539382 29
1777388301886 0.9658531072045471 30
1777388306404 0.9681795371522824 31
1777388307286 0.9703927521932938 32
1777388311274 0.9700690840538162 33
1777388315637 0.968890794741428 34
1777388317953 0.9729870101826152 35
1777388320070 0.9692941149782416 36
1777388322730 0.9710601955835623 37
1777388329646 0.9714443289361308 38
1777388331694 0.9746224395266337 39
1777388339000 0.9651520530451735 40
1777388340905 0.9743005998513632 41
1777388345660 0.9758038627067736 42
1777388352167 0.973555716505701 43
1777388358124 0.9751248820071065 44
1777388360373 0.9759188101582709 45
1777388363128 0.9769643844427887 46
1777388367437 0.9750544546615694 47
1777388369660 0.978902520532514 48
1777388374099 0.977531298271455 49
1777388378231 0.9785553251544111 50
1777388382891 0.9783047281398651 51
1777388587388 0.9759763708110065 52
1777388658470 0.9825230535165216 53
1777388660971 0.9808230194363468 54
1777388665363 0.9818892718525573 55
1777388672260 0.9838944990900124 56
1777388677894 0.9836650178395759 57
1777388678759 0.9810671373928868 58
1777388679624 0.9809665838514262 59
1777388692427 0.9848566984041692 60
1777388694295 0.9832176001418073 61
1777388696799 0.9799326637781168 62
1777388700957 0.9820658117919887 63
1777388707288 0.9853804904523714 64
1777388712099 0.9856127848399526 65
1777388719277 0.9825047029298399 66
