1777397114493 45280.99609375 1
1777397118771 43471.192708333336 2
1777397122723 41351.71484375 3
1777397127088 38166.177083333336 4
1777397130937 34068.154947916664 5
1777397134981 29399.540364583332 6
1777397140690 24601.840494791668 7
1777397144392 19934.51171875 8
1777397146422 15487.2109375 9
1777397156076 11368.495442708334 10
1777397159882 7798.06640625 11
1777397163426 4797.754720052083 12
1777397169082 2906.5961100260415 13
1777397171617 1923.0272623697917 14
1777397243302 1430.1835123697917 15
1777397501811 1012.8583170572916 16
1777397505436 973.5994669596354 17
1777397507614 863.5437215169271 18
1777397508951 912.2946980794271 19
1777397510652 741.4530639648438 20
1777397512105 629.5757649739584 21
1777397516277 681.2296956380209 22
1777397519022 556.9671834309896 23
1777397521739 648.7918294270834 24
1777397527372 550.4892781575521 25
1777397530203 507.04331461588544 26
1777397531658 518.1798095703125 27
1777397534021 532.3768717447916 28
1777397535668 493.50620524088544 29
1777397537273 475.3465983072917 30
1777397542026 476.8553059895833 31
1777397545745 479.44640096028644 32
1777397549905 505.21547444661456 33
1777397551261 430.8273111979167 34
1777397554058 449.82787068684894 35
1777397561810 433.31944783528644 36
1777397564675 459.0735371907552 37
1777397567200 466.1051330566406 38
1777397574776 479.6438293457031 39
1777397578525 383.8911946614583 40
1777397583808 371.55539957682294 41
1777397588334 330.9221496582031 42
1777397592842 394.86399332682294 43
1777397596700 351.4219462076823 44
1777397602576 333.6705729166667 45
1777397608861 347.5795593261719 46
1777397610113 362.742431640625 47
1777397619146 361.9755147298177 48
1777397627661 408.5866292317708 49
1777397636183 307.5784505208333 50
1777397643250 320.53050740559894 51
1777397645784 299.6280517578125 52
1777397648151 343.1330871582031 53
1777397650690 286.53729248046875 54
1777397654269 269.98926798502606 55
1777397659276 348.40915934244794 56
1777397665281 332.29201253255206 57
1777397669719 280.89211018880206 58
1777397675638 300.5803527832031 59
1777397683339 323.37192789713544 60
1777397688981 261.5565643310547 61
1777397690272 281.4417724609375 62
1777397696046 270.35292561848956 63
1777397701066 276.0467936197917 64
1777397707662 312.70799763997394 65
1777397713175 265.1491190592448 66
1777397716389 237.78585306803384 67
1777397720890 246.27176411946616 68
