1777430974988 202.25590033111519 1
1777430976559 200.7395895494957 2
1777430977256 199.33717313574505 3
1777430977569 198.09491096441624 4
1777430978294 196.81320458749713 5
1777430980088 195.4167221926005 6
1777430980745 193.89746404349904 7
1777430981538 192.32186360044975 8
1777430982143 190.48808607758124 9
1777430982620 188.46319269289694 10
1777430983306 186.09865915019378 11
1777430984176 183.43208041397776 12
1777430984520 180.490023096846 13
1777430985204 177.11977872509044 14
1777430985895 173.43070932652037 15
1777430986253 169.77099695251246 16
1777430986605 165.14175965288126 17
1777430986954 160.82693410736587 18
1777430987361 156.02046265033636 19
1777430988381 151.5845602502115 20
1777430989025 147.07898069574728 21
1777430989327 142.57286377279164 22
1777430989632 137.20494621413982 23
1777430990224 132.15320181516603 24
1777430990767 127.04031332981472 25
1777430991364 121.10066109310675 26
1777430992203 115.59496653861058 27
1777430992928 109.76254555288885 28
1777430993206 104.79718134926149 29
1777430994027 98.83453660032004 30
1777430994953 91.85317023822586 31
1777430995362 85.80382501216802 32
1777430996350 79.60808849549304 33
1777430997478 74.858378659097 34
1777430997801 70.4338986712453 35
1777430998472 64.98520339397461 36
1777430999011 60.2108396789461 37
1777430999635 54.931784756755356 38
1777430999944 53.53578771631412 39
1777431000745 48.83840641755472 40
1777431001054 44.71427710640571 41
1777431002569 42.49443179286479 42
1777431003984 37.751702478683825 43
1777431004396 37.74169668874615 44
1777431005050 36.0922551097358 45
1777431006029 35.59944087243067 46
1777431006991 35.07823287845327 47
1777431007739 35.93344066747749 48
1777431008714 31.32628774226109 49
1777431009175 33.63218005357741 50
1777431010077 34.017526933507014 51
1777431010769 30.15146497010966 52
1777431011787 30.091053430912506 53
1777431012544 29.179027561145052 54
1777431013697 29.43744401865696 55
1777431014626 30.281329616445902 56
1777431015563 28.616098677416268 57
1777431016186 26.11343171469366 58
1777431017164 26.41695188093599 59
1777431018071 28.59399227185614 60
1777431019056 25.82300950362329 61
1777431020336 28.3231679594942 62
1777431020628 27.97492403049057 63
1777431020920 26.166724073343012 64
1777431022325 28.13377684233069 65
1777431022788 23.76254166183552 66
1777431023079 25.76600283038618 67
1777431024060 25.185810950656077 68
1777431024349 27.318112981591536 69
1777431024654 24.510376270507866 70
1777431024948 26.857912672888993 71
1777431025675 22.1054463161443 72
1777431026572 23.781713253125947 73
1777431027689 23.153503337440643 74
1777431028069 26.27392417962865 75
1777431029057 22.585072055150235 76
1777431029608 23.449797555013003 77
1777431030939 21.71974691394583 78
1777431031368 26.681615962514222 79
1777431031702 24.231511254878686 80
1777431033087 23.880769202337525 81
1777431033387 24.686042530158236 82
1777431034604 24.058053059052543 83
1777431034886 23.612510649646882 84
1777431035813 25.315876752003994 85
1777431036394 24.637121015524393 86
1777431037297 22.16798286067833 87
1777431037816 23.42093164377754 88
1777431038102 24.420870300830803 89
1777431038392 25.005916048054385 90
1777431038677 22.89470820024179 91
1777431038974 23.373634339284134 92
1777431039260 22.56030939092931 93
1777431039621 21.416753667315792 94
1777431039970 21.69830352199042 95
1777431040323 25.962065973818536 96
1777431040653 21.16933073965362 97
1777431040988 22.012240385899855 98
1777431041339 22.566700721313083 99
1777431041678 22.401075800538784 100
1777431042016 23.20656671654666 101
1777431042365 22.405977595973134 102
1777431042709 22.898318886164983 103
1777431043051 21.39096882713079 104
1777431043399 23.223153971222207 105
1777431043750 24.085966641646333 106
1777431044103 19.398749777238788 107
1777431044442 22.609309535798452 108
1777431044791 21.055865864520687 109
1777431045145 20.868112490028523 110
1777431045500 21.041081526775336 111
1777431045853 21.4352713001933 112
1777431046208 21.482950236848435 113
1777431046561 23.35813254429881 114
1777431046894 23.896135012898792 115
1777431047240 21.585687261035957 116
1777431047585 22.18778746512721 117
1777431047913 18.669451823674 118
1777431048247 20.245647951753188 119
1777431048529 23.291875721147385 120
1777431048809 21.092797287512848 121
1777431049089 20.479328432993263 122
1777431049377 23.992123900925147 123
1777431049656 17.849218596123123 124
1777431049948 19.94689222714868 125
1777431050245 22.191244319841342 126
1777431050528 21.56667404685663 127
1777431050823 21.459244535290395 128
1777431051103 23.760364720277863 129
1777431051394 21.984199398507997 130
1777431051685 22.050640430794818 131
1777431051969 21.638265609198413 132
1777431052240 22.8704195700165 133
1777431052522 21.146137204046127 134
1777431052803 17.585395197935647 135
1777431053089 19.99023733283442 136
1777431053546 22.556507952814652 137
1777431053832 19.97633640368727 138
1777431054121 19.68371119296676 139
1777431054404 21.168641646552484 140
1777431054680 20.285921613834958 141
1777431054962 22.92480516590122 142
1777431055248 24.520959724699043 143
1777431055534 19.29397988783313 144
1777431055819 20.137560982022812 145
1777431056095 21.859572545345767 146
1777431056383 18.792123094021584 147
1777431056663 19.087060733679554 148
1777431056935 17.89713565349521 149
1777431057217 22.563843747857643 150
1777431057497 19.28163144122292 151
1777431057790 20.97863409230702 152
1777431058115 23.32194299157649 153
1777431058400 18.999652257045966 154
1777431058694 20.25369568055922 155
1777431058978 18.591745066538014 156
1777431059285 17.488762435445153 157
1777431059577 18.87858092842504 158
1777431059881 18.52257912656874 159
1777431060216 18.788384375756525 160
1777431060646 21.83149761995448 161
1777431061034 20.006062923797312 162
1777431061447 20.735317688866093 163
1777431061805 18.06611528481912 164
1777431062194 18.392745603098863 165
1777431062585 19.430180683326615 166
1777431063261 20.025582545804458 167
