1777430974988 156.64363853817895 1
1777430976559 154.74820978073848 2
1777430977256 152.9857166108631 3
1777430977569 151.41183151971725 4
1777430978294 149.77829139346167 5
1777430980088 148.03476940336682 6
1777430980745 146.22764878045945 7
1777430981538 144.31339009602866 8
1777430982143 142.2979056222098 9
1777430982620 140.13307160877045 10
1777430983306 137.81307881673177 11
1777430984176 135.20509520031158 12
1777430984520 132.45370134626117 13
1777430985204 129.3229489281064 14
1777430985895 126.12179056803386 15
1777430986253 122.59305448986235 16
1777430986605 118.71810418991815 17
1777430986954 114.54434988839286 18
1777430987361 110.21151268368675 19
1777430988381 105.87617914109003 20
1777430989025 101.53666076660156 21
1777430989327 96.96004536946614 22
1777430989632 92.65431097121466 23
1777430990224 87.97514415922619 24
1777430990767 83.22739268711635 25
1777430991364 78.32515175229027 26
1777430992203 73.69957658676874 27
1777430992928 68.95865238734655 28
1777430993206 64.85870768229167 29
1777430994027 60.20410824730283 30
1777430994953 55.40917518252418 31
1777430995362 51.22616053989955 32
1777430996350 46.189480518159414 33
1777430997478 42.32787853422619 34
1777430997801 38.923238409133184 35
1777430998472 35.77941647484189 36
1777430999011 33.83871361868722 37
1777430999635 29.978323446001326 38
1777430999944 30.106620752243767 39
1777431000745 27.086163802373978 40
1777431001054 24.617073277064733 41
1777431002569 23.713449496314638 42
1777431003984 20.912713859194803 43
1777431004396 21.19926267351423 44
1777431005050 20.302743421282088 45
1777431006029 19.82986942472912 46
1777431006991 19.64815583910261 47
1777431007739 20.80266600109282 48
1777431008714 17.936820293608164 49
1777431009175 19.20035117013114 50
1777431010077 19.495919945126488 51
1777431010769 16.577072198050363 52
1777431011787 17.027592068626767 53
1777431012544 16.156670779273625 54
1777431013697 16.68294198172433 55
1777431014626 16.701822044735863 56
1777431015563 15.926045772007534 57
1777431016186 14.511360422770183 58
1777431017164 14.208630952380952 59
1777431018071 16.113544091724215 60
1777431019056 14.025129781450545 61
1777431020336 16.094958160037088 62
1777431020628 16.081833694094705 63
1777431020920 14.408815965198336 64
1777431022325 15.602354031517391 65
1777431022788 12.952407083057222 66
1777431023079 14.37642675127302 67
1777431024060 13.898327327909923 68
1777431024349 14.968366196042016 69
1777431024654 13.579410625639415 70
1777431024948 14.8982668922061 71
1777431025675 11.860366830371674 72
1777431026572 13.031332597278414 73
1777431027689 12.72008321852911 74
1777431028069 14.609119160970051 75
1777431029057 12.202770405723935 76
1777431029608 12.67140114193871 77
1777431030939 11.499293917701358 78
1777431031368 14.108082571483793 79
1777431031702 13.667128526596796 80
1777431033087 13.205658721923829 81
1777431033387 13.531775083996001 82
1777431034604 13.201983969552176 83
1777431034886 12.71306915283203 84
1777431035813 14.130386788504465 85
1777431036394 13.785438555762882 86
1777431037297 11.641124779837472 87
1777431037816 12.402848979404995 88
1777431038102 12.99670034136091 89
1777431038392 13.82945445832752 90
1777431038677 12.256165531703404 91
1777431038974 12.421410855792818 92
1777431039260 11.77537340436663 93
1777431039621 11.486900892711821 94
1777431039970 11.435528873261951 95
1777431040323 13.971036166236514 96
1777431040653 11.244475210280646 97
1777431040988 11.582872681390672 98
1777431041339 12.035627619425457 99
1777431041678 12.303996585664295 100
1777431042016 12.149335843040829 101
1777431042365 11.886894925435383 102
1777431042709 12.220082328433083 103
1777431043051 11.216121401105609 104
1777431043399 12.609745906648183 105
1777431043750 13.24042349315825 106
1777431044103 10.01132869720459 107
1777431044442 11.860109556288947 108
1777431044791 10.702656693685622 109
1777431045145 10.685603732154483 110
1777431045500 11.13832771664574 111
1777431045853 11.518303553263346 112
1777431046208 11.254190190633137 113
1777431046561 12.646954127720424 114
1777431046894 12.387799490065802 115
1777431047240 11.193180293128604 116
1777431047585 12.303459476289294 117
1777431047913 9.382958639235724 118
1777431048247 10.407481347946893 119
1777431048529 12.646553875151135 120
1777431048809 11.097145593734014 121
1777431049089 10.282275127229237 122
1777431049377 12.773163096110027 123
1777431049656 8.871881939115978 124
1777431049948 10.126559784298852 125
1777431050245 11.558092662266322 126
1777431050528 11.15560227348691 127
1777431050823 10.774822743733724 128
1777431051103 12.235660970778692 129
1777431051394 11.306133878798711 130
1777431051685 11.476956122262138 131
1777431051969 10.956031508672805 132
1777431052240 12.106233669462657 133
1777431052522 10.664194543021067 134
1777431052803 8.857753027053107 135
1777431053089 9.789261100405739 136
1777431053546 12.122240275428409 137
1777431053832 10.199754515148344 138
1777431054121 10.091751788911365 139
1777431054404 10.464998208908808 140
1777431054680 10.32371457417806 141
1777431054962 12.441739363897414 142
1777431055248 12.695572389875139 143
1777431055534 9.742864726838611 144
1777431055819 10.192457544235957 145
1777431056095 11.305316943214054 146
1777431056383 9.39038193112328 147
1777431056663 9.354110881260462 148
1777431056935 8.87360729035877 149
1777431057217 12.066427176339285 150
1777431057497 9.725991521562849 151
1777431057790 10.789324369884673 152
1777431058115 12.675801785786946 153
1777431058400 9.50429200671968 154
1777431058694 10.291784849621001 155
1777431058978 9.200093668983095 156
1777431059285 8.611873172578358 157
1777431059577 9.735233670189267 158
1777431059881 9.423202278500511 159
1777431060216 9.238728859311058 160
1777431060646 11.462543669201079 161
1777431061034 10.072853824070522 162
1777431061447 10.56043543134417 163
1777431061805 8.841575631641206 164
1777431062194 8.918119049072265 165
1777431062585 9.782010051182338 166
1777431063261 10.021964045933315 167
