1777218143214 163.86520385742188 1
1777218144629 162.08294677734375 2
1777218145696 160.00282287597656 3
1777218146389 157.75811767578125 4
1777218147790 155.2252960205078 5
1777218148462 152.2950439453125 6
1777218149496 149.00653076171875 7
1777218150137 145.39556884765625 8
1777218150780 141.3492431640625 9
1777218151419 136.77365112304688 10
1777218153543 131.7818603515625 11
1777218154192 126.57014465332031 12
1777218154845 120.98662567138672 13
1777218155486 115.11903381347656 14
1777218156132 108.65679931640625 15
1777218157106 101.38909912109375 16
1777218157753 94.51380157470703 17
1777218158398 87.58501434326172 18
1777218159058 80.51229095458984 19
1777218159706 73.18395233154297 20
1777218160358 66.30252075195312 21
1777218161014 59.477256774902344 22
1777218161690 53.7781867980957 23
1777218166542 47.5757942199707 24
1777218177941 41.67751693725586 25
1777218180526 37.30223846435547 26
1777218181892 33.97882080078125 27
1777218183211 31.367496490478516 28
1777218184120 28.470056533813477 29
1777218184929 27.395278930664062 30
1777218185717 24.09360694885254 31
1777218186427 23.825088500976562 32
1777218187711 23.418508529663086 33
1777218188629 22.785545349121094 34
1777218189344 23.135406494140625 35
1777218190164 22.078088760375977 36
1777218191270 22.182018280029297 37
1777218192025 21.25366973876953 38
1777218192759 20.809688568115234 39
1777218193466 20.786149978637695 40
1777218194703 20.635040283203125 41
1777218195440 19.098773956298828 42
1777218196729 19.864370346069336 43
1777218197565 18.581850051879883 44
1777218199500 19.54531478881836 45
1777218200170 17.573036193847656 46
1777218200865 17.985687255859375 47
1777218201545 18.14875030517578 48
1777218202214 18.568037033081055 49
1777218203094 18.820087432861328 50
1777218203724 18.766822814941406 51
1777218204400 18.522306442260742 52
1777218205021 17.715295791625977 53
1777218206359 17.534305572509766 54
1777218206976 17.505529403686523 55
1777218208423 18.077213287353516 56
1777218212804 17.942773818969727 57
1777218214503 18.947677612304688 58
1777218217534 17.99375343322754 59
1777218218282 17.17207908630371 60
1777218219117 16.16319465637207 61
1777218219875 18.16101837158203 62
1777218220809 16.560182571411133 63
1777218222473 17.020343780517578 64
1777218224251 17.319074630737305 65
1777218225728 16.13120460510254 66
1777218228706 17.902585983276367 67
1777218235671 16.11262321472168 68
1777218253125 16.232622146606445 69
1777218253797 16.699251174926758 70
1777218254459 15.707093238830566 71
1777218255091 15.142925262451172 72
1777218255721 15.07149600982666 73
1777218257550 15.589795112609863 74
1777218258721 15.082240104675293 75
1777218259439 15.357132911682129 76
1777218260145 16.48775863647461 77
1777218260854 14.970248222351074 78
1777218261642 14.431220054626465 79
1777218262320 15.695574760437012 80
1777218262986 15.787360191345215 81
1777218263658 14.271825790405273 82
1777218264326 13.752117156982422 83
1777218265004 14.946837425231934 84
1777218269501 14.857726097106934 85
1777218271332 15.101937294006348 86
1777218273167 14.76517105102539 87
1777218274833 14.876937866210938 88
1777218276660 14.218217849731445 89
1777218278180 14.363808631896973 90
1777218279143 14.93481159210205 91
1777218280044 13.648380279541016 92
1777218281067 14.188828468322754 93
1777218282162 14.294395446777344 94
1777218283089 14.244592666625977 95
1777218285405 14.080484390258789 96
1777218286170 14.741008758544922 97
1777218288036 14.759313583374023 98
1777218288685 14.240425109863281 99
1777218290198 14.104142189025879 100
1777218291606 14.718748092651367 101
1777218292243 13.222277641296387 102
1777218292925 13.416399955749512 103
1777218295698 13.081682205200195 104
1777218296431 13.342044830322266 105
1777218300134 12.785721778869629 106
1777218304788 15.14293384552002 107
1777218355269 13.16826343536377 108
1777218363007 13.520493507385254 109
1777218367117 13.386076927185059 110
1777218368133 13.767853736877441 111
1777218369858 13.133333206176758 112
1777218370466 13.390284538269043 113
1777218371083 12.674088478088379 114
1777218371686 13.719722747802734 115
1777218372317 12.495735168457031 116
1777218372927 12.73829460144043 117
1777218373544 12.22054386138916 118
1777218374145 11.89977741241455 119
1777218374742 12.844719886779785 120
1777218375343 13.3200101852417 121
1777218376360 13.120491981506348 122
1777218378210 12.527644157409668 123
1777218378820 12.847122192382812 124
1777218379449 12.881555557250977 125
1777218380357 11.989810943603516 126
1777218381066 13.216621398925781 127
1777218382174 11.726261138916016 128
1777218384224 12.596891403198242 129
1777218384973 12.681380271911621 130
1777218385715 12.198071479797363 131
1777218388935 12.082613945007324 132
1777218390719 12.146052360534668 133
1777218392045 11.873380661010742 134
1777218393621 12.271440505981445 135
1777218395686 13.325331687927246 136
1777218403638 12.536337852478027 137
1777218404821 12.323752403259277 138
1777218417536 12.129487037658691 139
1777218418467 11.120667457580566 140
1777218419217 11.134514808654785 141
1777218420275 12.68096923828125 142
1777218421020 12.199026107788086 143
1777218421758 11.587594032287598 144
1777218424892 11.426201820373535 145
1777218425603 12.126269340515137 146
1777218427211 11.48642349243164 147
1777218447106 11.913223266601562 148
1777218448004 11.806625366210938 149
1777218449564 12.388140678405762 150
1777218450430 11.73745346069336 151
1777218451130 11.106376647949219 152
1777218454050 12.151110649108887 153
1777218454735 11.345704078674316 154
1777218455414 11.057937622070312 155
1777218456473 11.37101936340332 156
1777218457131 11.224099159240723 157
1777218457779 11.739367485046387 158
1777218458410 10.927250862121582 159
1777218459030 11.199191093444824 160
1777218460860 10.820353507995605 161
1777218461558 11.004487991333008 162
1777218463988 11.841278076171875 163
1777218464809 11.26576042175293 164
1777218465595 10.767918586730957 165
1777218466419 10.468194961547852 166
1777218468471 11.421667098999023 167
1777218469189 10.56794261932373 168
1777218469998 10.487177848815918 169
1777218470657 10.762347221374512 170
1777218471316 10.517477035522461 171
1777218471980 11.061881065368652 172
1777218474648 10.758734703063965 173
1777218475302 11.06390380859375 174
1777218475967 10.416791915893555 175
1777218476625 10.636101722717285 176
1777218477657 10.603049278259277 177
1777218478376 10.583407402038574 178
1777218479062 10.408682823181152 179
1777218485006 11.163722038269043 180
1777218485986 10.454965591430664 181
1777218491607 10.461494445800781 182
1777218493406 9.867197036743164 183
1777218500882 10.598919868469238 184
1777218510711 10.281696319580078 185
1777218514377 10.45909309387207 186
1777218516109 10.440958976745605 187
1777218517713 11.215919494628906 188
1777218518724 10.806168556213379 189
1777218519660 10.966264724731445 190
1777218521722 10.578173637390137 191
1777218522636 10.314878463745117 192
1777218523688 10.974276542663574 193
1777218525158 10.051759719848633 194
1777218525854 10.554134368896484 195
1777218526552 10.025102615356445 196
1777218528241 10.21100902557373 197
1777218528952 10.10816764831543 198
1777218530526 9.846628189086914 199
1777218540710 9.527658462524414 200
1777218542924 10.059356689453125 201
1777218544773 9.901396751403809 202
1777218548626 9.886383056640625 203
1777218549350 9.786041259765625 204
1777218550717 9.873045921325684 205
1777218553224 9.629437446594238 206
1777218554226 10.079989433288574 207
1777218554869 9.569500923156738 208
1777218555525 9.83375072479248 209
1777218556245 9.216999053955078 210
1777218557110 9.989899635314941 211
1777218557730 9.953323364257812 212
1777218558373 9.986737251281738 213
1777218559046 9.555109024047852 214
1777218559767 10.392996788024902 215
1777218560385 10.601489067077637 216
1777218561014 9.704166412353516 217
1777218561676 9.996335983276367 218
1777218562311 9.17580509185791 219
1777218563484 10.066113471984863 220
1777218564131 10.422566413879395 221
1777218564780 9.342982292175293 222
1777218565815 9.246609687805176 223
1777218566466 9.45373821258545 224
1777218567303 10.65613079071045 225
1777218569510 10.215081214904785 226
1777218570135 10.631418228149414 227
1777218570725 9.539275169372559 228
1777218573921 9.511411666870117 229
1777218574972 9.797277450561523 230
1777218575617 9.260271072387695 231
1777218576255 9.276451110839844 232
1777218576894 9.415352821350098 233
1777218577616 9.282350540161133 234
1777218578290 9.203574180603027 235
1777218578969 9.060762405395508 236
1777218579670 9.041796684265137 237
1777218580296 9.3779878616333 238
1777218581072 9.081369400024414 239
1777218581715 9.223472595214844 240
1777218583402 9.309651374816895 241
1777218590345 9.579719543457031 242
1777218591740 9.82127857208252 243
1777218592406 9.327528953552246 244
1777218593052 9.712891578674316 245
1777218593715 9.016876220703125 246
1777218594709 8.532591819763184 247
1777218595357 9.784367561340332 248
1777218596014 9.61362075805664 249
1777218596671 9.2138090133667 250
1777218597351 9.355842590332031 251
1777218598004 9.274699211120605 252
1777218598692 9.242666244506836 253
1777218599350 9.400568008422852 254
1777218600018 9.426278114318848 255
1777218602169 8.902128219604492 256
1777218606113 9.033212661743164 257
1777218608196 8.969265937805176 258
1777218611620 9.51386833190918 259
1777218615716 9.986600875854492 260
1777218616984 9.364266395568848 261
1777218617944 8.991669654846191 262
1777218621916 8.984367370605469 263
1777218625412 9.256024360656738 264
1777218632527 9.23763656616211 265
1777218634315 8.732373237609863 266
1777218635756 9.420300483703613 267
1777218637530 9.035987854003906 268
1777218640703 8.586116790771484 269
1777218643216 9.0828218460083 270
1777218644396 9.30494499206543 271
1777218661393 9.210090637207031 272
1777218662437 9.310453414916992 273
1777218663910 9.287153244018555 274
1777218665091 9.14462661743164 275
1777218666046 9.154348373413086 276
1777218667031 8.91518783569336 277
1777218667983 8.88591480255127 278
1777218669961 8.739872932434082 279
1777218709681 8.380541801452637 280
1777218712018 8.229793548583984 281
1777218712735 9.375523567199707 282
1777218713424 8.913493156433105 283
1777218714114 9.179170608520508 284
1777218714850 8.622674942016602 285
1777218715599 9.169979095458984 286
1777218716293 8.675315856933594 287
1777218717129 8.958020210266113 288
1777218718559 9.078240394592285 289
1777218719185 8.864567756652832 290
1777218719819 8.717545509338379 291
1777218720472 9.238581657409668 292
1777218721132 8.83497428894043 293
1777218723718 9.344034194946289 294
1777218724395 9.028131484985352 295
1777218725070 9.27637004852295 296
1777218725752 8.935591697692871 297
1777218726414 8.266347885131836 298
1777218727868 8.982129096984863 299
1777218728978 8.597123146057129 300
