1777218143214 205.4190933340147 1
1777218144629 203.98194715302037 2
1777218145696 202.34209628048168 3
1777218146389 200.57387873196637 4
1777218147790 198.54893510864812 5
1777218148462 196.1746418009983 6
1777218149496 193.3592217457827 7
1777218150137 189.99528502312046 8
1777218150780 185.57024575531437 9
1777218151419 181.04711038709922 10
1777218153543 176.05957944841822 11
1777218154192 170.82453138745328 12
1777218154845 165.14231648753355 13
1777218155486 158.96279551633614 14
1777218156132 152.44406035224952 15
1777218157106 143.69823754530898 16
1777218157753 136.52317167711732 17
1777218158398 128.76195517986469 18
1777218159058 119.72770507132225 19
1777218159706 110.89027585956612 20
1777218160358 101.45349947444018 21
1777218161014 92.49540938682816 22
1777218161690 84.19652524138067 23
1777218166542 75.53628979381135 24
1777218177941 67.1040133148023 25
1777218180526 58.87880605809653 26
1777218181892 52.069636259860395 27
1777218183211 48.64349028362291 28
1777218184120 42.86591422940328 29
1777218184929 40.77321093454711 30
1777218185717 36.01668025153705 31
1777218186427 35.243502143056844 32
1777218187711 34.395230602163366 33
1777218188629 33.25821783915281 34
1777218189344 33.438293230453226 35
1777218190164 31.995030893759253 36
1777218191270 32.0892220475161 37
1777218192025 30.42723622055009 38
1777218192759 29.44032158592117 39
1777218193466 29.66313968401394 40
1777218194703 29.615310008675205 41
1777218195440 27.190785028526737 42
1777218196729 28.160575512996683 43
1777218197565 26.878427354036987 44
1777218199500 27.86579901736657 45
1777218200170 25.37185935673724 46
1777218200865 25.030689544164595 47
1777218201545 25.76352345753522 48
1777218202214 26.529767209797676 49
1777218203094 26.901697280237833 50
1777218203724 26.710778319598568 51
1777218204400 26.364770867711464 52
1777218205021 25.29595006063215 53
1777218206359 24.99274613485012 54
1777218206976 24.93247612489715 55
1777218208423 25.668170651505285 56
1777218212804 25.594474097240365 57
1777218214503 27.086756547123663 58
1777218217534 25.562433317080263 59
1777218218282 24.5632856729267 60
1777218219117 22.714936086688077 61
1777218219875 25.958500066142943 62
1777218220809 23.303008574778595 63
1777218222473 23.786792888650204 64
1777218224251 24.441477555545866 65
1777218225728 22.697461831046155 66
1777218228706 25.34829643284087 67
1777218235671 22.657073335550695 68
1777218253125 22.69144918509518 69
1777218253797 23.376004069890563 70
1777218254459 22.1888825419398 71
1777218255091 21.09302426626799 72
1777218255721 21.336808605275863 73
1777218257550 21.91477494574955 74
1777218258721 21.538372419803636 75
1777218259439 21.367080136648525 76
1777218260145 23.159946742237675 77
1777218260854 20.572001127028596 78
1777218261642 20.248840921165126 79
1777218262320 22.36323863776775 80
1777218262986 21.852376007613856 81
1777218263658 19.72707247803024 82
1777218264326 19.177062595120837 83
1777218265004 20.78504163490385 84
1777218269501 20.6964308238472 85
1777218271332 21.077076333124225 86
1777218273167 20.675066879772448 87
1777218274833 20.820534622366466 88
1777218276660 19.83617154995288 89
1777218278180 19.83409807124964 90
1777218279143 20.86926840653657 91
1777218280044 19.083374224190653 92
1777218281067 19.718531528211436 93
1777218282162 19.544677007641745 94
1777218283089 19.73566235719635 95
1777218285405 19.595567933583546 96
1777218286170 20.685666584178477 97
1777218288036 20.848955256646477 98
1777218288685 19.776412009606346 99
1777218290198 19.38484267619016 100
1777218291606 20.0999993138116 101
1777218292243 18.185571551272012 102
1777218292925 18.59258207233195 103
1777218295698 18.124566643222302 104
1777218296431 18.457461448865722 105
1777218300134 17.858563254374232 106
1777218304788 20.99035432129906 107
1777218355269 18.350207253075727 108
1777218363007 18.53133724947549 109
1777218367117 18.42154245419716 110
1777218368133 19.026520912498867 111
1777218369858 17.933278380147172 112
1777218370466 18.497300046847847 113
1777218371083 17.558167046050883 114
1777218371686 19.13329827365292 115
1777218372317 17.515663214473385 116
1777218372927 17.32964051423209 117
1777218373544 16.50149249616463 118
1777218374145 16.51036965806909 119
1777218374742 17.71171997154344 120
1777218375343 18.236039764028 121
1777218376360 18.153789527934208 122
1777218378210 16.985670900197185 123
1777218378820 17.237966001436234 124
1777218379449 17.87243316937908 125
1777218380357 16.16167592168377 126
1777218381066 18.40739898711144 127
1777218382174 16.125278399792194 128
1777218384224 16.989284642347243 129
1777218384973 17.541654974499885 130
1777218385715 16.609271975170415 131
1777218388935 16.72345752942155 132
1777218390719 16.734105650576716 133
1777218392045 16.213849543464516 134
1777218393621 16.78997977248425 135
1777218395686 18.381370871069258 136
1777218403638 17.142795593049094 137
1777218404821 16.783281232773426 138
1777218417536 16.822359898922034 139
1777218418467 15.343898634568164 140
1777218419217 15.142594260341136 141
1777218420275 17.4128935438869 142
1777218421020 16.771739739417725 143
1777218421758 15.801006641145504 144
1777218424892 15.91353484354765 145
1777218425603 16.47348168182691 146
1777218427211 16.081134246592324 147
1777218447106 16.20467230399077 148
1777218448004 16.009279646128828 149
1777218449564 17.028659628838177 150
1777218450430 16.06940229732289 151
1777218451130 15.332923184346683 152
1777218454050 17.26311783987711 153
1777218454735 15.379223341787917 154
1777218455414 14.812012714347826 155
1777218456473 15.510572555088409 156
1777218457131 15.350037280897903 157
1777218457779 15.932032765416988 158
1777218458410 14.864904529851046 159
1777218459030 15.425167175308566 160
1777218460860 14.717676654032328 161
1777218461558 14.946791702973755 162
1777218463988 16.14590210851036 163
1777218464809 15.342946150214882 164
1777218465595 14.538734918757381 165
1777218466419 14.169384338484296 166
1777218468471 15.624229589267484 167
1777218469189 14.313198156959293 168
1777218469998 14.198958700047164 169
1777218470657 14.672931912229302 170
1777218471316 14.323081668686385 171
1777218471980 14.880474422893505 172
1777218474648 14.537219583624028 173
1777218475302 15.103109557079742 174
1777218475967 14.430126287996227 175
1777218476625 14.505438249583776 176
1777218477657 14.425917065782265 177
1777218478376 14.295036359633805 178
1777218479062 14.135831886493948 179
1777218485006 15.37941339544128 180
1777218485986 14.197754152486922 181
1777218491607 14.07653265268086 182
1777218493406 13.250767307295838 183
1777218500882 14.299285538220772 184
1777218510711 13.930494791371162 185
1777218514377 14.27764815835782 186
1777218516109 14.266674169521494 187
1777218517713 15.557778318356505 188
1777218518724 14.637420564989739 189
1777218519660 14.831709330122404 190
1777218521722 14.247653465764214 191
1777218522636 13.97715603253217 192
1777218523688 14.816818337165433 193
1777218525158 13.607760170427643 194
1777218525854 14.21268150484038 195
1777218526552 13.497200548553462 196
1777218528241 13.941804717455742 197
1777218528952 13.52561832924113 198
1777218530526 13.39320823377046 199
1777218540710 12.787765725441925 200
1777218542924 13.811261938337847 201
1777218544773 13.447746515488385 202
1777218548626 13.544081385375609 203
1777218549350 13.275201772288 204
1777218550717 13.62412623877154 205
1777218553224 13.039525578869537 206
1777218554226 13.732919865478838 207
1777218554869 13.003714297012733 208
1777218555525 13.495794780072664 209
1777218556245 12.433970027378457 210
1777218557110 13.552414244622344 211
1777218557730 13.466321931587693 212
1777218558373 13.499825747061664 213
1777218559046 12.864584264193695 214
1777218559767 14.428189059981237 215
1777218560385 14.455626154131556 216
1777218561014 13.078749682951157 217
1777218561676 13.500166933800305 218
1777218562311 12.393824776827795 219
1777218563484 13.735423210129436 220
1777218564131 14.275496249052976 221
1777218564780 12.446144848479818 222
1777218565815 12.561789037074828 223
1777218566466 12.827422214089594 224
1777218567303 14.694703900602033 225
1777218569510 13.851189198560473 226
1777218570135 14.517271189349263 227
1777218570725 12.829796092574533 228
1777218573921 12.917953868847496 229
1777218574972 13.313079474784272 230
1777218575617 12.563371171246072 231
1777218576255 12.681954072757721 232
1777218576894 12.618291845207281 233
1777218577616 12.487986379555252 234
1777218578290 12.365687427980163 235
1777218578969 12.289621603944049 236
1777218579670 12.318773998499594 237
1777218580296 12.565815363281342 238
1777218581072 12.115022721301514 239
1777218581715 12.387608724671225 240
1777218583402 12.761163125468245 241
1777218590345 13.001902695267678 242
1777218591740 13.518646903442761 243
1777218592406 12.691690384383167 244
1777218593052 13.11759932002247 245
1777218593715 12.140578356041782 246
1777218594709 11.483852203500557 247
1777218595357 13.243923376969562 248
1777218596014 13.022266281665654 249
1777218596671 12.682791692873408 250
1777218597351 12.817764308103103 251
1777218598004 12.626024604223634 252
1777218598692 12.3830580170149 253
1777218599350 12.550860489006693 254
1777218600018 12.806710001163054 255
1777218602169 12.025211996810357 256
1777218606113 12.323207147804789 257
1777218608196 12.20789706303006 258
1777218611620 13.021039079594424 259
1777218615716 14.076963956605045 260
1777218616984 12.662053306044054 261
1777218617944 12.103561306358152 262
1777218621916 12.176878705949118 263
1777218625412 12.505981499725463 264
1777218632527 12.652421564333615 265
1777218634315 11.910523564038728 266
1777218635756 12.677455498719834 267
1777218637530 12.174992977005303 268
1777218640703 11.726845002876935 269
1777218643216 12.189709677765935 270
1777218644396 12.710415213212753 271
1777218661393 12.543881118790635 272
1777218662437 12.459567934136263 273
1777218663910 12.684956224382791 274
1777218665091 12.443934692299422 275
1777218666046 12.419583035807971 276
1777218667031 12.029962256119779 277
1777218667983 12.211268204625764 278
1777218669961 11.733170208817707 279
1777218709681 11.286268298791548 280
1777218712018 11.143890896783581 281
1777218712735 12.81452607795654 282
1777218713424 12.168599264525056 283
1777218714114 12.492984943841382 284
1777218714850 11.646978249681448 285
1777218715599 12.465793683851146 286
1777218716293 11.88469604468522 287
1777218717129 12.101786334184176 288
1777218718559 12.442917269141757 289
1777218719185 12.162724513579828 290
1777218719819 11.8731413577541 291
1777218720472 12.47484894832218 292
1777218721132 12.011967288268522 293
1777218723718 12.822850897314979 294
1777218724395 12.23095935526163 295
1777218725070 12.583287216652657 296
1777218725752 12.23303707864217 297
1777218726414 11.117045543173294 298
1777218727868 12.174770476339962 299
1777218728978 11.793326246946046 300
