1777436335364 159.67933654785156 1
1777436336432 149.97271728515625 2
1777436337496 137.23190307617188 3
1777436338540 118.29361724853516 4
1777436339583 95.4561538696289 5
1777436340631 72.97675323486328 6
1777436341695 53.076759338378906 7
1777436342750 37.96664047241211 8
1777436343821 28.940221786499023 9
1777436344874 25.098812103271484 10
1777436345925 22.268827438354492 11
1777436346969 20.7032470703125 12
1777436348023 20.042186737060547 13
1777436349094 19.30889892578125 14
1777436350146 18.7652587890625 15
1777436351190 18.398412704467773 16
1777436352240 17.286029815673828 17
1777436353273 17.87672996520996 18
1777436354322 16.971229553222656 19
1777436355374 16.196575164794922 20
1777436356420 17.03922462463379 21
1777436357656 15.351585388183594 22
1777436358698 16.448436737060547 23
1777436359777 15.177921295166016 24
1777436360815 14.836809158325195 25
1777436361874 15.295967102050781 26
1777436362924 14.689103126525879 27
1777436363977 15.859567642211914 28
1777436365048 16.41164207458496 29
1777436366106 14.441202163696289 30
1777436367385 15.747861862182617 31
1777436368448 13.242463111877441 32
1777436369494 13.80900764465332 33
1777436370548 13.924575805664062 34
1777436371604 12.915030479431152 35
1777436372656 13.740489959716797 36
1777436373703 13.432068824768066 37
1777436374757 13.064664840698242 38
1777436375828 13.707444190979004 39
1777436376884 12.970865249633789 40
1777436377926 12.466262817382812 41
1777436378987 13.074650764465332 42
1777436380277 13.025375366210938 43
1777436381334 13.199110984802246 44
1777436382380 12.391281127929688 45
1777436383435 12.183244705200195 46
1777436384486 12.085728645324707 47
1777436385522 12.368006706237793 48
1777436386566 12.06502628326416 49
1777436387612 12.398873329162598 50
1777436388672 10.77166748046875 51
1777436389726 11.286120414733887 52
1777436390787 11.201897621154785 53
1777436392021 10.56104564666748 54
1777436393078 11.010862350463867 55
1777436394122 10.748039245605469 56
1777436395177 12.009512901306152 57
1777436396231 10.678910255432129 58
1777436397275 10.325711250305176 59
1777436398300 10.745984077453613 60
1777436399341 10.294219017028809 61
1777436400392 9.581843376159668 62
1777436401442 10.41055679321289 63
1777436402482 10.062664985656738 64
1777436403540 10.719085693359375 65
1777436404607 10.035828590393066 66
1777436405640 10.227154731750488 67
1777436406694 10.109325408935547 68
1777436407751 9.67054557800293 69
1777436408796 9.340858459472656 70
1777436409832 9.68386459350586 71
1777436410872 9.884917259216309 72
1777436411918 9.796746253967285 73
1777436412955 9.004660606384277 74
1777436413997 9.613408088684082 75
1777436415035 9.017624855041504 76
1777436416082 9.433221817016602 77
1777436417110 9.036866188049316 78
1777436418162 8.772976875305176 79
1777436419216 8.896733283996582 80
