1777436335364 -1.6620849117751426 1
1777436336432 -1.4576978105367706 2
1777436337496 -1.1425093757376819 3
1777436338540 -0.6966277961497704 4
1777436339583 -0.23151068400863029 5
1777436340631 0.19842066008744874 6
1777436341695 0.5463766819150294 7
1777436342750 0.7761339044351323 8
1777436343821 0.8763970319884953 9
1777436344874 0.9126112780426332 10
1777436345925 0.9323915471551613 11
1777436346969 0.9421311362132644 12
1777436348023 0.9473320480762784 13
1777436349094 0.9508548672700491 14
1777436350146 0.9550207710593198 15
1777436351190 0.9569216274363982 16
1777436352240 0.9612882936387047 17
1777436353273 0.9587969615460805 18
1777436354322 0.9630160865583657 19
1777436355374 0.9667450835741117 20
1777436356420 0.9622677291877606 21
1777436357656 0.9702044463262938 22
1777436358698 0.9648723423545754 23
1777436359777 0.9709080524222301 24
1777436360815 0.9709820070277076 25
1777436361874 0.9696307071904078 26
1777436362924 0.9722716758344628 27
1777436363977 0.9671427812560565 28
1777436365048 0.966627968179899 29
1777436366106 0.9731069309044338 30
1777436367385 0.9693057156790135 31
1777436368448 0.978308514909635 32
1777436369494 0.9752675140257178 33
1777436370548 0.97577538322725 34
1777436371604 0.9788162692968434 35
1777436372656 0.9768520234531984 36
1777436373703 0.9774480580955885 37
1777436374757 0.9789919782676386 38
1777436375828 0.9760838797474575 39
1777436376884 0.9779165316322648 40
1777436377926 0.9805678694449386 41
1777436378987 0.9778105197399501 42
1777436380277 0.9788681845069245 43
1777436381334 0.9776126563885904 44
1777436382380 0.9810062568448473 45
1777436383435 0.9813604769735281 46
1777436384486 0.9813670835810772 47
1777436385522 0.9813216171088498 48
1777436386566 0.9816105294149705 49
1777436387612 0.9810780827722485 50
1777436388672 0.9859150990078358 51
1777436389726 0.984469444349191 52
1777436390787 0.9845222302345611 53
1777436392021 0.9867097181790571 54
1777436393078 0.9852419091398479 55
1777436394122 0.9858606471187881 56
1777436395177 0.9821887750130659 57
1777436396231 0.9859082484198487 58
1777436397275 0.9869971367029857 59
1777436398300 0.9859671266402757 60
1777436399341 0.9872010397661707 61
1777436400392 0.9887078856754741 62
1777436401442 0.986757601731997 63
1777436402482 0.987860365804559 64
1777436403540 0.9858540835666105 65
1777436404607 0.9876552715427647 66
1777436405640 0.9864410227617866 67
1777436406694 0.9876601033122249 68
1777436407751 0.9887048167842774 69
1777436408796 0.9894176044381706 70
1777436409832 0.9883796207598687 71
1777436410872 0.9876008806488265 72
1777436411918 0.9883000352977502 73
1777436412955 0.9901546334621601 74
1777436413997 0.9883217088933338 75
1777436415035 0.9901166741723342 76
1777436416082 0.9892132277659 77
1777436417110 0.9902919741171008 78
1777436418162 0.9909130047945696 79
1777436419216 0.990347663848077 80
