1777436335364 154.6810492147646 1
1777436336432 145.13273046272892 2
1777436337496 132.41871878265005 3
1777436338540 113.40528004546061 4
1777436339583 90.68996732737551 5
1777436340631 68.42419464505566 6
1777436341695 48.631063569943066 7
1777436342750 33.54835758892425 8
1777436343821 24.573805951820145 9
1777436344874 20.742960153155234 10
1777436345925 18.008583985002197 11
1777436346969 16.455630220669686 12
1777436348023 15.814536534822905 13
1777436349094 15.081050850962864 14
1777436350146 14.55276471897916 15
1777436351190 14.189692522453267 16
1777436352240 13.153119514496693 17
1777436353273 13.724274965152976 18
1777436354322 12.827015466852462 19
1777436355374 12.086353314601878 20
1777436356420 12.929283511127645 21
1777436357656 11.281650065815736 22
1777436358698 12.337503895784783 23
1777436359777 11.095216892777788 24
1777436360815 10.812286439112755 25
1777436361874 11.235903000173607 26
1777436362924 10.664492926874793 27
1777436363977 11.802161558613802 28
1777436365048 12.28380601796695 29
1777436366106 10.404744352653177 30
1777436367385 11.630737579645862 31
1777436368448 9.255495802766774 32
1777436369494 9.823298656443463 33
1777436370548 9.909667873550568 34
1777436371604 8.964401479195793 35
1777436372656 9.708828662047999 36
1777436373703 9.433266130112509 37
1777436374757 9.094640473093065 38
1777436375828 9.694767388048692 39
1777436376884 9.031428911093748 40
1777436377926 8.533253047862475 41
1777436378987 9.127321444884931 42
1777436380277 9.032457874721453 43
1777436381334 9.223892491912395 44
1777436382380 8.44711678796702 45
1777436383435 8.246304359704833 46
1777436384486 8.202489697226202 47
1777436385522 8.418429116256364 48
1777436386566 8.15707890202001 49
1777436387612 8.427346546511334 50
1777436388672 6.918960621688762 51
1777436389726 7.408773859598605 52
1777436390787 7.327633661168222 53
1777436392021 6.690973957216326 54
1777436393078 7.158319794144689 55
1777436394122 6.919514825185886 56
1777436395177 8.085332525525454 57
1777436396231 6.872310143950681 58
1777436397275 6.5187513574879095 59
1777436398300 6.917126107621879 60
1777436399341 6.512599420351487 61
1777436400392 5.854238423332354 62
1777436401442 6.604573672614375 63
1777436402482 6.279640424272556 64
1777436403540 6.8763706133915825 65
1777436404607 6.246999677040964 66
1777436405640 6.510207201968343 67
1777436406694 6.3294699507045245 68
1777436407751 5.927994844007688 69
1777436408796 5.647536534249467 70
1777436409832 5.963919385348918 71
1777436410872 6.148766372880023 72
1777436411918 6.056171279757147 73
1777436412955 5.336009787729188 74
1777436413997 5.926448196505212 75
1777436415035 5.365019245282104 76
1777436416082 5.726966834390296 77
1777436417110 5.351737300998242 78
1777436418162 5.122426383017934 79
1777436419216 5.252549777644141 80
