1777427103376 194.41436767578125 1
1777427109387 192.55894470214844 2
1777427112625 190.6878662109375 3
1777427122037 189.04473876953125 4
1777427131259 187.35256958007812 5
1777427140593 185.5362548828125 6
1777427147291 183.61488342285156 7
1777427154090 181.53390502929688 8
1777427157403 179.25885009765625 9
1777427160573 176.8099822998047 10
1777427166217 174.19833374023438 11
1777427169481 171.33067321777344 12
1777427179107 168.13311767578125 13
1777427179416 164.69332885742188 14
1777427179968 161.03353881835938 15
1777427183476 157.1479034423828 16
1777427184096 153.10658264160156 17
1777427190553 148.75985717773438 18
1777427196798 144.17674255371094 19
1777427203866 139.54998779296875 20
1777427213334 134.8074188232422 21
1777427219220 130.0369415283203 22
1777427225631 124.98587036132812 23
1777427233233 119.88685607910156 24
1777427233622 114.70023345947266 25
1777427239597 109.42967987060547 26
1777427242841 103.89044952392578 27
1777427256586 98.45758056640625 28
1777427263228 92.97513580322266 29
1777427269604 87.22528839111328 30
1777427269997 82.33042907714844 31
1777427281343 77.23790740966797 32
1777427281681 72.40191650390625 33
1777427285202 66.80435943603516 34
1777427285571 62.2432746887207 35
1777427285920 57.83933639526367 36
1777427291948 52.507843017578125 37
1777427298642 48.248138427734375 38
1777427312913 44.1409912109375 39
1777427316072 41.30099105834961 40
1777427316389 38.006431579589844 41
1777427316723 33.65401077270508 42
1777427317138 33.29719924926758 43
1777427317847 31.222980499267578 44
1777427318280 28.374927520751953 45
1777427331283 27.487375259399414 46
1777427331643 26.06719970703125 47
1777427332013 25.80638885498047 48
1777427334738 26.052614212036133 49
1777427338091 24.97943115234375 50
1777427338444 24.655353546142578 51
1777427344014 23.158538818359375 52
1777427348952 22.930866241455078 53
1777427355369 24.12102508544922 54
1777427355744 22.364133834838867 55
1777427364129 22.066680908203125 56
1777427369999 23.625192642211914 57
1777427376482 21.100933074951172 58
1777427376852 22.1390438079834 59
1777427377220 21.236122131347656 60
1777427380790 20.57488250732422 61
1777427381192 20.926464080810547 62
1777427381545 22.378931045532227 63
1777427389520 18.6645565032959 64
1777427389860 18.519092559814453 65
1777427399052 21.672870635986328 66
1777427399418 19.598033905029297 67
1777427402022 19.381813049316406 68
1777427408557 18.401607513427734 69
1777427408851 18.535463333129883 70
1777427409150 21.1265811920166 71
1777427414101 17.81669807434082 72
1777427416899 19.75615692138672 73
1777427417196 17.881389617919922 74
1777427420199 19.04422378540039 75
1777427426437 17.417524337768555 76
1777427439024 19.11835479736328 77
1777427445655 19.493452072143555 78
1777427449689 18.148447036743164 79
1777427450008 18.836095809936523 80
1777427450359 18.25543785095215 81
1777427450863 20.02074432373047 82
1777427454264 18.82163429260254 83
1777427454565 17.714139938354492 84
1777427454866 18.85178565979004 85
