1777427103376 189.41435831263706 1
1777427109387 187.55893782090945 2
1777427112625 185.6878746691271 3
1777427122037 184.04552354437425 4
1777427131259 182.3570926955218 5
1777427140593 180.55448233514272 6
1777427147291 178.66094145492042 7
1777427154090 176.61043436136654 8
1777427157403 174.36336569749673 9
1777427160573 171.91337505705695 10
1777427166217 169.2900925713011 11
1777427169481 166.39793697946294 12
1777427179107 163.21746830651847 13
1777427179416 159.7823940059821 14
1777427179968 156.1638165315459 15
1777427183476 152.298561167871 16
1777427184096 148.24629600287463 17
1777427190553 143.89424989871677 18
1777427196798 139.32935989120045 19
1777427203866 134.68935257647922 20
1777427213334 129.9305675280353 21
1777427219220 125.18011305266384 22
1777427225631 120.12943522732746 23
1777427233233 115.01912384122802 24
1777427233622 109.85208046555309 25
1777427239597 104.58368284143704 26
1777427242841 99.08645077950102 27
1777427256586 93.67739701509056 28
1777427263228 88.20701986190787 29
1777427269604 82.48160910032388 30
1777427269997 77.56840096259215 31
1777427281343 72.52537424621761 32
1777427281681 67.69310230069208 33
1777427285202 62.115270976381865 34
1777427285571 57.57267839630001 35
1777427285920 53.20942965298629 36
1777427291948 47.901734171232896 37
1777427298642 43.64290388401858 38
1777427312913 39.60462455839111 39
1777427316072 36.74002262346197 40
1777427316389 33.471930667924234 41
1777427316723 29.163531157246634 42
1777427317138 28.783740318598497 43
1777427317847 26.733231592094345 44
1777427318280 23.88596771607592 45
1777427331283 23.01212561445522 46
1777427331643 21.593620952129083 47
1777427332013 21.30426717882498 48
1777427334738 21.586623447751972 49
1777427338091 20.493170975098803 50
1777427338444 20.198947213218272 51
1777427344014 18.667039821936115 52
1777427348952 18.525160700450275 53
1777427355369 19.649995626874063 54
1777427355744 17.945692396695936 55
1777427364129 17.654606650593838 56
1777427369999 19.127108202635785 57
1777427376482 16.718689636839745 58
1777427376852 17.636844324771616 59
1777427377220 16.8909935595635 60
1777427380790 16.167855939792315 61
1777427381192 16.536696273301953 62
1777427381545 17.934702946589542 63
1777427389520 14.275773010321107 64
1777427389860 14.14949241387305 65
1777427399052 17.239534906688608 66
1777427399418 15.235096957777362 67
1777427402022 15.059926474857386 68
1777427408557 14.043549240300463 69
1777427408851 14.165061853244174 70
1777427409150 16.663243232162575 71
1777427414101 13.484778709434021 72
1777427416899 15.390070239866192 73
1777427417196 13.56747210732783 74
1777427420199 14.666338375716508 75
1777427426437 13.054202924807914 76
1777427439024 14.749929131302356 77
1777427445655 15.084321377631571 78
1777427449689 13.795791121979565 79
1777427450008 14.503657237404035 80
1777427450359 13.918451139525112 81
1777427450863 15.658960177208211 82
1777427454264 14.421684405135885 83
1777427454565 13.399674127190098 84
1777427454866 14.464854496895953 85
