1777155394334 213.74085990782106 1
1777155396162 210.93464324401873 2
1777155521996 208.24203726611518 3
1777155538763 204.77445133716378 4
1777155540682 200.10361083329138 5
1777155542141 194.18700255705056 6
1777155581146 187.5245387438481 7
1777155606906 180.0335738946417 8
1777155657293 171.96581082376622 9
1777155657964 163.1762733960995 10
1777155658629 153.7643603807652 11
1777155659316 143.76231889444952 12
1777155733997 132.37276677555727 13
1777155734648 120.62262907529944 14
1777155737843 108.78135057874793 15
1777155959519 95.754867524708 16
1777155960238 81.36026343032391 17
1777155960879 67.87423214085695 18
1777155961592 57.84682328871092 19
1777155962341 47.305440248575366 20
1777155963011 41.154716797826794 21
1777155963679 37.625842515440844 22
1777155964343 34.30807493460917 23
1777155965017 31.227012001999036 24
1777155965682 28.694520797781635 25
1777155966348 28.21822634984769 26
1777155967003 28.32801916288691 27
1777155967636 28.313773772670064 28
1777155968277 27.62021122074099 29
1777155968917 27.029232638050395 30
1777155969554 27.26547977190968 31
1777155970196 25.312385902726174 32
1777155970842 23.027304162305505 33
1777155971480 25.53603855844552 34
1777155972121 22.20602630274608 35
1777155972770 22.628098508292027 36
1777155973423 24.327455994223747 37
1777155974068 23.22885446189727 38
1777155974711 23.03596854033864 39
1777155975355 22.800000476697697 40
1777155975991 22.46399330528537 41
1777155976633 23.382193154922422 42
1777155977291 21.13462101668453 43
1777155977946 21.461627095121138 44
1777155978597 20.609049473557878 45
1777155979250 20.838044335547863 46
1777155979910 22.36175650361143 47
1777155980565 21.56602969346668 48
1777155981219 19.514326790805242 49
1777155981882 21.51414797758384 50
1777155982611 19.403700146761913 51
1777155983287 21.845617755419326 52
1777155983953 22.48931292044206 53
1777156046107 21.888650074273528 54
1777156067364 21.072590863916275 55
1777156068047 18.81785528778531 56
1777156068737 19.55416174583962 57
1777156069422 19.406094597312546 58
1777156070102 19.881214281169 59
1777156070780 20.326803213471784 60
1777156088269 19.055508409538028 61
1777156088990 19.37994635358725 62
1777156089701 19.642231676177005 63
1777156090514 19.409940335769562 64
1777156091230 19.480077600861115 65
1777156091950 20.29216472905296 66
1777156092719 18.088332323682778 67
1777156093520 17.86051391043489 68
1777156094264 17.771758493645905 69
1777156095103 19.958103899534187 70
1777156095844 17.40201295109184 71
1777156096684 17.66514627671269 72
1777156097427 16.642332341052004 73
1777156098195 17.846896425701004 74
1777156098976 18.090007567344642 75
1777156293803 18.26464844735513 76
1777156294582 15.689462487988962 77
1777156295224 17.880651379946798 78
1777156295869 15.60830909698452 79
