1777428725645 -1.749109173656381 1
1777428727413 -1.601058844139526 2
1777428728465 -1.4069722717463997 3
1777428729414 -1.1064616022064016 4
1777428730402 -0.7194738446046862 5
1777428731344 -0.3106201502183168 6
1777428732288 0.07216038397387703 7
1777428733234 0.38913155329882976 8
1777428734283 0.626760606828616 9
1777428735347 0.7998763713091814 10
1777428736362 0.8860454023911343 11
1777428737409 0.9208263271798517 12
1777428739061 0.9317552716328511 13
1777428740038 0.9429016063287109 14
1777428741009 0.947792886102005 15
1777428742001 0.948322726247648 16
1777428742983 0.9554429796048786 17
1777428743963 0.9541297900739532 18
1777428744938 0.9522784254481753 19
1777428745911 0.9558677934068703 20
1777428746905 0.957800864146608 21
1777428747903 0.9650555309287665 22
1777428748878 0.9630391392897321 23
1777428749857 0.9658549993396024 24
1777428750841 0.9664861647732024 25
1777428751837 0.9665818831714054 26
1777428752820 0.9627605099811355 27
1777428753822 0.9665764062489599 28
1777428754814 0.9654957003939979 29
1777428755796 0.9676771457521298 30
1777428756782 0.9671636227427759 31
1777428757779 0.9671622401496046 32
1777428758762 0.9702683841156169 33
1777428759752 0.9722326510063818 34
1777428760735 0.9710907708288244 35
1777428761704 0.9740633617995675 36
1777428762673 0.973143675611921 37
1777428763670 0.972285057347022 38
1777428764656 0.9764015217596724 39
1777428765632 0.974545789984006 40
1777428766620 0.9762407781796538 41
1777428767593 0.9736591418623194 42
1777428768597 0.9776753974440383 43
1777428769594 0.9741919323856838 44
1777428770588 0.979877929250683 45
1777428771562 0.9777950462960182 46
1777428772786 0.9803615983950108 47
1777428773848 0.9813740051721267 48
1777428774819 0.979090309047779 49
1777428775984 0.9786642534488013 50
1777428777032 0.9807257899259624 51
1777428778020 0.9786400593367385 52
1777428778998 0.9791701823431862 53
1777428779998 0.9805263692533035 54
1777428780976 0.9815957949237957 55
1777428781969 0.9845604881924818 56
1777428782953 0.9835028348588909 57
1777428783948 0.9839257865996208 58
1777428784929 0.980549113234603 59
1777428785899 0.9815253181882166 60
1777428786875 0.98360534970302 61
1777428787864 0.9844004054666303 62
1777428788844 0.9837854407083975 63
1777428789824 0.9841178807969062 64
1777428790839 0.9846282111576253 65
1777428791828 0.9850741202871686 66
1777428792907 0.9848311136818945 67
1777428793918 0.984969608976033 68
1777428794905 0.9875473511524039 69
1777428795897 0.9850200241095837 70
1777428796862 0.9851991155888887 71
1777428797820 0.9856537819874727 72
1777428798769 0.98583896575577 73
1777428799722 0.9861835181215193 74
1777428800668 0.9872503041806452 75
1777428801630 0.9860036135759548 76
1777428802576 0.9870286681531226 77
1777428803525 0.9849885720175887 78
1777428804470 0.9874113534532825 79
1777428805412 0.9875408364748556 80
1777428806358 0.98765407973462 81
1777428807303 0.9881615320183615 82
1777428808245 0.9872822829088049 83
1777428809188 0.9872924593195933 84
1777428810136 0.9887383816002613 85
1777428811083 0.9883250090738702 86
1777428812027 0.9880752569360413 87
1777428812988 0.9872251156162463 88
1777428813932 0.9888509855692383 89
1777428814886 0.9881256657756915 90
1777428815834 0.989090254481997 91
1777428816778 0.9893173697620572 92
1777428817723 0.9888489839802252 93
1777428818678 0.9886504829222903 94
1777428819631 0.9884180258834431 95
1777428820581 0.9889804609802069 96
1777428821527 0.9883088495427589 97
1777428822486 0.9898675980832398 98
1777428823470 0.9897741567865451 99
1777428824453 0.9900314461557232 100
1777428825443 0.9891555480130517 101
1777428826421 0.9898314350269899 102
1777428827421 0.9889604260635647 103
1777428828417 0.9901384855042945 104
1777428829400 0.9902096326072966 105
1777428830382 0.9899032188839111 106
1777428831376 0.990085821852414 107
1777428832365 0.9901264980005012 108
1777428833364 0.9898190219385945 109
1777428834346 0.9901202327375658 110
1777428835328 0.9900698771721478 111
