1777178130397 195.73781685911848 1
1777178132266 175.75539831061764 2
1777178134105 136.02732275009166 3
1777178135956 83.40497424983872 4
1777178137797 46.97965581704892 5
1777178139627 33.958368059946984 6
1777178141461 29.82408283810269 7
1777178143296 28.22019957056645 8
1777178145134 27.19091223583939 9
1777178146957 26.041536809045102 10
1777178148770 25.88729579883456 11
1777178150583 25.297823731177907 12
1777178152400 23.853466654109305 13
1777178154217 23.99362958502343 14
1777178156059 23.588065619769978 15
1777178157881 24.678221536238958 16
1777178159706 23.604982849692853 17
1777178161526 22.626305620555147 18
1777178163344 21.533537145569802 19
1777178165168 22.333489205260843 20
1777178167057 21.379925952882587 21
1777178171745 21.138165402032556 22
1777178174661 19.529714025968264 23
1777178176546 19.92374770802625 24
1777178178432 19.566788517063593 25
1777178180274 18.75429898967604 26
1777178182103 18.327403443512107 27
1777178183941 18.818802705190034 28
1777178185780 18.937435841745007 29
1777178187627 17.85942752252492 30
1777178189500 18.039631208354127 31
1777178191386 17.1771565265271 32
1777178193344 17.537070157169065 33
1777178195359 16.684768931189566 34
1777178197544 16.882019233700344 35
1777178216054 16.539267239709282 36
1777178223938 16.061038768764536 37
1777178225818 16.24875435637713 38
1777178227686 16.32751826850361 39
1777178229548 16.134813791994638 40
1777178231419 15.88980135208169 41
1777178233275 15.97292929721848 42
1777178235117 15.332040105122463 43
1777178236952 15.321139554079739 44
1777178238806 15.377130724525282 45
1777178240650 16.08242463033186 46
1777178242539 14.816923325686805 47
1777178244392 14.715071175525043 48
1777178247105 14.610619080487448 49
1777178248990 14.748066555358452 50
1777178250878 14.686000329777908 51
1777178252789 14.55983253152605 52
1777178254678 14.30481381222024 53
1777178256581 14.530082591711595 54
1777178258479 14.120083304637745 55
1777178260373 13.832647184118192 56
1777178262358 14.013972284260285 57
1777178264490 13.767442695252347 58
1777178266409 13.796882820898478 59
1777178268422 13.827805829738645 60
1777178270348 13.45796762119318 61
1777178272568 13.489777888053165 62
1777178276755 13.399844083624966 63
1777178307584 13.595562016733416 64
1777178309406 13.214211495700814 65
1777178311226 13.289697632794008 66
1777178313050 13.14674491844536 67
1777178314870 13.369634548988842 68
1777178316716 13.203314948608853 69
1777178318544 13.641255223019295 70
1777178320370 13.155262648912096 71
1777178322197 13.228067005205238 72
1777178324020 12.982314037633632 73
1777178325845 12.758820115757896 74
1777178327690 12.894304190685109 75
1777178329511 12.842641208201616 76
1777178331334 12.41221035763563 77
1777178333167 12.630558587137378 78
1777178334985 12.901093898522717 79
1777178336816 12.649028665489897 80
