1777376420453 51454.520833333336 1
1777376429828 50356.71875 2
1777376432503 49123.6640625 3
1777376433696 47684.390625 4
1777376434963 45945.231770833336 5
1777376436067 43866.819010416664 6
1777376437232 41353.70703125 7
1777376439052 38295.455729166664 8
1777376440364 35136.274739583336 9
1777376441248 31817.78515625 10
1777376442931 28443.957682291668 11
1777376444687 25106.85546875 12
1777376446382 21696.204427083332 13
1777376447557 18344.44921875 14
1777376450022 15077.911458333334 15
1777376451654 11843.34765625 16
1777376453587 9024.146484375 17
1777376456794 6676.351725260417 18
1777376459843 4790.488444010417 19
1777376461843 3378.8660481770835 20
1777376464274 2426.5616861979165 21
1777376468036 1835.8734537760417 22
1777376470651 1556.9278971354167 23
1777376472907 1283.8966471354167 24
1777376477107 1175.5308837890625 25
1777376483048 1038.4788208007812 26
1777376485073 1078.7546793619792 27
1777376487954 972.4074503580729 28
1777376489676 909.5414835611979 29
1777376490945 874.6479899088541 30
1777376492864 809.4141031901041 31
1777376494211 745.2351684570312 32
1777376495067 822.8840942382812 33
1777376496386 708.3695882161459 34
1777376499252 758.0109049479166 35
1777376500233 692.3462117513021 36
1777376501067 702.0852254231771 37
1777376502778 754.2078857421875 38
1777376503608 661.9532267252604 39
1777376505152 597.9493611653646 40
1777376506017 657.3111979166666 41
1777376508465 527.9075927734375 42
1777376512022 582.2435099283854 43
1777376514519 635.3626708984375 44
1777376516124 590.5766398111979 45
1777376518624 574.2216593424479 46
1777376519570 480.2532145182292 47
1777376521764 568.4124552408854 48
1777376524308 560.0287679036459 49
1777376525310 647.3490193684896 50
1777376528779 528.5832722981771 51
1777376531031 509.8451741536458 52
1777376532232 465.04644775390625 53
1777376533177 505.0443623860677 54
1777376535319 623.0340983072916 55
1777376537239 539.8760986328125 56
1777376540285 464.1866149902344 57
1777376541846 519.2133992513021 58
1777376543001 496.2001139322917 59
1777376545247 507.7447916666667 60
1777376546945 452.4586995442708 61
