1777206310713 161.31480407714844 1
1777206311315 157.09054565429688 2
1777206311910 152.73338317871094 3
1777206312507 147.2518310546875 4
1777206313099 140.8325653076172 5
1777206313696 132.96730041503906 6
1777206314293 123.61363220214844 7
1777206314887 114.22618865966797 8
1777206315480 104.72164916992188 9
1777206316074 94.10629272460938 10
1777206316669 83.14683532714844 11
1777206317261 72.40414428710938 12
1777206317852 62.11069107055664 13
1777206318448 51.01546859741211 14
1777206319078 41.257869720458984 15
1777206319744 34.390228271484375 16
1777206320364 30.234392166137695 17
1777206320989 25.7576961517334 18
1777206321614 22.515241622924805 19
1777206322239 22.532276153564453 20
1777206322861 20.28438949584961 21
1777206323489 19.67313575744629 22
1777206324121 19.281885147094727 23
1777206326635 18.487014770507812 24
1777206327247 18.312175750732422 25
1777206327866 17.616281509399414 26
1777206328482 16.559873580932617 27
1777206329122 15.709897994995117 28
1777206329739 17.445472717285156 29
1777206330357 17.882587432861328 30
1777206330974 15.762960433959961 31
1777206331586 16.109819412231445 32
1777206332267 15.373082160949707 33
1777206332931 16.972620010375977 34
1777206333587 15.277453422546387 35
1777206334251 15.766069412231445 36
1777206334905 16.09014892578125 37
1777206335558 14.785988807678223 38
1777206336210 14.993447303771973 39
1777206337011 15.672861099243164 40
1777206337662 15.96784782409668 41
1777206338312 14.921748161315918 42
1777206339001 14.600605010986328 43
1777206340411 13.900747299194336 44
1777206341035 14.980917930603027 45
1777206341790 16.71007537841797 46
1777206342425 14.076576232910156 47
1777206343047 14.784517288208008 48
1777206343679 13.892711639404297 49
1777206344319 13.223423957824707 50
1777206345155 13.847099304199219 51
1777206345785 13.024116516113281 52
1777206346406 12.667603492736816 53
1777206347027 13.187576293945312 54
1777206347650 14.010359764099121 55
1777206348267 13.920161247253418 56
1777206348901 13.329277992248535 57
1777206349524 13.223228454589844 58
1777206350149 12.172873497009277 59
1777206350766 13.736944198608398 60
1777206351392 13.647199630737305 61
1777206352013 13.431375503540039 62
1777206352635 13.313498497009277 63
1777206353251 13.003767013549805 64
1777206353878 13.426067352294922 65
1777206354501 12.741575241088867 66
1777206355131 12.77567195892334 67
1777206355759 11.627832412719727 68
1777206356389 12.301243782043457 69
1777206357013 12.370888710021973 70
1777206357642 11.892565727233887 71
1777206358265 11.442882537841797 72
1777206358928 10.834752082824707 73
1777206359914 13.034432411193848 74
1777206360512 11.316680908203125 75
1777206361112 12.986520767211914 76
1777206361716 10.499130249023438 77
1777206362328 11.34522533416748 78
1777206362946 11.184927940368652 79
1777206363550 11.786065101623535 80
1777206364156 11.265785217285156 81
1777206364758 10.568337440490723 82
1777206365359 9.658092498779297 83
1777206365958 11.752717018127441 84
1777206366563 10.95804500579834 85
1777206367165 11.630345344543457 86
1777206367765 11.31191635131836 87
1777206368366 9.64771556854248 88
1777206368986 10.677695274353027 89
1777206369589 10.312952995300293 90
1777206370197 10.194893836975098 91
1777206370802 9.213257789611816 92
1777206371404 10.399836540222168 93
1777206372004 10.172465324401855 94
1777206372609 9.880495071411133 95
1777206373219 9.672714233398438 96
1777206373823 10.632059097290039 97
1777206374426 9.559102058410645 98
1777206375514 9.718188285827637 99
1777206376146 10.62882137298584 100
1777206376776 9.010733604431152 101
1777206377404 9.597018241882324 102
1777206378036 9.832454681396484 103
1777206378666 9.460247039794922 104
1777206379754 9.732397079467773 105
1777206380501 8.977863311767578 106
1777206381231 9.009462356567383 107
1777206381855 8.76741886138916 108
1777206382479 9.542985916137695 109
1777206383115 9.431083679199219 110
1777206383745 9.193888664245605 111
1777206384368 8.854058265686035 112
1777206384996 8.64013385772705 113
1777206385622 8.560038566589355 114
1777206386250 7.901435852050781 115
1777206386857 8.756792068481445 116
1777206387462 9.009546279907227 117
1777206388069 8.492985725402832 118
1777206388668 9.19813060760498 119
1777206389648 7.989821434020996 120
1777206390252 8.19253921508789 121
1777206390853 8.747465133666992 122
1777206391455 8.662994384765625 123
1777206392058 8.369237899780273 124
1777206392673 8.239696502685547 125
1777206393277 7.723816394805908 126
1777206393877 7.7388834953308105 127
1777206394476 8.515101432800293 128
1777206395075 8.20723819732666 129
1777206395671 8.287612915039062 130
1777206396268 7.7363786697387695 131
1777206396861 9.043641090393066 132
1777206397457 7.752325057983398 133
1777206398048 8.269548416137695 134
1777206398640 7.693064212799072 135
1777206400385 7.9043145179748535 136
1777206400977 8.299678802490234 137
1777206401572 7.87445068359375 138
1777206402164 7.495637893676758 139
1777206402761 8.166824340820312 140
1777206403359 7.8387370109558105 141
1777206403954 7.695338249206543 142
1777206404546 8.304676055908203 143
1777206405139 7.227680683135986 144
1777206405732 7.874012470245361 145
1777206406325 7.098453998565674 146
1777206406915 7.859504222869873 147
1777206407506 8.201197624206543 148
1777206408099 7.374577045440674 149
1777206409569 7.811297416687012 150
1777206411309 7.722914218902588 151
1777206411903 7.566899299621582 152
1777206412501 7.919494152069092 153
1777206413094 8.302184104919434 154
1777206413687 7.45332670211792 155
1777206414281 7.556353569030762 156
1777206414876 7.260585308074951 157
1777206415471 7.312032699584961 158
1777206416069 7.164740085601807 159
1777206416670 7.868628978729248 160
1777206417263 7.411874771118164 161
1777206417855 7.348438262939453 162
1777206418449 7.03205680847168 163
1777206419042 7.172845840454102 164
1777206419815 7.720357894897461 165
1777206420451 7.460163116455078 166
1777206421080 7.02754545211792 167
1777206421707 6.471573352813721 168
1777206422333 7.017549991607666 169
1777206422961 7.404634952545166 170
1777206423588 7.120028972625732 171
1777206424586 7.024775505065918 172
1777206425178 7.233146667480469 173
1777206425770 7.409052848815918 174
1777206426364 7.522058486938477 175
