1777206310713 161.31481170654297 1
1777206311315 157.09054565429688 2
1777206311910 152.7333984375 3
1777206312507 147.25182342529297 4
1777206313099 140.8325653076172 5
1777206313696 132.96729278564453 6
1777206314293 123.61362838745117 7
1777206314887 114.2261848449707 8
1777206315480 104.72165298461914 9
1777206316074 94.10629653930664 10
1777206316669 83.1468391418457 11
1777206317261 72.40414810180664 12
1777206317852 62.11069107055664 13
1777206318448 51.01546669006348 14
1777206319078 41.25786590576172 15
1777206319744 34.39023208618164 16
1777206320364 30.23439121246338 17
1777206320989 25.757697105407715 18
1777206321614 22.515241622924805 19
1777206322239 22.532275199890137 20
1777206322861 20.284390449523926 21
1777206323489 19.673134803771973 22
1777206324121 19.281885147094727 23
1777206326635 18.48701572418213 24
1777206327247 18.312175750732422 25
1777206327866 17.616280555725098 26
1777206328482 16.5598726272583 27
1777206329122 15.709897518157959 28
1777206329739 17.445472717285156 29
1777206330357 17.882585525512695 30
1777206330974 15.762961387634277 31
1777206331586 16.10981845855713 32
1777206332267 15.373081684112549 33
1777206332931 16.972620964050293 34
1777206333587 15.277451992034912 35
1777206334251 15.766068935394287 36
1777206334905 16.090147972106934 37
1777206335558 14.785988807678223 38
1777206336210 14.99344778060913 39
1777206337011 15.672861576080322 40
1777206337662 15.96784782409668 41
1777206338312 14.921748161315918 42
1777206339001 14.600603580474854 43
1777206340411 13.900746822357178 44
1777206341035 14.980917930603027 45
1777206341790 16.710074424743652 46
1777206342425 14.076576709747314 47
1777206343047 14.78451681137085 48
1777206343679 13.892712116241455 49
1777206344319 13.223421573638916 50
1777206345155 13.847099781036377 51
1777206345785 13.024116039276123 52
1777206346406 12.667604923248291 53
1777206347027 13.187575817108154 54
1777206347650 14.010359764099121 55
1777206348267 13.920162677764893 56
1777206348901 13.32927942276001 57
1777206349524 13.223228931427002 58
1777206350149 12.172873497009277 59
1777206350766 13.736944198608398 60
1777206351392 13.647198677062988 61
1777206352013 13.431375980377197 62
1777206352635 13.313498973846436 63
1777206353251 13.003767967224121 64
1777206353878 13.426067352294922 65
1777206354501 12.741575717926025 66
1777206355131 12.77567195892334 67
1777206355759 11.627832889556885 68
1777206356389 12.301243782043457 69
1777206357013 12.370889663696289 70
1777206357642 11.892566204071045 71
1777206358265 11.442883014678955 72
1777206358928 10.834750652313232 73
1777206359914 13.034431457519531 74
1777206360512 11.316679954528809 75
1777206361112 12.986521244049072 76
1777206361716 10.499130249023438 77
1777206362328 11.345223903656006 78
1777206362946 11.184926986694336 79
1777206363550 11.786064624786377 80
1777206364156 11.265784740447998 81
1777206364758 10.568337440490723 82
1777206365359 9.658092498779297 83
1777206365958 11.752716541290283 84
1777206366563 10.95804500579834 85
1777206367165 11.630345821380615 86
1777206367765 11.311915874481201 87
1777206368366 9.64771556854248 88
1777206368986 10.677694320678711 89
1777206369589 10.312952518463135 90
1777206370197 10.19489336013794 91
1777206370802 9.213257789611816 92
1777206371404 10.399834632873535 93
1777206372004 10.172466278076172 94
1777206372609 9.88049602508545 95
1777206373219 9.67271375656128 96
1777206373823 10.632060050964355 97
1777206374426 9.559101104736328 98
1777206375514 9.718189239501953 99
1777206376146 10.628820419311523 100
1777206376776 9.010733127593994 101
1777206377404 9.597018241882324 102
1777206378036 9.832453727722168 103
1777206378666 9.46024751663208 104
1777206379754 9.732397079467773 105
1777206380501 8.97786283493042 106
1777206381231 9.009461402893066 107
1777206381855 8.76741886138916 108
1777206382479 9.542986392974854 109
1777206383115 9.431084632873535 110
1777206383745 9.193888187408447 111
1777206384368 8.854058742523193 112
1777206384996 8.64013385772705 113
1777206385622 8.560038566589355 114
1777206386250 7.901435852050781 115
1777206386857 8.756792068481445 116
1777206387462 9.009546279907227 117
1777206388069 8.49298620223999 118
1777206388668 9.198131084442139 119
1777206389648 7.989821672439575 120
1777206390252 8.192538738250732 121
1777206390853 8.747465133666992 122
1777206391455 8.662994861602783 123
1777206392058 8.369237422943115 124
1777206392673 8.239696502685547 125
1777206393277 7.723816633224487 126
1777206393877 7.738883972167969 127
1777206394476 8.515101909637451 128
1777206395075 8.20723819732666 129
1777206395671 8.287612915039062 130
1777206396268 7.7363786697387695 131
1777206396861 9.043640613555908 132
1777206397457 7.752324104309082 133
1777206398048 8.269547939300537 134
1777206398640 7.6930646896362305 135
1777206400385 7.9043145179748535 136
1777206400977 8.299678802490234 137
1777206401572 7.874450922012329 138
1777206402164 7.4956371784210205 139
1777206402761 8.16682481765747 140
1777206403359 7.8387367725372314 141
1777206403954 7.695338010787964 142
1777206404546 8.304675579071045 143
1777206405139 7.227680921554565 144
1777206405732 7.874012470245361 145
1777206406325 7.098454475402832 146
1777206406915 7.859503984451294 147
1777206407506 8.201196670532227 148
1777206408099 7.374577045440674 149
1777206409569 7.811297655105591 150
1777206411309 7.722914457321167 151
1777206411903 7.566899538040161 152
1777206412501 7.919494152069092 153
1777206413094 8.302183628082275 154
1777206413687 7.453326463699341 155
1777206414281 7.556353569030762 156
1777206414876 7.26058554649353 157
1777206415471 7.312032699584961 158
1777206416069 7.164740562438965 159
1777206416670 7.868629693984985 160
1777206417263 7.411874532699585 161
1777206417855 7.348438024520874 162
1777206418449 7.032057285308838 163
1777206419042 7.172845363616943 164
1777206419815 7.720357656478882 165
1777206420451 7.460163116455078 166
1777206421080 7.027545690536499 167
1777206421707 6.471574068069458 168
1777206422333 7.017550468444824 169
1777206422961 7.404635190963745 170
1777206423588 7.120028972625732 171
1777206424586 7.024776220321655 172
1777206425178 7.233146667480469 173
1777206425770 7.409053087234497 174
1777206426364 7.522058725357056 175
