1777206310713 40698.599609375 1
1777206311315 39347.669921875 2
1777206311910 37963.318359375 3
1777206312507 36052.205078125 4
1777206313099 33495.548828125 5
1777206313696 30555.626953125 6
1777206314293 27352.2470703125 7
1777206314887 24211.33984375 8
1777206315480 21180.62109375 9
1777206316074 17927.84765625 10
1777206316669 14816.8779296875 11
1777206317261 11901.17041015625 12
1777206317852 9097.23046875 13
1777206318448 6360.35205078125 14
1777206319078 4288.329345703125 15
1777206319744 2894.1123046875 16
1777206320364 2175.4517822265625 17
1777206320989 1475.4133911132812 18
1777206321614 1078.9788818359375 19
1777206322239 1070.6093139648438 20
1777206322861 821.7525634765625 21
1777206323489 773.5248413085938 22
1777206324121 743.2137451171875 23
1777206326635 676.0765380859375 24
1777206327247 663.5166320800781 25
1777206327866 601.4088439941406 26
1777206328482 530.7096252441406 27
1777206329122 471.7928924560547 28
1777206329739 586.0570678710938 29
1777206330357 641.9503173828125 30
1777206330974 481.1025848388672 31
1777206331586 500.2519226074219 32
1777206332267 468.19140625 33
1777206332931 561.2229614257812 34
1777206333587 460.09844970703125 35
1777206334251 481.3240051269531 36
1777206334905 500.41954040527344 37
1777206335558 429.3253173828125 38
1777206336210 437.3029022216797 39
1777206337011 482.07176208496094 40
1777206337662 488.6737518310547 41
1777206338312 424.3386535644531 42
1777206339001 406.71705627441406 43
1777206340411 355.85528564453125 44
1777206341035 432.2896423339844 45
1777206341790 557.3408813476562 46
1777206342425 395.0083770751953 47
1777206343047 451.5402069091797 48
1777206343679 386.3381042480469 49
1777206344319 344.4189453125 50
1777206345155 382.40411376953125 51
1777206345785 326.84918212890625 52
1777206346406 310.59991455078125 53
1777206347027 327.76060485839844 54
1777206347650 385.722900390625 55
1777206348267 393.48414611816406 56
1777206348901 339.73828125 57
1777206349524 343.24598693847656 58
1777206350149 292.4227294921875 59
1777206350766 381.3467559814453 60
1777206351392 374.9691467285156 61
1777206352013 348.43199157714844 62
1777206352635 353.7755889892578 63
1777206353251 345.08497619628906 64
1777206353878 361.9225769042969 65
1777206354501 314.8782501220703 66
1777206355131 322.7745056152344 67
1777206355759 256.30323791503906 68
1777206356389 301.1335906982422 69
1777206357013 314.2290496826172 70
1777206357642 275.11695861816406 71
1777206358265 256.15887451171875 72
1777206358928 228.55718231201172 73
1777206359914 324.38661193847656 74
1777206360512 246.29344177246094 75
1777206361112 321.64720153808594 76
1777206361716 209.75472259521484 77
1777206362328 241.99806213378906 78
1777206362946 242.87105560302734 79
1777206363550 274.78053283691406 80
1777206364156 244.04204559326172 81
1777206364758 211.30164337158203 82
1777206365359 174.41402435302734 83
1777206365958 253.55583953857422 84
1777206366563 223.8957290649414 85
1777206367165 267.5661315917969 86
1777206367765 233.19296264648438 87
1777206368366 171.88512420654297 88
1777206368986 229.72501373291016 89
1777206369589 195.28772735595703 90
1777206370197 191.06713104248047 91
1777206370802 157.8692169189453 92
1777206371404 209.4782943725586 93
1777206372004 200.3227310180664 94
1777206372609 177.89620971679688 95
1777206373219 178.27377319335938 96
1777206373823 212.45813751220703 97
1777206374426 174.77063751220703 98
1777206375514 188.14805603027344 99
1777206376146 221.71894073486328 100
1777206376776 154.66146850585938 101
1777206377404 168.90541076660156 102
1777206378036 183.42282104492188 103
1777206378666 164.7212371826172 104
1777206379754 178.364501953125 105
1777206380501 150.86585235595703 106
1777206381231 154.22940826416016 107
1777206381855 145.3770980834961 108
1777206382479 171.9838104248047 109
1777206383115 163.49480438232422 110
1777206383745 168.44760131835938 111
1777206384368 145.04048919677734 112
1777206384996 137.491455078125 113
1777206385622 134.65038299560547 114
1777206386250 112.77006912231445 115
1777206386857 141.51441955566406 116
1777206387462 151.85299682617188 117
1777206388069 135.07744598388672 118
1777206388668 157.65795135498047 119
1777206389648 124.59869384765625 120
1777206390252 122.69726943969727 121
1777206390853 140.80384826660156 122
1777206391455 139.70282745361328 123
1777206392058 130.51563262939453 124
1777206392673 123.80833435058594 125
1777206393277 105.99266815185547 126
1777206393877 109.6142578125 127
1777206394476 135.82636260986328 128
1777206395075 124.25088882446289 129
1777206395671 128.5771598815918 130
1777206396268 109.3382339477539 131
1777206396861 149.2829818725586 132
1777206397457 109.3523063659668 133
1777206398048 128.0714874267578 134
1777206398640 107.52030563354492 135
1777206400385 113.10176849365234 136
1777206400977 130.2996063232422 137
1777206401572 110.2579231262207 138
1777206402164 101.35736846923828 139
1777206402761 124.47562408447266 140
1777206403359 116.3112678527832 141
1777206403954 109.4197006225586 142
1777206404546 126.58463287353516 143
1777206405139 96.29559326171875 144
1777206405732 113.04444122314453 145
1777206406325 90.78796005249023 146
1777206406915 117.0049934387207 147
1777206407506 127.33438873291016 148
1777206408099 98.38236618041992 149
1777206409569 111.97377014160156 150
1777206411309 105.4021110534668 151
1777206411903 100.66955184936523 152
1777206412501 119.05171585083008 153
1777206413094 132.62535095214844 154
1777206413687 108.22689056396484 155
1777206414281 107.85951232910156 156
1777206414876 93.44554138183594 157
1777206415471 98.99667739868164 158
1777206416069 94.01245498657227 159
1777206416670 114.51090240478516 160
1777206417263 105.83597564697266 161
1777206417855 96.93584823608398 162
1777206418449 89.95484924316406 163
1777206419042 93.4719123840332 164
1777206419815 112.36300277709961 165
1777206420451 105.13856887817383 166
1777206421080 87.77236557006836 167
1777206421707 73.1131477355957 168
1777206422333 95.47257614135742 169
1777206422961 100.25855255126953 170
1777206423588 91.1581916809082 171
1777206424586 91.97941589355469 172
1777206425178 96.21315002441406 173
1777206425770 98.4013557434082 174
1777206426364 103.04984283447266 175
