1777428828470 167.3961023401331 1
1777428828779 164.6668367739077 2
1777428829083 162.46610740379052 3
1777428829384 160.28293468334056 4
1777428829679 157.9541674013491 5
1777428829979 155.47054742883753 6
1777428830275 152.8115980360243 7
1777428830573 149.9154668737341 8
1777428830898 146.59875460024233 9
1777428831208 142.97154857494212 10
1777428831509 138.9861560397678 11
1777428831821 134.71438203034577 12
1777428832135 129.86308232060185 13
1777428832467 124.09931804515698 14
1777428832781 118.41656635425709 15
1777428833107 112.70488512957537 16
1777428833429 106.69487197310836 17
1777428833746 101.17943629512081 18
1777428834079 95.05291154649522 19
1777428834414 88.64360696298105 20
1777428834757 82.22942041467738 21
1777428835081 76.22846815321181 22
1777428835422 70.4643142135055 23
1777428835744 65.00712020308883 24
1777428836044 60.167285212764035 25
1777428836342 54.33545896742079 26
1777428836650 48.752715781882955 27
1777428836958 46.11222994769061 28
1777428837266 40.58241314358182 29
1777428837596 36.769080762509944 30
1777428837909 32.87539708172834 31
1777428838224 30.026508967081707 32
1777428838547 27.834947797987198 33
1777428838863 24.120655801561142 34
1777428839170 23.066550925925927 35
1777428839499 22.251444216127748 36
1777428839828 21.92302672068278 37
1777428840149 20.043520503573948 38
1777428840482 20.706111696031357 39
1777428840786 18.26931487189399 40
1777428841107 18.617762318363898 41
1777428841436 17.467835426330566 42
1777428841747 18.630571153428818 43
1777428842048 17.229952211733217 44
1777428842358 16.76462067498101 45
1777428842673 18.36047758879485 46
1777428842982 16.192209596987123 47
1777428843294 18.410592820909287 48
1777428843591 14.862302179689761 49
1777428843912 15.801294044212058 50
1777428844216 15.960744681181732 51
1777428844526 15.00144276795564 52
1777428844828 14.349346761350278 53
1777428845121 16.173035515679253 54
1777428845406 15.316348570364493 55
1777428845683 16.623974870752406 56
1777428845972 16.42060993335865 57
1777428846254 14.781830717016149 58
1777428846546 15.306804374412254 59
1777428846823 13.239761458502876 60
1777428847110 13.366363949245876 61
1777428847386 14.703748349790219 62
1777428847681 13.278804231573034 63
1777428847964 13.87075427726463 64
1777428848242 14.987336088109899 65
1777428848528 12.848124504089355 66
1777428848817 13.893026457892525 67
1777428849102 13.476918891624168 68
1777428849386 12.524029678768581 69
1777428849665 14.117923948499891 70
1777428849960 12.550310523421675 71
1777428850261 13.97462018330892 72
1777428850560 12.507221575136539 73
1777428850871 10.59820936344288 74
1777428851169 11.981903199796323 75
1777428851449 11.346754692218921 76
1777428851745 12.739729192521837 77
1777428852028 11.210650956189191 78
1777428852312 12.193149778578016 79
1777428852591 11.576808399624294 80
1777428852875 13.297073505542896 81
1777428853155 12.761004236009386 82
1777428853436 11.769996501781323 83
1777428853715 13.279083993699816 84
1777428853994 12.968357757285789 85
1777428854273 10.79047104164406 86
1777428854564 11.288137789125797 87
1777428854849 11.074542469448513 88
1777428855136 11.323308096991646 89
1777428855450 10.297330379486084 90
1777428855743 10.587391923975062 91
1777428856023 11.632675011952719 92
1777428856301 12.336968616203025 93
1777428856578 11.49090689199942 94
1777428856860 10.08884749589143 95
1777428857138 10.768807605460838 96
1777428857411 10.668686001389116 97
1777428857684 10.509250428941515 98
1777428857965 11.39302889506022 99
1777428858256 9.901173644595676 100
1777428858556 11.586867791635019 101
1777428858834 10.762095680943242 102
1777428859112 10.255013889736599 103
1777428859391 10.361889309353298 104
1777428859674 10.176019280045121 105
1777428859957 10.32399195211905 106
1777428860230 10.01232949009648 107
1777428860503 10.473606710080746 108
1777428860780 10.636531953458432 109
1777428861070 9.40411611839577 110
1777428861363 10.224349675355134 111
1777428861663 9.144338837376347 112
1777428861942 10.077613106480351 113
1777428862221 9.946566104888916 114
1777428862522 11.349398136138916 115
1777428862814 10.58260891172621 116
1777428863119 9.092913521660698 117
1777428863422 10.859909605096888 118
1777428863715 9.239965173933241 119
1777428864017 9.842704755288583 120
1777428864308 10.720308356814915 121
1777428864614 9.834597181390833 122
