1777428828470 214.03337393091294 1
1777428828779 211.83980164855706 2
1777428829083 210.06072410733998 3
1777428829384 208.35217518962935 4
1777428829679 206.43514417366052 5
1777428829979 204.3270490384227 6
1777428830275 201.8915627880472 7
1777428830573 198.9789954367043 8
1777428830898 195.27787693118236 9
1777428831208 191.02453008383503 10
1777428831509 186.41491230920877 11
1777428831821 181.78676983625624 12
1777428832135 176.51798111311493 13
1777428832467 170.57549648176317 14
1777428832781 164.73398300365957 15
1777428833107 158.64480397455506 16
1777428833429 152.28661428577695 17
1777428833746 145.6202386560673 18
1777428834079 139.49745181364426 19
1777428834414 132.39837641800975 20
1777428834757 124.06814769890578 21
1777428835081 116.90749882385646 22
1777428835422 109.92588945228053 23
1777428835744 103.3540070885014 24
1777428836044 96.65307240977909 25
1777428836342 88.3075762737476 26
1777428836650 82.38776693554087 27
1777428836958 77.98335284092688 28
1777428837266 69.31999860813076 29
1777428837596 63.590632601724444 30
1777428837909 57.401535513406564 31
1777428838224 52.58744809615337 32
1777428838547 48.60415885304981 33
1777428838863 41.99380883497888 34
1777428839170 40.39955776463555 35
1777428839499 39.36553550686422 36
1777428839828 38.04837330212029 37
1777428840149 35.081947522795645 38
1777428840482 35.41123675440555 39
1777428840786 31.841440283629407 40
1777428841107 32.33667079834151 41
1777428841436 30.93362408643859 42
1777428841747 31.789155620101997 43
1777428842048 30.45886658611803 44
1777428842358 29.556042213863076 45
1777428842673 31.516310571373197 46
1777428842982 28.535036201407298 47
1777428843294 31.039521650580813 48
1777428843591 26.17782581600552 49
1777428843912 27.788386008774534 50
1777428844216 28.1679836469417 51
1777428844526 26.46851248786589 52
1777428844828 25.744419715432993 53
1777428845121 27.917138789345763 54
1777428845406 26.98645018620166 55
1777428845683 28.858425387056595 56
1777428845972 28.744254690883444 57
1777428846254 26.54408138994336 58
1777428846546 27.019481271187693 59
1777428846823 24.28410410952695 60
1777428847110 24.422767198194137 61
1777428847386 26.038122545291046 62
1777428847681 24.018646625948506 63
1777428847964 25.016882727204816 64
1777428848242 27.2269772206578 65
1777428848528 23.216217108228598 66
1777428848817 25.107986991039077 67
1777428849102 24.054616454100994 68
1777428849386 23.126770941480082 69
1777428849665 25.58988399907154 70
1777428849960 22.89290864248755 71
1777428850261 25.292512363160466 72
1777428850560 23.095697757002547 73
1777428850871 20.10099545571181 74
1777428851169 22.38917407960367 75
1777428851449 21.207968398316336 76
1777428851745 23.60595581420807 77
1777428852028 20.61173667998026 78
1777428852312 22.46594645235317 79
1777428852591 21.455774286754153 80
1777428852875 24.400937722119412 81
1777428853155 23.563335373537026 82
1777428853436 22.030037228366254 83
1777428853715 24.0887894131404 84
1777428853994 23.303980357189655 85
1777428854273 20.53139343676113 86
1777428854564 21.303434082582495 87
1777428854849 20.839502911341164 88
1777428855136 21.38742471722943 89
1777428855450 19.581980989986366 90
1777428855743 19.85226041669673 91
1777428856023 21.601020704100637 92
1777428856301 23.116207946465153 93
1777428856578 21.43161917674699 94
1777428856860 19.62371316566269 95
1777428857138 20.11381267201915 96
1777428857411 20.442178453191072 97
1777428857684 19.910771262205273 98
1777428857965 21.03417440547458 99
1777428858256 19.12627810527067 100
1777428858556 21.7629902950406 101
1777428858834 20.23900013500775 102
1777428859112 19.395826602638245 103
1777428859391 19.661328555725117 104
1777428859674 19.217158851816194 105
1777428859957 19.995083013745216 106
1777428860230 19.377605829049564 107
1777428860503 19.858009609583153 108
1777428860780 20.673452350298877 109
1777428861070 18.44340394748003 110
1777428861363 19.384593139188528 111
1777428861663 17.904002742654626 112
1777428861942 19.614949562461042 113
1777428862221 19.193491245762765 114
1777428862522 21.084485812847973 115
1777428862814 19.883794026608154 116
1777428863119 17.69697839840445 117
1777428863422 20.991787712512423 118
1777428863715 18.06793870189809 119
1777428864017 19.118139694563887 120
1777428864308 20.221711167432456 121
1777428864614 18.956039971893276 122
