1777310671139 -1.8345729741627665 1
1777310672999 -1.01095617208875 2
1777310674881 0.10153372801463334 3
1777310676743 0.7971599669641319 4
1777310678604 0.9227750549951232 5
1777310680458 0.9419957819465594 6
1777310682315 0.95341306676251 7
1777310684163 0.9563586884058499 8
1777310686028 0.9606683705436463 9
1777310687882 0.9634694244542057 10
1777310689743 0.9690813427082178 11
1777310691594 0.9662059122875978 12
1777310693442 0.9715092980224197 13
1777310695292 0.9760108132904075 14
1777310697170 0.974779327567455 15
1777310699019 0.9735718784125761 16
1777310700883 0.9784581395468204 17
1777310702742 0.9788185629146717 18
1777310704602 0.9810224561480364 19
1777310706467 0.9819879967152731 20
1777310708333 0.9778193292922606 21
1777310710184 0.9823694173936782 22
1777310712038 0.9737285469320096 23
1777310713882 0.9824801521886859 24
1777310715742 0.9846219226276001 25
1777310717614 0.9854563335169986 26
1777310719472 0.9848336526585721 27
1777310721329 0.9851424574825537 28
1777310723190 0.9864614731072369 29
1777310725049 0.9868017224822356 30
1777310726909 0.987143886508257 31
1777310728786 0.9865268438510922 32
1777310730650 0.9869263707807456 33
1777310732512 0.9857524136872892 34
1777310734366 0.9868166805947459 35
1777310736227 0.9859139501117927 36
1777310738090 0.9850112653238215 37
1777310739961 0.9877803765767865 38
1777310741812 0.9878053596088409 39
1777310743665 0.9858694227722975 40
1777310745525 0.9882329788467072 41
1777310747378 0.9868472943676566 42
1777310749238 0.9889703494474704 43
1777310751106 0.9903389281498517 44
1777310752964 0.9899163782573472 45
1777310754825 0.9905616473577453 46
1777310756675 0.9898716363420094 47
