1777297905627 181.11607360839844 1
1777297906306 177.70033264160156 2
1777297906974 174.272216796875 3
1777297907625 170.05145263671875 4
1777297908284 165.08880615234375 5
1777297908933 159.58946228027344 6
1777297909586 153.31349182128906 7
1777297910237 146.25697326660156 8
1777297910900 138.5294647216797 9
1777297911552 130.17628479003906 10
1777297912200 121.0386962890625 11
1777297912855 111.2156753540039 12
1777297913528 100.08320617675781 13
1777297914179 88.61884307861328 14
1777297914858 77.94841003417969 15
1777297915511 67.25696563720703 16
1777297916165 56.7557258605957 17
1777297916819 48.23490524291992 18
1777297917484 40.204795837402344 19
1777297918139 33.13581848144531 20
1777297918812 28.691125869750977 21
1777297919460 27.750879287719727 22
1777297920111 23.17270278930664 23
1777297920763 22.94976806640625 24
1777297921443 21.26862335205078 25
1777297922099 20.74275779724121 26
1777297922787 20.7003116607666 27
1777297923478 19.325544357299805 28
1777297924140 19.66527557373047 29
1777297924805 19.199100494384766 30
1777297925463 20.06171417236328 31
1777297926116 18.45600700378418 32
1777297926782 16.48412322998047 33
1777297927436 18.95343589782715 34
1777297928086 16.729145050048828 35
1777297928738 16.66547966003418 36
1777297929389 16.24197769165039 37
1777297930046 18.306095123291016 38
1777297930733 15.107242584228516 39
1777297931383 17.169822692871094 40
1777297932036 16.01068687438965 41
1777297932690 15.81545639038086 42
1777297933367 15.651018142700195 43
1777297934032 15.254837989807129 44
1777297934737 15.070399284362793 45
1777297935388 14.628571510314941 46
1777297936045 15.490930557250977 47
1777297936738 15.58931827545166 48
1777297937388 15.328716278076172 49
1777297938053 14.26130485534668 50
1777297938676 13.627412796020508 51
1777297939298 14.003986358642578 52
1777297939919 13.52462100982666 53
1777297940539 14.338207244873047 54
1777297941156 12.54885482788086 55
1777297941776 12.881908416748047 56
1777297942394 12.756677627563477 57
1777297943058 12.677335739135742 58
1777297943744 12.985363960266113 59
1777297944400 13.096508026123047 60
1777297945061 13.194221496582031 61
1777297945713 13.097562789916992 62
1777297946370 12.859445571899414 63
1777297947026 13.322115898132324 64
1777297947679 12.500706672668457 65
1777297948339 11.807488441467285 66
1777297949000 12.357311248779297 67
1777297949653 11.628094673156738 68
1777297950308 11.734610557556152 69
1777297950957 12.009622573852539 70
1777297951601 11.817323684692383 71
1777297952245 12.24211311340332 72
1777297952895 11.969542503356934 73
