1777297905627 -2.094002147701397 1
1777297906306 -2.015801287039232 2
1777297906974 -1.9387012837417332 3
1777297907625 -1.8398816541030958 4
1777297908284 -1.7117688933638058 5
1777297908933 -1.556066659614097 6
1777297909586 -1.3903419976742932 7
1777297910237 -1.2157583449479406 8
1777297910900 -1.02895010167786 9
1777297911552 -0.8367790208636194 10
1777297912200 -0.6322903363053849 11
1777297912855 -0.42658879396435334 12
1777297913528 -0.21278904502108564 13
1777297914179 0.0026553073545120265 14
1777297914858 0.19053844577979062 15
1777297915511 0.3738896865719722 16
1777297916165 0.5292064038923021 17
1777297916819 0.6603013869340555 18
1777297917484 0.7621923161110878 19
1777297918139 0.8375744371291852 20
1777297918812 0.8843035167304805 21
1777297919460 0.8969802742415044 22
1777297920111 0.9241221229507572 23
1777297920763 0.9297929860549353 24
1777297921443 0.9410261187307134 25
1777297922099 0.9441953404846787 26
1777297922787 0.9447064341815465 27
1777297923478 0.9525212504041675 28
1777297924140 0.949788541347579 29
1777297924805 0.9539638083069819 30
1777297925463 0.9496901348520531 31
1777297926116 0.957910082797067 32
1777297926782 0.9656647634924782 33
1777297927436 0.9564845532687093 34
1777297928086 0.9654655284686465 35
1777297928738 0.9652375667128068 36
1777297929389 0.9675231084180376 37
1777297930046 0.9572880808540791 38
1777297930733 0.9729380918619067 39
1777297931383 0.9641370217526013 40
1777297932036 0.9690534426486587 41
1777297932690 0.9699027608012117 42
1777297933367 0.9703672409549676 43
1777297934032 0.9710967241955948 44
1777297934737 0.9713263412987581 45
1777297935388 0.973806592580866 46
1777297936045 0.9711781193706581 47
1777297936738 0.9706247345028364 48
1777297937388 0.9712045315358034 49
1777297938053 0.9755066515297525 50
1777297938676 0.9774087069305223 51
1777297939298 0.9760111497999455 52
1777297939919 0.9778336399435457 53
1777297940539 0.9745676331596501 54
1777297941156 0.9809453737114575 55
1777297941776 0.9787174694634432 56
1777297942394 0.9802093919337206 57
1777297943058 0.981493369602341 58
1777297943744 0.9791251363015997 59
1777297944400 0.9791169725942748 60
1777297945061 0.9776025958628474 61
1777297945713 0.9799338613597022 62
1777297946370 0.9804870682085434 63
1777297947026 0.9762452946289482 64
1777297947679 0.9820150687312194 65
1777297948339 0.9827150692086852 66
1777297949000 0.9815229547709962 67
1777297949653 0.98382553417619 68
1777297950308 0.9834055530069983 69
1777297950957 0.9830171037058966 70
1777297951601 0.9834862232990239 71
1777297952245 0.9819395974089417 72
1777297952895 0.9826001964567105 73
