1777255201023 189.7932586669922 1
1777255204406 174.17483520507812 2
1777255207360 151.55226135253906 3
1777255235434 120.64093017578125 4
1777255238113 84.69624328613281 5
1777255241976 54.009910583496094 6
1777255244967 36.69429397583008 7
1777255248482 29.77528953552246 8
1777255251570 27.135238647460938 9
1777255255746 25.933361053466797 10
1777255260240 24.19788360595703 11
1777255263941 23.149452209472656 12
1777255269387 22.271121978759766 13
1777255274107 22.212081909179688 14
1777255279207 21.111568450927734 15
1777255321566 20.6379337310791 16
1777255328917 20.581287384033203 17
1777255336696 20.284942626953125 18
1777255342118 20.001754760742188 19
1777255348311 20.14533805847168 20
1777255358397 19.58432960510254 21
1777255366284 19.10809326171875 22
1777255371706 18.740156173706055 23
1777255377737 19.022052764892578 24
1777255384937 18.467927932739258 25
1777255409421 18.835601806640625 26
1777255412099 18.373809814453125 27
1777255415953 18.51273536682129 28
1777255420488 17.842390060424805 29
1777255433036 17.702524185180664 30
1777255492998 17.81059455871582 31
1777255495733 18.208078384399414 32
1777255499500 18.27182388305664 33
1777255505995 17.5689754486084 34
1777255513092 17.161849975585938 35
1777255519240 17.37017250061035 36
1777255524788 17.627620697021484 37
1777255530846 17.165390014648438 38
1777255536303 16.883716583251953 39
1777255542488 17.327301025390625 40
1777255547457 16.995891571044922 41
1777255555987 16.9467716217041 42
1777255561943 16.901317596435547 43
1777255565926 16.948118209838867 44
1777255570399 16.43863296508789 45
1777255574626 16.815574645996094 46
