1777429031622 -2.810158866104586 1
1777429031932 -2.731231264961705 2
1777429032233 -2.671659985819287 3
1777429032522 -2.611747878158192 4
1777429032810 -2.5472681067344345 5
1777429033108 -2.479399752241206 6
1777429033390 -2.405898334117251 7
1777429033672 -2.3268152956173793 8
1777429033987 -2.239119110967588 9
1777429034293 -2.1467496682976828 10
1777429034591 -2.0426979859175693 11
1777429034890 -1.9225712019207144 12
1777429035207 -1.7879174359586374 13
1777429035502 -1.655567860326999 14
1777429035806 -1.5171193496528534 15
1777429036100 -1.3747383237274216 16
1777429036392 -1.2311403539562082 17
1777429036679 -1.0880401131648965 18
1777429036975 -0.9500691485254165 19
1777429037267 -0.8083252016539484 20
1777429037552 -0.662066066677431 21
1777429037835 -0.5032393185501169 22
1777429038124 -0.365862741932087 23
1777429038418 -0.2083925951406489 24
1777429038711 -0.06576744332979989 25
1777429039000 0.06924250773972074 26
1777429039293 0.20527661165205302 27
1777429039584 0.3023871597857448 28
1777429039872 0.4022719853699973 29
1777429040156 0.4695360818409654 30
1777429040443 0.5578949100367154 31
1777429040734 0.6269874058421729 32
1777429041031 0.6959376557596861 33
1777429041318 0.7389602141498242 34
1777429041605 0.785800157251469 35
1777429041884 0.7976544126938441 36
1777429042164 0.837904755803913 37
1777429042451 0.8669329206652299 38
1777429042733 0.8776491431900988 39
1777429043017 0.8829597806552613 40
1777429043303 0.8950335475650593 41
1777429043588 0.9042918594284189 42
1777429043876 0.9157838639107878 43
1777429044161 0.9080573717768714 44
1777429044472 0.9192281344791278 45
1777429044752 0.9307089435017937 46
1777429045042 0.9287846587239464 47
1777429045326 0.9316869168883866 48
1777429045605 0.9316230444481105 49
1777429045902 0.9341914832797461 50
1777429046186 0.941628920537112 51
1777429046470 0.9360493069352109 52
1777429046751 0.9429018770663934 53
1777429047038 0.9451228790357116 54
1777429047324 0.9471416452259437 55
1777429047609 0.9444140463207369 56
1777429047899 0.946941636626254 57
1777429048183 0.9459699539565593 58
1777429048468 0.9565284533458058 59
1777429048764 0.9573659221719306 60
1777429049050 0.9577530727437222 61
1777429049337 0.9600760886066396 62
1777429049626 0.9560701140160902 63
1777429049923 0.9532172711605018 64
1777429050211 0.9464754489827796 65
1777429050525 0.9520050659192542 66
1777429050831 0.9587715079994664 67
1777429051148 0.9585216014552781 68
1777429051461 0.960856702405105 69
1777429051756 0.9655532106897653 70
1777429052080 0.9580045396270191 71
1777429052401 0.96201629487634 72
1777429052721 0.9523946899987363 73
1777429053037 0.9608003464665805 74
1777429053351 0.9593296953208913 75
1777429053660 0.9653298957243747 76
1777429053976 0.9625412818013015 77
1777429054294 0.9534592251855076 78
1777429054630 0.9579953969722073 79
1777429054945 0.964315340749542 80
1777429055259 0.9647880988192099 81
1777429055591 0.9582349652414582 82
