1777402142567 -2.8165182634267683 1
1777402154038 -2.763572618255662 2
1777402170442 -2.712854945363964 3
1777402180744 -2.6682290453436077 4
1777402188180 -2.6220645503378335 5
1777402194931 -2.572563693075658 6
1777402204385 -2.5183991337140124 7
1777402213748 -2.4574660155531354 8
1777402221785 -2.3903253539048275 9
1777402228278 -2.3116076306476647 10
1777402245096 -2.228842482709606 11
1777402251627 -2.140661648307755 12
1777402261829 -2.050106209056743 13
1777402265107 -1.951508900347032 14
1777402274834 -1.8529050380154328 15
1777402284105 -1.753117237510239 16
1777402289562 -1.649936238721109 17
1777402298398 -1.546930469776874 18
1777402303205 -1.4407438069715597 19
1777402310652 -1.32722966861623 20
1777402314233 -1.216663833609294 21
1777402319892 -1.1109176937374041 22
1777402321093 -0.990297652899407 23
1777402333509 -0.8823850985379325 24
1777402338795 -0.7642098812844034 25
1777402343976 -0.6584626921320051 26
1777402353635 -0.5440225637280516 27
1777402367256 -0.4407995937185871 28
1777402377540 -0.32203817842105664 29
1777402388807 -0.2181076435887912 30
1777402401639 -0.10051232869621307 31
1777402406800 -0.009680836850171737 32
1777402421007 0.11080359417079155 33
1777402422136 0.19973054476545438 34
1777402424411 0.30485411153571995 35
1777402425314 0.39319321241424754 36
1777402436126 0.47086891268657083 37
1777402439821 0.5379704886359423 38
1777402450845 0.6204407887511534 39
1777402464026 0.6709010600181455 40
1777402473493 0.7237827209382526 41
1777402479316 0.7644458600987303 42
1777402484465 0.7936105025284163 43
1777402492035 0.8371863241500304 44
1777402502974 0.8605584681833667 45
1777402514602 0.872704939348089 46
1777402526145 0.8832956991391003 47
1777402532270 0.8933844765769112 48
1777402550409 0.9010176315850221 49
1777402554784 0.9051069509762156 50
1777402568078 0.9177382115958087 51
1777402579071 0.918758347245044 52
1777402584283 0.9198716283994065 53
1777402595619 0.9271967212082675 54
1777402603413 0.9319637173227817 55
1777402606561 0.9255006958915771 56
1777402606978 0.9355767016182004 57
1777402608207 0.930053513087326 58
1777402613018 0.9369864373061891 59
1777402613389 0.938406780564317 60
1777402613722 0.9436345583770709 61
1777402616971 0.9336795642040753 62
1777402617368 0.944933441951354 63
1777402620666 0.9453266543568575 64
1777402621873 0.9396330451834177 65
1777402622670 0.9340032945659161 66
1777402623374 0.949786888942752 67
1777402626567 0.945898965829131 68
1777402627310 0.9547183761719589 69
1777402633761 0.9531650147493863 70
1777402635821 0.942945481658227 71
1777402637955 0.9438588420857318 72
1777402645296 0.9550012201164911 73
1777402653873 0.9556345456108246 74
1777402662050 0.9481376057937072 75
1777402665018 0.9548539956776638 76
1777402665732 0.9470275107358884 77
1777402675440 0.9395190015081658 78
1777402680103 0.9517018695905217 79
1777402689737 0.9551163622572751 80
1777402703049 0.9598922362685907 81
1777402715334 0.9568977099278025 82
1777402727094 0.9614840549147949 83
1777402737085 0.9595963118402212 84
1777402746962 0.9588414474195044 85
1777402756162 0.9618890034134844 86
1777402761807 0.9578297688618664 87
1777402768556 0.9594895147584801 88
1777402776679 0.9587990335339558 89
1777402777710 0.9570511863296588 90
