1777402142567 226.4050832440606 1
1777402154038 224.8291625740531 2
1777402170442 223.30913270621065 3
1777402180744 221.9630635094497 4
1777402188180 220.56195097693075 5
1777402194931 219.0496073238891 6
1777402204385 217.38273598942948 7
1777402213748 215.49215110416435 8
1777402221785 213.38957185157855 9
1777402228278 210.89774625396072 10
1777402245096 208.24563883488653 11
1777402251627 205.38232260226292 12
1777402261829 202.3997437004306 13
1777402265107 199.10150716719852 14
1777402274834 195.74746566047796 15
1777402284105 192.2936089194074 16
1777402289562 188.65582294551632 17
1777402298398 184.9528550570388 18
1777402303205 181.05627578186844 19
1777402310652 176.7958690039872 20
1777402314233 172.5450122431825 21
1777402319892 168.37908309822808 22
1777402321093 163.4976466764889 23
1777402333509 159.0035192711941 24
1777402338795 153.9315429724363 25
1777402343976 149.2469116095874 26
1777402353635 144.00558121779517 27
1777402367256 139.10870019071416 28
1777402377540 133.25223526502285 29
1777402388807 127.90729980634413 30
1777402401639 121.57658980042169 31
1777402406800 116.45135451659633 32
1777402421007 109.28267531955831 33
1777402422136 103.67418163409828 34
1777402424411 96.62521729438697 35
1777402425314 90.27712326151625 36
1777402436126 84.30127276526582 37
1777402439821 78.77480698068229 38
1777402450845 71.39902178951753 39
1777402464026 66.48378561724655 40
1777402473493 60.908500712005505 41
1777402479316 56.24680546484396 42
1777402484465 52.6497469092623 43
1777402492035 46.762523911548286 44
1777402502974 43.27614478013551 45
1777402514602 41.348358704767534 46
1777402526145 39.590950473245776 47
1777402532270 37.841009719635686 48
1777402550409 36.461237979531084 49
1777402554784 35.700121249465845 50
1777402568078 33.239276275284446 51
1777402579071 33.03253234857078 52
1777402584283 32.80542334403338 53
1777402595619 31.270006291285444 54
1777402603413 30.228930994048877 55
1777402606561 31.632141995548807 56
1777402606978 29.41534691750794 57
1777402608207 30.65035023823647 58
1777402613018 29.091727574711854 59
1777402613389 28.76199117290854 60
1777402613722 27.5143306499228 61
1777402616971 29.845315526673843 62
1777402617368 27.195462869449265 63
1777402620666 27.0981920378233 64
1777402621873 28.474239017007218 65
1777402622670 29.772384813127374 66
1777402623374 25.969349327470404 67
1777402626567 26.955989431125275 68
1777402627310 24.66115955358433 69
1777402633761 25.08058666851154 70
1777402635821 27.682003810434992 71
1777402637955 27.459534992634502 72
1777402645296 24.58401843479507 73
1777402653873 24.41040347580438 74
1777402662050 26.39239304505242 75
1777402665018 24.624201882687995 76
1777402665732 26.67335782345607 77
1777402675440 28.50112323889896 78
1777402680103 25.469338327177226 79
1777402689737 24.55254474821869 80
1777402703049 23.209550351936215 81
1777402715334 24.060390786210355 82
1777402727094 22.744310275370932 83
1777402737085 23.295014806686645 84
1777402746962 23.511619779343945 85
1777402756162 22.624430106557035 86
1777402761807 23.7988229155975 87
1777402768556 23.325781917243017 88
1777402776679 23.52373069395496 89
1777402777710 24.0175157843838 90
