1777300224824 171.98361206054688 1
1777300225475 168.44773864746094 2
1777300226125 165.04759216308594 3
1777300226781 160.95916748046875 4
1777300227452 156.19842529296875 5
1777300228103 150.89324951171875 6
1777300228747 144.89785766601562 7
1777300229400 137.72825622558594 8
1777300230048 129.29458618164062 9
1777300230693 120.74185943603516 10
1777300231339 111.86124420166016 11
1777300231982 101.90887451171875 12
1777300232681 91.7498550415039 13
1777300233336 81.65084075927734 14
1777300233981 72.42491912841797 15
1777300234628 62.22802734375 16
1777300235281 53.035953521728516 17
1777300235935 44.72212219238281 18
1777300236605 37.7055778503418 19
1777300237249 32.37056350708008 20
1777300237930 27.931734085083008 21
1777300238576 25.32973861694336 22
1777300239219 22.780101776123047 23
1777300239871 22.404680252075195 24
1777300240525 21.378549575805664 25
1777300241172 19.827165603637695 26
1777300241818 20.23380470275879 27
1777300242463 18.37046241760254 28
1777300243114 19.84597396850586 29
1777300243772 19.53421974182129 30
1777300244426 18.579099655151367 31
1777300245076 16.89895248413086 32
1777300245743 17.558671951293945 33
1777300246390 16.97739601135254 34
1777300247037 16.51529884338379 35
1777300247679 17.68644905090332 36
1777300248357 17.610671997070312 37
1777300249007 17.171049118041992 38
1777300249657 18.37661361694336 39
1777300250302 16.24344825744629 40
1777300250951 15.361085891723633 41
1777300251605 16.51323699951172 42
1777300252255 15.899147033691406 43
1777300252918 14.655726432800293 44
1777300253566 15.052515029907227 45
1777300254229 15.85629653930664 46
1777300254898 15.316914558410645 47
1777300255544 16.02855110168457 48
1777300256196 15.841259002685547 49
1777300256842 16.202312469482422 50
1777300257492 17.130409240722656 51
1777300258173 16.386600494384766 52
1777300258825 14.190459251403809 53
1777300259475 14.719830513000488 54
1777300260125 16.192062377929688 55
1777300260778 14.654870986938477 56
1777300261424 15.079476356506348 57
1777300262076 15.673803329467773 58
1777300262761 14.242528915405273 59
1777300263429 13.864533424377441 60
1777300264078 13.835400581359863 61
1777300264742 13.950936317443848 62
1777300265390 14.317948341369629 63
1777300266066 12.806878089904785 64
1777300266713 14.738676071166992 65
1777300267387 14.582375526428223 66
1777300268130 13.302305221557617 67
1777300268830 13.760621070861816 68
1777300269542 13.817404747009277 69
1777300270241 12.962479591369629 70
1777300270955 13.922569274902344 71
1777300271649 12.300324440002441 72
1777300272344 12.53303337097168 73
1777300273047 14.321165084838867 74
1777300273745 13.197319984436035 75
1777300274443 12.025528907775879 76
1777300275134 12.725435256958008 77
1777300275826 12.946813583374023 78
1777300276527 11.70266342163086 79
1777300277230 11.722249031066895 80
1777300277939 12.000906944274902 81
