1777298190272 159.75804901123047 1
1777298190969 156.21245574951172 2
1777298191664 152.70721435546875 3
1777298192353 148.6044464111328 4
1777298193035 143.47966766357422 5
1777298193726 138.06312561035156 6
1777298194418 132.12618255615234 7
1777298195104 125.66728973388672 8
1777298195809 118.82187271118164 9
1777298196551 111.27445220947266 10
1777298197243 103.16211700439453 11
1777298197927 94.09305191040039 12
1777298198615 83.64411544799805 13
1777298199307 73.06378555297852 14
1777298200003 62.87800979614258 15
1777298200688 53.070499420166016 16
1777298201376 44.89589309692383 17
1777298202067 38.19726753234863 18
1777298202750 30.953919410705566 19
1777298203436 27.376689910888672 20
1777298204142 24.814936637878418 21
1777298204844 24.013678550720215 22
1777298205544 20.89060115814209 23
1777298206241 21.295132637023926 24
1777298206931 20.09438705444336 25
1777298207689 20.762730598449707 26
1777298208376 19.418230056762695 27
1777298209100 18.244121551513672 28
1777298209787 17.35303497314453 29
1777298210497 17.94649314880371 30
1777298211189 16.302202224731445 31
1777298211884 18.47346019744873 32
1777298212572 17.62968158721924 33
1777298213256 16.321290016174316 34
1777298213942 16.15029525756836 35
1777298214629 16.100982666015625 36
1777298215315 16.06768798828125 37
1777298215995 16.664934158325195 38
1777298216677 14.768247127532959 39
1777298217368 16.182961463928223 40
1777298218090 15.369675159454346 41
1777298218781 15.452925205230713 42
1777298219469 15.501401901245117 43
1777298220157 14.978302001953125 44
1777298220840 16.05704164505005 45
1777298221532 14.667338371276855 46
1777298222226 14.564046382904053 47
1777298222911 14.958412647247314 48
1777298223597 13.757899284362793 49
1777298224277 14.995743751525879 50
1777298224962 14.16628122329712 51
1777298225663 15.095378875732422 52
1777298226350 15.246221542358398 53
1777298227032 13.496777057647705 54
1777298227743 13.536310195922852 55
1777298228434 12.280172348022461 56
1777298229124 12.491520881652832 57
1777298229815 13.683620929718018 58
1777298230520 12.681259632110596 59
1777298231211 13.430737972259521 60
1777298231910 13.479986190795898 61
1777298232599 12.76699686050415 62
1777298233305 13.069278240203857 63
1777298234041 12.437174320220947 64
1777298234743 12.316388607025146 65
1777298235427 12.307495594024658 66
1777298236114 11.766015529632568 67
1777298236797 12.02518081665039 68
1777298237498 11.941679954528809 69
1777298238206 11.904579639434814 70
1777298238930 11.306248188018799 71
1777298239616 13.27802038192749 72
1777298240306 12.348655223846436 73
1777298240994 11.882770538330078 74
1777298241673 12.222102642059326 75
1777298242360 11.381260395050049 76
1777298243064 12.163779735565186 77
1777298243773 12.064697742462158 78
1777298244464 12.161444664001465 79
1777298245171 12.034107685089111 80
1777298245871 10.872270584106445 81
1777298246557 11.049283504486084 82
1777298247241 10.99963092803955 83
1777298247955 11.81475019454956 84
1777298248662 11.632957458496094 85
1777298249346 11.649937629699707 86
1777298250023 10.299769401550293 87
1777298250720 10.445222854614258 88
1777298251437 11.779291152954102 89
1777298252125 10.594611644744873 90
1777298252811 10.951551914215088 91
1777298253497 10.547242641448975 92
1777298254185 10.79863166809082 93
1777298254863 12.074875831604004 94
1777298255551 10.335034847259521 95
1777298256250 10.650498390197754 96
1777298256933 10.38632869720459 97
1777298257629 10.596651077270508 98
1777298258340 11.234689235687256 99
1777298259068 10.445717334747314 100
1777298259758 10.421414852142334 101
1777298260452 9.53069543838501 102
1777298261141 10.57652759552002 103
1777298261844 9.651223182678223 104
1777298262527 9.997496128082275 105
1777298263220 9.461892127990723 106
1777298263905 10.129381656646729 107
1777298264602 9.756152629852295 108
1777298265293 11.17994499206543 109
1777298266005 10.151944160461426 110
1777298266690 9.630013942718506 111
1777298267377 9.654711723327637 112
1777298268098 10.344653606414795 113
