1777306895572 151.6166229248047 1
1777306897444 119.16146850585938 2
1777306899300 69.69487762451172 3
1777306901184 33.46638107299805 4
1777306903043 24.63256072998047 5
1777306904899 21.668033599853516 6
1777306906753 20.067399978637695 7
1777306926283 19.811485290527344 8
1777306928148 18.48779296875 9
1777306930029 17.989011764526367 10
1777306931915 17.50410270690918 11
1777306933779 16.892728805541992 12
1777306935625 15.768131256103516 13
1777306937480 16.738113403320312 14
1777306939339 15.561185836791992 15
1777306941210 15.228446006774902 16
1777306943086 15.433083534240723 17
1777306944945 14.520638465881348 18
1777306946802 14.673563003540039 19
1777306948671 14.597970962524414 20
1777306950524 13.600048065185547 21
1777306952380 13.605657577514648 22
1777306954255 13.142328262329102 23
1777306956097 12.519644737243652 24
1777306957954 11.884132385253906 25
1777306959800 11.924430847167969 26
1777306961665 11.49099063873291 27
1777306963501 11.498188972473145 28
1777306965345 11.029292106628418 29
1777306967185 11.002579689025879 30
1777306969022 10.720130920410156 31
1777306970870 10.622946739196777 32
1777306972710 10.848050117492676 33
1777306974552 10.634793281555176 34
1777306976406 10.11961555480957 35
1777306978243 10.342846870422363 36
1777306980090 10.129188537597656 37
1777306981928 10.250880241394043 38
1777306983780 9.7149658203125 39
1777306985621 9.573297500610352 40
1777306987476 9.987357139587402 41
1777306989317 9.481834411621094 42
1777306991167 9.433991432189941 43
1777306993017 10.174263954162598 44
1777306994856 9.4111328125 45
1777306996696 9.526007652282715 46
1777306998555 9.151222229003906 47
1777307000394 9.109343528747559 48
1777307002232 9.245109558105469 49
1777307004066 8.685383796691895 50
1777307005899 9.270190238952637 51
1777307007743 8.746801376342773 52
1777307009610 8.560526847839355 53
1777307011464 8.794157028198242 54
1777307013306 8.550288200378418 55
1777307015134 8.41165542602539 56
1777307016969 8.500391960144043 57
1777307018822 8.349281311035156 58
1777307020686 8.403766632080078 59
