1777386457469 154.97717910902438 1
1777386457831 152.2187628680945 2
1777386458186 150.04748438260677 3
1777386458860 147.87852478027344 4
1777386459871 145.53639736458527 5
1777386460229 142.90416040165843 6
1777386460583 139.9897805777077 7
1777386460933 136.71724718586273 8
1777386461536 132.9845068866492 9
1777386461896 128.84950416180075 10
1777386462234 124.56168424793097 11
1777386462579 120.28228661511702 12
1777386462952 115.80645653246418 13
1777386463307 111.23164978480126 14
1777386463657 106.40513548355781 15
1777386464003 101.44392972317931 16
1777386464549 96.46699281234062 17
1777386464894 91.00686983283974 18
1777386465324 85.59672823942734 19
1777386465668 79.23883697328652 20
1777386466292 73.22509991337354 21
1777386466948 66.79615311665069 22
1777386467299 60.14375980954496 23
1777386467662 53.64659373795597 24
1777386468007 47.632571909194176 25
1777386468395 42.474590534696944 26
1777386468741 36.73526487152371 27
1777386469085 33.0441359613345 28
1777386469593 27.94708923656792 29
1777386469944 24.638510237107997 30
1777386470382 21.25447519228791 31
1777386470926 20.501143940549223 32
1777386471759 20.05816665332466 33
1777386472286 19.46334090529988 34
1777386472642 17.01901279981483 35
1777386472997 17.535873997176083 36
1777386473904 15.953000587101153 37
1777386474326 16.46154581743461 38
1777386474871 16.04771267016493 39
1777386475871 13.455872273657372 40
1777386476216 15.012188270749961 41
1777386476556 13.3560338119371 42
1777386477145 13.17408800153421 43
1777386477558 13.031523377959028 44
1777386477907 13.189565812515577 45
1777386478769 12.430562341390095 46
1777386479842 11.11433392023828 47
1777386480416 14.107146809292123 48
1777386480778 11.912577993579717 49
1777386481142 11.484777905608498 50
1777386481607 11.174436941344943 51
1777386481983 13.164795653685617 52
1777386482399 12.677445898989895 53
1777386482930 11.649278748283047 54
1777386513018 12.85528179361134 55
1777386513405 11.948208514023959 56
1777386513784 12.426723304488185 57
1777386514157 11.534880096480824 58
1777386514532 12.054390331687134 59
1777386514908 12.382479942163304 60
1777386515283 9.785289818738264 61
1777386515664 10.19882983199213 62
1777386516149 10.599782397556021 63
1777386516576 10.036429601607054 64
1777386517003 10.392004276807654 65
1777386517543 11.558317462343844 66
1777386518166 10.59638276708586 67
1777386531187 9.258916766848692 68
1777386531610 11.71701732743034 69
1777386566585 11.295345926709274 70
1777386566923 9.840954157718919 71
1777386567271 11.312633069544942 72
1777386567617 12.088570408580566 73
1777386568192 11.496539300414858 74
1777386568550 10.395588825010758 75
1777386568900 10.414539529591003 76
1777386569264 9.883954022687691 77
1777386569889 10.17504085744524 78
1777386570259 10.113171974487758 79
1777386570622 9.169411482089352 80
1777386570979 10.828065346964035 81
1777386571349 10.245874587435397 82
1777386571742 8.902712275790885 83
1777386572118 8.84350262791891 84
1777386572536 8.663432325029232 85
1777386573488 10.545567871908759 86
1777386573863 8.954524045315978 87
1777386574254 7.77974059277543 88
1777386575112 10.485563397053795 89
1777386575583 9.689267829759185 90
1777386575972 7.822737980737884 91
1777386576385 8.96073683220838 92
1777386576774 7.608394639782099 93
1777386577176 9.197592770947193 94
1777386577576 9.754063948679395 95
1777386579411 7.975073839861137 96
1777386580062 8.725389195337494 97
1777386580574 10.993313598066834 98
1777386582086 9.679301496783067 99
1777386582468 8.222378927168577 100
1777386582836 8.458456196204844 101
1777386583210 6.969679748410641 102
1777386583592 6.8868144773941715 103
1777386583968 8.870043197088496 104
1777386584480 10.11821153001191 105
1777386584860 9.035198580688114 106
1777386585238 8.477186515989219 107
1777386585641 8.6857847751425 108
1777386586043 9.03861638360632 109
1777386586420 8.578522886508296 110
1777386586818 7.697809891177214 111
1777386587202 6.463207174691673 112
1777386587593 7.997350846695263 113
1777386587984 7.470483853767463 114
1777386588367 7.388251903715049 115
1777386589087 6.7266041628331035 116
1777386589482 7.910469378915668 117
1777386589871 6.914300790950877 118
1777386590566 8.737946926592366 119
1777386590997 7.839745311567267 120
1777386592049 8.30424004676434 121
1777386592435 7.796021279807614 122
1777386592817 7.482579176362261 123
1777386593714 8.33341266394369 124
1777386594150 7.155792296887859 125
1777386594483 6.500892016583451 126
1777386594815 7.638819973546602 127
1777386595156 7.079997596684125 128
1777386595513 7.0202003892168445 129
1777386595880 6.3989745131586 130
1777386596247 6.262535009186062 131
1777386596625 7.634622792320364 132
1777386597001 7.0967958164498075 133
1777386597416 7.337514161639114 134
1777386598657 7.523576206694017 135
1777386681412 6.328907323944816 136
1777386681758 7.7577946036081284 137
1777386682100 6.411360071108674 138
1777386682439 7.283014154858688 139
1777386682761 6.223666229587634 140
1777386683091 5.7536426447973055 141
1777386683426 6.275046590527724 142
1777386683772 5.892469518191737 143
1777386684116 5.588235450569176 144
1777386684475 5.956097017056157 145
1777386684833 5.918708170203144 146
1777386685184 5.499764200487901 147
1777386685548 6.571439714743051 148
1777386685898 6.779774183335573 149
1777386686607 7.108057973222138 150
1777386687091 6.288994731959674 151
1777386687428 6.269245162420527 152
1777386687787 5.132204704680853 153
1777386688147 6.66859290493702 154
1777386688493 5.946413323150544 155
1777386688833 5.767533776597382 156
1777386689181 5.819813508449747 157
1777386689533 6.263308743553274 158
1777386689885 5.579771336745084 159
1777386690232 5.697954815714579 160
1777386690617 5.082914441275667 161
1777386690989 5.478289759831188 162
1777386691343 5.857773752523813 163
1777386691703 6.869622559080492 164
1777386692058 5.254452191757519 165
1777386692423 5.046158186971964 166
1777386692851 6.278824138924347 167
1777386693495 5.3674455656849664 168
1777386693997 5.737761120697157 169
1777386694534 5.356304528663703 170
1777386695296 6.587399804486012 171
1777386695654 5.166354604998399 172
1777386696002 4.870628138748757 173
1777386696355 4.75442708946477 174
1777386696708 5.346242511590794 175
1777386697053 5.040974035461154 176
1777386697406 5.6146022632497 177
1777386698338 4.70573866530059 178
1777386698715 5.026486890889063 179
1777386699309 5.55884474632648 180
1777386699697 4.321480372114776 181
1777386700222 4.639073200395623 182
1777386700818 5.278814708302212 183
1777386701220 4.817452786725777 184
1777386701609 5.1762005610706545 185
1777386702010 4.863717759469143 186
1777386702366 5.864190292924377 187
1777386702714 4.6277077264531075 188
1777386703069 4.524025845456902 189
1777386703465 5.84523734664351 190
1777386703928 4.90554440127636 191
1777386704289 5.207706231250254 192
1777386704642 5.44498076566249 193
1777386705005 5.731557092185544 194
1777386705364 6.011651873942299 195
1777386705719 5.280713308317371 196
1777386706085 4.831907508635026 197
1777386706432 5.057811277061258 198
1777386706788 5.096497534573609 199
1777386707168 5.066196393259201 200
1777386707715 5.455358805783779 201
1777386708056 4.814172296495749 202
1777386708396 5.85368069159171 203
1777386708749 4.9359691495357705 204
1777386709106 4.624048018243263 205
1777386709454 5.094816199113071 206
1777386709809 6.875642760641851 207
1777386710159 4.74056758059946 208
1777386710521 4.643054070317073 209
