1777154200655 155.7824455624535 1
1777154201270 152.46021931966146 2
1777154201886 149.36191929408483 3
1777154202499 145.76524265834263 4
1777154203110 141.51289978027344 5
1777154203721 136.59390665690105 6
1777154204329 130.75658424014136 7
1777154204940 123.87158065069289 8
1777154205549 116.85347508021763 9
1777154206157 109.62721339634487 10
1777154206764 101.9893533615839 11
1777154207371 93.84259788876489 12
1777154208011 85.57283383324032 13
1777154208622 76.41325948806036 14
1777154209233 67.73634701683407 15
1777154209843 58.81105143229167 16
1777154210452 49.65225001743862 17
1777154211063 40.55953975859143 18
1777154211674 34.4042116074335 19
1777154212283 28.026529802594865 20
1777154212902 25.151906894502186 21
1777154213513 21.535540081205824 22
1777154214125 19.243359956287204 23
1777154214732 17.25885037921724 24
1777154215338 15.604533259073893 25
1777154215947 17.225159890311105 26
1777154216558 17.543364951724097 27
1777154217170 15.997329929896763 28
1777154324634 15.850633784702845 29
1777154325269 14.321614247276669 30
1777154325898 14.19576569511777 31
1777154326531 13.395940989539737 32
1777154327171 12.964640935262045 33
1777154327810 12.164097495306105 34
1777154328479 12.288677033923921 35
1777154329124 13.253416542779831 36
1777154329774 11.867270260765439 37
1777154330423 12.976331629071916 38
1777154331394 12.608129001799083 39
1777154332045 11.897836648850214 40
1777154332704 11.76028178987049 41
1777154333364 11.380686124165853 42
1777154334034 11.541644541422526 43
1777154334705 11.69640966142927 44
1777154335373 11.887946610223679 45
1777154336040 10.885923367454891 46
1777154336745 10.74672976902553 47
1777154337426 9.941057514009021 48
1777154338095 10.9877515293303 49
1777154338789 10.412409836905343 50
1777154339487 11.056477160680862 51
1777154340157 12.191169779641287 52
1777154340832 10.151709456670853 53
1777154341500 10.276388726915632 54
1777154342178 10.015607252575101 55
1777154342837 10.188781720116024 56
1777154343500 9.718634995960054 57
1777154344169 9.176965386526925 58
1777154344814 9.82764276776995 59
1777154345468 9.187686511448451 60
1777154346124 9.355462242308118 61
1777154346778 10.386782391866047 62
1777154347424 10.201208686828613 63
1777154348063 10.157037217276438 64
1777154348738 10.926835659572056 65
1777154349410 8.265254783630372 66
1777154360809 8.702455338977632 67
1777154361458 9.115130824134463 68
1777154363388 9.51375918615432 69
1777154364096 8.596166974022275 70
1777154364864 8.83122425987607 71
1777154365617 8.637474387032645 72
1777154366295 9.763421421959286 73
1777154366981 7.845790027436756 74
1777154367652 8.544693351927258 75
1777154368364 7.6923600650969 76
1777154369035 8.437965720040458 77
1777154369712 8.522445510682605 78
1777154370379 8.844690032232375 79
1777154371039 7.713290246327718 80
1777154371696 9.20108721596854 81
1777154372348 9.001066870916457 82
1777154373024 7.806350499107724 83
1777154373689 8.125050699143182 84
1777154374376 8.138096064612979 85
1777154375067 7.968282744998024 86
1777154375739 7.63332762945266 87
1777154376410 8.434482615334646 88
1777154377074 8.144192096165249 89
1777154377741 7.587240727742513 90
1777154378410 8.373103972843715 91
1777154379085 8.715653909955705 92
1777154379745 8.102534176054455 93
1777154380427 7.3702103115263435 94
1777154381137 7.717341023399716 95
1777154381816 7.9033613886152 96
1777154382512 7.251419812157041 97
1777154383220 8.002304908207485 98
1777154383900 6.892062200818743 99
1777154384567 7.47015012105306 100
1777154385251 6.418333130791074 101
1777154385943 6.544766784849621 102
1777154386622 7.444374974568685 103
1777154387413 7.702192669823056 104
1777154416384 7.482561370304652 105
1777154418578 7.180962535313197 106
1777154439451 6.952942171550933 107
1777154441045 6.7656990232921785 108
1777154484018 7.452085149855841 109
1777154484700 6.8701643535069055 110
1777154485386 7.404767127264114 111
1777154486051 7.455406343369257 112
1777154486731 6.84909907749721 113
1777154487411 8.062338883536203 114
1777154488072 6.051135585421608 115
1777154488730 6.269733746846517 116
1777154506820 6.137397284734817 117
1777154509913 5.551810577937535 118
1777154525066 6.121590023949032 119
1777154533072 6.4327768643697105 120
1777154534377 7.0293219248453775 121
1777154535315 6.7511363710675925 122
1777154536347 6.3343424751645045 123
1777154590200 5.572651808602469 124
1777154591152 5.9768662271045505 125
1777154591960 5.9497933614821665 126
1777154688011 5.969652425675165 127
1777154705221 5.778968493143718 128
1777154715002 5.139888136727469 129
1777154787807 6.053270762307303 130
1777154788447 6.275029298237392 131
1777154789081 6.0553741364252 132
1777154789721 5.835799616859073 133
1777154790362 5.736910384041923 134
1777154790991 5.547033945719401 135
1777154791630 5.243705545152936 136
1777154792278 4.794972628638858 137
1777154792969 5.655422401428223 138
1777154794063 5.4145283767155235 139
1777154794779 4.5452671732221335 140
1777154795447 4.907592918759301 141
1777154796119 5.232172225770496 142
1777154796788 5.041673029036749 143
1777154797453 5.376486487615676 144
1777154798115 5.4014508883158365 145
1777154798780 4.924757021949405 146
1777154799446 4.708946352913266 147
1777154800103 4.790218725658598 148
1777154800761 4.939536430722192 149
1777154801424 5.129440775371733 150
1777154802082 5.0448494638715475 151
1777154802729 5.301819220043364 152
1777154803388 4.93650342850458 153
1777154804042 5.215675685519264 154
1777154804686 4.571998537154425 155
1777154805336 4.601919991629464 156
1777154806023 5.071898900894892 157
1777154806674 4.753613285791307 158
1777154807316 5.517718778337751 159
1777154807960 5.232596810658773 160
1777154808609 4.644657866160075 161
1777154809249 4.577237369900658 162
1777154809895 5.588755326043992 163
1777154810541 4.942142295837402 164
1777154811187 4.440250655582973 165
1777154811831 4.602851658775693 166
1777154812480 4.576728702726818 167
1777154813130 4.879008511134557 168
1777154813775 4.911857727595738 169
1777154820612 4.632762786320278 170
1777154821423 4.262769907996768 171
1777154822245 4.247071220761254 172
1777154823149 4.732544898986816 173
1777154908301 4.365217054457892 174
1777154908948 4.583279157820202 175
