1777154200655 160.78244018554688 1
1777154201270 157.4600830078125 2
1777154201886 154.35195922851562 3
1777154202499 150.7019500732422 4
1777154203110 146.35777282714844 5
1777154203721 141.44139099121094 6
1777154204329 135.65087890625 7
1777154204940 128.69651794433594 8
1777154205549 121.59113311767578 9
1777154206157 114.34284973144531 10
1777154206764 106.67678833007812 11
1777154207371 98.50699615478516 12
1777154208011 90.22555541992188 13
1777154208622 81.02011108398438 14
1777154209233 72.34256744384766 15
1777154209843 63.37471008300781 16
1777154210452 54.23758316040039 17
1777154211063 45.054073333740234 18
1777154211674 38.84546661376953 19
1777154212283 32.39850616455078 20
1777154212902 29.536691665649414 21
1777154213513 25.83041763305664 22
1777154214125 23.53667640686035 23
1777154214732 21.4813175201416 24
1777154215338 19.81471824645996 25
1777154215947 21.45868492126465 26
1777154216558 21.822647094726562 27
1777154217170 20.237825393676758 28
1777154324634 20.091983795166016 29
1777154325269 18.49373435974121 30
1777154325898 18.377105712890625 31
1777154326531 17.574256896972656 32
1777154327171 17.14493751525879 33
1777154327810 16.276702880859375 34
1777154328479 16.409442901611328 35
1777154329124 17.390592575073242 36
1777154329774 15.948198318481445 37
1777154330423 17.138961791992188 38
1777154331394 16.72770118713379 39
1777154332045 15.978381156921387 40
1777154332704 15.844761848449707 41
1777154333364 15.428833961486816 42
1777154334034 15.662666320800781 43
1777154334705 15.751527786254883 44
1777154335373 15.965564727783203 45
1777154336040 14.923407554626465 46
1777154336745 14.787304878234863 47
1777154337426 13.872605323791504 48
1777154338095 15.07111930847168 49
1777154338789 14.417158126831055 50
1777154339487 15.106849670410156 51
1777154340157 16.25101089477539 52
1777154340832 14.165257453918457 53
1777154341500 14.296635627746582 54
1777154342178 14.045049667358398 55
1777154342837 14.19636344909668 56
1777154343500 13.724262237548828 57
1777154344169 13.150237083435059 58
1777154344814 13.855501174926758 59
1777154345468 13.177552223205566 60
1777154346124 13.338313102722168 61
1777154346778 14.420673370361328 62
1777154347424 14.233173370361328 63
1777154348063 14.203225135803223 64
1777154348738 14.991518020629883 65
1777154349410 12.195034980773926 66
1777154360809 12.67867374420166 67
1777154361458 13.088563919067383 68
1777154363388 13.485414505004883 69
1777154364096 12.557279586791992 70
1777154364864 12.792224884033203 71
1777154365617 12.561161041259766 72
1777154366295 13.777360916137695 73
1777154366981 11.790406227111816 74
1777154367652 12.465950965881348 75
1777154368364 11.539742469787598 76
1777154369035 12.332351684570312 77
1777154369712 12.477750778198242 78
1777154370379 12.832928657531738 79
1777154371039 11.635260581970215 80
1777154371696 13.223427772521973 81
1777154372348 13.024646759033203 82
1777154373024 11.675748825073242 83
1777154373689 12.012030601501465 84
1777154374376 12.083109855651855 85
1777154375067 11.892780303955078 86
1777154375739 11.485579490661621 87
1777154376410 12.342527389526367 88
1777154377074 12.046707153320312 89
1777154377741 11.458565711975098 90
1777154378410 12.306203842163086 91
1777154379085 12.67008113861084 92
1777154379745 12.019596099853516 93
1777154380427 11.199694633483887 94
1777154381137 11.601685523986816 95
1777154381816 11.806965827941895 96
1777154382512 11.09705638885498 97
1777154383220 11.956803321838379 98
1777154383900 10.759309768676758 99
1777154384567 11.324820518493652 100
1777154385251 10.2383394241333 101
1777154385943 10.329850196838379 102
1777154386622 11.306195259094238 103
1777154387413 11.585135459899902 104
1777154416384 11.362332344055176 105
1777154418578 11.054603576660156 106
1777154439451 10.820310592651367 107
1777154441045 10.57174015045166 108
1777154484018 11.307072639465332 109
1777154484700 10.67780876159668 110
1777154485386 11.269824981689453 111
1777154486051 11.351771354675293 112
1777154486731 10.630599021911621 113
1777154487411 12.001961708068848 114
1777154488072 9.801168441772461 115
1777154488730 10.087525367736816 116
1777154506820 9.914937019348145 117
1777154509913 9.297950744628906 118
1777154525066 9.907780647277832 119
1777154533072 10.205131530761719 120
1777154534377 10.837138175964355 121
1777154535315 10.575345993041992 122
1777154536347 10.101890563964844 123
1777154590200 9.28335189819336 124
1777154591152 9.686746597290039 125
1777154591960 9.692496299743652 126
1777154688011 9.700248718261719 127
1777154705221 9.521990776062012 128
1777154715002 8.818754196166992 129
1777154787807 9.825493812561035 130
1777154788447 10.016043663024902 131
1777154789081 9.809264183044434 132
1777154789721 9.585793495178223 133
1777154790362 9.482967376708984 134
1777154790991 9.279688835144043 135
1777154791630 8.961464881896973 136
1777154792278 8.420661926269531 137
1777154792969 9.389472007751465 138
1777154794063 9.113926887512207 139
1777154794779 8.152056694030762 140
1777154795447 8.560301780700684 141
1777154796119 8.890957832336426 142
1777154796788 8.675651550292969 143
1777154797453 9.070053100585938 144
1777154798115 9.104029655456543 145
1777154798780 8.561013221740723 146
1777154799446 8.318737983703613 147
1777154800103 8.437825202941895 148
1777154800761 8.520561218261719 149
1777154801424 8.792473793029785 150
1777154802082 8.661134719848633 151
1777154802729 8.957353591918945 152
1777154803388 8.562301635742188 153
1777154804042 8.902278900146484 154
1777154804686 8.1727294921875 155
1777154805336 8.225335121154785 156
1777154806023 8.741056442260742 157
1777154806674 8.340327262878418 158
1777154807316 9.224822044372559 159
1777154807960 8.879898071289062 160
1777154808609 8.249125480651855 161
1777154809249 8.135794639587402 162
1777154809895 9.245718002319336 163
1777154810541 8.584172248840332 164
1777154811187 8.048571586608887 165
1777154811831 8.226424217224121 166
1777154812480 8.133051872253418 167
1777154813130 8.49492073059082 168
1777154813775 8.539083480834961 169
1777154820612 8.203909873962402 170
1777154821423 7.766923427581787 171
1777154822245 7.781345367431641 172
1777154823149 8.357871055603027 173
1777154908301 7.894287109375 174
1777154908948 8.179943084716797 175
