1777417288847 -2.799511874707513 1
1777417293652 -2.7188865594861604 2
1777417296307 -2.655871668796706 3
1777417303117 -2.5902769470973754 4
1777417305463 -2.5208229716883133 5
1777417308717 -2.43868599301459 6
1777417316359 -2.340933621815521 7
1777417321398 -2.23118797440595 8
1777417324469 -2.1109068511721514 9
1777417324804 -1.985825619372796 10
1777417327157 -1.8540270686390343 11
1777417333987 -1.7248737540668362 12
1777417341919 -1.580843215806921 13
1777417344932 -1.4572631546548531 14
1777417347471 -1.3086831109907937 15
1777417347805 -1.1705518026289372 16
1777417350402 -1.0447565354436463 17
1777417355322 -0.8562527674773408 18
1777417355644 -0.7288554238358758 19
1777417360630 -0.5571453904057988 20
1777417370240 -0.4276993265717697 21
1777417379013 -0.30623610140526636 22
1777417381922 -0.14294514501406375 23
1777417382268 -0.012435897704943688 24
1777417384562 0.11047944424508116 25
1777417391920 0.19975476565718886 26
1777417393928 0.31380167619063604 27
1777417404484 0.41629889384848806 28
1777417409389 0.5250287065659078 29
1777417413720 0.5852890173208232 30
1777417416026 0.6657998298067016 31
1777417424462 0.7164504799059286 32
1777417426832 0.756307837216021 33
1777417427170 0.797860394627404 34
1777417431369 0.8200875003759922 35
1777417440758 0.8273512539951355 36
1777417443067 0.8714249701479695 37
1777417445357 0.8797959333035338 38
1777417447756 0.8904787128091268 39
1777417448122 0.9008713006741278 40
1777417450635 0.9087684535651404 41
1777417458120 0.9125801562868341 42
1777417458466 0.9169415016498187 43
1777417465639 0.9177718978721291 44
1777417468289 0.9245186294507856 45
1777417475207 0.9262377444036625 46
1777417477593 0.9393254639044007 47
1777417477921 0.9274327218826051 48
1777417479929 0.9347852380747521 49
1777417482527 0.9348976258542018 50
1777417484636 0.9409715445618939 51
1777417489782 0.9314879833772982 52
1777417493031 0.9462182203538034 53
1777417493410 0.9392805634426473 54
1777417495801 0.9524397979680334 55
1777417505000 0.94905042518595 56
1777417505340 0.9507853449264839 57
1777417510068 0.9529991956390503 58
1777417514589 0.9498146566212048 59
1777417517055 0.9487546865676706 60
1777417519377 0.9451548729286329 61
1777417523829 0.9473909006219435 62
1777417526448 0.9530206512394451 63
1777417528798 0.9542430083816527 64
1777417537646 0.9613432901090972 65
1777417542379 0.9572619960742919 66
1777417549656 0.9559132880708698 67
1777417549976 0.9553147719109008 68
1777417554518 0.9576224157314079 69
1777417559177 0.9439648576720943 70
1777417565689 0.9670544364760334 71
1777417566026 0.9634192779323718 72
1777417566350 0.9595336282598522 73
1777417570971 0.9626288500069252 74
1777417575638 0.9577176789250611 75
1777417578129 0.9599342184189301 76
1777417578439 0.9531624953831658 77
1777417583940 0.9642244149124446 78
1777417588646 0.9700034666697795 79
1777417593599 0.9568489566391825 80
1777417600775 0.9643931359391865 81
1777417603058 0.9636207698474906 82
1777417608275 0.9633311165096593 83
1777417613950 0.9509025309782582 84
1777417618669 0.9672189303232274 85
1777417623461 0.9533356758520682 86
