1777434126506 202.79185179944977 1
1777434126832 201.32866280972016 2
1777434127150 199.7826455644984 3
1777434127498 198.49437177159456 4
1777434127865 197.1198477449696 5
1777434128177 195.63722006561022 6
1777434128507 194.0594504591312 7
1777434128883 192.3455143095362 8
1777434129241 190.50288096574812 9
1777434129542 188.40342768246018 10
1777434129850 185.7658871907057 11
1777434130136 182.83456063474432 12
1777434130429 179.6929727427453 13
1777434130736 176.11597852161228 14
1777434131044 172.19800330941703 15
1777434131357 167.70338049104734 16
1777434131674 163.37768982100954 17
1777434131963 158.74840673413073 18
1777434132286 153.64766665572895 19
1777434132692 148.60061432620324 20
1777434133066 143.32377027206618 21
1777434133358 137.0407244444147 22
1777434133670 131.3244059928504 23
1777434134007 125.86757519065425 24
1777434134304 120.48504267257617 25
1777434134617 113.94166544771934 26
1777434134938 108.25128553653532 27
1777434135251 102.08038154745994 28
1777434135551 95.85663835743198 29
1777434135888 90.42613957672859 30
1777434136255 85.92322608730424 31
1777434136562 80.01048210137063 32
1777434136861 75.55229912017073 33
1777434137167 69.85659487590452 34
1777434137473 64.22311040549383 35
1777434137787 59.03864225485606 36
1777434138090 53.75033157601216 37
1777434138392 50.96574418252053 38
1777434138737 47.50895526190957 39
1777434139113 43.82942845655331 40
1777434139480 42.268312356802085 41
1777434139849 39.07781418558921 42
1777434140234 35.94329946411692 43
1777434140601 34.447404216088074 44
1777434140962 34.687132247487504 45
1777434141323 33.931794812811624 46
1777434141631 31.10869713757965 47
1777434141959 31.930143401137233 48
1777434142263 28.451288724381627 49
1777434142566 28.80484641941515 50
1777434142878 30.73103156858766 51
1777434143193 30.821627427589807 52
1777434143529 27.73934704551855 53
1777434143846 29.67935023827857 54
1777434144210 26.85399115253285 55
1777434144602 26.39985013977056 56
1777434144960 27.125073129581722 57
1777434145272 29.0566925481194 58
1777434145608 26.08883046813928 59
1777434145986 25.6224000681807 60
1777434146378 26.15112166907533 61
1777434146763 24.455804316073795 62
1777434147150 25.14947259247572 63
1777434147534 28.19372571040574 64
1777434147883 27.575694829187896 65
1777434148236 28.640135915423066 66
1777434148610 23.9766223219358 67
1777434148971 25.713977097369877 68
1777434149363 27.091146834647038 69
1777434149737 27.42285432724181 70
1777434150129 24.54056600575489 71
1777434150467 26.23619777579192 72
1777434150752 26.22333909294531 73
1777434151092 27.314672038919852 74
1777434151482 24.455147929503642 75
1777434151842 24.497315551673847 76
1777434152200 24.026936991049755 77
1777434152556 21.52283985672074 78
1777434152924 23.196399225132307 79
1777434153287 25.563136309699583 80
1777434153659 25.29921526389208 81
1777434154019 24.413108731369864 82
1777434154335 23.692458305680443 83
1777434154678 24.4810219265927 84
1777434155123 23.135578766973012 85
1777434155443 24.556224846481136 86
1777434155749 20.74041820961587 87
1777434156078 22.495199411919675 88
1777434156394 25.537321417021207 89
1777434156745 29.390910543203553 90
1777434157110 25.700686149491954 91
1777434157469 21.7313720910343 92
1777434157840 22.043003015324246 93
1777434158208 21.768466169777916 94
1777434158584 25.098070582669422 95
1777434158931 24.887270254150515 96
1777434159279 19.56933084489086 97
1777434159629 22.150163898765793 98
1777434159976 24.59208469981373 99
1777434160324 23.819833342179763 100
1777434160676 21.0131671134713 101
1777434161013 21.217971180708833 102
1777434161374 23.685390891839187 103
1777434161729 22.300865067608292 104
1777434162099 20.93791685685774 105
1777434162471 24.137320263280834 106
1777434162829 20.887074890011228 107
1777434163137 21.13487744070435 108
1777434163437 21.057273872915847 109
1777434163740 20.515160142058285 110
1777434164077 20.735093978915387 111
1777434164408 23.069881260784996 112
1777434164728 21.69635409477499 113
1777434165040 23.62529968394581 114
1777434165384 20.379295972768617 115
1777434165694 23.2772870473592 116
1777434166023 18.59542649348515 117
1777434166347 22.985421245732045 118
1777434166641 24.28959145250672 119
1777434166965 23.353886008525834 120
1777434167300 19.49438865327261 121
1777434167604 20.086700199444003 122
1777434167930 23.409587545757827 123
1777434168220 21.487804413792272 124
1777434168540 21.84884806723765 125
1777434168843 18.528527611475734 126
1777434169138 19.85748248383221 127
1777434169440 23.16820156949701 128
1777434169739 21.724182239940372 129
1777434170030 21.50721584147872 130
1777434170348 21.592307720240253 131
1777434170652 20.91088268458406 132
1777434170958 21.13623253864639 133
1777434171269 20.92654943346863 134
1777434171573 21.640407123226318 135
1777434171907 20.785905405475862 136
1777434172256 22.544584056124698 137
1777434172619 20.538014962350914 138
1777434172913 20.635179631583885 139
1777434173214 18.879445746093488 140
1777434173535 20.01362908422892 141
1777434173855 19.407774541314218 142
1777434174161 21.342543918385246 143
1777434174485 20.749443322493242 144
1777434174784 21.939219350358048 145
1777434175099 18.87231021940817 146
1777434175384 21.68866227523179 147
1777434175694 18.14120369447339 148
1777434175980 17.891263805462167 149
1777434176294 23.380772494956993 150
1777434176614 20.608973709607213 151
1777434176905 22.860165314431235 152
1777434177197 18.671212233268776 153
1777434177496 21.380071384178727 154
1777434177797 18.62446501302747 155
1777434178103 22.380274997961376 156
1777434178407 19.438123294367468 157
1777434178711 20.73491074100634 158
1777434179005 20.113813430641546 159
1777434179306 20.139446120463752 160
1777434179628 17.12711783351779 161
1777434179944 19.938018122431092 162
1777434180239 18.841129456051394 163
1777434180540 21.38934166279033 164
1777434180847 18.310004262793488 165
1777434181191 19.100867510362914 166
1777434181500 17.823893868258786 167
1777434181799 22.243051879937557 168
1777434182125 18.30457246282674 169
1777434182415 20.074259416309268 170
1777434182710 19.980820423957898 171
1777434183001 21.275830176682444 172
1777434183314 19.612754159791578 173
1777434183620 19.15735955315419 174
1777434183935 19.794207193715398 175
1777434184246 17.35013782985149 176
1777434184592 21.089360075602993 177
1777434184953 18.184237787332467 178
1777434185344 20.316227873063305 179
1777434185705 18.184019614373977 180
1777434186077 17.230207062028903 181
1777434186369 17.191339237400634 182
1777434186672 20.43913724448339 183
