1777232664415 194.8913367679573 1
1777232666401 161.15735505517108 2
1777232668267 101.70642720098672 3
1777232670847 48.167920988808476 4
1777232673303 32.73805603615584 5
1777232675356 28.834878944716383 6
1777232679477 26.88181269107913 7
1777232682132 25.70651638570764 8
1777232684003 25.82196693276158 9
1777232812082 24.268111520034378 10
1777232813955 23.272007013002067 11
1777232816372 23.693836564452987 12
1777232818702 23.420525179631408 13
1777232820985 22.8373183099003 14
1777232823140 22.470620962945993 15
1777232824965 20.984263184418406 16
1777232826788 20.841796927885706 17
1777232828636 19.97248995321759 18
1777232830487 20.04507658674266 19
1777232832919 19.285924927416783 20
1777232835327 18.150743981669002 21
1777232837754 18.313713849286756 22
1777232840071 17.341537510149767 23
1777232842332 17.609309026420885 24
1777232844700 16.168097414193824 25
1777232846601 15.521864292435472 26
1777232848497 15.220091388523816 27
1777232850930 14.872129497084012 28
1777232852821 14.554690979087917 29
1777232854681 14.307295462982747 30
1777232856662 14.436852844908566 31
1777232858553 13.558188935043626 32
1777232860491 14.004147069711527 33
1777232862445 13.462808179686402 34
1777232864357 14.234780078544023 35
1777232866262 13.157355921780866 36
1777232868325 13.388161558794874 37
1777232870368 13.010782655117325 38
1777232923575 12.768536637539293 39
1777232927006 12.613457341829562 40
1777232928965 15.779965548827684 41
1777232930901 15.722935184862626 42
1777232933120 12.974421445039857 43
1777232935543 12.132937111411396 44
1777232949009 11.764550092363567 45
1777232951839 11.96379235656214 46
1777232953717 12.194925794805958 47
1777232955612 11.45626185234382 48
1777232967083 11.600712576417319 49
1777233029421 11.793849235306169 50
1777233031224 11.589043286442742 51
1777233033548 11.590187420802941 52
1777233035964 11.341544801314141 53
1777233038287 11.742373716048538 54
1777233040699 16.254683150908264 55
1777233042683 11.680310750741379 56
1777233044499 11.15087860300601 57
1777233046319 10.96846028687274 58
1777233048145 11.310639902547155 59
1777233049964 11.734394189823188 60
