1777232664415 -1.4755686738497777 1
1777232666401 -0.6927460734417368 2
1777232668267 0.32576681425154996 3
1777232670847 0.8486678323637391 4
1777232673303 0.929966239996228 5
1777232675356 0.9456818409359297 6
1777232679477 0.9528218327965534 7
1777232682132 0.9568558031993208 8
1777232684003 0.9564740084864625 9
1777232812082 0.9615490503630735 10
1777232813955 0.9646331889020169 11
1777232816372 0.9633482520514258 12
1777232818702 0.9642059648031333 13
1777232820985 0.9659514525236648 14
1777232823140 0.9670596556856206 15
1777232824965 0.9712161561817716 16
1777232826788 0.9716339080989411 17
1777232828636 0.9739566573631344 18
1777232830487 0.9737746572164993 19
1777232832919 0.9756805595664023 20
1777232835327 0.9784957006472589 21
1777232837754 0.9781082202703176 22
1777232840071 0.980353480006846 23
1777232842332 0.9797496178979304 24
1777232844700 0.982906099028732 25
1777232846601 0.9842479837917089 26
1777232848497 0.9848727229640588 27
1777232850930 0.9855470341135073 28
1777232852821 0.9861498169308682 29
1777232854681 0.986636598198548 30
1777232856662 0.9863944643575006 31
1777232858553 0.9879972091699598 32
1777232860491 0.9871772025705673 33
1777232862445 0.9881512067521232 34
1777232864357 0.9867709347845456 35
1777232866262 0.988696610883442 36
1777232868325 0.9882927125358565 37
1777232870368 0.9889478583760724 38
1777232923575 0.9893514734748924 39
1777232927006 0.9896137393555641 40
1777232928965 0.9836644706003381 41
1777232930901 0.9837785798093605 42
1777232933120 0.9889985929121903 43
1777232935543 0.990388910176315 44
1777232949009 0.9909574400906512 45
1777232951839 0.990642968057861 46
1777232953717 0.9902804983030138 47
1777232955612 0.9914283395583108 48
1777232967083 0.9911997270174637 49
1777233029421 0.9909132652795668 50
1777233031224 0.991221995255566 51
1777233033548 0.9912379659280074 52
1777233035964 0.9915906673615128 53
1777233038287 0.9909927527442765 54
1777233040699 0.9826411056558149 55
1777233042683 0.9910874539173575 56
1777233044499 0.9918765172712891 57
1777233046319 0.9921496194058251 58
1777233048145 0.991634905835415 59
1777233049964 0.9909963127989995 60
