1777164345745 199.4329767433521 1
1777164346923 192.11456479526987 2
1777164348053 180.0604315971703 3
1777164349182 159.62176435453523 4
1777164350329 134.06448938799645 5
1777164351453 105.78058452522687 6
1777164352594 78.58042512343602 7
1777164353716 53.65412934334029 8
1777164354831 39.516607486670566 9
1777164355956 32.15857042122222 10
1777164357085 29.50045014639897 11
1777164358210 27.143827490369482 12
1777164359327 26.104058975868156 13
1777164360461 25.318060410508032 14
1777164361590 24.833935098988 15
1777164362705 24.032817159180276 16
1777164363820 24.270648622325464 17
1777164364950 22.9875155875664 18
1777164366070 23.711693251486547 19
1777164367180 23.280645809090487 20
1777164368320 23.549211472178023 21
1777164369460 23.069359993690117 22
1777164370585 22.932126733822212 23
1777164371728 23.03741380321305 24
1777164372882 22.52756618465197 25
1777164374002 20.92013464282216 26
1777164375126 21.590792871953038 27
1777164376248 21.69531581473466 28
1777164377383 21.411992425828057 29
1777164378509 20.572423823847238 30
1777164379638 21.24623451893789 31
1777164380779 20.50066275247338 32
1777164381911 20.000412073897984 33
1777164383071 21.11892004583063 34
1777164384203 20.684380317144008 35
1777164385343 20.42702362363397 36
1777164386870 19.449005758846788 37
1777164388022 21.15287441335646 38
1777164389179 18.95448339038399 39
1777164390377 19.800521871371718 40
1777164391553 18.89972340253951 41
1777164392907 18.431048123450374 42
1777164394122 19.177099919904293 43
1777164395309 18.713041305029474 44
1777164396465 18.636642501900873 45
1777164397625 17.991456578596434 46
1777164398762 18.419262777635055 47
1777164399895 18.030029172509394 48
1777164401050 17.426668677362006 49
1777164402184 17.519839535564316 50
1777164403317 17.123629527512996 51
1777164406256 17.18119686168055 52
1777164407638 17.04510955215997 53
1777164409007 16.40992935137922 54
1777164410212 15.948679865360578 55
1777164411525 16.501116119665937 56
1777164412711 15.943570811394547 57
1777164413882 16.09340447009391 58
1777164415099 17.565257656888214 59
1777164416263 15.514876009584645 60
1777164417416 14.699984110862072 61
1777164418576 15.59865332455971 62
1777164419716 15.401620721873849 63
1777164420845 15.586660021180915 64
1777164421982 14.445766143177092 65
1777164423116 16.738142036996848 66
1777164424237 14.729317463426378 67
1777164425368 14.863726954186273 68
1777164426535 14.184444825777112 69
1777164436879 15.181231905238201 70
1777164438115 14.548882947368828 71
1777164439306 13.317489080769278 72
1777164440501 13.705024016182183 73
1777164441688 14.533104331190525 74
1777164442880 13.495454187984086 75
1777164444074 14.271035403424644 76
1777164445231 13.752311384790428 77
1777164446373 14.153228869232994 78
1777164447525 14.818045954501724 79
1777164448664 14.328433842236729 80
1777164449798 14.94178791777395 81
1777164450926 13.548059682259282 82
1777164452068 12.844820713292307 83
1777164453196 12.950383255206868 84
1777164455560 13.472801605901427 85
1777164456780 13.146235969214455 86
1777164471133 12.527833439359828 87
1777164472333 13.083075252583347 88
1777164473510 13.03526657899348 89
1777164474653 13.497381783263048 90
1777164475806 12.198112671245692 91
1777164476937 13.301776326345339 92
1777164478085 12.455455396489766 93
1777164479269 12.368367002749098 94
1777164480410 13.182950943771669 95
1777164481545 12.242497014657943 96
1777164482684 11.990648089433627 97
1777164483829 12.531754477340389 98
1777164484961 12.108933467632458 99
1777164486090 12.254593078033773 100
1777164487240 12.331734601072405 101
1777164488370 12.407864820899405 102
1777164489507 11.592283033794013 103
1777164490660 12.928353003173521 104
1777164491795 12.177998270239234 105
1777164492926 12.092695953542341 106
1777164494056 11.857749643716424 107
1777164495196 11.540855600142123 108
1777164496318 11.78933593825996 109
1777164497437 12.223628586367552 110
