1777164345745 -1.691308375647138 1
1777164346923 -1.4974117010242458 2
1777164348053 -1.1938463038903078 3
1777164349182 -0.7240697119772795 4
1777164350329 -0.21618733866059353 5
1777164351453 0.24284997623436172 6
1777164352594 0.5821173327234053 7
1777164353716 0.8051813419712847 8
1777164354831 0.8942827709960683 9
1777164355956 0.9299751654937134 10
1777164357085 0.9410887133572071 11
1777164358210 0.9500818490333508 12
1777164359327 0.9538164097307928 13
1777164360461 0.9566084643905626 14
1777164361590 0.9582190371799898 15
1777164362705 0.9608944057483246 16
1777164363820 0.9601151382128614 17
1777164364950 0.964227572124168 18
1777164366070 0.9619015984490211 19
1777164367180 0.9633049931562587 20
1777164368320 0.962426840563594 21
1777164369460 0.9639543611666184 22
1777164370585 0.9643933644689844 23
1777164371728 0.9640438407459644 24
1777164372882 0.9656512664535581 25
1777164374002 0.970373352839015 26
1777164375126 0.9684459034892509 27
1777164376248 0.9681280794416468 28
1777164377383 0.9689673931570729 29
1777164378509 0.9713299449275061 30
1777164379638 0.9693935575395365 31
1777164380779 0.9715309614564471 32
1777164381911 0.9729196130488195 33
1777164383071 0.9698131093812806 34
1777164384203 0.9710073944826432 35
1777164385343 0.9717218484134905 36
1777164386870 0.9743863022585748 37
1777164388022 0.9697053575645989 38
1777164389179 0.9756736127585027 39
1777164390377 0.9734385645356959 40
1777164391553 0.9758179655374652 41
1777164392907 0.9769988929682144 42
1777164394122 0.9750968459363104 43
1777164395309 0.9762863409624446 44
1777164396465 0.9764583497903196 45
1777164397625 0.9780815059468797 46
1777164398762 0.9770200866456935 47
1777164399895 0.97798223409785 48
1777164401050 0.9794375459540214 49
1777164402184 0.9792069991360492 50
1777164403317 0.9801331925029286 51
1777164406256 0.9800082265959766 52
1777164407638 0.9803187039291512 53
1777164409007 0.9817631452360599 54
1777164410212 0.9827747250241515 55
1777164411525 0.9815601749717618 56
1777164412711 0.9827886543842391 57
1777164413882 0.982468800653393 58
1777164415099 0.9791132256449696 59
1777164416263 0.9836863898471122 60
1777164417416 0.985372868554148 61
1777164418576 0.9835248924783093 62
1777164419716 0.9839455809229524 63
1777164420845 0.9835344384982891 64
1777164421982 0.9858713236271248 65
1777164423116 0.9810383035087294 66
1777164424237 0.9853175076600138 67
1777164425368 0.9850450469167449 68
1777164426535 0.9863787705834429 69
1777164436879 0.9843907524375031 70
1777164438115 0.985669397231554 71
1777164439306 0.987984708356565 72
1777164440501 0.9872792229895255 73
1777164441688 0.9856965381020253 74
1777164442880 0.9876697502211507 75
1777164444074 0.9862122872186412 76
1777164445231 0.9871936274850315 77
1777164446373 0.9864414780102294 78
1777164447525 0.9851353531084079 79
1777164448664 0.9860882714505197 80
1777164449798 0.9848811394617298 81
1777164450926 0.9875709072656109 82
1777164452068 0.9888246049005464 83
1777164453196 0.9886457076010654 84
1777164455560 0.987710607824944 85
1777164456780 0.9882963398092557 86
1777164471133 0.9893734504388509 87
1777164472333 0.9884126292756662 88
1777164473510 0.9884928884483741 89
1777164474653 0.9876660011492356 90
1777164475806 0.9899119795314932 91
1777164476937 0.9880253964632277 92
1777164478085 0.989478019158702 93
1777164479269 0.9896467601524819 94
1777164480410 0.9882204183951986 95
1777164481545 0.989839148874435 96
1777164482684 0.9902567326107399 97
1777164483829 0.9893577508989086 98
1777164484961 0.9900637250936868 99
1777164486090 0.9898284030329003 100
1777164487240 0.9897022336449186 101
1777164488370 0.9895770017543264 102
1777164489507 0.9908965851506053 103
1777164490660 0.9886848283902745 104
1777164491795 0.989957364933271 105
1777164492926 0.9900949923667071 106
1777164494056 0.9904760372670898 107
1777164495196 0.9909848028544133 108
1777164496318 0.9905876789389014 109
1777164497437 0.9898751426573755 110
