1777206378542 155.55050605751288 1
1777206381430 154.88561615080792 2
1777206382168 153.87254791712547 3
1777206384243 152.69133798842614 4
1777206389629 151.55296458801814 5
1777206392608 150.3578560124519 6
1777206393646 149.01385442807342 7
1777206394020 147.57516846246466 8
1777206394399 146.05170083427996 9
1777206394770 144.45817859321392 10
1777206395894 142.75110543814188 11
1777206397821 140.9780505443539 12
1777206403223 139.21169003449845 13
1777206404853 137.32681315164538 14
1777206405635 135.3437672465067 15
1777206409379 133.3161842731057 16
1777206410435 131.15644233318747 17
1777206410794 129.02967535183055 18
1777206411585 126.8066930210555 19
1777206411957 124.52291770052132 20
1777206412345 122.21051738523941 21
1777206413609 119.8992129453212 22
1777206413967 117.47133890485905 23
1777206415665 114.91309017554943 24
1777206416024 112.06789563459175 25
1777206416386 109.28499585160162 26
1777206417624 106.14573289548608 27
1777206418750 102.77571398002104 28
1777206419122 98.91455860534124 29
1777206419492 94.96737726137971 30
1777206420166 91.27175263537852 31
1777206420545 87.44781566585914 32
1777206420922 83.74013823557324 33
1777206421302 79.94668329165314 34
1777206421684 76.30554411574005 35
1777206422778 72.58739500866446 36
1777206426703 68.79758220185866 37
1777206427114 64.74180336790906 38
1777206427878 61.00254704506532 39
1777206432460 56.90448393666072 40
1777206432818 53.35307265827847 41
1777206433810 50.05203823463145 42
1777206434183 46.517894064566505 43
1777206437560 43.34504082337331 44
1777206439072 39.89309764148927 45
1777206439460 37.035669865594066 46
1777206439847 33.91561318802197 47
1777206440236 30.801640388873636 48
1777206441693 29.000434440816544 49
1777206442826 26.339527897594238 50
1777206443575 24.4039242311472 51
1777206445188 23.17956794036956 52
1777206445551 22.850097864530206 53
1777206446431 22.669776197710803 54
1777206447568 20.086080975631578 55
1777206447931 19.192162583348306 56
1777206448352 18.455485621828707 57
1777206448718 16.439703296695335 58
1777206449083 17.82874296284571 59
1777206449448 16.595581883280495 60
1777206451298 15.510856102057664 61
1777206451769 18.702782213794016 62
1777206452309 16.641618031351786 63
1777206454935 14.31121814173124 64
1777206462579 13.901000294558019 65
1777206463816 15.584752291670892 66
1777206464177 14.822624267668681 67
1777206464535 16.573660415853166 68
1777206464916 15.564767761117272 69
1777206466352 14.741755757770482 70
1777206466715 14.81846532510367 71
1777206468923 15.237835222464994 72
1777206469277 13.124693528693225 73
1777206470408 13.076350361515578 74
1777206470786 12.685741493043984 75
1777206473287 12.612824318316994 76
1777206473656 13.111663451605098 77
1777206474031 14.02720755964783 78
1777206474402 12.79385859888456 79
1777206474771 12.214066781063815 80
1777206477422 13.16017955870586 81
1777206481565 12.084625497699138 82
1777206483755 12.228469707138107 83
1777206484516 13.87581728926752 84
1777206485235 13.036533309302627 85
1777206513981 12.424081595219915 86
1777206517692 11.721376872982399 87
1777206519366 11.871929397356617 88
1777206536592 13.017327293939335 89
1777206539065 11.305036621772924 90
1777206539578 10.247954960039179 91
1777206542322 11.742011225329662 92
1777206542752 11.825934127671783 93
1777206543614 10.659039254004595 94
1777206544612 11.644455812946624 95
1777206545062 12.152367155205248 96
1777206545539 11.546787626453252 97
1777206546205 10.24018379686848 98
1777206546898 11.305336322275043 99
1777206547814 10.278504922340462 100
1777206548924 9.509386904798559 101
1777206549367 10.841149897815919 102
1777206550574 12.545882471237409 103
1777206551813 10.76011367197914 104
1777206552350 11.965048184946665 105
1777206553389 11.427217773301665 106
1777206567118 11.18326733331652 107
1777206568285 9.55640253214171 108
1777206571627 10.188656541501732 109
1777206572095 11.921374027240878 110
1777206578749 9.88923446106274 111
1777206581332 9.695066245444098 112
1777206581721 9.545682545444025 113
1777206582602 9.438128021987326 114
1777206582973 10.803230666548279 115
1777206583738 11.436947837852228 116
1777206584490 10.26994975511681 117
1777206584880 11.111411983818257 118
1777206585505 10.207048420099547 119
1777206587356 10.881361595459436 120
1777206589254 9.541196085366721 121
1777206595412 8.407399435071634 122
1777206595792 8.956173398728186 123
1777206596173 9.307319565272119 124
1777206596923 10.14665799041884 125
1777206597648 9.996466655335016 126
1777206599034 9.024017137023744 127
1777206599395 10.085027537360036 128
1777206600160 10.739702200960334 129
1777206600608 9.340575851530986 130
1777206601005 10.944787036771237 131
1777206601402 8.929393741143564 132
1777206604099 9.06500722477627 133
1777206605242 9.217287480725025 134
1777206605741 8.616747963110134 135
1777206608120 9.529431701343208 136
1777206608858 9.641585299947495 137
1777206609264 9.36759574505271 138
1777206609630 10.25292229808049 139
1777206609996 8.693198626826709 140
1777206610361 8.654078135504568 141
1777206610731 9.089279667206263 142
1777206611097 10.19773986771128 143
1777206611465 10.183574568128728 144
1777206611833 8.221670246407257 145
1777206612714 8.209701226797584 146
1777206613102 8.757371828888573 147
1777206613917 9.141948759378948 148
1777206615443 10.439494018101904 149
1777206616390 8.561789460847216 150
1777206616775 8.29692123622498 151
1777206617799 8.26451880005064 152
1777206618184 7.5639721595922635 153
1777206620226 9.408224762936374 154
1777206620625 7.484586841911519 155
1777206621026 7.442679881766571 156
1777206621817 7.689033355769489 157
1777206622222 8.111328054818626 158
1777206623020 8.275584451239611 159
1777206623437 7.253451523370488 160
1777206624603 7.285565625878399 161
1777206625006 7.2207782637825355 162
1777206625453 7.7019276007700395 163
