1777372807270 156.69373168945313 1
1777372808530 147.57239685058593 2
1777372809729 134.67568969726562 3
1777372810904 116.6840835571289 4
1777372812081 96.80325012207031 5
1777372813244 75.41552276611328 6
1777372814442 53.96702270507812 7
1777372815606 35.04044952392578 8
1777372816774 24.86597557067871 9
1777372817980 19.864562606811525 10
1777372819190 18.121885681152342 11
1777372820378 15.967788887023925 12
1777372821556 15.640154075622558 13
1777372822776 15.413637733459472 14
1777372823948 15.042832374572754 15
1777372825111 14.772751426696777 16
1777372826283 13.549163627624512 17
1777372827471 13.954853439331055 18
1777372828633 14.398392295837402 19
1777372829820 13.931082153320313 20
1777372831027 14.22990016937256 21
1777372832267 13.497184944152831 22
1777372833516 13.388081169128418 23
1777372834767 12.799781799316406 24
1777372836031 13.305434417724609 25
1777372837304 13.002058601379394 26
1777372838523 12.037100028991699 27
1777372839737 12.618791580200195 28
1777372840903 11.669090461730956 29
1777372842789 11.411863899230957 30
1777372844035 11.84481372833252 31
1777372845316 11.23832664489746 32
1777372846535 10.813176155090332 33
1777372847697 10.805063438415527 34
1777372848893 10.405184173583985 35
1777372850111 10.293792152404786 36
1777372851357 10.37548885345459 37
1777372852627 10.617916679382324 38
1777372853881 9.868209266662598 39
1777372855124 9.59803524017334 40
1777372856381 9.699941444396973 41
1777372857629 9.498647499084473 42
1777372858827 9.299445915222169 43
1777372860058 9.542552375793457 44
1777372861316 9.235546493530274 45
1777372862604 9.628517150878906 46
1777372863866 9.06050968170166 47
1777372865099 9.163565826416015 48
1777372866295 8.88841896057129 49
1777372867524 8.656490325927734 50
1777372868772 9.456370162963868 51
1777372870040 8.788998222351074 52
1777372871289 8.72458724975586 53
1777372872541 8.465884399414062 54
1777372873847 8.798324966430664 55
1777372875099 8.36752815246582 56
1777372876294 8.679338836669922 57
1777372877455 8.78250503540039 58
1777372878615 8.483541488647461 59
1777372879811 8.228904628753662 60
1777372880961 8.321476554870605 61
1777372882189 8.2322208404541 62
1777372883387 8.194619846343993 63
1777372884613 7.9050414085388185 64
1777372885871 8.233879566192627 65
1777372887097 7.876929759979248 66
1777372888304 7.627022171020508 67
1777372889797 7.792711639404297 68
1777372891064 7.634559440612793 69
1777372892278 7.921458435058594 70
