1777373266900 -1.6809598967344663 1
1777373268101 -1.4868241225200487 2
1777373269320 -1.1834292007422822 3
1777373270549 -0.7546390344819562 4
1777373271863 -0.26487913940821706 5
1777373273116 0.16368462740302547 6
1777373274375 0.536996604251559 7
1777373275634 0.7763031639274114 8
1777373276837 0.885451233430304 9
1777373278070 0.9239588607137618 10
1777373279326 0.9417535379959504 11
1777373280563 0.9461927373545654 12
1777373281780 0.9500988972313827 13
1777373283008 0.9580464659357251 14
1777373284200 0.9576495655579073 15
1777373285699 0.9595071847742123 16
1777373286968 0.9668666528073021 17
1777373288228 0.961344076177926 18
1777373289469 0.9649620860139927 19
1777373290665 0.9609436626592077 20
1777373291865 0.9651916900030593 21
1777373293032 0.9706178223825472 22
1777373294197 0.9661142668891105 23
1777373295457 0.9684567010511604 24
1777373296958 0.971224706021751 25
1777373298138 0.9738847797692876 26
1777373299328 0.9717470038515151 27
1777373300547 0.9746463757098204 28
1777373301789 0.9741143628196538 29
1777373302962 0.9602551886123786 30
1777373304133 0.9733459274440831 31
1777373305337 0.9720254921187157 32
1777373306584 0.9764433748767277 33
1777373307823 0.97814001867034 34
1777373309275 0.9808217330043418 35
1777373310486 0.9639852687099126 36
1777373311686 0.9791375140341375 37
1777373312868 0.9816059071816513 38
1777373314065 0.9805804648222974 39
1777373315266 0.9817944850825892 40
1777373316424 0.9815675477160676 41
1777373317675 0.9819889698644548 42
1777373319022 0.9834040908496658 43
1777373320215 0.9851854503920986 44
1777373321435 0.9801772151433663 45
1777373322681 0.983793319982825 46
1777373323942 0.9842288404090084 47
1777373325143 0.9831614222395393 48
1777373326404 0.9861272961026326 49
1777373327622 0.9862192117736425 50
1777373328830 0.9849130132238546 51
1777373330845 0.9858735853496668 52
1777373332067 0.9856996290380042 53
1777373333283 0.988223504375038 54
1777373334481 0.9871500842124794 55
1777373335658 0.9874202243239334 56
1777373336867 0.9883116710100157 57
1777373338117 0.9878550142871874 58
1777373339401 0.9873360240963117 59
1777373340650 0.9874911592970669 60
1777373341909 0.9890422357502412 61
1777373343191 0.9890105001143551 62
1777373344445 0.9861427483043456 63
1777373345688 0.9878597561184702 64
1777373346850 0.9888849697869934 65
1777373348065 0.989157407619176 66
1777373349511 0.9900123140651028 67
1777373350741 0.9887705608713053 68
1777373351994 0.9897707431594391 69
1777373353261 0.9907266786083769 70
1777373354785 0.9907825907060769 71
1777373356033 0.9883305904958485 72
1777373357277 0.9900147162885836 73
1777373358482 0.9755887410624703 74
1777373359720 0.9897338051497558 75
1777373361173 0.9906017338340667 76
1777373362384 0.9902574305534081 77
1777373363636 0.9909552710567173 78
1777373364829 0.9917680713153099 79
1777373366024 0.9908386522344551 80
1777373367306 0.9901843288744964 81
1777373368590 0.9895635119160429 82
1777373369839 0.9597830811316639 83
1777373371046 0.9862058271817353 84
1777373372354 0.9883507712690474 85
1777373373916 0.9891762948682896 86
1777373376181 0.9906673846644192 87
1777373377384 0.9908122261984381 88
1777373378637 0.9909534144889912 89
1777373379879 0.9920570254808194 90
1777373381136 0.9904018717566867 91
1777373382357 0.9893307354423857 92
1777373383624 0.9920647118214052 93
1777373384878 0.9911461828153992 94
1777373386141 0.9920456167641772 95
1777373387416 0.9922904673928565 96
1777373388690 0.9923185208440047 97
1777373389952 0.9919464832066447 98
1777373391150 0.991380598277883 99
1777373392432 0.9918459326489991 100
1777373393953 0.9910841746007952 101
1777373395123 0.9919949267068175 102
1777373396336 0.9910111010288832 103
1777373397517 0.9925948344059133 104
1777373398696 0.991934461190156 105
1777373399868 0.9876141168267892 106
1777373401027 0.9921994115069726 107
1777373402224 0.9927801777223056 108
