1777231905832 171.75108337402344 1
1777231907236 166.87005615234375 2
1777231908586 160.51136779785156 3
1777231909878 152.7096710205078 4
1777231911142 142.5660858154297 5
1777231912448 129.43971252441406 6
1777231913700 113.11491394042969 7
1777231914969 95.05789947509766 8
1777231916266 78.01018524169922 9
1777231917583 62.0706901550293 10
1777231918881 48.57838439941406 11
1777231920275 37.708740234375 12
1777231921529 30.580371856689453 13
1777231922837 26.054061889648438 14
1777231924142 24.880746841430664 15
1777231925489 23.78756332397461 16
1777231926790 22.572341918945312 17
1777231928130 22.386770248413086 18
1777231929501 21.55449867248535 19
1777231930745 21.34412956237793 20
1777231932045 20.75492286682129 21
1777231933340 20.262434005737305 22
1777231934626 19.529991149902344 23
1777231935902 19.547752380371094 24
1777231937122 19.898874282836914 25
1777231938482 19.73394775390625 26
1777231939799 18.770082473754883 27
1777231941116 18.393707275390625 28
1777231942462 18.525192260742188 29
1777231943824 18.652414321899414 30
1777231945228 18.335359573364258 31
1777231946538 18.544164657592773 32
1777231947746 17.58774185180664 33
1777231949082 18.827266693115234 34
1777231950403 17.620634078979492 35
1777231951732 17.191200256347656 36
1777231953079 16.752635955810547 37
1777231954324 17.750476837158203 38
1777231955668 17.806289672851562 39
1777231957053 16.909711837768555 40
1777231958335 17.36100959777832 41
1777231959775 16.549209594726562 42
1777231961222 17.741313934326172 43
1777231963499 17.970149993896484 44
1777231966320 16.77497673034668 45
1777231969202 17.36231231689453 46
1777231972330 16.473785400390625 47
1777231975828 16.03217315673828 48
1777231977138 16.819618225097656 49
1777231978462 15.994708061218262 50
1777231979805 15.992021560668945 51
1777231981181 15.932085037231445 52
1777231982552 15.660204887390137 53
1777231983807 15.423088073730469 54
1777231985007 15.726204872131348 55
1777231986359 15.253716468811035 56
1777231987670 15.691156387329102 57
1777231988993 15.112016677856445 58
1777231990297 14.523883819580078 59
1777231991653 14.431053161621094 60
1777231992960 14.794381141662598 61
