1777231905832 171.75108642578124 1
1777231907236 166.87005310058595 2
1777231908586 160.51136474609376 3
1777231909878 152.7096710205078 4
1777231911142 142.56607666015626 5
1777231912448 129.43971252441406 6
1777231913700 113.11492156982422 7
1777231914969 95.05789947509766 8
1777231916266 78.01018676757812 9
1777231917583 62.07068634033203 10
1777231918881 48.578382110595705 11
1777231920275 37.708735656738284 12
1777231921529 30.580370330810545 13
1777231922837 26.054064178466795 14
1777231924142 24.880748748779297 15
1777231925489 23.787563705444335 16
1777231926790 22.57234115600586 17
1777231928130 22.38677101135254 18
1777231929501 21.55449981689453 19
1777231930745 21.34412841796875 20
1777231932045 20.754924392700197 21
1777231933340 20.262436294555663 22
1777231934626 19.52999153137207 23
1777231935902 19.54775199890137 24
1777231937122 19.898873138427735 25
1777231938482 19.73394889831543 26
1777231939799 18.770083618164062 27
1777231941116 18.39370651245117 28
1777231942462 18.525191497802734 29
1777231943824 18.652414321899414 30
1777231945228 18.335358810424804 31
1777231946538 18.544164657592773 32
1777231947746 17.58774337768555 33
1777231949082 18.82726631164551 34
1777231950403 17.62063636779785 35
1777231951732 17.19119987487793 36
1777231953079 16.75263671875 37
1777231954324 17.750476455688478 38
1777231955668 17.806290435791016 39
1777231957053 16.90971221923828 40
1777231958335 17.361010360717774 41
1777231959775 16.549209785461425 42
1777231961222 17.741313552856447 43
1777231963499 17.970150756835938 44
1777231966320 16.774975967407226 45
1777231969202 17.362311553955077 46
1777231972330 16.47378463745117 47
1777231975828 16.032173347473144 48
1777231977138 16.819617080688477 49
1777231978462 15.994709014892578 50
1777231979805 15.992020988464356 51
1777231981181 15.9320858001709 52
1777231982552 15.66020336151123 53
1777231983807 15.423089599609375 54
1777231985007 15.726206016540527 55
1777231986359 15.253716659545898 56
1777231987670 15.691156387329102 57
1777231988993 15.112016105651856 58
1777231990297 14.523883819580078 59
1777231991653 14.431053161621094 60
1777231992960 14.794381141662598 61
