1777231905832 45587.53828125 1
1777231907236 43934.55859375 2
1777231908586 41829.0625 3
1777231909878 38916.92265625 4
1777231911142 34556.88046875 5
1777231912448 29269.040234375 6
1777231913700 23490.8859375 7
1777231914969 17920.3484375 8
1777231916266 13065.0708984375 9
1777231917583 8946.440234375 10
1777231918881 5571.98203125 11
1777231920275 3403.89072265625 12
1777231921529 2110.809375 13
1777231922837 1430.4729248046874 14
1777231924142 1258.0089111328125 15
1777231925489 1110.2216064453125 16
1777231926790 991.2388793945313 17
1777231928130 976.7587524414063 18
1777231929501 890.0349243164062 19
1777231930745 881.6158935546875 20
1777231932045 831.3293823242187 21
1777231933340 774.3162841796875 22
1777231934626 720.8215698242187 23
1777231935902 718.3809936523437 24
1777231937122 759.9158203125 25
1777231938482 737.8285888671875 26
1777231939799 673.8906616210937 27
1777231941116 654.7783081054688 28
1777231942462 653.3110961914062 29
1777231943824 649.251953125 30
1777231945228 641.1939208984375 31
1777231946538 655.2676635742188 32
1777231947746 595.8987915039063 33
1777231949082 684.451025390625 34
1777231950403 596.1153198242188 35
1777231951732 560.0551574707031 36
1777231953079 530.492626953125 37
1777231954324 615.201904296875 38
1777231955668 620.51748046875 39
1777231957053 549.9633117675781 40
1777231958335 575.3133666992187 41
1777231959775 512.0725646972656 42
1777231961222 600.0286987304687 43
1777231963499 626.5384155273438 44
1777231966320 545.5275390625 45
1777231969202 564.6853515625 46
1777231972330 508.8778442382812 47
1777231975828 484.204931640625 48
1777231977138 538.9695617675782 49
1777231978462 490.872802734375 50
1777231979805 478.29498901367185 51
1777231981181 484.62513427734376 52
1777231982552 466.3314147949219 53
1777231983807 445.5466552734375 54
1777231985007 471.48390502929686 55
1777231986359 442.65443115234376 56
1777231987670 463.98948364257814 57
1777231988993 421.27288818359375 58
1777231990297 393.97149047851565 59
1777231991653 391.3615356445313 60
1777231992960 412.46770629882815 61
