1777297772298 193.54966735839844 1
1777297772963 189.9385223388672 2
1777297773622 186.38674926757812 3
1777297774272 182.1792755126953 4
1777297774926 177.09593200683594 5
1777297775578 171.17083740234375 6
1777297776231 164.65252685546875 7
1777297776881 157.48004150390625 8
1777297777537 149.74783325195312 9
1777297778184 141.6227264404297 10
1777297778801 132.94236755371094 11
1777297779418 123.70674896240234 12
1777297780034 113.7574691772461 13
1777297780678 102.85617065429688 14
1777297781330 91.67772674560547 15
1777297781966 80.28153991699219 16
1777297782612 68.374755859375 17
1777297783263 58.42534637451172 18
1777297783919 48.475685119628906 19
1777297784602 41.24467086791992 20
1777297785255 35.852333068847656 21
1777297785903 29.920406341552734 22
1777297786558 29.117265701293945 23
1777297787211 26.221181869506836 24
1777297787869 25.755172729492188 25
1777297788514 23.187026977539062 26
1777297789159 22.13097381591797 27
1777297789804 21.02257537841797 28
1777297790450 21.53565216064453 29
1777297791127 21.66166877746582 30
1777297791782 20.083040237426758 31
1777297792441 21.284080505371094 32
1777297793097 19.195695877075195 33
1777297793747 18.346872329711914 34
1777297794399 18.989070892333984 35
1777297795055 19.44968605041504 36
1777297795703 18.441177368164062 37
1777297796358 17.746740341186523 38
1777297797008 18.141176223754883 39
1777297797659 17.394346237182617 40
1777297798308 17.540388107299805 41
1777297798959 17.50530242919922 42
1777297799611 16.648639678955078 43
1777297800258 17.081905364990234 44
1777297800910 16.958698272705078 45
1777297801582 15.70461368560791 46
1777297802326 17.663257598876953 47
1777297802982 16.29315185546875 48
1777297803660 16.072141647338867 49
1777297804311 16.243345260620117 50
1777297804977 15.165491104125977 51
1777297805646 15.18080997467041 52
1777297806307 16.081066131591797 53
1777297806957 14.531062126159668 54
1777297807605 16.651884078979492 55
1777297808261 14.90859603881836 56
1777297808920 16.088821411132812 57
1777297809569 15.164709091186523 58
1777297810222 15.29401969909668 59
1777297810878 14.715786933898926 60
1777297811561 15.520008087158203 61
1777297812216 14.398320198059082 62
1777297812880 14.56480884552002 63
1777297813567 16.14353370666504 64
1777297814219 15.621115684509277 65
1777297814870 13.823923110961914 66
