1777297772298 225.59511961022025 1
1777297772963 222.50429677636342 2
1777297773622 219.47202648446523 3
1777297774272 215.64619451219937 4
1777297774926 210.78021415680604 5
1777297775578 205.12156237993426 6
1777297776231 198.8053953876689 7
1777297776881 192.10710528564508 8
1777297777537 184.8072925435616 9
1777297778184 177.0975561000925 10
1777297778801 168.27748749137737 11
1777297779418 159.52542404357288 12
1777297780034 149.24235473371186 13
1777297780678 137.91638906905956 14
1777297781330 124.8854106184175 15
1777297781966 112.00222779597001 16
1777297782612 97.28136736512923 17
1777297783263 84.21147684913089 18
1777297783919 71.1156459388715 19
1777297784602 61.43314814492774 20
1777297785255 52.11909105999003 21
1777297785903 43.24344020613786 22
1777297786558 40.9194901952707 23
1777297787211 36.448352392588845 24
1777297787869 35.27111837054299 25
1777297788514 31.841690911451277 26
1777297789159 30.58254516802101 27
1777297789804 28.34622532132675 28
1777297790450 29.554890874139844 29
1777297791127 29.49028494821132 30
1777297791782 27.14577235714782 31
1777297792441 28.52261694529248 32
1777297793097 25.96536092493162 33
1777297793747 24.927947512456235 34
1777297794399 25.804197071431876 35
1777297795055 26.215665708667395 36
1777297795703 24.315389627348907 37
1777297796358 23.629368047141273 38
1777297797008 24.348351459649365 39
1777297797659 23.408230003699302 40
1777297798308 23.059431404202833 41
1777297798959 23.08417961115704 42
1777297799611 22.123085520568566 43
1777297800258 22.619856700901884 44
1777297800910 22.60498811896507 45
1777297801582 20.852820056984918 46
1777297802326 23.566081831173655 47
1777297802982 21.555796854081915 48
1777297803660 21.453842135990435 49
1777297804311 21.848826689270336 50
1777297804977 20.703809494087846 51
1777297805646 20.050198267577528 52
1777297806307 22.10934721408907 53
1777297806957 19.470707489894515 54
1777297807605 22.13308601686414 55
1777297808261 19.989996064664517 56
1777297808920 21.257729994540146 57
1777297809569 20.546792447128283 58
1777297810222 20.69232690754197 59
1777297810878 19.90943370250313 60
1777297811561 20.616190870613956 61
1777297812216 19.09789717274719 62
1777297812880 19.099334222623963 63
1777297813567 21.350958518190787 64
1777297814219 20.766300379385278 65
1777297814870 18.35670481606264 66
