1777297772298 188.5496764079445 1
1777297772963 184.93891499060712 2
1777297773622 181.40052480916032 3
1777297774272 177.22846807456338 4
1777297774926 172.17980750056483 5
1777297775578 166.29735386434612 6
1777297776231 159.79842837698237 7
1777297776881 152.655356827723 8
1777297777537 144.9316408400387 9
1777297778184 136.82567488468192 10
1777297778801 128.16663397107484 11
1777297779418 118.91601967489586 12
1777297780034 108.96591960214826 13
1777297780678 98.0989565040109 14
1777297781330 86.92388685744997 15
1777297781966 75.54931035380606 16
1777297782612 63.71103135096068 17
1777297783263 53.79350900566025 18
1777297783919 43.87927792874491 19
1777297784602 36.725571998063074 20
1777297785255 31.29999271421942 21
1777297785903 25.437406544396964 22
1777297786558 24.623443003199203 23
1777297787211 21.76703534599479 24
1777297787869 21.292926017774672 25
1777297788514 18.783992359656413 26
1777297789159 17.7483811045281 27
1777297789804 16.64542815185475 28
1777297790450 17.163542526298876 29
1777297791127 17.25166512655638 30
1777297791782 15.744845358400015 31
1777297792441 16.871311754460763 32
1777297793097 14.867349801592734 33
1777297793747 14.058585422849626 34
1777297794399 14.644592049957652 35
1777297795055 15.104750019483404 36
1777297795703 14.127104234499436 37
1777297796358 13.459482099473721 38
1777297797008 13.811169555449023 39
1777297797659 13.105805885910778 40
1777297798308 13.240153226443619 41
1777297798959 13.160144881227755 42
1777297799611 12.389448346772477 43
1777297800258 12.819538463653009 44
1777297800910 12.67600143284778 45
1777297801582 11.501386741575464 46
1777297802326 13.360939085798549 47
1777297802982 12.009694859901737 48
1777297803660 11.814220760544817 49
1777297804311 11.978543259715305 50
1777297804977 10.956522371512753 51
1777297805646 10.996091232815001 52
1777297806307 11.897809720221366 53
1777297806957 10.361663128443487 54
1777297807605 12.3847518826819 55
1777297808261 10.703732441819842 56
1777297808920 11.82885326557977 57
1777297809569 10.965125916638376 58
1777297810222 11.122615747009386 59
1777297810878 10.535045941857401 60
1777297811561 11.291669120945373 61
1777297812216 10.206450944498435 62
1777297812880 10.374489064645012 63
1777297813567 11.92038536631774 64
1777297814219 11.375935146266828 65
1777297814870 9.678756190830304 66
