1777206979732 41083.3984375 1
1777206983270 40897.77734375 2
1777206985202 40650.32421875 3
1777206985966 40401.6796875 4
1777206987095 40181.1953125 5
1777206987464 39961.08203125 6
1777206987832 39744.6796875 7
1777206988198 39441.9609375 8
1777206988561 39064.6875 9
1777206988929 38666.765625 10
1777206989294 38214.2890625 11
1777206990455 37734.078125 12
1777206990963 37256.578125 13
1777206991363 36756.3828125 14
1777206991761 36197.26171875 15
1777206993351 35571.8671875 16
1777206993733 35060.5390625 17
1777206994111 34255.2109375 18
1777206994483 33319.1875 19
1777206994856 32346.390625 20
1777206995235 31620.0078125 21
1777207002605 30718.302734375 22
1777207002999 29878.1484375 23
1777207003420 29142.732421875 24
1777207004191 28449.947265625 25
1777207005404 27282.033203125 26
1777207005778 26342.611328125 27
1777207006298 25546.3359375 28
1777207007041 24664.642578125 29
1777207014453 24093.814453125 30
1777207016242 23133.357421875 31
1777207016688 22076.1875 32
1777207017121 21104.74609375 33
1777207018116 20139.552734375 34
1777207018549 18795.294921875 35
1777207028177 17283.220703125 36
1777207034634 16086.810546875 37
1777207036486 14878.86328125 38
1777207037564 14039.62109375 39
1777207039235 12534.62109375 40
1777207040864 11626.365234375 41
1777207041957 10640.8857421875 42
1777207042426 9823.4228515625 43
1777207042971 8955.40625 44
1777207043478 8431.146484375 45
1777207043905 7496.8525390625 46
1777207044333 6743.837890625 47
1777207046151 6071.162109375 48
1777207046644 5446.5654296875 49
1777207047051 5005.57958984375 50
1777207048232 4488.35693359375 51
1777207049025 4046.6943359375 52
1777207049418 3601.25 53
1777207049820 3086.06640625 54
1777207052449 2814.8076171875 55
1777207053407 2616.674072265625 56
1777207054238 2327.5283203125 57
1777207054675 1885.1231689453125 58
1777207055097 1689.797607421875 59
1777207056060 1422.7933349609375 60
1777207057571 1425.9613037109375 61
1777207058339 1323.903564453125 62
1777207058732 1221.8551025390625 63
1777207059936 1230.8660888671875 64
1777207060335 1135.4417724609375 65
1777207062484 1210.412841796875 66
1777207062870 1029.4586181640625 67
1777207067730 1022.7498779296875 68
1777207069578 844.9579467773438 69
1777207070736 792.0101318359375 70
1777207073616 853.9397583007812 71
1777207074031 986.3495483398438 72
1777207080836 810.445556640625 73
1777207081257 932.4945068359375 74
1777207081897 905.209228515625 75
1777207084694 952.7075805664062 76
1777207085861 747.0702514648438 77
1777207086264 977.1585083007812 78
1777207088210 746.6427001953125 79
1777207089743 748.8790283203125 80
1777207093821 660.19775390625 81
1777207095249 654.9619140625 82
1777207096279 682.4212646484375 83
1777207097818 785.50146484375 84
1777207098496 714.17529296875 85
1777207099521 708.1506958007812 86
1777207103003 774.5945434570312 87
1777207117193 743.7785034179688 88
1777207202968 721.5819702148438 89
1777207203354 564.313232421875 90
1777207206168 531.0349731445312 91
1777207207642 748.4541015625 92
1777207208405 754.7093505859375 93
1777207208782 717.08154296875 94
1777207209155 732.8388671875 95
1777207209525 588.1123046875 96
1777207211024 733.7235717773438 97
1777207211494 693.1083374023438 98
1777207220814 651.5390625 99
1777207221578 632.8616943359375 100
1777207225496 580.4758911132812 101
1777207226892 697.6019287109375 102
1777207227653 528.4406127929688 103
1777207228099 580.5026245117188 104
1777207228859 666.6212768554688 105
1777207229252 542.56103515625 106
1777207229627 545.2503662109375 107
1777207230008 497.8953857421875 108
1777207230617 416.8405456542969 109
1777207231068 629.0211791992188 110
1777207231596 559.4033203125 111
1777207232090 618.3031005859375 112
1777207232840 614.2485961914062 113
1777207233224 505.3663024902344 114
1777207234282 480.3309631347656 115
1777207234646 384.55621337890625 116
1777207235010 452.673583984375 117
1777207241887 505.98187255859375 118
1777207243805 494.6849670410156 119
1777207245393 575.2142944335938 120
1777207246133 531.003173828125 121
1777207246689 378.17919921875 122
1777207247054 481.5549011230469 123
1777207247416 474.41265869140625 124
1777207248567 481.7311096191406 125
1777207249701 374.07574462890625 126
1777207250061 471.8105773925781 127
1777207250478 352.7608947753906 128
1777207252948 402.3081359863281 129
1777207253315 518.949462890625 130
1777207253676 483.56396484375 131
1777207254742 379.1323547363281 132
1777207258201 401.81591796875 133
1777207260648 411.6612243652344 134
1777207265548 362.6964416503906 135
1777207266363 335.7005920410156 136
1777207266771 335.7772216796875 137
1777207267358 329.7519226074219 138
1777207267720 368.73687744140625 139
1777207268083 386.186767578125 140
1777207268832 422.98681640625 141
1777207269192 367.7895812988281 142
1777207270331 361.79412841796875 143
1777207272436 300.5707092285156 144
1777207272817 441.58148193359375 145
1777207273410 303.21905517578125 146
1777207274410 367.4247131347656 147
1777207277071 468.7576599121094 148
1777207280102 391.1610107421875 149
1777207281608 321.1278381347656 150
1777207281974 393.9179992675781 151
1777207282336 362.5960998535156 152
1777207282699 395.09283447265625 153
1777207286425 421.8672180175781 154
1777207286949 322.2765197753906 155
1777207287327 295.47296142578125 156
1777207287790 343.7521667480469 157
1777207288158 368.3064880371094 158
1777207290109 316.80633544921875 159
1777207290500 332.0633544921875 160
1777207291040 307.9910583496094 161
