1777228224191 151.55911254882812 1
1777228226035 118.69343566894531 2
1777228227867 71.55982971191406 3
1777228229717 33.20704650878906 4
1777228231562 23.53278350830078 5
1777228233411 20.500139236450195 6
1777228235233 20.008468627929688 7
1777228237056 18.592021942138672 8
1777228238888 18.010847091674805 9
1777228240734 17.675907135009766 10
1777228243076 17.101863861083984 11
1777228244949 16.063053131103516 12
1777228246797 16.62581443786621 13
1777228248622 15.700921058654785 14
1777228250456 15.515257835388184 15
1777228252295 15.879374504089355 16
1777228254169 14.688435554504395 17
1777228256031 15.193648338317871 18
1777228258339 15.441056251525879 19
1777228260792 14.370295524597168 20
1777228263017 14.28735637664795 21
1777228264845 14.431305885314941 22
1777228266732 13.314549446105957 23
1777228269008 13.039722442626953 24
1777228271016 12.652820587158203 25
1777228273217 11.83713436126709 26
1777228275223 11.932646751403809 27
1777228277094 11.502306938171387 28
1777228278966 11.351469993591309 29
1777228280785 11.267001152038574 30
1777228282606 11.026726722717285 31
1777228284442 10.917021751403809 32
1777228286310 10.717287063598633 33
1777228288133 10.514781951904297 34
1777228289958 10.216854095458984 35
1777228291832 9.851378440856934 36
1777228293694 10.061187744140625 37
1777228295497 9.768887519836426 38
1777228297338 9.5409517288208 39
1777228299266 9.790044784545898 40
1777228301698 9.368959426879883 41
1777228304131 9.271510124206543 42
1777228305978 9.199799537658691 43
1777228307819 9.176411628723145 44
1777228309692 9.14697551727295 45
1777228311518 8.824122428894043 46
1777228313349 9.070401191711426 47
1777228315170 9.14995288848877 48
1777228316998 8.681562423706055 49
1777228318832 9.07492446899414 50
1777228320651 8.615904808044434 51
1777228322484 8.529256820678711 52
1777228324304 8.750150680541992 53
1777228326116 8.434745788574219 54
