1777385654724 213.0082798322908 1
1777385655597 208.94302435936416 2
1777385656458 204.29634289884052 3
1777385657308 197.08631008948467 4
1777385658172 186.34878549744926 5
1777385659024 173.96698048275542 6
1777385659865 159.98799609053478 7
1777385660729 144.15838818340214 8
1777385661572 127.92799809987775 9
1777385662431 110.04493538381932 10
1777385663288 91.9549065950291 11
1777385664141 73.39656970255699 12
1777385665008 57.37105842769353 13
1777385665874 45.9832781684496 14
1777385666731 37.82393058022345 15
1777385667584 33.65239374004525 16
1777385668446 33.628473318846176 17
1777385669301 30.996232652542403 18
1777385670147 29.763894182747944 19
1777385671001 27.54538235431491 20
1777385671862 26.925675447673893 21
1777385672713 26.140699323804338 22
1777385673563 25.10125421298241 23
1777385674535 24.634329004591635 24
1777385675400 25.09845794144969 25
1777385676247 23.4702787627953 26
1777385677124 25.251532748211734 27
1777385677992 24.0502235664288 28
1777385678854 23.72543776957254 29
1777385679713 22.655376428765724 30
1777385680576 21.75109775993431 31
1777385681432 22.98144241164424 32
1777385682291 21.851277662006662 33
1777385683147 22.431310346930832 34
1777385683994 21.82603373306492 35
1777385684846 21.468003233459985 36
1777385685731 22.296040238485975 37
1777385686606 22.303384815628217 38
1777385687464 21.014625810207033 39
1777385688367 20.567360469241738 40
1777385689295 21.909761160400752 41
1777385690335 22.788398974986432 42
1777385691184 21.164383978772648 43
1777385693171 20.22237995580989 44
1777385694014 19.05328317964639 45
1777385694871 18.74475628107891 46
1777385700048 19.007255879936196 47
1777385804275 18.425406905048465 48
1777385805547 19.278928877647584 49
1777385807011 19.838786962647166 50
1777385808489 19.09050309476666 51
1777385809726 18.36240898521105 52
1777385811122 17.86818278271341 53
1777385812604 18.186346340260446 54
1777385813986 17.53398064547849 55
1777385815289 18.384024929739407 56
1777385816510 17.42324432580926 57
1777385817936 17.043025632873636 58
1777385819169 16.783837017869494 59
1777385820343 16.58778918399301 60
1777385821811 15.32793842642395 61
1777385823277 16.2355689919555 62
1777385824752 16.115513672435572 63
1777385825589 16.533280812733462 64
1777385826422 16.477934507006278 65
1777385827269 15.649386360229345 66
1777385828099 15.997129017690105 67
1777385828941 15.80145600896998 68
