1777385654724 171.14712524414062 1
1777385655597 166.03911844889322 2
1777385656458 160.4894053141276 3
1777385657308 153.5729726155599 4
1777385658172 144.50538126627603 5
1777385659024 132.8513387044271 6
1777385659865 119.33830261230469 7
1777385660729 105.03313446044922 8
1777385661572 89.93044026692708 9
1777385662431 74.66475168863933 10
1777385663288 60.98021443684896 11
1777385664141 47.94844436645508 12
1777385665008 37.25782903035482 13
1777385665874 30.52787144978841 14
1777385666731 25.7459290822347 15
1777385667584 23.610061645507812 16
1777385668446 23.504371643066406 17
1777385669301 22.030046463012695 18
1777385670147 21.37761116027832 19
1777385671001 19.848194758097332 20
1777385671862 19.247734705607098 21
1777385672713 18.812127431233723 22
1777385673563 18.029584248860676 23
1777385674535 17.795565287272137 24
1777385675400 18.07934315999349 25
1777385676247 17.0592098236084 26
1777385677124 18.079514185587566 27
1777385677992 17.224586486816406 28
1777385678854 17.069040298461914 29
1777385679713 16.16828378041585 30
1777385680576 15.743524233500162 31
1777385681432 16.62990887959798 32
1777385682291 15.718037287394205 33
1777385683147 16.33706823984782 34
1777385683994 16.010390599568684 35
1777385684846 15.614532788594564 36
1777385685731 15.8617582321167 37
1777385686606 16.194597880045574 38
1777385687464 15.224512736002604 39
1777385688367 15.084173202514648 40
1777385689295 15.852935155232748 41
1777385690335 16.201066970825195 42
1777385691184 15.103527704874674 43
1777385693171 14.877355257670084 44
1777385694014 13.88924471537272 45
1777385694871 13.717954317728678 46
1777385700048 13.714948654174805 47
1777385804275 13.320356051127115 48
1777385805547 13.930922508239746 49
1777385807011 14.36911646525065 50
1777385808489 13.850237846374512 51
1777385809726 13.4091428120931 52
1777385811122 12.972824732462565 53
1777385812604 13.012826919555664 54
1777385813986 12.857279459635416 55
1777385815289 13.245450019836426 56
1777385816510 12.698603947957357 57
1777385817936 12.477033933003744 58
1777385819169 12.389224688212076 59
1777385820343 12.18504524230957 60
1777385821811 11.310438474019369 61
1777385823277 11.911936124165853 62
1777385824752 11.960039774576822 63
1777385825589 12.104232470194498 64
1777385826422 12.030664443969727 65
1777385827269 11.544057210286459 66
1777385828099 11.81843121846517 67
1777385828941 11.331208229064941 68
