1777383823341 176.54277449101934 1
1777383824185 173.593999613337 2
1777383825047 170.4428661561212 3
1777383825877 166.70763294807819 4
1777383826733 162.403535460534 5
1777383827569 157.321975065908 6
1777383828410 151.19985466218938 7
1777383829524 144.0064537097389 8
1777383830395 134.74805012711676 9
1777383831248 125.10628960923611 10
1777383832094 115.29104088835844 11
1777383832948 104.52648334960224 12
1777383833804 93.85926404901353 13
1777383834664 82.84544439295358 14
1777383835508 72.28640920377813 15
1777383836336 62.15733018581941 16
1777383837185 51.329394718231846 17
1777383838022 42.216407950524115 18
1777383838928 35.07612788670248 19
1777383839759 28.67500224764668 20
1777383840595 24.058006618075407 21
1777383841526 21.614812171322175 22
1777383842382 21.047614914526047 23
1777383843231 18.859726200367586 24
1777383844081 18.87052866759041 25
1777383844945 17.691736533073755 26
1777383845802 17.411819628937167 27
1777383847846 16.886669858259555 28
1777383848688 16.454940795155267 29
1777383849545 15.01257884922767 30
1777383850382 15.289649344317379 31
1777383851245 14.991290618819194 32
1777383852091 14.545490539865886 33
1777383852925 13.669244192135675 34
1777383853769 14.68444538320827 35
1777383854637 15.087341420069416 36
1777383855489 14.109657522439724 37
1777383856316 13.516131899915614 38
1777383857176 13.265696296677032 39
1777383858235 13.465997705955662 40
1777383859081 13.341695591183218 41
1777383859936 12.802890884232944 42
1777383860765 12.402965601392129 43
1777383861630 12.16246780790875 44
1777383862490 12.640704734827514 45
1777383863342 11.693727776062737 46
1777383864194 11.76966668048519 47
1777383865073 12.354378348736416 48
1777383866114 11.203491651637963 49
1777383866961 11.872030314288128 50
1777383867810 11.216100457906956 51
1777383868647 12.178784007569073 52
1777383869502 11.545523113055278 53
1777383870342 11.90594562944464 54
1777383871218 11.622098245886411 55
1777383872091 10.261097371729173 56
1777383872938 10.43987693708588 57
1777383873776 9.984165323191675 58
1777383874614 10.363907500221881 59
1777383875472 10.110712192779904 60
1777383876372 10.739488805685038 61
1777383877206 10.954378636380792 62
1777383878034 9.366731685665926 63
1777383878871 10.237622024904745 64
1777383879709 12.036960536407584 65
1777383880554 9.862928750383535 66
