1777383823341 181.5427703857422 1
1777383824185 178.59397888183594 2
1777383825047 175.43862915039062 3
1777383825877 171.6576385498047 4
1777383826733 167.23049926757812 5
1777383827569 162.09205627441406 6
1777383828410 156.06222534179688 7
1777383829524 148.95115661621094 8
1777383830395 139.73460388183594 9
1777383831248 130.07778930664062 10
1777383832094 120.24090576171875 11
1777383832948 109.44552612304688 12
1777383833804 98.70695495605469 13
1777383834664 87.62201690673828 14
1777383835508 76.98139190673828 15
1777383836336 66.83092498779297 16
1777383837185 55.928531646728516 17
1777383838022 46.733795166015625 18
1777383838928 39.522281646728516 19
1777383839759 33.058311462402344 20
1777383840595 28.40485191345215 21
1777383841526 25.94296646118164 22
1777383842382 25.37367820739746 23
1777383843231 23.164794921875 24
1777383844081 23.195316314697266 25
1777383844945 21.97331428527832 26
1777383845802 21.68270492553711 27
1777383847846 21.181941986083984 28
1777383848688 20.74867820739746 29
1777383849545 19.23711395263672 30
1777383850382 19.579404830932617 31
1777383851245 19.286075592041016 32
1777383852091 18.79698944091797 33
1777383852925 17.885147094726562 34
1777383853769 18.925765991210938 35
1777383854637 19.30631446838379 36
1777383855489 18.31222915649414 37
1777383856316 17.70842742919922 38
1777383857176 17.46072006225586 39
1777383858235 17.640857696533203 40
1777383859081 17.573339462280273 41
1777383859936 16.943862915039062 42
1777383860765 16.57501220703125 43
1777383861630 16.266769409179688 44
1777383862490 16.78583335876465 45
1777383863342 15.814271926879883 46
1777383864194 15.891437530517578 47
1777383865073 16.487102508544922 48
1777383866114 15.335909843444824 49
1777383866961 15.987823486328125 50
1777383867810 15.321415901184082 51
1777383868647 16.34774398803711 52
1777383869502 15.664254188537598 53
1777383870342 16.044841766357422 54
1777383871218 15.730143547058105 55
1777383872091 14.32839584350586 56
1777383872938 14.511526107788086 57
1777383873776 14.018595695495605 58
1777383874614 14.410497665405273 59
1777383875472 14.150345802307129 60
1777383876372 14.816183090209961 61
1777383877206 15.022379875183105 62
1777383878034 13.414192199707031 63
1777383878871 14.274349212646484 64
1777383879709 16.182390213012695 65
1777383880554 13.894813537597656 66
