1777380789466 163.89231872558594 1
1777380789819 162.09068298339844 2
1777380790315 160.36936950683594 3
1777380791546 158.8544921875 4
1777380793113 157.2021942138672 5
1777380793767 155.3747100830078 6
1777380794327 153.37376403808594 7
1777380794662 151.1964874267578 8
1777380795067 148.85256958007812 9
1777380795465 146.41799926757812 10
1777380795817 143.82325744628906 11
1777380796780 141.04571533203125 12
1777380797509 137.99566650390625 13
1777380797846 134.68663024902344 14
1777380798763 131.05120849609375 15
1777380799118 127.41041564941406 16
1777380799462 123.76189422607422 17
1777380799807 119.9808578491211 18
1777380800576 116.05281066894531 19
1777380800924 112.18058013916016 20
1777380801917 108.02708435058594 21
1777380802545 103.60325622558594 22
1777380802882 99.12725830078125 23
1777380803295 94.88709259033203 24
1777380803939 89.90276336669922 25
1777380804751 85.04621124267578 26
1777380805697 80.28776550292969 27
1777380806559 75.59453582763672 28
1777380807930 70.27359008789062 29
1777380808602 65.35315704345703 30
1777380809043 61.33281326293945 31
1777380809387 56.74972152709961 32
1777380810055 52.24885177612305 33
1777380811336 48.308860778808594 34
1777380812586 44.955772399902344 35
1777380813423 41.82872009277344 36
1777380813937 38.441650390625 37
1777380814306 34.19297790527344 38
1777380814670 31.171764373779297 39
1777380815224 29.805301666259766 40
1777380815866 28.84408187866211 41
1777380816220 26.485200881958008 42
1777380816559 25.074851989746094 43
1777380817457 23.725284576416016 44
1777380817809 22.929582595825195 45
1777380819022 22.439903259277344 46
1777380819376 23.31598663330078 47
1777380820167 21.97232437133789 48
1777380821269 19.374710083007812 49
1777380821884 18.80738639831543 50
1777380822235 19.61280632019043 51
1777380823800 19.948087692260742 52
1777380824819 19.34560775756836 53
1777380825774 18.485885620117188 54
1777380826226 19.576396942138672 55
1777380826576 19.66493797302246 56
1777380827177 19.277305603027344 57
1777380827551 20.23038673400879 58
1777380828424 17.094497680664062 59
1777380829332 18.413164138793945 60
1777380830076 18.072975158691406 61
1777380830941 19.408479690551758 62
1777380831721 16.442495346069336 63
1777380833074 18.204439163208008 64
1777380833448 17.928205490112305 65
1777380836590 18.570266723632812 66
1777380837347 18.308359146118164 67
1777380838684 15.660784721374512 68
1777380839563 19.322404861450195 69
1777380839968 15.465392112731934 70
1777380840640 17.82550048828125 71
1777380841015 16.572298049926758 72
1777380841881 17.938323974609375 73
1777380842424 17.85718536376953 74
1777380842821 16.348072052001953 75
1777380843506 18.498647689819336 76
1777380843873 16.25147247314453 77
1777380844240 16.534088134765625 78
1777380845210 15.232484817504883 79
1777380846697 16.32444190979004 80
1777380848234 14.978856086730957 81
1777380848836 15.625866889953613 82
1777380849244 15.574284553527832 83
1777380849588 16.274309158325195 84
1777380850301 14.58421516418457 85
1777380850647 14.606953620910645 86
1777380851598 14.775675773620605 87
1777380854983 16.78431510925293 88
1777380856111 16.76191520690918 89
1777380856804 15.14706802368164 90
1777380857207 14.771893501281738 91
1777380857567 15.48633861541748 92
1777380858078 13.824729919433594 93
1777380858421 15.063762664794922 94
1777380859138 15.343108177185059 95
1777380859485 14.585843086242676 96
1777380859829 14.83564281463623 97
1777380860248 14.452232360839844 98
1777380860594 14.881399154663086 99
1777380860935 15.307442665100098 100
1777380861273 14.694925308227539 101
1777380861634 15.221470832824707 102
1777380862406 15.970968246459961 103
1777380862739 16.914331436157227 104
1777380863388 16.48968505859375 105
1777380863743 15.079347610473633 106
1777380864096 14.08384895324707 107
1777380864443 15.370891571044922 108
1777380865073 14.247817039489746 109
1777380865408 14.636123657226562 110
1777380868401 16.234418869018555 111
1777380869567 14.012093544006348 112
1777380870229 14.464522361755371 113
1777380870583 14.571514129638672 114
1777380871051 14.431973457336426 115
1777380871403 15.443890571594238 116
1777380872615 15.621349334716797 117
1777380872971 15.922039985656738 118
1777380873331 15.647433280944824 119
1777380874068 12.584878921508789 120
1777380874472 13.887435913085938 121
1777380874867 12.90324592590332 122
1777380875215 13.6790189743042 123
1777380875825 14.560569763183594 124
1777380876580 13.076818466186523 125
1777380876926 13.197078704833984 126
1777380877707 13.465385437011719 127
1777380878055 13.246224403381348 128
1777380878392 15.785782814025879 129
1777380879241 11.453170776367188 130
1777380879901 14.797730445861816 131
1777380880621 13.05435562133789 132
1777380880983 13.967121124267578 133
1777380881352 12.083152770996094 134
1777380882044 12.942596435546875 135
1777380882395 13.112663269042969 136
1777380882742 13.128121376037598 137
1777380883134 12.704448699951172 138
1777380883722 14.31177043914795 139
1777380884150 13.09584903717041 140
1777380884504 14.264487266540527 141
1777380885128 13.365922927856445 142
1777380885565 14.740097045898438 143
1777380886408 13.565584182739258 144
1777380887028 11.457013130187988 145
1777380888211 11.421969413757324 146
1777380889224 13.804525375366211 147
1777380889865 13.318856239318848 148
1777380890220 12.211502075195312 149
1777380891007 12.846596717834473 150
1777380891361 12.297220230102539 151
1777380891721 13.12997055053711 152
1777380892651 13.345477104187012 153
1777380893042 10.933892250061035 154
1777380893399 11.560652732849121 155
1777380894006 12.71139144897461 156
1777380894675 13.018604278564453 157
1777380895504 14.125452995300293 158
1777380895858 12.313675880432129 159
1777380896449 13.025321006774902 160
1777380897594 12.784431457519531 161
1777380897934 14.126750946044922 162
1777380898293 13.491999626159668 163
1777380898675 12.52053165435791 164
1777380899189 12.454237937927246 165
1777380900137 12.22475528717041 166
1777380901385 11.94188117980957 167
1777380902341 11.2979097366333 168
1777380904027 11.805656433105469 169
1777380905505 12.248875617980957 170
1777380906442 12.917929649353027 171
1777380907543 11.381856918334961 172
1777380908358 12.040204048156738 173
1777380909973 11.448285102844238 174
1777380914818 11.259846687316895 175
1777380917270 12.745659828186035 176
1777380926391 12.036872863769531 177
1777380935366 12.925975799560547 178
1777380936473 14.462358474731445 179
