1777179022834 190.29464000602502 1
1777179024687 168.1033723974393 2
1777179026521 129.0653347826649 3
1777179028350 73.1928653468677 4
1777179030176 40.603925898529965 5
1777179032009 30.857417049589337 6
1777179033836 28.362073523611798 7
1777179035687 26.423609656325755 8
1777179037519 24.860579293466955 9
1777179039352 24.239531801221688 10
1777179041183 24.332835320998676 11
1777179043012 22.8491836533221 12
1777179044846 21.513467408941914 13
1777179046699 22.431048575453154 14
1777179048532 21.910452161416593 15
1777179050488 21.29257445077368 16
1777179052339 20.425430421185702 17
1777179054189 19.67938009378014 18
1777179056025 20.388388729678944 19
1777179057889 19.0023045885102 20
1777179059717 18.425516729401572 21
1777179061542 18.55339418576802 22
1777179063371 18.121191062810233 23
1777179065192 17.103817091256712 24
1777179067020 17.50193620157514 25
1777179068875 16.967646488419028 26
1777179070700 16.9313389086295 27
1777179072527 16.728299262928417 28
1777179074350 16.531627243324543 29
1777179076175 15.998295313485773 30
1777179078004 15.840844195861843 31
1777179079858 15.750535597160518 32
1777179081683 15.424921329191841 33
1777179083519 15.402712080707937 34
1777179085347 15.59131146777852 35
1777179087175 15.227877058808193 36
1777179089001 15.242137628514143 37
1777179090861 15.10249500431129 38
1777179092694 14.656849994254989 39
1777179094530 14.473704384206775 40
1777179096356 14.089171466745844 41
1777179098188 13.923066427796087 42
1777179100012 14.32136578364972 43
1777179101862 13.748413365605723 44
1777179103693 13.590500881049934 45
1777179105520 14.040441210847012 46
1777179107349 13.276598192101124 47
1777179109181 13.634375492606674 48
1777179111013 13.22396883050881 49
1777179112870 13.210336538978586 50
1777179114710 12.609942085641148 51
1777179116547 12.951369206452586 52
1777179118383 13.117935059720818 53
1777179120207 12.859278354157249 54
1777179122043 12.658979289785757 55
1777179123902 12.830637753739628 56
1777179125742 12.487738333629833 57
1777179127575 12.386345073784824 58
1777179129412 12.195712792886393 59
1777179131244 12.58416701643411 60
1777179133113 12.459703654021482 61
1777179134965 12.324228053796297 62
1777179136804 12.147347947143903 63
1777179138647 12.100651696266507 64
1777179140487 12.481247627652309 65
1777179142328 12.32567645851591 66
1777179144191 11.83271552103975 67
1777179146033 11.924216383796862 68
1777179147873 11.766991452563786 69
1777179149718 11.740016448984955 70
1777179151561 11.941050301905971 71
1777179154463 11.937403617837573 72
1777179156430 11.576735970682979 73
1777179161150 11.650724346361415 74
1777179164513 11.502415222232548 75
