1777384622269 -1.9353823048127985 1
1777384623761 -1.8667916782341034 2
1777384624641 -1.7960240760375346 3
1777384625505 -1.712563945695897 4
1777384626371 -1.6048819878148108 5
1777384627231 -1.4634229767127351 6
1777384628107 -1.2835575670236201 7
1777384628988 -1.068634375146727 8
1777384630146 -0.8344044564024532 9
1777384631106 -0.6136540609996153 10
1777384645941 -0.40343143462314807 11
1777384683699 -0.1815418170296431 12
1777384684560 0.03435546288603064 13
1777384685418 0.23970595840424316 14
1777384686288 0.4203483407152595 15
1777384687160 0.577520682287688 16
1777384688017 0.6958633868220786 17
1777384688880 0.7841325275063928 18
1777384689735 0.8425129076771455 19
1777384690601 0.8861995746236917 20
1777384691466 0.9086558422231418 21
1777384692316 0.9232107353291256 22
1777384693451 0.9279175331604748 23
1777384694310 0.9334240996108821 24
1777384695162 0.9421788016576175 25
1777384696020 0.9465955969042006 26
1777384696875 0.9411681485592056 27
1777384697742 0.9469605442109672 28
1777384698625 0.9523503929393259 29
1777384699499 0.9547174972655516 30
1777384700368 0.9515364312685654 31
1777384701251 0.9590894718968398 32
1777384702129 0.9561513864876742 33
1777384703014 0.959163386461323 34
1777384703883 0.9581857667797214 35
1777384704763 0.9626535185901561 36
1777384705666 0.9637757296849124 37
1777384706577 0.9592474565872421 38
1777384707459 0.9626365696973037 39
1777384708373 0.963267662402829 40
1777384709284 0.9665727301770514 41
1777384710166 0.9610291653289886 42
1777384711060 0.9614249665678049 43
1777384711963 0.9639290628370815 44
1777384712870 0.965313321095841 45
1777384714086 0.9666809594882529 46
1777384714943 0.9660128088950036 47
1777384715788 0.9697258687778522 48
1777384716627 0.9738776063217497 49
1777384717478 0.9694668061338545 50
1777384718352 0.9686047074449508 51
1777384719238 0.9639535961755846 52
1777384720087 0.9723067302825695 53
1777384720935 0.9674445611253609 54
1777384721786 0.9665827316718972 55
1777384722634 0.9718340907312847 56
1777384723507 0.9730877533752101 57
1777384724362 0.9737726230520405 58
1777384725203 0.973130609062398 59
1777384726065 0.973919788331331 60
1777384726925 0.9644080140996358 61
1777384727799 0.9735204475019433 62
1777384728676 0.9767771394985347 63
1777384729564 0.9725867005735614 64
1777384730444 0.9736944066275494 65
1777384731322 0.970497294102093 66
1777384732201 0.9731258537788815 67
1777384733088 0.9778128390154773 68
1777384734004 0.9748862578578636 69
1777384735112 0.9747509109740656 70
1777384735999 0.9765349406784213 71
1777384736871 0.9780902077455972 72
1777384737723 0.9754910894214515 73
1777384738575 0.9753265596558421 74
1777384739445 0.9768336820890963 75
1777384740311 0.9782129092792294 76
1777384741157 0.9789631437232161 77
1777384742059 0.9779022564519838 78
1777384742918 0.9769433355157792 79
1777384743790 0.9792497750633912 80
1777384744659 0.9789519700727487 81
1777384745524 0.9769577690169361 82
1777384746384 0.9793524129002112 83
1777384747258 0.9785307965572657 84
1777384748109 0.978627360831693 85
1777384748998 0.979214046881677 86
1777384749872 0.9817383481083103 87
1777384750759 0.9792415641795373 88
1777384751652 0.9824037260903395 89
1777384752524 0.9801666913031682 90
1777384753417 0.9806710814114465 91
1777384754364 0.9800536255285169 92
1777384757156 0.979435162053076 93
1777384758206 0.9815185049375467 94
1777384759069 0.980394404875101 95
1777384759943 0.9811546659378081 96
1777384760790 0.9824480467006448 97
1777384761657 0.982386600448943 98
1777384762541 0.9842501930965901 99
1777384763408 0.9810890551700728 100
1777384764322 0.9837897516773154 101
1777384765212 0.9812291474027451 102
1777384766088 0.9829048448046963 103
1777384766996 0.9841764279720907 104
1777384768418 0.9821589666616332 105
1777384770408 0.9844607993173841 106
