1777430063003 -1.887452139483695 1
1777430064090 -1.7278524820902068 2
1777430065205 -1.518304985475198 3
1777430066245 -1.1950948564931894 4
1777430067286 -0.7955954095560245 5
1777430068332 -0.39797599004136686 6
1777430069376 -0.009602941193633585 7
1777430070420 0.3322423497231948 8
1777430071470 0.6193407002033777 9
1777430072540 0.8004695805089166 10
1777430073592 0.8874954562303801 11
1777430074903 0.9182679967856726 12
1777430075979 0.9267863545784095 13
1777430077021 0.9390408082393936 14
1777430078483 0.9517707764193126 15
1777430079538 0.9496949894773962 16
1777430080584 0.9512981356829655 17
1777430081687 0.9587789946168725 18
1777430082762 0.9608458110240886 19
1777430083817 0.9543510280522842 20
1777430084877 0.9634668685885598 21
1777430085941 0.96701552620331 22
1777430087021 0.9643429975622321 23
1777430088070 0.9646834524371797 24
1777430089143 0.9658951346226132 25
1777430090193 0.9679642611478229 26
1777430091295 0.9660772021876889 27
1777430092355 0.9679499755989809 28
1777430093686 0.9722225557636954 29
1777430094738 0.9709531587514327 30
1777430095797 0.969649027375109 31
1777430096858 0.9680132000278664 32
1777430097940 0.9722365772848417 33
1777430098987 0.9693511966060498 34
1777430100030 0.9720485562326334 35
1777430101066 0.9719061832882824 36
1777430102112 0.975554921240721 37
1777430103164 0.9733381047590157 38
1777430104226 0.9758834047289143 39
1777430105311 0.976125490377038 40
1777430106355 0.9777460410289043 41
1777430107404 0.9769360753784111 42
1777430108462 0.9745007475169403 43
1777430109531 0.977128081627424 44
1777430110590 0.9738984843088788 45
1777430111650 0.9790031048007614 46
1777430112696 0.9771369006813881 47
1777430113756 0.9813336159096441 48
1777430114815 0.9797615771075348 49
1777430115881 0.9793895216026676 50
1777430116945 0.9797389971311297 51
1777430118019 0.9792070820703771 52
1777430119079 0.9804780284535839 53
1777430120140 0.9821417072931403 54
1777430121321 0.9831819040705895 55
1777430122362 0.9794262159930995 56
1777430123439 0.9810319063329359 57
1777430124515 0.9802676031178721 58
1777430125567 0.9828844774797356 59
1777430126634 0.980171746580154 60
1777430127693 0.9808074885722342 61
1777430128753 0.9816829329279904 62
1777430129832 0.9828289708843233 63
1777430130880 0.982045733125389 64
1777430131937 0.9824495355412336 65
1777430132985 0.9822558894840315 66
1777430134037 0.9829557031013357 67
1777430135082 0.9835099093005678 68
1777430136133 0.984915467593283 69
1777430137175 0.9834469680765873 70
1777430138211 0.9845622860141492 71
1777430139332 0.9859809934885734 72
1777430140373 0.9851975525497272 73
1777430141446 0.9857241091741915 74
1777430142504 0.9861919693572369 75
1777430143557 0.9851133864761783 76
1777430144595 0.9849993026676475 77
1777430145669 0.9847385226107582 78
1777430146735 0.9845724517204516 79
1777430147790 0.9853285618735568 80
1777430148837 0.9863196596129646 81
1777430149899 0.9871043646425283 82
1777430150942 0.9835853208388384 83
1777430152009 0.9869378013712152 84
