1777378712262 -1.9471935192042213 1
1777378713083 -1.9049041649523262 2
1777378714272 -1.8636711884266979 3
1777378715400 -1.8263661744028439 4
1777378716780 -1.7884574381317906 5
1777378717232 -1.7425803568366582 6
1777378718110 -1.6814236872489592 7
1777378719283 -1.622458507718775 8
1777378720634 -1.5686157467012616 9
1777378721434 -1.5133265205592052 10
1777378722134 -1.4573817526880397 11
1777378723294 -1.3944056124862847 12
1777378724273 -1.305590356085204 13
1777378725132 -1.2222317184908569 14
1777378726264 -1.13697590215317 15
1777378726801 -1.0505932464652186 16
1777378727905 -0.9694127182288916 17
1777378728693 -0.876428857876991 18
1777378730019 -0.7890058585792932 19
1777378730671 -0.6936786631472218 20
1777378731329 -0.5966112565376871 21
1777378732614 -0.4901537219319825 22
1777378733346 -0.37659435927080276 23
1777378734702 -0.25589659928046604 24
1777378735916 -0.13022701835615602 25
1777378737434 -0.010448448178672187 26
1777378738313 0.09798212189934019 27
1777378739107 0.1967045513919804 28
1777378740116 0.29246554275933356 29
1777378742063 0.37712604447234277 30
1777378742840 0.4562694773863689 31
1777378743482 0.5178464082564853 32
1777378743922 0.5747887197625542 33
1777378744669 0.6276933926654558 34
1777378745721 0.6916818731653224 35
1777378746322 0.7433899985258838 36
1777378747873 0.788193003981819 37
1777378748545 0.8129927167715889 38
1777378749110 0.8422216903514259 39
1777378750256 0.8574335987879569 40
1777378750936 0.8663992796222384 41
1777378751376 0.8748551918913923 42
1777378752041 0.8906724590508615 43
1777378753458 0.8954187531275591 44
1777378754169 0.9070602447966263 45
1777378755065 0.9004102006503707 46
1777378756056 0.9219678658866839 47
1777378757049 0.9173625644791155 48
1777378757757 0.917843419687333 49
1777378758847 0.9252558145662593 50
1777378759276 0.9284536445232635 51
1777378760597 0.917978028803437 52
1777378761089 0.9184254986520637 53
1777378761964 0.9319504907091638 54
1777378763101 0.9364156898104379 55
1777378763535 0.9324312388105875 56
1777378765112 0.9364618175636721 57
1777378765806 0.9405919347898474 58
1777378766382 0.9346903198248226 59
1777378766819 0.938982364291987 60
1777378767867 0.9371025632381859 61
1777378769056 0.9432021676689519 62
1777378769817 0.939564273029629 63
1777378770666 0.9341771847059296 64
1777378771750 0.9451427132068418 65
1777378772993 0.9400142958730408 66
1777378773485 0.9441854629177676 67
1777378774500 0.9318846341615377 68
1777378774960 0.9424325374214048 69
1777378776207 0.945988287599523 70
1777378776892 0.9498895883059687 71
1777378777551 0.9341387043201299 72
1777378778532 0.9570685423102271 73
1777378780006 0.9465251395584781 74
1777378781944 0.9463878557707647 75
1777378782388 0.9423141518382732 76
1777378783176 0.955125198651067 77
1777378783984 0.9442097534419535 78
1777378784641 0.9504024384233313 79
1777378785461 0.9578968628710304 80
1777378786484 0.9469187608555583 81
1777378788171 0.9475062189830772 82
1777378789232 0.944308135719941 83
1777378790600 0.949881755381309 84
1777378791615 0.9482719781112604 85
1777378792386 0.9594173107022089 86
1777378793408 0.9546154609333184 87
1777378794408 0.9554472182925425 88
1777378795407 0.9497418165021977 89
1777378796130 0.9531012445237981 90
1777378796963 0.954817044987202 91
1777378798521 0.9454426585475971 92
1777378799648 0.954260416375831 93
1777378800596 0.954787013781819 94
1777378801042 0.9607669059426895 95
1777378802648 0.9592317340685719 96
1777378803625 0.9610556580693623 97
1777378804877 0.9592617331600424 98
1777378805932 0.9541798820150573 99
1777378808855 0.9588892512208814 100
1777378809636 0.9602753302442131 101
1777378810120 0.9575387271949652 102
1777378810896 0.967748785582463 103
1777378811530 0.9539930420736233 104
1777378812564 0.9694321266019791 105
1777378813076 0.9614490408998967 106
1777378814001 0.9622137351939756 107
1777378815239 0.9595166743649272 108
1777378815935 0.9681156733200597 109
1777378816951 0.9676361423026628 110
1777378817604 0.9652217721120565 111
1777378818807 0.9579932734927814 112
1777378819232 0.9473759096404585 113
1777378820287 0.9641464987185874 114
1777378821038 0.966571664213248 115
1777378821564 0.9639941237797918 116
1777378822023 0.9612065070725243 117
1777378822753 0.9662015557175906 118
1777378823220 0.9682189069474585 119
1777378823891 0.9641854529302275 120
1777378824584 0.9622192177058392 121
1777378824998 0.9657968387124054 122
1777378825826 0.9682155151115296 123
1777378826252 0.9694967678076043 124
1777378826766 0.9668306220491308 125
1777378827456 0.9711741976010333 126
1777378828358 0.9648628241674948 127
1777378828796 0.9645376399635905 128
1777378829227 0.9565596659232944 129
1777378829644 0.9741816619293557 130
1777378830603 0.9720921061349267 131
1777378831041 0.97120924376681 132
1777378832562 0.9726154220725443 133
1777378833310 0.9670957658392524 134
1777378834237 0.9611070230771896 135
1777378834978 0.9688660266096819 136
1777378836005 0.9720223139844066 137
1777378836832 0.9701226162435197 138
1777378837263 0.9722797902284422 139
1777378838278 0.968121247826756 140
1777378839151 0.9752103280545555 141
1777378839650 0.9748910914868543 142
1777378840345 0.9711677367774384 143
1777378840785 0.9682649730731432 144
1777378841738 0.9707875423325812 145
1777378842538 0.9722558902695684 146
1777378843932 0.9667378052585004 147
1777378844380 0.9674182511919064 148
1777378845003 0.9723239012493 149
1777378845447 0.971651206701429 150
1777378845892 0.968100212270033 151
1777378846328 0.9638568512017099 152
1777378846807 0.9737902995032355 153
1777378847620 0.9757335411160801 154
1777378848034 0.9685727744685978 155
1777378848451 0.9721928288019673 156
1777378849193 0.9754871069599649 157
1777378850153 0.9748217235164978 158
1777378850570 0.97544164060405 159
1777378851494 0.9740158916813704 160
1777378852168 0.9729636393392908 161
1777378852910 0.9722898058233688 162
1777378853850 0.9764931812819764 163
1777378854581 0.9727432906399288 164
1777378855511 0.9764563304760139 165
1777378856428 0.9795252876209536 166
1777378857201 0.9770014496186241 167
1777378858395 0.9768428531946527 168
1777378859123 0.9770570698413251 169
1777378859612 0.9749711404980699 170
1777378860445 0.9789851160067364 171
1777378860918 0.9786697294601844 172
1777378861696 0.9775086658181672 173
1777378863922 0.9749336120298652 174
1777378864652 0.9759536030286351 175
1777378865972 0.9778949260944547 176
1777378866934 0.9727053015164273 177
1777378867383 0.9725909133226064 178
1777378868438 0.9777537735503928 179
1777378869227 0.9750614048605255 180
1777378870631 0.9773645001664889 181
1777378871769 0.9754019822147274 182
1777378873710 0.9725351903647405 183
1777378874529 0.9746079306993101 184
1777378875110 0.9779198270310684 185
1777378875538 0.9791814244727858 186
1777378876284 0.9795012581720529 187
1777378877510 0.9825678456461234 188
1777378878332 0.9778103652755362 189
1777378879045 0.9760783806052997 190
1777378880085 0.9694714455306899 191
1777378881465 0.9771372948525611 192
1777378882314 0.9787496934161867 193
1777378883822 0.9770321395222984 194
1777378884854 0.9821225794689555 195
1777378885679 0.9749043698652261 196
1777378886344 0.979511738512915 197
1777378887284 0.976298400404565 198
1777378888794 0.9804707092832232 199
1777378890179 0.980460713326718 200
1777378891340 0.9821490674936021 201
1777378892356 0.9774682198691825 202
1777378893089 0.9814636278704527 203
1777378893859 0.9791512177751459 204
1777378894444 0.9793520271969942 205
1777378895078 0.9758711020202302 206
1777378895747 0.9800759756098437 207
1777378896190 0.9741530744838035 208
1777378897221 0.9799159126560222 209
1777378898269 0.9803259871055259 210
1777378898995 0.9802179459665555 211
1777378901258 0.9821250176409134 212
1777378901775 0.9811651925992733 213
1777378902475 0.9831446009962044 214
1777378903587 0.9798921796237305 215
1777378904589 0.98125900253293 216
1777378905049 0.980632058217623 217
1777378905982 0.9827343135457629 218
1777378907105 0.9833467995859367 219
1777378908348 0.9782486129325593 220
1777378909117 0.9791818532463503 221
1777378909681 0.9817371602205213 222
1777378912187 0.9838810627964504 223
1777378913147 0.9830977605556178 224
1777378914138 0.9826136985587777 225
1777378915347 0.9835439048107983 226
1777378916214 0.9813636385774223 227
1777378917217 0.9829091082684352 228
1777378918353 0.9834238017509483 229
1777378919583 0.983221814957485 230
1777378921141 0.9843699739668597 231
1777378924519 0.9786756285125281 232
1777378929451 0.979672140508676 233
1777378937757 0.981521415328239 234
1777378938457 0.9794377647876416 235
1777378939346 0.9844326724379242 236
1777378939975 0.9831209534187375 237
1777378940977 0.9799923355729961 238
1777378942084 0.9806528949187795 239
1777378945342 0.9826960973249642 240
1777378948467 0.9818944134773346 241
1777378949187 0.9847046477365451 242
1777378949780 0.9796258138947376 243
1777378950209 0.9833075128280425 244
1777378950639 0.9848108439031432 245
1777378951068 0.9818212561492947 246
1777378952238 0.981792101278064 247
1777378953441 0.984818657229211 248
1777378954492 0.9821926395436775 249
1777378955866 0.9836272305657715 250
1777378957647 0.9825039029402243 251
1777378958378 0.9836350228115435 252
1777378959041 0.9824532906879588 253
1777378960182 0.9846104843324436 254
1777378960824 0.9837242332127856 255
1777378961234 0.9795497215922465 256
1777378961652 0.9812874583283882 257
1777378962078 0.9837725857577397 258
1777378963720 0.9839782575966576 259
