1777183193203 36382.273046875 1
1777183195697 29015.4396484375 2
1777183197764 16514.0484375 3
1777183199838 5757.45107421875 4
1777183201811 1967.2365600585938 5
1777183204011 1169.9876831054687 6
1777183214727 950.8388061523438 7
1777183216999 813.0489074707032 8
1777183219104 740.7028869628906 9
1777183221000 619.1100891113281 10
1777183222915 608.8336853027344 11
1777183229496 571.6479614257812 12
1777183231507 581.4598754882812 13
1777183233569 536.9354644775391 14
1777183260118 525.6406494140625 15
1777183262040 512.2707153320313 16
1777183263984 442.4648803710937 17
1777183265875 494.2846313476563 18
1777183267754 430.2081665039062 19
1777183269649 404.2976440429687 20
1777183271524 391.4492492675781 21
1777183273390 366.1341888427734 22
1777183275247 357.9501617431641 23
1777183277097 331.6468841552734 24
1777183278952 345.7637023925781 25
1777183280832 321.4892211914063 26
1777183282712 313.9304962158203 27
1777183284570 309.9317260742188 28
1777183286431 290.90435791015625 29
1777183288283 307.60455627441405 30
1777183290139 287.25059814453124 31
1777183292020 268.19279327392576 32
1777183293893 261.01441192626953 33
1777183295764 265.4737579345703 34
1777183297646 266.32665100097654 35
1777183299512 266.61986846923827 36
1777183301365 250.3631790161133 37
1777183303238 252.25961151123047 38
1777183305089 238.43008880615236 39
1777183306936 220.3202926635742 40
1777183309837 232.94859771728517 41
1777183311707 223.5646499633789 42
1777183313633 223.51006317138672 43
1777183315503 212.5226593017578 44
1777183317360 218.23762969970704 45
1777183319214 203.8059051513672 46
1777183321072 194.46986694335936 47
1777183322925 200.65972137451172 48
1777183324800 199.79055480957032 49
1777183326650 198.3804473876953 50
1777183328502 194.96563568115235 51
1777183330349 182.24122161865233 52
1777183332200 183.10252075195314 53
1777183334067 193.29602661132813 54
1777183335963 177.92965087890624 55
1777183337815 175.33196563720702 56
1777183339669 167.64193725585938 57
1777183341534 180.71325073242187 58
1777183343393 175.27342529296874 59
1777183345256 181.16676635742186 60
1777183347137 165.69226989746093 61
1777183349012 158.91226501464843 62
1777183350879 157.03195495605468 63
1777183352751 158.45914001464843 64
1777183354631 156.3591094970703 65
1777183356568 162.44965667724608 66
1777183358513 149.42866058349608 67
1777183360423 150.84573974609376 68
1777183362343 162.21573333740236 69
1777183364195 151.01871337890626 70
1777183366035 147.96407775878907 71
1777183367898 143.54250793457032 72
1777183369735 143.87172164916993 73
1777183371570 140.24441375732422 74
1777183373408 140.50629425048828 75
1777183375242 140.5294532775879 76
1777183377080 133.20532302856446 77
1777183378936 140.9125015258789 78
1777183380768 138.17772979736327 79
1777183382604 135.85711898803712 80
1777183384432 141.99456253051758 81
1777183386262 140.24149703979492 82
1777183388094 135.18938522338868 83
1777183389954 135.51816177368164 84
1777183391786 134.40395126342773 85
1777183393615 129.07979202270508 86
1777183395449 137.28144226074218 87
1777183397280 127.51809463500976 88
1777183399115 128.25508880615234 89
1777183400967 126.51853408813477 90
1777183402804 123.50672607421875 91
1777183404644 125.05071716308593 92
1777183406484 121.11370010375977 93
1777183408324 127.83560485839844 94
1777183410165 120.290673828125 95
1777183412033 123.6158935546875 96
1777183413880 121.27788391113282 97
1777183415726 125.46296920776368 98
1777183417566 115.77647552490234 99
1777183419406 115.75219268798828 100
1777183421242 112.92963638305665 101
1777183423120 121.29761505126953 102
1777183424975 114.59622344970703 103
1777183426817 113.26441650390625 104
1777183428657 112.83858108520508 105
1777183430503 114.6650276184082 106
1777183432341 119.95997695922851 107
1777183434219 114.97141952514649 108
1777183436060 116.33424911499023 109
1777183437917 111.07531509399413 110
1777183439766 111.72421417236328 111
1777183441616 112.08734359741212 112
1777183443466 111.66055450439453 113
1777183445340 103.44133071899414 114
1777183447179 107.75978775024414 115
1777183449019 109.85212020874023 116
1777183450862 105.63784484863281 117
1777183452726 105.51599044799805 118
1777183454600 101.78986358642578 119
1777183457181 102.0883056640625 120
1777183459266 100.85589752197265 121
1777183461225 107.28663864135743 122
1777183463113 100.65255203247071 123
1777183464973 103.9802146911621 124
1777183466867 102.36813888549804 125
1777183468734 100.02968139648438 126
1777183481397 100.89148025512695 127
1777183483817 106.17566680908203 128
1777183485783 98.44959259033203 129
1777183487704 101.4032585144043 130
1777183489609 100.51376571655274 131
1777183491557 98.55820236206054 132
1777183493439 102.58854064941406 133
1777183495304 101.01865310668946 134
1777183497166 96.29441680908204 135
1777183499059 100.76492691040039 136
1777183500915 96.31093902587891 137
1777183502784 98.20259857177734 138
1777183504648 102.89629592895508 139
1777183506516 89.44107818603516 140
1777183508387 87.22280349731446 141
1777183510269 97.26553268432617 142
1777183512120 104.04692764282227 143
1777183513964 102.40082092285157 144
1777183515808 96.03687591552735 145
1777183517649 90.22658843994141 146
1777183519489 89.53551940917968 147
1777183521353 90.91900939941407 148
1777183523202 89.80131149291992 149
1777183525039 88.6445198059082 150
1777183526884 87.25044250488281 151
1777183528729 84.34045944213867 152
1777183530577 98.35536041259766 153
1777183532424 92.79332962036133 154
1777183534263 90.74136734008789 155
1777183536100 94.73433990478516 156
1777183537957 87.70334930419922 157
1777183539797 91.9522918701172 158
1777183541658 91.86840438842773 159
1777183543504 88.45122604370117 160
1777183545343 88.34865188598633 161
1777183547183 86.52016983032226 162
1777183549030 85.43226013183593 163
1777183550872 87.44728164672851 164
1777183552743 85.94294128417968 165
1777183554590 86.19787979125977 166
1777183556437 82.19445571899413 167
1777183558286 85.62641983032226 168
1777183560132 83.54500961303711 169
1777183561976 83.99289932250977 170
1777183563849 81.46780166625976 171
1777183565710 82.9931396484375 172
1777183567558 84.86276626586914 173
1777183569416 84.55890121459962 174
1777183571278 81.0525634765625 175
1777183573134 86.6273078918457 176
1777183575032 81.2708023071289 177
1777183576896 83.1583869934082 178
1777183578764 84.22468490600586 179
1777183583040 80.14258499145508 180
1777183585464 82.60597457885743 181
1777183587963 77.41072845458984 182
1777183590071 83.74443206787109 183
1777183593239 83.78808670043945 184
1777183595120 78.70108489990234 185
1777183597025 80.41341552734374 186
1777183604966 79.38428497314453 187
