1777430117597 41955.9453125 1
1777430117995 41045.2890625 2
1777430118352 40368.7265625 3
1777430118699 39694.73046875 4
1777430119044 38971.01171875 5
1777430119380 38180.77734375 6
1777430119751 37273.1796875 7
1777430120084 36208.22265625 8
1777430120423 34983.25390625 9
1777430120755 33570.76171875 10
1777430121102 32151.5625 11
1777430121443 30355.45703125 12
1777430121810 28604.71875 13
1777430122156 26774.388671875 14
1777430122506 24959.119140625 15
1777430122905 23201.30078125 16
1777430123634 21303.9609375 17
1777430123998 19594.93359375 18
1777430124348 18014.93359375 19
1777430124701 16145.8671875 20
1777430125043 14637.107421875 21
1777430125397 12965.83203125 22
1777430125757 11194.2529296875 23
1777430126101 10113.474609375 24
1777430126438 8578.9912109375 25
1777430126790 7198.12255859375 26
1777430127161 6361.82666015625 27
1777430127518 5247.7509765625 28
1777430127871 4411.8369140625 29
1777430128206 3501.442138671875 30
1777430128537 3022.10595703125 31
1777430128891 2352.658203125 32
1777430129218 2063.5205078125 33
1777430129560 1744.1212158203125 34
1777430129907 1586.52734375 35
1777430130231 1336.294189453125 36
1777430130553 1436.9132080078125 37
1777430130895 1149.6680908203125 38
1777430131207 1134.495849609375 39
1777430131516 976.2943115234375 40
1777430131823 979.84130859375 41
1777430132155 946.6275634765625 42
1777430132464 957.3580322265625 43
1777430132770 991.9339599609375 44
1777430133078 1038.220947265625 45
1777430133389 825.4533081054688 46
1777430133717 731.8260498046875 47
1777430134034 830.06005859375 48
1777430134353 798.7056884765625 49
1777430134675 683.3058471679688 50
1777430135016 966.3908081054688 51
1777430135346 885.2677001953125 52
1777430135658 831.2962646484375 53
1777430135968 673.020263671875 54
1777430136291 742.7452392578125 55
1777430136606 693.1830444335938 56
1777430137039 719.8666381835938 57
1777430137350 705.7767333984375 58
1777430137669 609.0123901367188 59
1777430137982 593.0660400390625 60
1777430138288 574.118896484375 61
1777430138658 660.209716796875 62
1777430138998 599.7968139648438 63
1777430139318 667.5672607421875 64
1777430139645 583.6519165039062 65
1777430139984 657.57568359375 66
1777430140334 648.5347900390625 67
1777430140683 624.7597045898438 68
1777430141028 517.2733154296875 69
1777430141332 500.9393005371094 70
1777430141643 522.1285400390625 71
1777430141964 606.2347412109375 72
1777430142300 646.6867065429688 73
1777430142623 464.5157775878906 74
1777430142941 389.4082946777344 75
1777430143262 529.9091186523438 76
1777430143590 455.44354248046875 77
1777430143893 610.5455932617188 78
1777430144189 600.859375 79
1777430144521 492.24566650390625 80
1777430144855 468.02288818359375 81
1777430145177 538.29296875 82
1777430145496 498.7023620605469 83
1777430145817 476.86212158203125 84
1777430146149 510.2732238769531 85
1777430146467 444.4837646484375 86
1777430146796 466.5927734375 87
1777430147110 477.541015625 88
1777430147432 527.2553100585938 89
1777430147760 590.572509765625 90
1777430148077 465.51934814453125 91
1777430148404 323.8694152832031 92
1777430148723 600.034423828125 93
1777430149069 454.49554443359375 94
1777430149416 416.1074523925781 95
1777430149735 447.5313415527344 96
1777430150077 460.8309631347656 97
1777430150400 564.13720703125 98
1777430150735 429.4284362792969 99
1777430151041 411.9440002441406 100
1777430151375 454.97393798828125 101
1777430151698 486.4927978515625 102
1777430152060 526.8898315429688 103
1777430152388 532.4674072265625 104
1777430152708 432.9837646484375 105
1777430153050 454.19024658203125 106
1777430153384 422.0587158203125 107
1777430153720 463.4777526855469 108
1777430154048 416.42108154296875 109
1777430154360 373.7897033691406 110
1777430154692 420.08099365234375 111
1777430155024 484.6722106933594 112
1777430155363 528.4361572265625 113
1777430155672 376.85272216796875 114
1777430156003 431.6012878417969 115
1777430156321 455.4244079589844 116
1777430156663 439.4045104980469 117
1777430157016 301.866455078125 118
1777430157328 368.043701171875 119
1777430157694 402.3421936035156 120
1777430158039 313.29315185546875 121
1777430158389 484.4788513183594 122
1777430158769 439.58392333984375 123
1777430159150 362.80035400390625 124
1777430159492 370.2240905761719 125
1777430159844 376.4212341308594 126
1777430160165 385.1037902832031 127
1777430160620 277.91217041015625 128
1777430160948 407.30718994140625 129
1777430161257 350.4613952636719 130
1777430161580 347.32647705078125 131
1777430161906 386.899658203125 132
1777430162217 407.2320861816406 133
1777430162520 339.75506591796875 134
1777430162838 299.401123046875 135
1777430163160 329.2822265625 136
1777430163465 294.5352478027344 137
1777430163792 346.1273498535156 138
1777430164111 302.4613037109375 139
1777430164427 420.8575439453125 140
1777430164749 306.7410888671875 141
1777430165096 331.36798095703125 142
1777430165414 319.993408203125 143
1777430165738 301.59698486328125 144
1777430166055 301.0972900390625 145
1777430166378 335.2097473144531 146
1777430166704 368.4103088378906 147
1777430167023 338.597412109375 148
1777430167351 330.4434814453125 149
1777430167672 404.1845703125 150
1777430167991 325.32275390625 151
1777430168308 319.7549133300781 152
1777430168608 267.9226379394531 153
1777430168937 270.6441650390625 154
1777430169258 277.6947021484375 155
1777430169569 306.4992370605469 156
1777430169924 253.014892578125 157
1777430170243 363.3861083984375 158
1777430170547 359.6959533691406 159
1777430170882 328.4587097167969 160
1777430171207 331.1003112792969 161
1777430171526 286.0107116699219 162
1777430171855 344.2657165527344 163
1777430172177 309.3204650878906 164
1777430172515 312.2864685058594 165
1777430172817 271.02386474609375 166
1777430173155 339.46502685546875 167
1777430173484 311.4975280761719 168
1777430173817 240.0555419921875 169
1777430174147 300.2540588378906 170
1777430174471 293.36968994140625 171
1777430174781 246.78651428222656 172
1777430175091 290.0655212402344 173
1777430175410 342.3327941894531 174
1777430175747 286.82037353515625 175
1777430176083 294.8414611816406 176
1777430176425 275.4524841308594 177
1777430176785 261.7851867675781 178
1777430177118 276.591552734375 179
1777430177475 275.8650207519531 180
1777430177803 218.38351440429688 181
1777430178119 287.6490173339844 182
1777430178430 278.6540222167969 183
1777430178756 238.81114196777344 184
1777430179111 235.0632781982422 185
1777430179429 243.24002075195312 186
1777430179739 228.04833984375 187
1777430180039 208.0470428466797 188
1777430180351 255.99412536621094 189
1777430180672 228.7366485595703 190
1777430180991 279.31884765625 191
1777430181320 269.3050842285156 192
1777430181633 226.84906005859375 193
1777430181958 218.3404541015625 194
1777430182281 208.69113159179688 195
1777430182599 208.64852905273438 196
1777430182933 217.97625732421875 197
1777430183260 248.6230010986328 198
1777430183573 278.3138122558594 199
1777430183909 215.87925720214844 200
1777430184218 231.1519317626953 201
1777430184544 183.7171173095703 202
1777430184849 193.2575225830078 203
1777430185183 266.76361083984375 204
1777430185525 257.4491882324219 205
1777430185837 215.84747314453125 206
1777430186158 262.8848876953125 207
1777430186481 220.7338104248047 208
1777430186816 233.8879852294922 209
1777430187140 251.88230895996094 210
1777430187479 256.6709899902344 211
1777430187815 251.65670776367188 212
1777430188306 199.87924194335938 213
1777430188619 194.9637451171875 214
1777430188926 210.861083984375 215
1777430189244 177.469482421875 216
1777430189553 177.2736053466797 217
1777430189867 218.0696258544922 218
1777430190174 211.96157836914062 219
1777430190480 202.89280700683594 220
1777430190784 156.36398315429688 221
1777430191085 169.89816284179688 222
1777430191420 162.70460510253906 223
1777430191724 207.18052673339844 224
1777430192039 210.38050842285156 225
1777430192382 231.11241149902344 226
1777430192703 219.1143341064453 227
1777430193060 210.99530029296875 228
1777430193410 215.7143096923828 229
1777430193772 214.95449829101562 230
1777430194088 218.61729431152344 231
1777430194393 175.39405822753906 232
1777430194700 180.28599548339844 233
1777430194998 171.2672882080078 234
1777430195322 187.4485626220703 235
1777430195630 161.11846923828125 236
1777430195977 192.7017822265625 237
1777430196319 234.68321228027344 238
1777430196645 176.3914794921875 239
