1777430117597 163.13685607910156 1
1777430117995 160.33033752441406 2
1777430118352 158.2042236328125 3
1777430118699 156.04837036132812 4
1777430119044 153.7556915283203 5
1777430119380 151.29226684570312 6
1777430119751 148.62185668945312 7
1777430120084 145.70245361328125 8
1777430120423 142.53924560546875 9
1777430120755 139.04241943359375 10
1777430121102 135.1778564453125 11
1777430121443 130.92372131347656 12
1777430121810 125.95571899414062 13
1777430122156 120.33907318115234 14
1777430122506 114.65380096435547 15
1777430122905 109.19718933105469 16
1777430123634 103.50464630126953 17
1777430123998 97.7945785522461 18
1777430124348 91.98600006103516 19
1777430124701 86.07390594482422 20
1777430125043 80.6351318359375 21
1777430125397 75.5366439819336 22
1777430125757 69.32825469970703 23
1777430126101 64.72889709472656 24
1777430126438 59.061161041259766 25
1777430126790 54.26542282104492 26
1777430127161 50.29413986206055 27
1777430127518 46.284263610839844 28
1777430127871 41.77738571166992 29
1777430128206 37.49639129638672 30
1777430128537 36.356414794921875 31
1777430128891 31.373435974121094 32
1777430129218 29.955093383789062 33
1777430129560 28.236738204956055 34
1777430129907 26.9326171875 35
1777430130231 25.33615493774414 36
1777430130553 26.46770668029785 37
1777430130895 23.880287170410156 38
1777430131207 23.59741973876953 39
1777430131516 21.722497940063477 40
1777430131823 22.32784080505371 41
1777430132155 21.9332218170166 42
1777430132464 21.84372329711914 43
1777430132770 22.03795623779297 44
1777430133078 23.053308486938477 45
1777430133389 20.62467384338379 46
1777430133717 19.395246505737305 47
1777430134034 20.2932071685791 48
1777430134353 20.19182777404785 49
1777430134675 18.679119110107422 50
1777430135016 22.098535537719727 51
1777430135346 21.448932647705078 52
1777430135658 20.17082977294922 53
1777430135968 18.66582489013672 54
1777430136291 20.043493270874023 55
1777430136606 18.77022361755371 56
1777430137039 19.24699592590332 57
1777430137350 18.631059646606445 58
1777430137669 17.717039108276367 59
1777430137982 17.628541946411133 60
1777430138288 17.12998390197754 61
1777430138658 18.851720809936523 62
1777430138998 17.533761978149414 63
1777430139318 18.44090461730957 64
1777430139645 17.273591995239258 65
1777430139984 18.611164093017578 66
1777430140334 18.353233337402344 67
1777430140683 17.851613998413086 68
1777430141028 16.2780818939209 69
1777430141332 15.980530738830566 70
1777430141643 16.258596420288086 71
1777430141964 17.457866668701172 72
1777430142300 18.466596603393555 73
1777430142623 15.636356353759766 74
1777430142941 14.377470016479492 75
1777430143262 16.657306671142578 76
1777430143590 15.306069374084473 77
1777430143893 17.303634643554688 78
1777430144189 17.38923454284668 79
1777430144521 15.7227144241333 80
1777430144855 15.36337947845459 81
1777430145177 16.173768997192383 82
1777430145496 15.70948600769043 83
1777430145817 15.560298919677734 84
1777430146149 15.997912406921387 85
1777430146467 15.299444198608398 86
1777430146796 15.840402603149414 87
1777430147110 15.310627937316895 88
1777430147432 16.28240203857422 89
1777430147760 16.875654220581055 90
1777430148077 15.784996032714844 91
1777430148404 13.128935813903809 92
1777430148723 17.59386444091797 93
1777430149069 15.137110710144043 94
1777430149416 14.57053279876709 95
1777430149735 15.160284996032715 96
1777430150077 15.339396476745605 97
1777430150400 16.987442016601562 98
1777430150735 14.601163864135742 99
1777430151041 14.807068824768066 100
1777430151375 15.534692764282227 101
1777430151698 15.512661933898926 102
1777430152060 15.717791557312012 103
1777430152388 15.706884384155273 104
1777430152708 14.834783554077148 105
1777430153050 15.00333309173584 106
1777430153384 14.74372386932373 107
1777430153720 14.857596397399902 108
1777430154048 14.448628425598145 109
1777430154360 14.06517219543457 110
1777430154692 15.055831909179688 111
1777430155024 15.51422119140625 112
1777430155363 16.039873123168945 113
1777430155672 13.691450119018555 114
1777430156003 14.425225257873535 115
1777430156321 14.840347290039062 116
1777430156663 15.223325729370117 117
1777430157016 12.587549209594727 118
1777430157328 14.041147232055664 119
1777430157694 14.364985466003418 120
1777430158039 13.100152015686035 121
1777430158389 15.530289649963379 122
1777430158769 15.71182632446289 123
1777430159150 13.564555168151855 124
1777430159492 13.695297241210938 125
1777430159844 13.805405616760254 126
1777430160165 13.930204391479492 127
1777430160620 12.207088470458984 128
1777430160948 14.581987380981445 129
1777430161257 13.692899703979492 130
1777430161580 13.24500846862793 131
1777430161906 14.22884750366211 132
1777430162217 14.128273010253906 133
1777430162520 13.369768142700195 134
1777430162838 12.533635139465332 135
1777430163160 13.103907585144043 136
1777430163465 12.507705688476562 137
1777430163792 13.580127716064453 138
1777430164111 12.801589012145996 139
1777430164427 14.657601356506348 140
1777430164749 12.450480461120605 141
1777430165096 13.363080978393555 142
1777430165414 12.513285636901855 143
1777430165738 12.484682083129883 144
1777430166055 12.301054000854492 145
1777430166378 13.286626815795898 146
1777430166704 13.886938095092773 147
1777430167023 13.358932495117188 148
1777430167351 13.224784851074219 149
1777430167672 14.517935752868652 150
1777430167991 13.040693283081055 151
1777430168308 12.692740440368652 152
1777430168608 11.750323295593262 153
1777430168937 11.81966495513916 154
1777430169258 12.1786470413208 155
1777430169569 12.509438514709473 156
1777430169924 11.595561027526855 157
1777430170243 13.468389511108398 158
1777430170547 13.86965560913086 159
1777430170882 13.162823677062988 160
1777430171207 12.934511184692383 161
1777430171526 12.18360710144043 162
1777430171855 13.198657035827637 163
1777430172177 12.520658493041992 164
1777430172515 12.680083274841309 165
1777430172817 12.071477890014648 166
1777430173155 13.21151065826416 167
1777430173484 12.668159484863281 168
1777430173817 11.574747085571289 169
1777430174147 12.748435974121094 170
1777430174471 12.324267387390137 171
1777430174781 11.451086044311523 172
1777430175091 12.081659317016602 173
1777430175410 13.27690315246582 174
1777430175747 12.082880020141602 175
1777430176083 12.32364273071289 176
1777430176425 11.996994972229004 177
1777430176785 11.701115608215332 178
1777430177118 11.951579093933105 179
1777430177475 11.83324909210205 180
1777430177803 10.779580116271973 181
1777430178119 12.442564964294434 182
1777430178430 12.12960147857666 183
1777430178756 11.270840644836426 184
1777430179111 10.999032020568848 185
1777430179429 11.340057373046875 186
1777430179739 10.937004089355469 187
1777430180039 10.723658561706543 188
1777430180351 11.722289085388184 189
1777430180672 11.254386901855469 190
1777430180991 12.13770866394043 191
1777430181320 11.860551834106445 192
1777430181633 10.9210786819458 193
1777430181958 10.594504356384277 194
1777430182281 10.6972074508667 195
1777430182599 10.586386680603027 196
1777430182933 10.730883598327637 197
1777430183260 11.377984046936035 198
1777430183573 11.912335395812988 199
1777430183909 10.990281105041504 200
1777430184218 11.094355583190918 201
1777430184544 10.035898208618164 202
1777430184849 10.290915489196777 203
1777430185183 11.670074462890625 204
1777430185525 11.470207214355469 205
1777430185837 10.941303253173828 206
1777430186158 11.437305450439453 207
1777430186481 10.931200981140137 208
1777430186816 11.195965766906738 209
1777430187140 11.462934494018555 210
1777430187479 11.92551326751709 211
1777430187815 11.583745002746582 212
1777430188306 10.275833129882812 213
1777430188619 10.184246063232422 214
1777430188926 10.543757438659668 215
1777430189244 9.929242134094238 216
1777430189553 9.83557415008545 217
1777430189867 10.771723747253418 218
1777430190174 10.811532020568848 219
1777430190480 10.40436840057373 220
1777430190784 9.202929496765137 221
1777430191085 9.601250648498535 222
1777430191420 9.284493446350098 223
1777430191724 10.286478996276855 224
1777430192039 10.626861572265625 225
1777430192382 10.968658447265625 226
1777430192703 10.599876403808594 227
1777430193060 10.544940948486328 228
1777430193410 10.757890701293945 229
1777430193772 10.543205261230469 230
1777430194088 10.592119216918945 231
1777430194393 9.669255256652832 232
1777430194700 9.609723091125488 233
1777430194998 9.716272354125977 234
1777430195322 10.221558570861816 235
1777430195630 9.344245910644531 236
1777430195977 10.058545112609863 237
1777430196319 10.605470657348633 238
1777430196645 9.734715461730957 239
