1777399558033 158.49529520670572 1
1777399570689 153.57952880859375 2
1777399589436 147.95116170247397 3
1777399607197 140.80096944173178 4
1777399632540 131.34184773763022 5
1777399655747 119.46849060058594 6
1777399689120 107.25700378417969 7
1777399699349 94.19037373860677 8
1777399713531 80.12527720133464 9
1777399728461 65.31818135579427 10
1777399746202 50.910422007242836 11
1777399788583 39.371561686197914 12
1777399810678 29.656857172648113 13
1777399832965 25.374664942423504 14
1777399851540 21.346439997355144 15
1777399873143 20.183675130208332 16
1777399898500 19.565038045247395 17
1777399914879 19.483563741048176 18
1777399938388 17.997507095336914 19
1777399953354 18.08548355102539 20
1777399970510 16.894912719726562 21
1777399987577 18.02145004272461 22
1777400006356 16.188652992248535 23
1777400028231 15.971134185791016 24
1777400042826 15.131352424621582 25
1777400063242 16.12414010365804 26
1777400084237 15.765760739644369 27
1777400101259 14.65894858042399 28
1777400113224 15.338655789693197 29
1777400130983 14.277764956156412 30
1777400142220 14.772481600443522 31
1777400157745 14.068262418111166 32
1777400177485 14.088861783345541 33
1777400192453 13.520869572957357 34
1777400214282 13.989755312601725 35
1777400227482 14.481797536214193 36
1777400240850 14.21793301900228 37
1777400382364 13.296943028767904 38
1777400493212 13.695707321166992 39
1777400496635 13.64197858174642 40
1777400500543 14.264520327250162 41
1777400520354 12.40971597035726 42
1777400603708 11.93274974822998 43
1777400714884 13.256631851196289 44
1777400728272 12.604102770487467 45
1777400742440 12.973560651143393 46
1777400757123 13.454137484232584 47
1777400759576 12.385876019795736 48
1777400762108 12.692672729492188 49
1777400768027 12.839919726053873 50
1777400779717 12.304298400878906 51
1777400791319 11.160636901855469 52
1777400798173 10.682722091674805 53
1777400811931 10.767022450764975 54
1777400816275 11.468397458394369 55
1777400820253 12.353209495544434 56
1777400833986 11.96584447224935 57
1777400848936 11.085442543029785 58
1777400864718 11.20717970530192 59
1777400870051 10.457643508911133 60
1777400881406 9.803457260131836 61
1777400901425 10.327926317850748 62
1777400913631 10.016572634379068 63
1777400934681 11.087843259175619 64
1777400940758 10.660147666931152 65
1777400958650 11.267162640889486 66
1777400962933 10.858590761820475 67
1777400972918 11.207754135131836 68
1777400990301 10.00804615020752 69
1777401005614 10.118749300638834 70
1777401015859 9.829793930053711 71
1777401029503 10.326485315958658 72
1777401037167 10.246836344401041 73
1777401045317 9.875741322835287 74
1777401064221 9.82316811879476 75
1777401071162 10.0704714457194 76
1777401090653 9.973364194234213 77
1777401104604 9.429274559020996 78
1777401123847 9.039677302042643 79
1777401137588 9.501818656921387 80
1777401143973 9.892892837524414 81
1777401146656 9.10326862335205 82
1777401149529 9.067277272542318 83
1777401165269 8.821420987447103 84
1777401169645 9.263432184855143 85
1777401174520 8.694895108540853 86
1777401181682 9.204228719075521 87
1777401187696 9.228314081827799 88
1777401193959 9.286852518717447 89
1777401203490 9.225550333658854 90
1777401209793 9.153292020161947 91
1777401210710 9.22851308186849 92
1777401217826 8.970959663391113 93
1777401228598 9.055397987365723 94
1777401234178 9.213486035664877 95
1777401240509 8.764324506123861 96
1777401246221 8.528268814086914 97
1777401251802 8.307475407918295 98
1777401254610 8.871600786844889 99
1777401260920 8.304258028666178 100
1777401264307 8.555318832397461 101
1777401277132 8.51499080657959 102
1777401280626 9.22926394144694 103
1777401281687 8.597944577534994 104
1777401291050 8.30710506439209 105
1777401294147 9.240521113077799 106
1777401300220 8.794862429300943 107
1777401304580 8.65790843963623 108
1777401306782 8.569048881530762 109
1777401309611 8.024173736572266 110
1777401321662 8.617125193277994 111
1777401331643 9.025846799214682 112
1777401336425 7.871865272521973 113
1777401345288 8.030654271443685 114
1777401355818 8.067604700724283 115
1777401368643 8.053178787231445 116
1777401375792 7.880884329477946 117
1777401386690 7.677294731140137 118
1777401400396 8.091352780659994 119
1777401416415 8.171671867370605 120
1777401431617 8.15605386098226 121
1777401443021 7.715560754140218 122
1777401449700 8.48681386311849 123
1777401461693 7.624791622161865 124
1777401475569 7.909812609354655 125
1777401489020 7.514919439951579 126
1777401499769 8.18817392985026 127
1777401503948 7.8407464027404785 128
1777401514194 7.72471555074056 129
1777401527523 7.793605009714763 130
1777401538543 7.849642753601074 131
1777401549183 7.938659191131592 132
1777401558187 7.431858539581299 133
1777401566371 7.307153383890788 134
1777401583424 7.683185895284017 135
1777401588412 7.943607330322266 136
1777401593090 7.422017256418864 137
1777401596145 7.6936031977335615 138
1777401602991 8.02208153406779 139
1777401613917 7.814407189687093 140
1777401617677 7.3943478266398115 141
1777401625350 7.3994096120198565 142
1777401635887 7.400664806365967 143
1777401639032 7.1726077397664385 144
1777401643552 7.357139269510905 145
1777401650226 7.427051862080892 146
1777401661861 7.591688315073649 147
1777401675019 7.286238511403401 148
1777401677084 7.602550029754639 149
1777401678700 7.241472403208415 150
1777401684546 7.046694755554199 151
1777401688075 6.985907395680745 152
1777401690929 7.078129132588704 153
1777401701978 7.1729326248168945 154
1777401713330 7.281404495239258 155
1777401723082 7.176836013793945 156
1777401727676 7.519763151804606 157
1777401736034 6.940315246582031 158
1777401744655 7.050634702046712 159
1777401759545 7.402910073598226 160
1777401770651 6.570225238800049 161
1777401781161 7.290000756581624 162
1777401791214 6.908549467722575 163
1777401802426 7.008861541748047 164
1777401816588 7.127663294474284 165
1777401830320 7.061072667439778 166
1777401840455 6.593488693237305 167
1777401850251 6.858969847361247 168
1777401860384 6.746427059173584 169
1777401881308 7.091416835784912 170
1777401892594 7.100080172220866 171
1777401907562 7.027901649475098 172
1777401920837 7.141275564829509 173
1777401930097 7.035341898600261 174
1777401941727 6.875399271647136 175
1777401959446 6.689727942148845 176
1777401969731 6.927599589029948 177
1777401992566 7.037835439046224 178
1777402011508 6.983384768168132 179
