1777233058071 -1.5377159333577608 1
1777233059918 -0.7778453482229615 2
1777233061770 0.2503268947589161 3
1777233063588 0.8236194793037658 4
1777233065406 0.9228145849810123 5
1777233067246 0.9405272023069087 6
1777233069071 0.9492871262109264 7
1777233070922 0.958599413609187 8
1777233072738 0.9569020376580684 9
1777233074567 0.9625569524900828 10
1777233076396 0.9615519792216118 11
1777233078231 0.9668964544371637 12
1777233080053 0.964073520764685 13
1777233082066 0.9680540984686116 14
1777233083905 0.9703187019326374 15
1777233085753 0.9732982882365555 16
1777233087600 0.9736567497549344 17
1777233089445 0.9732983836228031 18
1777233091284 0.9748187612588244 19
1777233093207 0.9771069636863987 20
1777233095053 0.9780707341549074 21
1777233096891 0.9787184595427877 22
1777233098767 0.9788976050632027 23
1777233100637 0.9796125067233098 24
1777233102469 0.9812746202052459 25
1777233104284 0.9817683406067169 26
1777233106339 0.9835739625288399 27
1777233108167 0.9845187308391353 28
1777233109989 0.9859131783334141 29
1777233111814 0.9856942334085729 30
1777233113674 0.9862773752036151 31
1777233115500 0.9865360332793607 32
1777233117351 0.9857021900422668 33
1777233119178 0.9866378641871286 34
1777233121022 0.987704619331102 35
1777233122868 0.9885199961965647 36
1777233124919 0.9867277261503208 37
1777233127344 0.9881756477838374 38
1777233129540 0.9890908778145518 39
1777233131369 0.9890148042378706 40
1777233133251 0.9893933618120679 41
1777233135088 0.9886873574564152 42
1777233137370 0.988827735570423 43
1777233140150 0.9898888446603379 44
1777233142172 0.9895436154469415 45
1777233144020 0.9898518885778873 46
1777233145940 0.9896872732242701 47
1777233147862 0.9903858009217088 48
1777233149753 0.9901483317846395 49
1777233151617 0.9906680153416155 50
1777233153665 0.9901474550429596 51
1777233192910 0.9910617444029136 52
1777233194749 0.9908364867350282 53
1777233196580 0.991146897938566 54
1777233198433 0.9910722094919691 55
1777233200269 0.9914516367046151 56
1777233202088 0.9910396066754982 57
1777233203917 0.9919510273447937 58
1777233205746 0.9912998081819092 59
1777233208116 0.9911938523263074 60
1777233209994 0.9917637131084961 61
1777233211823 0.9914804068204788 62
1777233213668 0.9918582723370075 63
1777233215505 0.9923705462090924 64
1777233217344 0.9913429714736832 65
1777233219216 0.9915499504981906 66
1777233223590 0.9919351587262879 67
1777233290395 0.9924607795698017 68
1777233470174 0.9926606289796767 69
1777233472025 0.9926967235416572 70
1777233473862 0.9921539874625616 71
1777233475738 0.993183803267415 72
1777233477563 0.9926617665114162 73
1777233479430 0.9930146946126887 74
1777233481817 0.992690968909636 75
1777233483812 0.992622266457448 76
1777233485673 0.9925907108602057 77
1777233487569 0.9928779411760885 78
1777233489501 0.9927287012737823 79
1777233491576 0.9933483871638653 80
1777233494215 0.9929686007306701 81
1777233513050 0.9923874199348133 82
1777233556032 0.9933546004616727 83
1777233557967 0.9936366388229204 84
1777233559823 0.993102809181005 85
1777233561818 0.9935817364268373 86
1777233564255 0.9937376046586026 87
1777233566730 0.9934286592575609 88
1777233569176 0.9933219743060135 89
1777233571093 0.9934915406117787 90
1777233572947 0.9934321926077103 91
1777233574786 0.9940463719714907 92
1777233577013 0.9934497502731213 93
1777233579435 0.9938594854511862 94
1777233581728 0.9940161791798919 95
1777233583570 0.9931022338192776 96
1777233585428 0.9939582381229753 97
1777233587620 0.9931112620261358 98
1777233589462 0.9937541156121585 99
1777233591292 0.9941967625972518 100
1777233593301 0.9941683983803139 101
1777233595183 0.993188457913347 102
1777233597006 0.9942031484021026 103
1777233598862 0.994285266828537 104
1777233600960 0.9938489528814343 105
1777233603388 0.994121884392907 106
1777233605820 0.9944901874381167 107
1777233607731 0.9940552779012973 108
1777233609595 0.9943338214727936 109
1777233611422 0.9939055280884654 110
1777233613847 0.9941160922152352 111
1777233616231 0.9945655714939977 112
1777233618067 0.994567520823589 113
1777233619945 0.9948083508037643 114
1777233621801 0.9937443659199598 115
1777233623659 0.9943576112088371 116
