1777238247196 146.52774804978142 1
1777238260945 115.69489186604818 2
1777238263889 68.40219242640904 3
1777238266023 29.508154126121884 4
1777238268199 19.168268025716145 5
1777238270527 16.05331475575765 6
1777238272680 15.297591218494233 7
1777238274793 14.107360867091588 8
1777238276910 13.478428539094471 9
1777238279008 13.782975743611654 10
1777238281108 13.192399144853864 11
1777238283250 12.809138381594703 12
1777238285375 12.310637751988002 13
1777238287494 12.112720229739235 14
1777238289595 11.194197609311058 15
1777238291719 11.447885842096237 16
1777238293831 11.55555154709589 17
1777238299360 10.956498075212751 18
1777238301674 10.962701924641927 19
1777238304152 10.403835305713471 20
1777238306896 10.386905679248628 21
1777238311307 9.828952569507416 22
1777238313783 10.016353429158528 23
1777238346884 9.475881520225888 24
1777238348786 9.04850349062965 25
1777238350840 8.9381766528175 26
1777238352911 8.196448360624768 27
1777238354999 8.540992655072893 28
1777238357082 7.88229716800508 29
1777238359169 7.439305709657215 30
1777238361232 7.1046564020429335 31
1777238363088 6.744329031989688 32
1777238365183 6.944403139750163 33
1777238367422 6.988819321223668 34
1777238369496 6.558490605127243 35
1777238371599 6.121965076809838 36
1777238373681 6.403255125681559 37
1777238375776 6.126712349482945 38
1777238377872 5.958005360194615 39
1777238379737 5.90433837164016 40
1777238381559 5.732294664837065 41
1777238383487 5.636090300423758 42
1777238385560 6.072315325055803 43
1777238387641 5.563598771776472 44
1777238389753 5.576528131394159 45
1777238391858 5.311713304973784 46
1777238395047 5.278212540036156 47
1777238397597 5.4454469453720815 48
1777238399711 5.285926735287621 49
1777238402276 5.216345015026274 50
1777238404741 5.204194087073916 51
1777238407212 4.998751737503778 52
1777238409990 5.029913982209705 53
1777238429842 4.661099747249058 54
1777238431897 4.816003232683454 55
1777238433823 4.752671279907227 56
1777238435867 4.72269168308803 57
1777238437859 4.533182364872523 58
1777238440006 4.492450779506139 59
1777238442059 4.759812284197126 60
1777238444121 4.472375826154436 61
1777238446175 4.614742852165586 62
1777238448227 4.437875019255139 63
1777238450298 4.251485201517741 64
1777238452393 4.757303168887184 65
1777238454471 4.327484540939331 66
1777238456562 4.353131343296596 67
1777238458610 4.279216897147043 68
1777238460649 4.295956937699091 69
1777238462499 4.138534360613142 70
1777238464355 4.337498428708031 71
1777238466395 4.346065918150402 72
1777238468472 4.1596981648036415 73
1777238470550 4.204311063857306 74
1777238472668 3.883344978150867 75
1777238474756 4.018961771102179 76
1777238476856 4.2448164658319385 77
1777238478951 3.9719021420251757 78
1777238481058 3.9241215692247664 79
1777238483159 3.9068191364833287 80
1777238485248 3.8686661965506417 81
1777238487374 3.802390881492978 82
1777238489491 3.8378243192036945 83
1777238491590 3.845850820541382 84
1777238493675 3.871997021720523 85
1777238497578 3.696262259256272 86
1777238499844 3.9378247637975785 87
1777238502314 3.7352805746169317 88
1777238505083 3.718063913526989 89
1777238508032 3.690973966689337 90
1777238510097 3.5389875884283155 91
1777238512188 3.6147382758912587 92
1777238514246 3.6377948888142906 93
1777238516343 3.5527115485781713 94
1777238518439 3.4815531081245057 95
1777238520535 3.6292530277797153 96
1777238522662 3.6952146480196997 97
1777238524735 3.5526878602164134 98
