1777238247196 151.3573196411133 1
1777238260945 120.31592025756837 2
1777238263889 72.98777847290039 3
1777238266023 33.882266998291016 4
1777238268199 23.47448902130127 5
1777238270527 20.325729751586913 6
1777238272680 19.57253761291504 7
1777238274793 18.31344337463379 8
1777238276910 17.647273063659668 9
1777238279008 17.973512268066408 10
1777238281108 17.345196151733397 11
1777238283250 16.934277725219726 12
1777238285375 16.426258182525636 13
1777238287494 16.19070920944214 14
1777238289595 15.26172752380371 15
1777238291719 15.50841588973999 16
1777238293831 15.62162733078003 17
1777238299360 15.007581901550292 18
1777238301674 15.014527702331543 19
1777238304152 14.434120559692383 20
1777238306896 14.400651264190675 21
1777238311307 13.819594192504884 22
1777238313783 14.008029365539551 23
1777238346884 13.453357791900634 24
1777238348786 13.0031494140625 25
1777238350840 12.860007095336915 26
1777238352911 12.10116548538208 27
1777238354999 12.4646559715271 28
1777238357082 11.762523651123047 29
1777238359169 11.298746299743652 30
1777238361232 10.966411685943603 31
1777238363088 10.571954536437989 32
1777238365183 10.777008152008056 33
1777238367422 10.804654788970947 34
1777238369496 10.359286117553712 35
1777238371599 9.884878540039063 36
1777238373681 10.167560482025147 37
1777238375776 9.869324779510498 38
1777238377872 9.680556774139404 39
1777238379737 9.62338752746582 40
1777238381559 9.42630443572998 41
1777238383487 9.335038375854491 42
1777238385560 9.81208610534668 43
1777238387641 9.228438377380371 44
1777238389753 9.256025791168213 45
1777238391858 8.964679050445557 46
1777238395047 8.899163341522216 47
1777238397597 9.092104625701904 48
1777238399711 8.92862148284912 49
1777238402276 8.835611820220947 50
1777238404741 8.827098655700684 51
1777238407212 8.59128532409668 52
1777238409990 8.624810791015625 53
1777238429842 8.220684814453126 54
1777238431897 8.375772380828858 55
1777238433823 8.307047033309937 56
1777238435867 8.265159797668456 57
1777238437859 8.067887353897095 58
1777238440006 8.026745080947876 59
1777238442059 8.312240743637085 60
1777238444121 7.969291257858276 61
1777238446175 8.148436737060546 62
1777238448227 7.929331827163696 63
1777238450298 7.718149852752686 64
1777238452393 8.304342269897461 65
1777238454471 7.816976022720337 66
1777238456562 7.8290050506591795 67
1777238458610 7.7611640930175785 68
1777238460649 7.76953763961792 69
1777238462499 7.588770532608033 70
1777238464355 7.803057098388672 71
1777238466395 7.81731276512146 72
1777238468472 7.605309391021729 73
1777238470550 7.635304260253906 74
1777238472668 7.283187294006348 75
1777238474756 7.424825763702392 76
1777238476856 7.686660861968994 77
1777238478951 7.399082279205322 78
1777238481058 7.3237221240997314 79
1777238483159 7.281364488601684 80
1777238485248 7.257147884368896 81
1777238487374 7.153251457214355 82
1777238489491 7.1975670337677 83
1777238491590 7.199438428878784 84
1777238493675 7.242599725723267 85
1777238497578 7.036544322967529 86
1777238499844 7.318232870101928 87
1777238502314 7.080884790420532 88
1777238505083 7.055036163330078 89
1777238508032 7.018589687347412 90
1777238510097 6.8493626594543455 91
1777238512188 6.94553508758545 92
1777238514246 6.9680828094482425 93
1777238516343 6.843855094909668 94
1777238518439 6.778741931915283 95
1777238520535 6.950292539596558 96
1777238522662 7.0380185604095455 97
1777238524735 6.844957256317139 98
