1777379409875 -1.8588947707483623 1
1777379410593 -1.8232176341160478 2
1777379411098 -1.7850208858567158 3
1777379411777 -1.7500726409844787 4
1777379413860 -1.7051083931540862 5
1777379414851 -1.6496911346567722 6
1777379415496 -1.597972814754519 7
1777379416331 -1.5481371067558092 8
1777379417143 -1.4984793414018833 9
1777379417588 -1.446468360435968 10
1777379418030 -1.391111981420024 11
1777379418843 -1.32425381576491 12
1777379419264 -1.2448621831906843 13
1777379420464 -1.1631271557142862 14
1777379421473 -1.0839862868784738 15
1777379422475 -1.0016117343236823 16
1777379423122 -0.9239000169417695 17
1777379423554 -0.837990209743424 18
1777379424007 -0.7512952540384179 19
1777379424450 -0.6591548797263764 20
1777379424885 -0.563230101244159 21
1777379425850 -0.45564518826766265 22
1777379426266 -0.3492353362869325 23
1777379426700 -0.2302575522878365 24
1777379427147 -0.12604288102165695 25
1777379428225 -0.0015151193603419877 26
1777379429239 0.08859912427957017 27
1777379429911 0.18389891626629296 28
1777379431238 0.26541494206526284 29
1777379432156 0.3486539206528084 30
1777379432605 0.4152569027104963 31
1777379434257 0.48877282238011355 32
1777379434704 0.5680227156397712 33
1777379435541 0.6182966075814958 34
1777379435991 0.6691986758802076 35
1777379436431 0.7171603243783917 36
1777379437243 0.7560086629634573 37
1777379437706 0.7861147450587405 38
1777379438450 0.8277697005623157 39
1777379439040 0.8565489574661618 40
1777379440062 0.8649129657053262 41
1777379440799 0.8841048529432711 42
1777379441242 0.8914682183553103 43
1777379442753 0.8994797419959131 44
1777379443190 0.8990574117364378 45
1777379444400 0.9053015329244049 46
1777379445170 0.9111965403539642 47
1777379446571 0.9145093307425495 48
1777379448373 0.9130699907305859 49
1777379450447 0.9198185849544436 50
1777379451510 0.9244128831546654 51
1777379452252 0.9277511941069979 52
1777379452962 0.9151682134153483 53
1777379453449 0.9238303794344902 54
1777379454757 0.9401320666692805 55
1777379455505 0.9383043023602797 56
1777379456258 0.9295663599403046 57
1777379482580 0.9247350105805128 58
1777379483073 0.9419108445669975 59
1777379483572 0.9442784383948383 60
1777379484340 0.9341204541833041 61
1777379484779 0.9449225633436938 62
1777379486172 0.9428222788818345 63
1777379487234 0.9401282628643245 64
1777379488499 0.9413688608116726 65
1777379490002 0.9489879900478794 66
1777379490462 0.9492360863119432 67
1777379491272 0.9351797958786537 68
1777379491720 0.943784982865792 69
1777379492806 0.9447158904601932 70
1777379493813 0.9489275608060254 71
1777379496774 0.9496502297929831 72
1777379553280 0.9494017243845101 73
1777379554842 0.9528621923728945 74
1777379556153 0.959833558096525 75
1777379557671 0.9584121821035203 76
1777379595450 0.946664476706146 77
1777379596250 0.958334998434595 78
1777379597160 0.948057613526942 79
1777379597615 0.9568506032672797 80
1777379598061 0.9516550632938712 81
1777379598893 0.9475848176565612 82
1777379599329 0.9535922081888097 83
1777379610632 0.9550274778577202 84
1777379740746 0.9490413961888572 85
1777379741494 0.9634944836734937 86
1777379741932 0.9572428672811985 87
1777379743282 0.9593906772067734 88
1777379744301 0.9599143613330547 89
1777379745244 0.9585314983826185 90
1777379745960 0.9556726062376646 91
1777379747511 0.954421842329317 92
1777379749120 0.965685387431321 93
1777379750725 0.9609444820728381 94
1777379751597 0.9600552010333401 95
1777379752484 0.9597150347594035 96
1777379753600 0.9674778632939476 97
1777379754363 0.9574940937610045 98
1777379755497 0.9648708630698558 99
1777379756342 0.9613273804535143 100
1777379757093 0.9634564006617002 101
1777379757521 0.9658197147833512 102
1777379758072 0.965691578951344 103
1777379760114 0.9634237355990463 104
1777379768405 0.9644700787126845 105
1777379768871 0.9605019008233844 106
1777379770659 0.9619441543880802 107
1777379771092 0.9686490732744124 108
1777379771623 0.965425665557958 109
1777379772045 0.959231378946281 110
1777379773511 0.9596525266687175 111
1777379773940 0.9673904702006503 112
1777379774854 0.9707687008720155 113
1777379776270 0.9679786459065843 114
1777379777430 0.9659319560442011 115
1777379778328 0.9656940273648047 116
1777379778968 0.9625890796202684 117
1777379779581 0.9626802306764176 118
1777379780539 0.9740285594711866 119
1777379781613 0.9674138235847418 120
1777379782596 0.9720112928944205 121
1777379783626 0.9619891256140493 122
1777379784733 0.9707913257210719 123
1777379785839 0.9729007920007511 124
1777379786551 0.9677182022431333 125
1777379787517 0.9691771839633154 126
1777379788771 0.9714956839852797 127
1777379789298 0.974555053737063 128
1777379790129 0.9689293363646272 129
1777379790951 0.9744890739074806 130
1777379791387 0.974693885446021 131
1777379792689 0.9728952664404599 132
1777379793426 0.9635127810544255 133
1777379793871 0.9708358654564512 134
1777379794711 0.9695920751905229 135
