1777378299469 227.22213456769566 1
1777378300665 225.75375481373504 2
1777378301650 224.26516287923545 3
1777378302564 222.94583142548325 4
1777378303877 221.54961175490695 5
1777378305095 220.04382553539193 6
1777378305742 218.3938797648643 7
1777378306679 216.48827191097442 8
1777378307291 214.4477190803157 9
1777378307641 212.17504565806036 10
1777378307985 209.6936381366874 11
1777378308674 207.10513068548062 12
1777378309071 204.1052788238217 13
1777378309411 200.8925494045262 14
1777378310129 197.7281218143995 15
1777378311008 194.30323232965014 16
1777378311373 190.86223966843207 17
1777378311729 187.36089631710774 18
1777378312081 183.6904346482146 19
1777378312405 179.66135135825678 20
1777378313677 175.76727444443407 21
1777378314023 171.3588556855904 22
1777378314962 166.8077579880504 23
1777378316198 162.29138050894755 24
1777378317257 157.44095495415098 25
1777378318028 152.29527754497184 26
1777378319061 147.42443774269583 27
1777378319516 142.42728407857814 28
1777378320666 136.47421345257865 29
1777378321672 131.0986776487467 30
1777378323250 124.23213764335499 31
1777378323734 119.79187273533 32
1777378324091 112.23131108340489 33
1777378324673 106.32191040802691 34
1777378325504 99.265623770266 35
1777378325868 92.09122091030176 36
1777378327106 85.33208623610611 37
1777378328945 78.86641321128089 38
1777378329729 73.85424306531074 39
1777378330607 66.92756403848118 40
1777378332262 62.866303526934246 41
1777378333275 57.713642251664595 42
1777378333897 53.8266622624188 43
1777378334542 48.67662998442502 44
1777378335513 45.36267965054672 45
1777378335862 42.955729561356975 46
1777378336207 40.09089099802628 47
1777378336984 36.37558391928231 48
1777378337323 37.249472390349034 49
1777378337672 33.49877563061074 50
1777378338370 32.7030858068327 51
1777378338834 31.750897732756115 52
1777378339193 31.32891500718376 53
1777378339779 30.262647270591163 54
1777378340146 29.165300377224817 55
1777378340792 31.6586840824446 56
1777378341783 28.844369999430782 57
1777378342177 27.87043649584179 58
1777378342540 29.94976568114463 59
1777378342934 26.897936024950756 60
1777378343295 26.842343667687043 61
1777378343902 27.85620578405454 62
1777378344583 27.329171336815744 63
1777378345236 26.091594456252214 64
1777378346759 26.651204140318054 65
1777378347467 27.6091030865218 66
1777378348401 24.925245902513804 67
1777378348781 25.981606653117964 68
1777378349720 24.06124438688308 69
1777378350536 24.183897553514946 70
1777378351289 26.1632063535649 71
1777378351651 25.20281380581281 72
1777378352848 21.776691063649697 73
1777378353480 24.74697765045322 74
1777378353838 24.322971315070657 75
1777378354655 22.9450212251686 76
1777378355223 26.036628158411276 77
1777378355760 24.819282123718217 78
1777378356451 24.083683350163394 79
1777378357148 23.011039406561203 80
1777378357507 24.094430164280837 81
1777378358233 22.404055691454197 82
1777378359652 22.1890761984149 83
1777378360016 22.44353401847136 84
1777378360659 24.797828776159392 85
1777378361396 24.446926630553943 86
1777378361916 23.852715282902018 87
1777378362630 22.526145833092485 88
1777378363413 22.507211165387847 89
1777378364478 20.798840505120037 90
