1777434339565 -1.8794829090925262 1
1777434340403 -1.7199913026048872 2
1777434341294 -1.4986237244639549 3
1777434342120 -1.175044658903718 4
1777434342961 -0.7972952631913794 5
1777434343824 -0.4356617895756112 6
1777434344689 -0.07602069809442646 7
1777434345576 0.25521927193504884 8
1777434346462 0.541488482045928 9
1777434347341 0.7380231880532397 10
1777434348211 0.8493455730681001 11
1777434349069 0.906168845626207 12
1777434350859 0.9228591710345652 13
1777434351714 0.9376692476716834 14
1777434352582 0.9432184991662957 15
1777434353434 0.9519904481180513 16
1777434354280 0.9575317605263073 17
1777434355137 0.9580278761091723 18
1777434356004 0.9507769020063481 19
1777434356872 0.9642910392903074 20
1777434357948 0.9633691789266564 21
1777434358800 0.9627062792170373 22
1777434359682 0.9686481242708925 23
1777434360548 0.9623670886571151 24
1777434361471 0.968316155489611 25
1777434362340 0.9642594149659645 26
1777434363189 0.9725942643564878 27
1777434364094 0.9704299435929706 28
1777434365031 0.9702246032417924 29
1777434365961 0.9722096513344932 30
1777434366873 0.971307281743559 31
1777434367821 0.9746417349687223 32
1777434368773 0.9682703362712878 33
1777434369719 0.9724881298138501 34
1777434370639 0.9749877306327922 35
1777434371570 0.9752603286117395 36
1777434372540 0.9751709196984484 37
1777434373490 0.9773889565473031 38
1777434374447 0.9794447389310664 39
1777434375370 0.9754968777642147 40
1777434376268 0.9752065241516862 41
1777434377170 0.9783388457726442 42
1777434378069 0.9796891908213264 43
1777434378948 0.9799825819640331 44
1777434379809 0.9758365252606135 45
1777434380674 0.981314439391872 46
1777434381559 0.9760696924958457 47
1777434383409 0.9774599976016437 48
1777434384271 0.9817972823125499 49
1777434385120 0.9787580517022012 50
1777434385995 0.9826509681594938 51
1777434386874 0.981689019903469 52
1777434387713 0.9839151826864129 53
1777434388561 0.9830546573751264 54
1777434389423 0.9805189406697812 55
1777434390318 0.9830381401347879 56
1777434391176 0.9827074383636306 57
1777434392058 0.9843842777567122 58
1777434392920 0.9846245819015175 59
1777434393773 0.9862064030329775 60
1777434394635 0.9855334195695759 61
1777434395492 0.986332849196463 62
1777434396350 0.986679846558868 63
1777434397226 0.9872968375101995 64
1777434398104 0.9876315691124068 65
1777434398988 0.9874896677798813 66
1777434399887 0.9865240251681243 67
1777434400735 0.9874906169356809 68
1777434401614 0.9887683923822884 69
1777434402475 0.9879472963008568 70
1777434403344 0.9876892316447025 71
1777434404203 0.988585405923888 72
1777434405054 0.9870444966286641 73
1777434405900 0.9854928077454493 74
1777434406757 0.9878882032436418 75
1777434407626 0.9885676140712484 76
1777434408507 0.9888446500092155 77
1777434409379 0.9888861028737481 78
1777434410258 0.9909091832094226 79
1777434411108 0.990380517300612 80
1777434412007 0.985936718411482 81
1777434412923 0.9900615092566017 82
1777434413819 0.9903317005619815 83
1777434414707 0.9916639843487749 84
1777434415587 0.9898141477453472 85
1777434416467 0.9899855180103999 86
1777434417341 0.9911925908824625 87
1777434418238 0.9905777081574508 88
1777434419149 0.9896415440292793 89
1777434420060 0.9916801687053285 90
1777434420981 0.9915218339531849 91
1777434421869 0.989121298458446 92
1777434422773 0.990821781417469 93
1777434423647 0.9909375759248412 94
1777434424530 0.9904701083657761 95
1777434425409 0.9914406526774568 96
1777434426276 0.9912377162702667 97
1777434427148 0.9890599141399488 98
1777434428015 0.9903602150236571 99
1777434428879 0.990652855517005 100
1777434429730 0.9912977174557008 101
1777434430578 0.9916934854290146 102
1777434431432 0.9915680099706025 103
1777434432285 0.991291991700232 104
1777434433158 0.9920566730457083 105
1777434434020 0.9911497394023785 106
1777434434845 0.9911693619240612 107
1777434435680 0.9920546544925452 108
1777434436508 0.9924000050413584 109
1777434437336 0.9913415712564823 110
1777434438173 0.9929253269975318 111
1777434439017 0.9931589902639665 112
1777434439849 0.9923940601896145 113
1777434440681 0.991636735040446 114
1777434441519 0.9928593294969431 115
1777434442351 0.9936420463349588 116
1777434443165 0.9925175919619537 117
1777434443991 0.9925365836968298 118
1777434444800 0.9927244329220407 119
1777434445606 0.9919581447465076 120
1777434446413 0.9935367713038419 121
1777434447221 0.9925498452566685 122
1777434448032 0.9917567672298233 123
1777434448847 0.9924691788098318 124
1777434449654 0.9935880202931503 125
1777434450459 0.9936058404185063 126
1777434451268 0.9934077590529172 127
1777434452077 0.9932409528647312 128
1777434452901 0.9930603212391361 129
1777434453738 0.9944571901158228 130
1777434454552 0.993932934607543 131
1777434455364 0.9930262369174798 132
1777434456175 0.9932698440462736 133
1777434456986 0.9944721474014556 134
1777434457798 0.9937767386467522 135
1777434458617 0.9931672569050942 136
