1777300967180 162.6186474835431 1
1777300968343 150.0628012197989 2
1777300969500 130.99416006582754 3
1777300970653 102.75925558584707 4
1777300971810 71.18357163888437 5
1777300972968 44.705062018500435 6
1777300974130 27.464662488301595 7
1777300975283 20.0902481785527 8
1777300976440 19.15670632256402 9
1777300977586 17.132393512019405 10
1777300978754 15.827835351449473 11
1777300979897 14.989400362085414 12
1777300981050 14.343515597449409 13
1777300982204 14.48798997313888 14
1777300983356 12.893222042366311 15
1777300984515 13.071422124792027 16
1777300985669 13.26355183566058 17
1777300986826 12.186817363456443 18
1777300987980 11.469432926177978 19
1777300989146 11.25145894156562 20
1777300990307 12.201725179177743 21
1777300991464 12.60127038249263 22
1777300992618 12.289171395478425 23
1777300993774 11.835706262235288 24
1777300994927 10.641673706195972 25
1777300996077 11.69827080126162 26
1777300997233 10.519514913912174 27
1777300998388 10.944322003258598 28
1777300999545 10.317880326730233 29
1777301000711 10.49374860127767 30
1777301001863 10.565777563165735 31
1777301003014 10.13765888567324 32
1777301004169 10.285607090702763 33
1777301005321 9.104906700275562 34
1777301006475 9.172109144705313 35
1777301007625 9.750867101881239 36
1777301008784 10.076144190187808 37
1777301009945 9.287647363874648 38
1777301011118 9.039642323387994 39
1777301012281 7.908799863744665 40
1777301013441 9.131974276789913 41
1777301014593 8.232721960986103 42
1777301015748 8.26462105291861 43
1777301016898 8.980317832805492 44
1777301018063 7.828613675082171 45
1777301019226 8.944219726986356 46
1777301020390 8.60834617614746 47
1777301021552 8.193802801767985 48
1777301022712 7.663210577434963 49
1777301023866 7.495305850770738 50
1777301025024 7.804389093540333 51
1777301026176 7.02616133513274 52
1777301027351 7.129584443127667 53
1777301028511 7.423472662325259 54
1777301029667 6.7017188178168405 55
1777301030824 6.5604596385249385 56
1777301031977 6.473983718730786 57
