1777180623065 -2.586162928080215 1
1777180624903 -1.907602736803374 2
1777180626739 -0.9671484263240695 3
1777180628572 0.06295606102895246 4
1777180630407 0.6887284189231444 5
1777180632267 0.8787308567515255 6
1777180634107 0.917539947857754 7
1777180635941 0.9344656818819336 8
1777180637776 0.9389916134506568 9
1777180639604 0.942968128629199 10
1777180641438 0.9446177025163845 11
1777180643306 0.9509092277925026 12
1777180645143 0.953290967758408 13
1777180646977 0.9569967641937923 14
1777180648814 0.9569861533446515 15
1777180650648 0.9556485436686064 16
1777180652485 0.9593703897237664 17
1777180654347 0.9609640806798778 18
1777180656183 0.9610520453624949 19
1777180658018 0.9620177725383704 20
1777180659851 0.9620390029806561 21
1777180661687 0.9591116021743891 22
1777180663519 0.9647111138392405 23
1777180665414 0.9631131514370597 24
1777180667258 0.9641613651768982 25
1777180669103 0.9661667216664533 26
1777180670949 0.9652097231928067 27
1777180672796 0.9662564985439485 28
1777180674643 0.9671711213870648 29
1777180676522 0.9688140782535271 30
1777180678386 0.9683008248743836 31
1777180680480 0.9692790756873365 32
1777180682376 0.9670934440254317 33
1777180684250 0.9685541168170985 34
1777180686111 0.9685604387321614 35
1777180687972 0.9683384240925997 36
1777180689820 0.9721895240183805 37
1777180691670 0.9709949225316201 38
1777180693516 0.9725628626619731 39
1777180695374 0.9702466084630769 40
1777180697243 0.9724473978193153 41
1777180699089 0.9745287506356891 42
1777180700928 0.9751274373037409 43
1777180702776 0.9766145628942234 44
1777180704610 0.9775009032556377 45
