1777180623065 48165.38046875 1
1777180624903 39051.708984375 2
1777180626739 26420.5666015625 3
1777180628572 12585.33935546875 4
1777180630407 4180.656567382813 5
1777180632267 1628.7533447265625 6
1777180634107 1107.5124816894531 7
1777180635941 880.1846313476562 8
1777180637776 819.3972412109375 9
1777180639604 765.9891418457031 10
1777180641438 743.8339172363281 11
1777180643306 659.3330139160156 12
1777180645143 627.3441833496094 13
1777180646977 577.5720245361329 14
1777180648814 577.7144897460937 15
1777180650648 595.6797912597656 16
1777180652485 545.6920806884766 17
1777180654347 524.2873718261719 18
1777180656183 523.1059661865235 19
1777180658018 510.1353240966797 20
1777180659851 509.8502471923828 21
1777180661687 549.167837524414 22
1777180663519 473.9613922119141 23
1777180665414 495.423388671875 24
1777180667258 481.3449676513672 25
1777180669103 454.41127319335936 26
1777180670949 467.26458740234375 27
1777180672796 453.20545654296876 28
1777180674643 440.9212341308594 29
1777180676522 418.8548553466797 30
1777180678386 425.7483245849609 31
1777180680480 412.6094970703125 32
1777180682376 441.9645263671875 33
1777180684250 422.34637451171875 34
1777180686111 422.2614501953125 35
1777180687972 425.2433197021484 36
1777180689820 373.51959228515625 37
1777180691670 389.5642059326172 38
1777180693516 368.50531005859375 39
1777180695374 399.6147033691406 40
1777180697243 370.05613708496094 41
1777180699089 342.10169677734376 42
1777180700928 334.0607971191406 43
1777180702776 314.08739318847654 44
1777180704610 302.1830230712891 45
