1777180623065 186.29281463623047 1
1777180624903 162.32724304199218 2
1777180626739 125.7341552734375 3
1777180628572 78.5202735900879 4
1777180630407 43.5067684173584 5
1777180632267 29.209673500061037 6
1777180634107 24.903471183776855 7
1777180635941 22.366489982604982 8
1777180637776 21.739744186401367 9
1777180639604 21.032429885864257 10
1777180641438 20.495034790039064 11
1777180643306 19.507725334167482 12
1777180645143 18.992728424072265 13
1777180646977 18.119822120666505 14
1777180648814 18.147836875915527 15
1777180650648 18.48060474395752 16
1777180652485 17.66488971710205 17
1777180654347 17.335269927978516 18
1777180656183 17.120531845092774 19
1777180658018 17.014635848999024 20
1777180659851 16.821157932281494 21
1777180661687 17.433275032043458 22
1777180663519 16.311247253417967 23
1777180665414 16.60871982574463 24
1777180667258 16.47086982727051 25
1777180669103 15.975706386566163 26
1777180670949 16.15321855545044 27
1777180672796 15.91199607849121 28
1777180674643 15.67556791305542 29
1777180676522 15.276490497589112 30
1777180678386 15.285236167907716 31
1777180680480 15.070760154724121 32
1777180682376 15.520798683166504 33
1777180684250 15.303550148010254 34
1777180686111 15.120800685882568 35
1777180687972 15.366174030303956 36
1777180689820 14.332251262664794 37
1777180691670 14.67524003982544 38
1777180693516 14.296085166931153 39
1777180695374 14.684803867340088 40
1777180697243 14.205702686309815 41
1777180699089 13.620716857910157 42
1777180700928 13.542420959472656 43
1777180702776 13.170062923431397 44
1777180704610 13.0402437210083 45
