1777395692311 176.98233602090164 1
1777395693869 175.16094835148715 2
1777395696849 173.42098725239202 3
1777395698385 171.81163951488074 4
1777395701364 170.15386536607681 5
1777395704271 168.3751666605786 6
1777395707420 166.45620239721552 7
1777395710427 164.37251451181294 8
1777395710756 162.13972810246943 9
1777395713808 159.7234944756584 10
1777395715208 157.07967258544778 11
1777395718315 154.25188691737287 12
1777395720773 151.11517826260913 13
1777395721109 147.6636456166841 14
1777395721471 143.72122677524908 15
1777395722867 139.68332907555745 16
1777395723194 135.52728398120732 17
1777395725948 131.32885598606842 18
1777395729693 127.05903093080504 19
1777395731261 122.70288598279657 20
1777395733720 118.10368833201869 21
1777395739302 113.4478263609734 22
1777395739650 108.67621347236745 23
1777395742509 103.87868334771875 24
1777395749910 98.92678621204048 25
1777395751317 93.62122553207246 26
1777395753660 88.4646359192287 27
1777395757713 83.08657001292475 28
1777395759430 78.28097189942834 29
1777395763016 73.02127018119772 30
1777395763360 68.07304191031977 31
1777395765006 62.99581488693478 32
1777395765335 57.57119939593388 33
1777395770921 52.42272279695904 34
1777395775382 47.744877604000195 35
1777395776755 43.801600828009136 36
1777395782547 39.88298700846544 37
1777395784936 35.76297761235998 38
1777395792007 32.53721342638597 39
1777395796492 29.090654903793112 40
1777395799343 26.616311725993242 41
1777395800424 26.149140923710192 42
1777395804218 23.72452315860572 43
1777395809932 22.695529842989824 44
1777395812665 20.808316351725022 45
1777395814385 20.15223994720477 46
1777395817185 20.63295587219738 47
1777395818274 19.52214190083453 48
1777395818669 19.054571149503886 49
1777395823251 17.419196848420633 50
1777395827401 17.514987893720456 51
1777395836426 19.494179992631192 52
1777395837492 18.163565588303996 53
1777395838865 15.585928782045597 54
1777395841916 17.987523085607 55
1777395858027 17.016525689932703 56
1777395864956 15.91226813195394 57
1777395866786 17.312661604042432 58
1777395867852 15.921480569555214 59
1777395890470 15.184441851844989 60
1777395901495 16.798435888953687 61
1777395903394 13.175292128223484 62
1777395907176 12.99491302093381 63
1777395914311 15.916205478090768 64
1777395917086 16.370565635150527 65
1777395923023 14.994815816383205 66
1777395928926 12.068512633416752 67
1777395934006 13.417392583565013 68
1777395937973 14.83680936344042 69
1777395939793 13.951126694470243 70
1777395943415 13.749012670065492 71
1777395949727 13.707133270856723 72
1777395954926 13.453970036264193 73
1777395956716 13.594218617500024 74
1777395959630 14.396657053035021 75
1777395962775 12.764662310646543 76
1777395971349 14.761040180904136 77
1777395975220 12.905182799980837 78
1777395983277 11.850390676167331 79
1777395991706 12.815400249006315 80
1777396000935 12.273736342291327 81
1777396004014 12.55909295140617 82
1777396006346 12.883918373435648 83
1777396011172 12.835625952827101 84
1777396022435 12.132111970198078 85
1777396030772 12.917525254098523 86
1777396033706 11.773943756701025 87
1777396040881 9.832985577563806 88
1777396044943 12.802517596077042 89
1777396050156 14.767988825318131 90
1777396050555 12.872662094446179 91
1777396056128 11.53786057662295 92
1777396059887 11.700639069254533 93
1777396063579 11.355628590776098 94
1777396066929 11.164968118271863 95
1777396072387 10.757664586841399 96
1777396079756 10.300346778611006 97
1777396082487 11.136526573198989 98
1777396088299 10.446364400541484 99
1777396093024 11.86041670386238 100
1777396097351 12.60685222320289 101
1777396105223 10.87976920486263 102
