1777395692311 181.9823455810547 1
1777395693869 180.16094970703125 2
1777395696849 178.42098999023438 3
1777395698385 176.8114013671875 4
1777395701364 175.14968872070312 5
1777395704271 173.3562469482422 6
1777395707420 171.40744018554688 7
1777395710427 169.2757568359375 8
1777395710756 166.986083984375 9
1777395713808 164.51248168945312 10
1777395715208 161.87937927246094 11
1777395718315 159.09640502929688 12
1777395720773 156.02955627441406 13
1777395721109 152.6085968017578 14
1777395721471 148.6629638671875 15
1777395722867 144.5966339111328 16
1777395723194 140.4241180419922 17
1777395725948 136.19537353515625 18
1777395729693 131.89845275878906 19
1777395731261 127.52782440185547 20
1777395733720 122.90581512451172 21
1777395739302 118.24853515625 22
1777395739650 113.42919158935547 23
1777395742509 108.62303924560547 24
1777395749910 103.64674377441406 25
1777395751317 98.3045883178711 26
1777395753660 93.12716674804688 27
1777395757713 87.75525665283203 28
1777395759430 82.91709899902344 29
1777395763016 77.62519836425781 30
1777395763360 72.66184997558594 31
1777395765006 67.59478759765625 32
1777395765335 62.137325286865234 33
1777395770921 57.00484085083008 34
1777395775382 52.28018569946289 35
1777395776755 48.26615524291992 36
1777395782547 44.345237731933594 37
1777395784936 40.144107818603516 38
1777395792007 37.00227737426758 39
1777395796492 33.455970764160156 40
1777395799343 30.937280654907227 41
1777395800424 30.503751754760742 42
1777395804218 28.050296783447266 43
1777395809932 27.040149688720703 44
1777395812665 25.15153694152832 45
1777395814385 24.511796951293945 46
1777395817185 24.975828170776367 47
1777395818274 23.833887100219727 48
1777395818669 23.33739471435547 49
1777395823251 21.7357120513916 50
1777395827401 21.72081184387207 51
1777395836426 23.84035301208496 52
1777395837492 22.44475746154785 53
1777395838865 19.761884689331055 54
1777395841916 22.283483505249023 55
1777395858027 21.285245895385742 56
1777395864956 20.158533096313477 57
1777395866786 21.58930778503418 58
1777395867852 20.177358627319336 59
1777395890470 19.400461196899414 60
1777395901495 21.0911808013916 61
1777395903394 17.356931686401367 62
1777395907176 17.133520126342773 63
1777395914311 20.15670394897461 64
1777395917086 20.67635154724121 65
1777395923023 19.162044525146484 66
1777395928926 16.199678421020508 67
1777395934006 17.571626663208008 68
1777395937973 19.01759147644043 69
1777395939793 18.09847068786621 70
1777395943415 17.921581268310547 71
1777395949727 17.86899185180664 72
1777395954926 17.59553337097168 73
1777395956716 17.771089553833008 74
1777395959630 18.589052200317383 75
1777395962775 16.906131744384766 76
1777395971349 18.923994064331055 77
1777395975220 17.079998016357422 78
1777395983277 15.9747314453125 79
1777395991706 16.926288604736328 80
1777396000935 16.43269157409668 81
1777396004014 16.698091506958008 82
1777396006346 17.017772674560547 83
1777396011172 16.96234130859375 84
1777396022435 16.27200698852539 85
1777396030772 17.072513580322266 86
1777396033706 15.94759464263916 87
1777396040881 13.833942413330078 88
1777396044943 16.974407196044922 89
1777396050156 19.00045394897461 90
1777396050555 17.03986930847168 91
1777396056128 15.624917030334473 92
1777396059887 15.821476936340332 93
1777396063579 15.38080883026123 94
1777396066929 15.271958351135254 95
1777396072387 14.793235778808594 96
1777396079756 14.372669219970703 97
1777396082487 15.196455955505371 98
1777396088299 14.506725311279297 99
1777396093024 15.984817504882812 100
1777396097351 16.793521881103516 101
1777396105223 14.934521675109863 102
