1777395692311 48783.78125 1
1777395693869 48125.5390625 2
1777395696849 47506.19140625 3
1777395698385 46928.09375 4
1777395701364 46340.609375 5
1777395704271 45693.69921875 6
1777395707420 44972.875 7
1777395710427 44150.2578125 8
1777395710756 43225.78515625 9
1777395713808 42203.75390625 10
1777395715208 41005.953125 11
1777395718315 39692.12890625 12
1777395720773 38264.38671875 13
1777395721109 36832.5078125 14
1777395721471 35386.5 15
1777395722867 33862.44921875 16
1777395723194 32249.962890625 17
1777395725948 30750.494140625 18
1777395729693 29268.6796875 19
1777395731261 27727.251953125 20
1777395733720 26250.1171875 21
1777395739302 24754.318359375 22
1777395739650 23317.33203125 23
1777395742509 21884.31640625 24
1777395749910 20343.21484375 25
1777395751317 18841.451171875 26
1777395753660 17315.990234375 27
1777395757713 15748.4794921875 28
1777395759430 14235.3359375 29
1777395763016 12923.056640625 30
1777395763360 11359.705078125 31
1777395765006 9942.32421875 32
1777395765335 8568.7138671875 33
1777395770921 7330.53515625 34
1777395775382 6131.033203125 35
1777395776755 5450.302734375 36
1777395782547 4572.10791015625 37
1777395784936 3800.4189453125 38
1777395792007 3189.250732421875 39
1777395796492 2642.290771484375 40
1777395799343 2214.90771484375 41
1777395800424 2094.38330078125 42
1777395804218 1733.78173828125 43
1777395809932 1589.0809326171875 44
1777395812665 1336.6490478515625 45
1777395814385 1260.574951171875 46
1777395817185 1285.4761962890625 47
1777395818274 1183.10693359375 48
1777395818669 1144.9893798828125 49
1777395823251 926.1090087890625 50
1777395827401 977.36669921875 51
1777395836426 1165.6827392578125 52
1777395837492 1027.38916015625 53
1777395838865 786.5162353515625 54
1777395841916 1016.01171875 55
1777395858027 891.82275390625 56
1777395864956 776.4506225585938 57
1777395866786 918.1312866210938 58
1777395867852 792.3687744140625 59
1777395890470 733.1884155273438 60
1777395901495 874.3021850585938 61
1777395903394 560.6987915039062 62
1777395907176 565.2892456054688 63
1777395914311 792.3858642578125 64
1777395917086 856.3701171875 65
1777395923023 736.6659545898438 66
1777395928926 493.2060241699219 67
1777395934006 593.74658203125 68
1777395937973 700.3468627929688 69
1777395939793 648.5460205078125 70
1777395943415 601.3600463867188 71
1777395949727 674.8345947265625 72
1777395954926 596.87060546875 73
1777395956716 602.1470947265625 74
1777395959630 656.2081298828125 75
1777395962775 540.4135131835938 76
1777395971349 694.81689453125 77
1777395975220 549.3424682617188 78
1777395983277 479.3173522949219 79
1777395991706 546.0533447265625 80
1777396000935 495.2386779785156 81
1777396004014 534.3938598632812 82
1777396006346 548.0438232421875 83
1777396011172 553.8606567382812 84
1777396022435 501.4055480957031 85
1777396030772 534.8483276367188 86
1777396033706 467.4466552734375 87
1777396040881 370.1690979003906 88
1777396044943 578.376220703125 89
1777396050156 720.1849365234375 90
1777396050555 553.1002807617188 91
1777396056128 477.8910827636719 92
1777396059887 493.534912109375 93
1777396063579 452.0353698730469 94
1777396066929 452.6492919921875 95
1777396072387 420.4281921386719 96
1777396079756 386.691650390625 97
1777396082487 441.4593505859375 98
1777396088299 393.85888671875 99
1777396093024 480.2801208496094 100
1777396097351 561.043701171875 101
1777396105223 429.6403503417969 102
