1777375720003 -1.9450444699147913 1
1777375720990 -1.9016024773769855 2
1777375721763 -1.85801650237874 3
1777375722219 -1.818697538477394 4
1777375723352 -1.7738152106688654 5
1777375724423 -1.7104332491626852 6
1777375726021 -1.6527853164385138 7
1777375726540 -1.5973195864071768 8
1777375726974 -1.5418275446005345 9
1777375727837 -1.484152533136641 10
1777375728831 -1.4212892518178895 11
1777375729401 -1.3424711178271278 12
1777375730466 -1.2543097918560746 13
1777375731058 -1.1689791225849566 14
1777375731481 -1.085490469911739 15
1777375731913 -0.9961459317405279 16
1777375733012 -0.9103376560603629 17
1777375733967 -0.8197534796592618 18
1777375735076 -0.7224761775826973 19
1777375736843 -0.6203858574996639 20
1777375737814 -0.5239601331480603 21
1777375738650 -0.3878355611759101 22
1777375739705 -0.2681636994171497 23
1777375740126 -0.14654194555843536 24
1777375740569 -0.03181640017962306 25
1777375741003 0.07522606855017178 26
1777375741439 0.16367463907274693 27
1777375742302 0.26747251675864325 28
1777375743573 0.34587223723320815 29
1777375744865 0.42443067425641967 30
1777375745289 0.5062943048398317 31
1777375746182 0.5634635226758455 32
1777375747498 0.6206361628163986 33
1777375747931 0.6765007950979627 34
1777375748355 0.7122716713478683 35
1777375749052 0.7555251076454917 36
1777375749705 0.7889975732746536 37
1777375750884 0.8165990042624577 38
1777375751905 0.8370412958109426 39
1777375752357 0.8469389626191289 40
1777375753782 0.8674453342607756 41
1777375754696 0.8817223332547497 42
1777375755669 0.8952240952612915 43
1777375757219 0.9077890771144924 44
1777375758256 0.9108921216398885 45
1777375759196 0.9177243322891229 46
1777375759970 0.915944092394225 47
1777375760453 0.9193031156279834 48
1777375761000 0.9152646442249709 49
1777375761678 0.9170945635552734 50
1777375763519 0.9215817001496919 51
1777375764396 0.9235014133828009 52
1777375765261 0.9302168725865503 53
1777375766901 0.9308952453833101 54
1777375768756 0.9263818648178151 55
1777375769719 0.9314996542740073 56
1777375771252 0.9330636016482091 57
1777375772636 0.9306260481305122 58
1777375773354 0.9297926882947557 59
1777375774602 0.9403399682319917 60
1777375775671 0.9371020021047003 61
1777375776974 0.9413803669112484 62
1777375778034 0.9346287951982237 63
1777375780191 0.9293597228230955 64
1777375782111 0.9436751950084026 65
1777375783478 0.94271876460818 66
1777375787622 0.9458410491755948 67
1777375789715 0.9449113663053527 68
1777375790578 0.9325136360233051 69
1777375791057 0.9412101856290758 70
1777375792564 0.9482651373625658 71
1777375796622 0.9426325294942157 72
1777375799669 0.9533983303794152 73
1777375801263 0.9462891530646845 74
1777375803152 0.9549228499495191 75
1777375815502 0.9492114241667787 76
1777375817659 0.9526591443806868 77
1777375843090 0.9486543147654266 78
1777375844532 0.9476797047979424 79
1777375845771 0.947707221948207 80
1777375852852 0.9508240124522405 81
1777375854413 0.9413368257254613 82
1777375856667 0.9566573575677909 83
1777375858668 0.9546267627110412 84
1777375859336 0.9591089322139149 85
1777375860263 0.9547932572478792 86
1777375860833 0.9531155356836177 87
1777375861267 0.9564438918180187 88
1777375861851 0.9496983560642284 89
1777375862718 0.9562482078536096 90
1777375865567 0.9600171446785624 91
1777375866706 0.9504593730176415 92
1777375867986 0.9589527310153921 93
1777375870024 0.9635222522167626 94
1777375870687 0.9575723145095942 95
1777375871871 0.9567208889467244 96
1777375873783 0.95569001372939 97
1777375875128 0.9639060987560866 98
1777375875770 0.9625178451529997 99
1777375876336 0.961323977154611 100
1777375877070 0.9643823926312514 101
1777375877938 0.9655784485289365 102
1777375879221 0.9649722494516728 103
1777375879891 0.9629341516323142 104
1777375881341 0.9613548522252553 105
1777375882357 0.9621755530785459 106
1777375883148 0.9552177725873492 107
1777375883576 0.9608631545541383 108
1777375883985 0.9585757659051687 109
1777375885810 0.9619254886420797 110
1777375886927 0.9615633814004084 111
1777375887838 0.9612133791661961 112
1777375889222 0.9636631209624524 113
1777375889904 0.9663904801371843 114
1777375892074 0.9654271875114183 115
1777375892627 0.9679836779356343 116
1777375894176 0.9604677278761828 117
1777375894766 0.9729228924203235 118
1777375896795 0.9670345248192861 119
1777375897890 0.9648545648085414 120
1777375898330 0.9664369921279324 121
1777375899885 0.9596259473237837 122
1777375900568 0.9665587309099956 123
1777375901217 0.9678721036470546 124
1777375901761 0.9701302022851671 125
1777375902339 0.9663147431622159 126
1777375903302 0.9689145671660496 127
1777375904721 0.9707797180066071 128
1777375905820 0.9698395284964967 129
1777375906312 0.9700423904865113 130
1777375907415 0.970997384476481 131
1777375908017 0.9675878655518207 132
1777375908598 0.9695625621303544 133
1777375909930 0.9713786057491607 134
1777375910358 0.9687172318911086 135
1777375911776 0.9723001664934147 136
1777375913323 0.9701924365721575 137
1777375914797 0.9714962595424782 138
1777375915624 0.9717216494586215 139
1777375916519 0.9707778774237515 140
1777375916949 0.9717637376717835 141
1777375917367 0.9772982766039563 142
1777375918460 0.9686993805660337 143
1777375919003 0.9712116733200891 144
1777375920328 0.9757024753119232 145
1777375920754 0.9758574701502728 146
1777375921718 0.9745009461903662 147
1777375922139 0.9745770231526012 148
1777375922984 0.9704943489605777 149
1777375923431 0.9746022187241643 150
1777375923851 0.9748863979041338 151
1777375925554 0.9757864470281478 152
1777375925971 0.9708076326224239 153
1777375926718 0.9724590048513858 154
1777375927998 0.9699368228559465 155
1777375929991 0.9724446351378806 156
1777375930834 0.9783212400297409 157
1777375932265 0.9742065555211216 158
1777375933165 0.9764239235833336 159
1777375934345 0.9750339138735518 160
1777375935591 0.9737440197079078 161
1777375936323 0.977451008194003 162
1777375937213 0.9761862117139436 163
1777375937870 0.971759616408403 164
1777375938937 0.9777797778420771 165
1777375939747 0.9792227240730418 166
1777375941163 0.9792708031369225 167
1777375942589 0.9789643315431472 168
1777375943273 0.976447018366929 169
1777375944717 0.9793121611979232 170
1777375945797 0.9770601965588455 171
1777375946497 0.9803873049074328 172
1777375947653 0.9805019396365594 173
1777375948090 0.9764483004752992 174
1777375948544 0.9738104087942782 175
1777375949393 0.976553876628878 176
1777375950219 0.9801181785774852 177
1777375951053 0.9815315964470033 178
1777375951692 0.9772393374930278 179
1777375952658 0.9773716100490553 180
1777375953251 0.9793591002851364 181
1777375954491 0.9790643430097409 182
1777375955962 0.977412431942209 183
1777375957018 0.981422050526808 184
1777375957620 0.9772891713901372 185
1777375958560 0.9817246489053925 186
1777375959377 0.9805020392314199 187
1777375960346 0.9817620404631417 188
1777375960779 0.9792754420126119 189
1777375961765 0.9768581052343777 190
1777375962199 0.9796085597108614 191
1777375963340 0.9830602539761856 192
1777375964173 0.9806197438606704 193
1777375965891 0.9774987856721297 194
1777375966623 0.9829872074649523 195
1777375967895 0.9762243544683128 196
1777375969206 0.9782743566475585 197
1777375969638 0.979493531855273 198
1777375970108 0.9783560146065865 199
1777375970551 0.9849050718546274 200
1777375970974 0.9837408978161087 201
1777375971413 0.9794534386115908 202
1777375972297 0.9818305252557753 203
1777375974340 0.984386505310499 204
1777375974870 0.9822054283654063 205
1777375975490 0.9795791511721378 206
1777375976261 0.9832103335982014 207
1777375978043 0.9822846469590564 208
1777375979191 0.9829738729768049 209
1777375981615 0.982355860271038 210
1777375982460 0.9817375221285732 211
1777375983195 0.9819108244051467 212
1777375985512 0.9802886779495495 213
1777375986514 0.9827222514940687 214
1777375987492 0.9794411229577051 215
1777375988075 0.9813239089184828 216
1777375988670 0.9845712397315745 217
1777375990529 0.9784012881816923 218
1777375991108 0.9801088429305896 219
1777375992668 0.9821904065705355 220
1777375993846 0.9765544103723912 221
1777375995136 0.982873296204223 222
1777375996629 0.9814519963139917 223
1777375997375 0.981577412884187 224
1777375997796 0.9803296955981836 225
1777375998977 0.9825757937580613 226
1777375999747 0.9847062146020259 227
1777376001023 0.9826729843056918 228
1777376001417 0.9785524801800073 229
1777376001816 0.9845361739418459 230
1777376002786 0.9848024638697966 231
1777376003190 0.9821017250703594 232
1777376003951 0.9816717878811493 233
1777376004363 0.9838962952420975 234
1777376004882 0.9842006472734507 235
1777376005807 0.9837082418669097 236
1777376007622 0.9842849943091221 237
1777376008048 0.9813043658836764 238
1777376009315 0.9842144559048536 239
1777376010079 0.98436516956645 240
1777376010654 0.9862701609717639 241
1777376011356 0.9838837434412155 242
1777376011778 0.9845929822695803 243
1777376012674 0.9848845188438621 244
1777376013345 0.9840383483607282 245
1777376014686 0.9837991804426639 246
1777376015988 0.9843355562270275 247
1777376016541 0.9840050542226916 248
1777376017875 0.9833771002674506 249
1777376018846 0.9829035224081815 250
1777376019267 0.9862297100318622 251
1777376021047 0.9819339007318421 252
1777376023058 0.9839096886037355 253
1777376024056 0.9855731037273233 254
1777376024716 0.9840604822361821 255
1777376025663 0.9820472452838387 256
1777376026089 0.9843945781051736 257
1777376027544 0.983615087006519 258
1777376028828 0.9866840449115212 259
1777376029666 0.9874129897216757 260
1777376030509 0.9878418255523581 261
1777376031393 0.9845878061427905 262
1777376031999 0.9850841896882083 263
1777376032427 0.9861504060373046 264
1777376032994 0.9860378679039425 265
1777376034259 0.9834492378003208 266
