1777304010012 155.1582000732422 1
1777304011132 142.67629699707032 2
1777304012249 123.21544342041015 3
1777304013367 97.2753662109375 4
1777304014479 70.2546371459961 5
1777304015586 45.10787582397461 6
1777304016694 27.568457794189452 7
1777304017801 22.105406188964842 8
1777304018903 19.334414291381837 9
1777304020018 18.517405319213868 10
1777304021146 17.006966400146485 11
1777304022251 16.215018463134765 12
1777304023356 15.986801528930664 13
1777304024463 15.948256683349609 14
1777304025570 15.856620788574219 15
1777304026682 15.562165451049804 16
1777304027795 14.631057167053223 17
1777304028903 14.787104225158691 18
1777304030002 15.60092887878418 19
1777304031125 14.018421363830566 20
1777304032230 13.998856925964356 21
1777304033340 14.392902755737305 22
1777304034442 13.4793062210083 23
1777304035555 14.306630897521973 24
1777304036657 13.196078300476074 25
1777304037763 13.162529754638673 26
1777304038870 13.416815185546875 27
1777304039973 12.773153114318848 28
1777304041077 12.76060676574707 29
1777304042203 12.170500183105469 30
1777304043309 12.047612953186036 31
1777304044414 11.475300598144532 32
1777304045519 11.71876926422119 33
1777304046626 11.76784896850586 34
1777304047736 11.718811798095704 35
1777304048841 11.863496208190918 36
1777304049940 11.522733116149903 37
1777304051056 11.223139190673828 38
1777304052164 10.885873222351075 39
1777304053289 10.371421813964844 40
1777304054465 10.811919403076171 41
1777304055574 10.795562553405762 42
1777304056680 10.762091827392577 43
1777304057790 10.644778060913087 44
1777304058898 10.221523666381836 45
1777304060005 10.337074851989746 46
1777304061115 10.942050743103028 47
1777304062222 10.567897033691406 48
1777304063328 9.76843433380127 49
1777304064457 11.607825088500977 50
1777304065558 9.730809593200684 51
1777304066660 9.99571189880371 52
1777304067776 9.78564224243164 53
1777304068892 10.314037132263184 54
1777304070006 10.19466495513916 55
1777304071111 10.717081260681152 56
1777304072213 9.810434341430664 57
1777304073324 9.36131248474121 58
1777304074430 9.354355239868164 59
1777304075551 9.280812644958496 60
1777304076654 9.24320125579834 61
1777304077762 9.23253059387207 62
1777304078866 9.317816352844238 63
1777304079978 9.545659255981445 64
1777304081084 9.188622665405273 65
1777304082190 9.107509803771972 66
1777304083303 8.884216117858887 67
1777304084409 9.010419654846192 68
1777304085529 8.984544563293458 69
1777304086637 8.6091459274292 70
1777304087746 8.943703079223633 71
1777304088858 9.177371597290039 72
1777304089965 8.645769500732422 73
1777304091076 8.4087703704834 74
1777304092181 8.43702278137207 75
1777304093293 8.352558898925782 76
1777304094399 8.92258815765381 77
1777304095510 8.314475440979004 78
1777304096628 8.27762804031372 79
1777304097739 8.374540328979492 80
1777304098843 8.186699295043946 81
1777304099951 8.203274345397949 82
1777304101052 8.254962730407716 83
1777304102160 8.377091979980468 84
1777304103274 8.177956199645996 85
1777304104376 7.926171112060547 86
1777304105492 8.32331600189209 87
1777304106599 8.115478801727296 88
1777304107730 8.218571090698243 89
1777304108836 7.710730457305909 90
1777304109939 7.776103687286377 91
1777304111049 7.493008613586426 92
1777304112162 7.640621566772461 93
1777304113278 8.133251667022705 94
1777304114384 7.510367202758789 95
1777304115483 7.942488002777099 96
1777304116587 7.5997633934021 97
1777304117697 7.726303386688232 98
1777304118820 7.462798595428467 99
1777304119933 7.683973217010498 100
1777304121040 7.39688720703125 101
1777304122149 7.3914190292358395 102
1777304123255 7.1816614151000975 103
1777304124363 7.109896659851074 104
1777304125473 7.588710308074951 105
1777304126579 7.413906383514404 106
1777304127691 7.299813747406006 107
1777304128795 7.411107063293457 108
1777304129924 7.25902156829834 109
1777304131036 7.161950492858887 110
1777304132143 6.959705066680908 111
1777304133248 7.093194961547852 112
1777304134358 7.015955543518066 113
1777304135457 7.21075553894043 114
1777304136561 7.148158931732178 115
1777304137665 7.0237730026245115 116
1777304138778 7.081758308410644 117
1777304139883 7.0498504638671875 118
1777304141018 7.1801300048828125 119
1777304142125 7.036483383178711 120
1777304143239 7.533275699615478 121
1777304144344 6.752841758728027 122
1777304145451 7.245531940460205 123
1777304146560 7.04568395614624 124
1777304147668 6.840540218353271 125
1777304148773 7.147522640228272 126
1777304149880 6.881471920013428 127
1777304150987 6.592811584472656 128
1777304152110 6.702421569824219 129
1777304153218 6.6568443298339846 130
1777304154324 6.7408980369567875 131
1777304155434 6.602852439880371 132
1777304156543 6.344402313232422 133
1777304157651 7.228451442718506 134
1777304158759 6.763679885864258 135
1777304159861 6.737621879577636 136
