1777373181208 -1.789572606423663 1
1777373182354 -1.5876150227306 2
1777373183499 -1.2630898383788112 3
1777373184641 -0.8407574396740642 4
1777373185809 -0.4140994886304974 5
1777373186983 -0.012064554083422552 6
1777373188319 0.36928086218819667 7
1777373189475 0.7055583455323678 8
1777373190604 0.8854347630661543 9
1777373191744 0.9265691991928495 10
1777373192862 0.9472727391492968 11
1777373193998 0.9538466780089474 12
1777373195159 0.9596707403456806 13
1777373196368 0.9559034303896006 14
1777373197506 0.9647514870485173 15
1777373198633 0.9677803013220652 16
1777373199802 0.9646792093599255 17
1777373200942 0.966942129972808 18
1777373202073 0.9666641804350375 19
1777373203205 0.9688924871144715 20
1777373204421 0.9683163914201067 21
1777373205587 0.9718183522626492 22
1777373206755 0.97635133394975 23
1777373207977 0.9723088632459803 24
1777373209196 0.9745892271986374 25
1777373210315 0.9784584539472208 26
1777373211521 0.9750594242451553 27
1777373212742 0.9775489956688924 28
1777373214671 0.978404652139362 29
1777373216006 0.9789863825007508 30
1777373217236 0.9795579112762818 31
1777373218440 0.9820923935939027 32
1777373219615 0.9828762810855209 33
1777373220880 0.9787375686979755 34
1777373232692 0.9828380522197332 35
1777373234077 0.9821704115438971 36
1777373235647 0.9833050481321782 37
1777373238452 0.9844835909863514 38
1777373239827 0.9833867841898247 39
1777373241530 0.9839227122580212 40
1777373242712 0.9860572063834925 41
1777373243909 0.9855736213268513 42
1777373245114 0.9853159228488946 43
1777373246339 0.9861403278697818 44
1777373247590 0.9866757750078932 45
1777373248862 0.9887527383075763 46
1777373250086 0.9877694471512908 47
1777373251267 0.9879510496098746 48
1777373252503 0.9873792487079941 49
1777373253777 0.9888873242631344 50
1777373254961 0.9891157189174717 51
1777373256136 0.9883048412339674 52
1777373257385 0.9880857564595693 53
1777373258613 0.9878923109488461 54
1777373259910 0.989044110266905 55
1777373261155 0.9883952490568433 56
