1777383958848 225.94585911231036 1
1777383959217 223.46162457175953 2
1777383959572 221.55036109200995 3
1777383959928 219.67554199318593 4
1777383960332 217.51797698696078 5
1777383960681 214.9323749025493 6
1777383961031 211.9452593684275 7
1777383961382 208.67771952223362 8
1777383961752 205.05562317027542 9
1777383962113 201.20239149610026 10
1777383962492 197.3035811256349 11
1777383962852 193.0173749465317 12
1777383963227 188.65272741866204 13
1777383963620 184.07230449269113 14
1777383963972 179.2992163518151 15
1777383964333 174.0361795629719 16
1777383964701 168.9590776545463 17
1777383965074 163.24151729492715 18
1777383965441 157.52345435481982 19
1777383965963 151.7817164652087 20
1777383966493 144.23234971089184 21
1777383966968 138.10572546513052 22
1777383967575 130.66328685307897 23
1777383967925 122.51650877279764 24
1777383968361 115.99232615376975 25
1777383968734 108.2743639585336 26
1777383969099 100.49918862390133 27
1777383969477 93.05607768302939 28
1777383969828 84.66580095624502 29
1777383970163 77.03387736391535 30
1777383970509 70.77570687456078 31
1777383970860 65.01237862899649 32
1777383971230 58.93117841230141 33
1777383971675 54.38864097932697 34
1777383972288 48.43397164568481 35
1777383972634 44.58403669616514 36
1777383973185 41.133170849578626 37
1777383973536 39.094902186258565 38
1777383973883 37.78841401009623 39
1777383974240 34.522665788218035 40
1777383974585 32.58152897384402 41
1777383974950 33.1821477852267 42
1777383975304 29.058237464629222 43
1777383975653 31.26460400944153 44
1777383976021 31.756319153081073 45
1777383976374 29.89251068117596 46
1777383976729 27.798911489129726 47
1777383977084 30.030333378961387 48
1777383977453 27.23311210676318 49
1777383977802 28.240050057428967 50
1777383978232 25.995844582295746 51
1777383978586 24.145525645373848 52
1777383978943 27.706079315823224 53
1777383979306 27.622029278545842 54
1777383979666 22.64890236458077 55
1777383980031 25.61775216669524 56
1777383980447 25.662460709145517 57
1777383980802 23.64438249839629 58
1777383981161 24.611464445028584 59
1777383981525 24.26669900633505 60
1777383982008 22.7657174950935 61
1777383982357 21.9821330257844 62
1777383982717 24.07191881405853 63
1777383983082 22.93267655134467 64
1777383983448 20.595070317595876 65
1777383983821 22.12831013374044 66
1777383984233 22.55563731979976 67
1777383984608 24.369144929795443 68
1777383984950 22.37646752345251 69
1777383985289 20.85562349223825 70
1777383985630 21.648295825727324 71
1777383985967 25.47589887206816 72
1777383986313 21.592008793764418 73
1777383986660 21.232400225502946 74
1777383987015 21.12525352912769 75
1777383987602 22.253068690904392 76
1777383987980 22.992005658896964 77
1777383988385 19.807051141003896 78
1777383988805 20.278930343317928 79
1777383989325 20.87511037466142 80
1777383989683 21.486238555541195 81
1777383990070 20.842538412360025 82
1777383990423 20.20218164730104 83
1777383990798 23.90377846701228 84
1777383991161 20.67073749114275 85
1777383991537 21.443070380287995 86
1777383991986 20.76250329244405 87
1777383992380 23.0176191430744 88
1777383992822 22.480754165759834 89
1777383998882 20.684104617746705 90
1777383999339 21.483372845945084 91
