1777238850952 -1.8284554274494016 1
1777238852279 -1.7224612406803712 2
1777238853633 -1.5900470611472626 3
1777238854994 -1.3994621452242426 4
1777238856305 -1.120327395268356 5
1777238857619 -0.7809082042996383 6
1777238858946 -0.4156059608324134 7
1777238860255 -0.07577078647908975 8
1777238861593 0.2289892996504197 9
1777238862876 0.49226304284594335 10
1777238864296 0.6931277326969194 11
1777238865658 0.817459650820278 12
1777238867346 0.8853880167318784 13
1777238868869 0.9134223933731798 14
1777238878164 0.9256793484829267 15
1777238879686 0.9348477678071448 16
1777238881175 0.941201391725706 17
1777238882631 0.9424095670549408 18
1777238884093 0.9451374287553637 19
1777238885493 0.9480752838505655 20
1777238886909 0.9509227300503795 21
1777238888391 0.9541504016070267 22
1777238890308 0.9486954174256772 23
1777238891803 0.9522413049793931 24
1777238894557 0.956214612204842 25
1777238896731 0.9575727773808632 26
1777238907307 0.9571640729474257 27
1777238953364 0.959121687844907 28
1777238954676 0.962258500293571 29
1777238956069 0.9603049883935572 30
1777238957374 0.9561963488993704 31
1777238958716 0.9608553719759766 32
1777238960056 0.9607285829849443 33
1777238961357 0.9615966885984525 34
1777238962754 0.9643700922104176 35
1777238963999 0.9665055680653676 36
1777238965400 0.9663134318548657 37
1777238966769 0.9586713605601755 38
1777238968186 0.9654059141465083 39
1777238969429 0.9635223490929341 40
1777238970717 0.9666331385094604 41
1777238972083 0.9649549712897766 42
1777238973453 0.9651539282225011 43
1777238974686 0.9653783429172202 44
1777238975990 0.9684110531067133 45
1777238977268 0.970454374565341 46
1777238978625 0.966323201248825 47
1777238979920 0.9693330090872917 48
1777238981311 0.972391011043933 49
1777238982617 0.9689992094704246 50
1777238984624 0.9724274250570941 51
1777238985954 0.9701052266004715 52
1777238987257 0.9721789871385856 53
1777238988587 0.9708114538690027 54
1777238989837 0.9771890478158742 55
1777238991124 0.9726259944638758 56
1777238992473 0.9702321008732083 57
1777238993746 0.9746178519545752 58
1777238995050 0.974891971208974 59
1777238996372 0.9732644209220559 60
1777238997576 0.9758703019286596 61
1777238998889 0.9755338980992644 62
1777239003090 0.974605227684117 63
1777239005197 0.9737607243198458 64
