1777238850952 171.52369079589843 1
1777238852279 166.47511596679686 2
1777238853633 160.07941284179688 3
1777238854994 152.11087951660156 4
1777238856305 141.55936584472656 5
1777238857619 127.2941177368164 6
1777238858946 110.2004898071289 7
1777238860255 92.20449676513672 8
1777238861593 74.43958435058593 9
1777238862876 58.78286895751953 10
1777238864296 45.129268646240234 11
1777238865658 35.195560455322266 12
1777238867346 28.764724731445312 13
1777238868869 25.44732780456543 14
1777238878164 24.236014556884765 15
1777238879686 22.778984832763673 16
1777238881175 21.843083572387695 17
1777238882631 21.68705520629883 18
1777238884093 21.14305191040039 19
1777238885493 20.771843338012694 20
1777238886909 20.194068145751952 21
1777238888391 19.373415374755858 22
1777238890308 20.394297409057618 23
1777238891803 19.884005737304687 24
1777238894557 19.126179504394532 25
1777238896731 18.850440216064452 26
1777238907307 18.606307601928712 27
1777238953364 18.334029769897462 28
1777238954676 17.77613983154297 29
1777238956069 18.27379150390625 30
1777238957374 18.823876953125 31
1777238958716 17.808913040161134 32
1777238960056 17.818025588989258 33
1777238961357 17.811255645751952 34
1777238962754 17.23936653137207 35
1777238963999 16.638712692260743 36
1777238965400 16.803514862060545 37
1777238966769 17.86575050354004 38
1777238968186 16.84635238647461 39
1777238969429 16.9788761138916 40
1777238970717 16.448045349121095 41
1777238972083 16.994086074829102 42
1777238973453 16.658448028564454 43
1777238974686 16.624076461791994 44
1777238975990 15.976155853271484 45
1777238977268 15.600895309448243 46
1777238978625 16.532228851318358 47
1777238979920 15.858016777038575 48
1777238981311 15.147319412231445 49
1777238982617 15.870476150512696 50
1777238984624 15.1689847946167 51
1777238985954 15.8060941696167 52
1777238987257 15.041250228881836 53
1777238988587 15.487474632263183 54
1777238989837 13.899048614501954 55
1777238991124 14.872113990783692 56
1777238992473 15.37870979309082 57
1777238993746 14.457269859313964 58
1777238995050 14.500032424926758 59
1777238996372 14.812158393859864 60
1777238997576 14.125751113891601 61
1777238998889 14.197153282165527 62
1777239003090 14.585739898681641 63
1777239005197 14.849344635009766 64
