1777298272199 51175.509765625 1
1777298272896 49712.751953125 2
1777298273576 48353.33203125 3
1777298274260 46789.078125 4
1777298274951 44944.263671875 5
1777298275632 42760.607421875 6
1777298276334 40206.443359375 7
1777298277031 37598.96875 8
1777298277723 34810.73046875 9
1777298278470 31961.2587890625 10
1777298279152 28970.49609375 11
1777298279841 25927.5390625 12
1777298280520 22864.3935546875 13
1777298281203 19643.3232421875 14
1777298281905 16654.0615234375 15
1777298282589 13708.4814453125 16
1777298283271 11008.1787109375 17
1777298283950 8458.171875 18
1777298284642 6326.84765625 19
1777298285321 4541.244140625 20
1777298286000 3339.216064453125 21
1777298286685 2397.2196044921875 22
1777298287372 1822.146484375 23
1777298288074 1531.9797973632812 24
1777298288759 1207.6892700195312 25
1777298289489 1070.0250244140625 26
1777298290169 1013.2752075195312 27
1777298290860 928.9416809082031 28
1777298291553 1044.7443237304688 29
1777298292231 778.0094909667969 30
1777298292915 760.775634765625 31
1777298293612 744.1357421875 32
1777298294296 682.9304504394531 33
1777298294977 769.8738098144531 34
1777298295660 589.6296081542969 35
1777298296338 675.9310302734375 36
1777298297018 564.0933227539062 37
1777298297708 600.4202575683594 38
1777298298391 541.8110961914062 39
1777298299102 594.4607238769531 40
1777298299793 587.7350769042969 41
1777298300482 510.35313415527344 42
1777298301166 536.4446411132812 43
1777298301868 432.8662872314453 44
1777298302584 498.40879821777344 45
1777298303270 477.14866638183594 46
1777298303964 499.4228515625 47
1777298304656 437.27996826171875 48
1777298305342 557.8694152832031 49
1777298306028 396.8392333984375 50
1777298306708 463.79840087890625 51
1777298307402 401.9358367919922 52
1777298308093 416.2032928466797 53
1777298308789 417.92530822753906 54
1777298309496 442.86753845214844 55
1777298310186 386.59703063964844 56
1777298310881 413.7746276855469 57
1777298311577 414.6979675292969 58
1777298312277 379.91375732421875 59
1777298312967 411.37098693847656 60
1777298313642 469.15794372558594 61
1777298314327 427.3413543701172 62
1777298315011 398.93927001953125 63
1777298315695 366.0526885986328 64
