1777298272199 194.11890411376953 1
1777298272896 190.32189178466797 2
1777298273576 186.7176971435547 3
1777298274260 182.4816665649414 4
1777298274951 177.49915313720703 5
1777298275632 171.86568450927734 6
1777298276334 165.38607025146484 7
1777298277031 158.2852554321289 8
1777298277723 150.7047348022461 9
1777298278470 142.65625762939453 10
1777298279152 133.95724487304688 11
1777298279841 124.42262649536133 12
1777298280520 114.4323844909668 13
1777298281203 103.9233627319336 14
1777298281905 93.237060546875 15
1777298282589 82.41202545166016 16
1777298283271 72.52433395385742 17
1777298283950 61.8193473815918 18
1777298284642 52.495792388916016 19
1777298285321 44.00962257385254 20
1777298286000 38.41180610656738 21
1777298286685 32.62158393859863 22
1777298287372 29.197705268859863 23
1777298288074 27.17404270172119 24
1777298288759 24.668521881103516 25
1777298289489 23.520139694213867 26
1777298290169 22.960375785827637 27
1777298290860 21.74858283996582 28
1777298291553 23.141310691833496 29
1777298292231 20.17533016204834 30
1777298292915 19.546204566955566 31
1777298293612 19.605859756469727 32
1777298294296 19.28230381011963 33
1777298294977 20.44981861114502 34
1777298295660 17.961389541625977 35
1777298296338 18.970033645629883 36
1777298297018 17.268136978149414 37
1777298297708 18.064322471618652 38
1777298298391 17.106907844543457 39
1777298299102 18.244318962097168 40
1777298299793 17.701125144958496 41
1777298300482 16.804158210754395 42
1777298301166 17.157289505004883 43
1777298301868 15.397438049316406 44
1777298302584 16.559423446655273 45
1777298303270 16.16493511199951 46
1777298303964 16.490833282470703 47
1777298304656 15.581303596496582 48
1777298305342 17.605878829956055 49
1777298306028 14.767674446105957 50
1777298306708 15.798489570617676 51
1777298307402 14.856074333190918 52
1777298308093 15.141760349273682 53
1777298308789 15.211750507354736 54
1777298309496 15.784038543701172 55
1777298310186 14.337384223937988 56
1777298310881 15.195088386535645 57
1777298311577 14.984410762786865 58
1777298312277 14.446704864501953 59
1777298312967 14.98200511932373 60
1777298313642 15.630098342895508 61
1777298314327 15.450456142425537 62
1777298315011 14.75258493423462 63
1777298315695 14.011030197143555 64
