1777298272199 194.118896484375 1
1777298272896 190.32186889648438 2
1777298273576 186.7176971435547 3
1777298274260 182.48165893554688 4
1777298274951 177.4991455078125 5
1777298275632 171.8656768798828 6
1777298276334 165.38607788085938 7
1777298277031 158.28524780273438 8
1777298277723 150.70472717285156 9
1777298278470 142.65625 10
1777298279152 133.95724487304688 11
1777298279841 124.4226303100586 12
1777298280520 114.43238830566406 13
1777298281203 103.92335510253906 14
1777298281905 93.23706817626953 15
1777298282589 82.41202545166016 16
1777298283271 72.52433776855469 17
1777298283950 61.8193473815918 18
1777298284642 52.495792388916016 19
1777298285321 44.00962448120117 20
1777298286000 38.41180419921875 21
1777298286685 32.62158203125 22
1777298287372 29.197702407836914 23
1777298288074 27.174043655395508 24
1777298288759 24.668521881103516 25
1777298289489 23.520139694213867 26
1777298290169 22.960376739501953 27
1777298290860 21.748584747314453 28
1777298291553 23.14130973815918 29
1777298292231 20.17532730102539 30
1777298292915 19.546205520629883 31
1777298293612 19.605859756469727 32
1777298294296 19.282302856445312 33
1777298294977 20.449819564819336 34
1777298295660 17.961387634277344 35
1777298296338 18.970033645629883 36
1777298297018 17.268136978149414 37
1777298297708 18.06432342529297 38
1777298298391 17.106908798217773 39
1777298299102 18.24431800842285 40
1777298299793 17.701126098632812 41
1777298300482 16.804157257080078 42
1777298301166 17.157289505004883 43
1777298301868 15.397438049316406 44
1777298302584 16.559423446655273 45
1777298303270 16.164936065673828 46
1777298303964 16.490833282470703 47
1777298304656 15.581303596496582 48
1777298305342 17.605880737304688 49
1777298306028 14.767675399780273 50
1777298306708 15.798490524291992 51
1777298307402 14.856074333190918 52
1777298308093 15.141759872436523 53
1777298308789 15.211750030517578 54
1777298309496 15.784037590026855 55
1777298310186 14.337384223937988 56
1777298310881 15.195088386535645 57
1777298311577 14.98441219329834 58
1777298312277 14.446704864501953 59
1777298312967 14.982003211975098 60
1777298313642 15.630099296569824 61
1777298314327 15.450456619262695 62
1777298315011 14.752584457397461 63
1777298315695 14.011030197143555 64
