1777298272199 189.11889796510957 1
1777298272896 185.32190280891734 2
1777298273576 181.72322750655857 3
1777298274260 177.53510875814766 4
1777298274951 172.68140085434771 5
1777298275632 167.05661249104335 6
1777298276334 160.4836967874561 7
1777298277031 153.41486663818358 8
1777298277723 145.85100386580066 9
1777298278470 137.82495232757026 10
1777298279152 129.12766763359838 11
1777298279841 119.60029602050781 12
1777298280520 109.62214994712694 13
1777298281203 99.13418175511106 14
1777298281905 88.48190766283746 15
1777298282589 77.71158449974286 16
1777298283271 67.83798694497735 17
1777298283950 57.16129509739622 18
1777298284642 47.92528501657339 19
1777298285321 39.499747408353365 20
1777298286000 33.84885335617517 21
1777298286685 28.186312331250434 22
1777298287372 24.77334158632177 23
1777298288074 22.748580221593734 24
1777298288759 20.262521607212765 25
1777298289489 19.115805458881447 26
1777298290169 18.594403385410647 27
1777298290860 17.386666973949183 28
1777298291553 18.8087871596658 29
1777298292231 15.86224815323508 30
1777298292915 15.305645775653907 31
1777298293612 15.320530235696827 32
1777298294296 15.012575397830037 33
1777298294977 16.11484778703317 34
1777298295660 13.725650199348404 35
1777298296338 14.717255941086266 36
1777298297018 13.092399888349002 37
1777298297708 13.839181410208257 38
1777298298391 12.948396107148842 39
1777298299102 13.97672685363589 40
1777298299793 13.502014309132592 41
1777298300482 12.614817599008775 42
1777298301166 12.949585579415045 43
1777298301868 11.284990267781817 44
1777298302584 12.379343159241083 45
1777298303270 11.987615515353411 46
1777298303964 12.304715273930476 47
1777298304656 11.438416707868408 48
1777298305342 13.354939441568048 49
1777298306028 10.68791963644987 50
1777298306708 11.675678517832559 51
1777298307402 10.732143596220299 52
1777298308093 11.03853258324798 53
1777298308789 11.080049592644505 54
1777298309496 11.590520989683252 55
1777298310186 10.258521948481453 56
1777298310881 11.065628934329784 57
1777298311577 10.868331221857014 58
1777298312277 10.366470917018914 59
1777298312967 10.896036818464832 60
1777298313642 11.521351369598207 61
1777298314327 11.319155746098806 62
1777298315011 10.654801609107023 63
1777298315695 9.952399841850326 64
