1777298272199 -2.794683812224898 1
1777298272896 -2.6862197870085014 2
1777298273576 -2.5854182608268337 3
1777298274260 -2.4694282785878254 4
1777298274951 -2.33263441841527 5
1777298275632 -2.1707155994861247 6
1777298276334 -1.9813232289904315 7
1777298277031 -1.7879779847943447 8
1777298277723 -1.581228983411374 9
1777298278470 -1.369939696869713 10
1777298279152 -1.1481734434561628 11
1777298279841 -0.9225369786657494 12
1777298280520 -0.6954035536023925 13
1777298281203 -0.4565599837132407 14
1777298281905 -0.2349050875062303 15
1777298282589 -0.01648920300181822 16
1777298283271 0.18373930303902508 17
1777298283950 0.37282331858369744 18
1777298284642 0.5308618073739706 19
1777298285321 0.6632649884693956 20
1777298286000 0.7523958472273898 21
1777298286685 0.8222452418706607 22
1777298287372 0.864887137847761 23
1777298288074 0.8864031062868998 24
1777298288759 0.9104493783487463 25
1777298289489 0.9206572334798206 26
1777298290169 0.9248652514180713 27
1777298290860 0.9311186161563599 28
1777298291553 0.9225318067860327 29
1777298292231 0.942310295122923 30
1777298292915 0.9435881936571145 31
1777298293612 0.9448220462040267 32
1777298294296 0.9493604446960975 33
1777298294977 0.942913559516873 34
1777298295660 0.9562787360167291 35
1777298296338 0.9498794535204321 36
1777298297018 0.9581722609988277 37
1777298297708 0.9554786056392903 38
1777298298391 0.9598244983221831 39
1777298299102 0.955920506563406 40
1777298299793 0.9564192158969652 41
1777298300482 0.9621571175375754 42
1777298301166 0.960222421815219 43
1777298301868 0.9679027975646205 44
1777298302584 0.9630427950834346 45
1777298303270 0.964619242156732 46
1777298303964 0.9629676056973584 47
1777298304656 0.9675755212355297 48
1777298305342 0.9586337689961003 49
1777298306028 0.9705742174062986 50
1777298306708 0.9656091703734546 51
1777298307402 0.9701963027257506 52
1777298308093 0.969138365387653 53
1777298308789 0.9690106767231847 54
1777298309496 0.9671612018417376 55
1777298310186 0.9713336828764293 56
1777298310881 0.9693184515556663 57
1777298311577 0.9692499858500003 58
1777298312277 0.9718292483344683 59
1777298312967 0.9694966825929118 60
1777298313642 0.9652117569385456 61
1777298314327 0.9683124743325588 62
1777298315011 0.9704184988539597 63
1777298315695 0.9728570536199361 64
