1777381121097 226.12015134773856 1
1777381122204 223.42294926290387 2
1777381123392 220.22296507886418 3
1777381124766 216.497332191958 4
1777381127163 211.62304404654355 5
1777381128226 205.64292845768372 6
1777381129196 198.58137974352044 7
1777381130441 190.77956295104627 8
1777381131775 182.29751460592388 9
1777381132982 173.13523238495645 10
1777381136007 162.86603197236454 11
1777381137523 152.01047778577868 12
1777381138634 138.9685944365437 13
1777381140220 124.87930888985767 14
1777381141051 111.331041852326 15
1777381142187 97.4517890979173 16
1777381143019 84.09484525462726 17
1777381143847 72.26639899222823 18
1777381144698 60.94973742905364 19
1777381145534 50.6071789641724 20
1777381146405 44.50368992585975 21
1777381147526 39.10553345132987 22
1777381149192 36.22649547863366 23
1777381151426 34.10657317546612 24
1777381152545 32.71418730331981 25
1777381154096 31.9227562801377 26
1777381155547 31.26612223080725 27
1777381156648 28.994926714289775 28
1777381158504 28.621834164841193 29
1777381159353 27.99220936014129 30
1777381160697 27.990005280894938 31
1777381161991 27.24025824750935 32
1777381163081 27.56755152242992 33
1777381164203 25.752869347203234 34
1777381165767 26.122215331753548 35
1777381166618 27.36677753180622 36
1777381167766 24.065246749944734 37
1777381168881 25.163882479929708 38
1777381170557 25.653048028390486 39
1777381171929 25.824507861086612 40
1777381173505 24.969298740391142 41
1777381174342 24.836745449293137 42
1777381175505 25.375509351649658 43
1777381176435 25.27453149206997 44
1777381177383 23.135570787416423 45
1777381178491 24.197143927655343 46
1777381179668 24.384439562611732 47
1777381180507 22.804920953239513 48
1777381181448 24.04319091203422 49
1777381183231 22.594104116328527 50
1777381184074 23.372771762082134 51
1777381185488 21.85356113175827 52
1777381186619 22.698057630881326 53
1777381188346 21.788297284400045 54
1777381189487 22.469921625374013 55
1777381190800 22.570521739752323 56
1777381191710 22.3536476249834 57
1777381192944 22.136728118571142 58
