1777381121097 194.15695190429688 1
1777381122204 191.03932189941406 2
1777381123392 187.33228047688803 3
1777381124766 183.19536844889322 4
1777381127163 178.24930826822916 5
1777381128226 172.33103942871094 6
1777381129196 165.35078938802084 7
1777381130441 157.2199961344401 8
1777381131775 147.86727905273438 9
1777381132982 138.36651102701822 10
1777381136007 128.18386840820312 11
1777381137523 117.66322835286458 12
1777381138634 105.99597676595052 13
1777381140220 93.06643676757812 14
1777381141051 80.96273803710938 15
1777381142187 69.22184499104817 16
1777381143019 58.24891789754232 17
1777381143847 49.22914250691732 18
1777381144698 41.841617584228516 19
1777381145534 35.17718760172526 20
1777381146405 31.43736394246419 21
1777381147526 27.96978759765625 22
1777381149192 26.591344197591145 23
1777381151426 25.002615610758465 24
1777381152545 24.200798670450848 25
1777381154096 23.767234166463215 26
1777381155547 23.431411107381184 27
1777381156648 21.7526060740153 28
1777381158504 21.605104446411133 29
1777381159353 21.10408083597819 30
1777381160697 21.20816930135091 31
1777381161991 20.69826889038086 32
1777381163081 20.888281504313152 33
1777381164203 19.578107833862305 34
1777381165767 19.795421600341797 35
1777381166618 20.794710795084637 36
1777381167766 18.290720621744793 37
1777381168881 19.036697387695312 38
1777381170557 19.147424062093098 39
1777381171929 19.676122665405273 40
1777381173505 19.031179428100586 41
1777381174342 18.917110443115234 42
1777381175505 19.51698875427246 43
1777381176435 19.1088809967041 44
1777381177383 17.593212763468426 45
1777381178491 18.392478307088215 46
1777381179668 18.372685114542644 47
1777381180507 17.085731506347656 48
1777381181448 18.12267303466797 49
1777381183231 17.307939529418945 50
1777381184074 17.75193468729655 51
1777381185488 16.8001708984375 52
1777381186619 17.325564702351887 53
1777381188346 16.684626897176106 54
1777381189487 17.128625233968098 55
1777381190800 16.986432393391926 56
1777381191710 16.97119903564453 57
1777381192944 16.64926592508952 58
