1777199330689 194.27389526367188 1
1777199331166 191.64231872558594 2
1777199331567 189.49574279785156 3
1777199331964 187.10621643066406 4
1777199332364 184.39163208007812 5
1777199332779 181.32489013671875 6
1777199333187 177.9544219970703 7
1777199333588 174.5861358642578 8
1777199333990 171.12962341308594 9
1777199334402 167.52044677734375 10
1777199334824 163.75054931640625 11
1777199335262 159.76620483398438 12
1777199335757 155.75428771972656 13
1777199336457 151.50990295410156 14
1777199337435 147.17269897460938 15
1777199338648 142.73426818847656 16
1777199340078 138.11447143554688 17
1777199341939 133.2259521484375 18
1777199343020 128.1962890625 19
1777199344370 123.16670227050781 20
1777199345359 117.99437713623047 21
1777199346193 112.3958969116211 22
1777199347008 106.75869750976562 23
1777199347729 101.24781036376953 24
1777199348521 95.39813995361328 25
1777199357586 88.97027587890625 26
1777199358833 81.8383560180664 27
1777199359844 75.41105651855469 28
1777199360292 68.69575500488281 29
1777199360766 60.98884201049805 30
1777199361206 54.80561828613281 31
1777199362805 48.3389778137207 32
1777199363566 43.76612854003906 33
1777199363980 39.579254150390625 34
1777199367114 35.588932037353516 35
1777199367705 31.782882690429688 36
1777199368299 29.889789581298828 37
1777199368857 28.686431884765625 38
1777199369347 26.31934928894043 39
1777199369808 24.655258178710938 40
1777199370311 23.61988067626953 41
1777199370788 24.20022201538086 42
1777199371235 22.323551177978516 43
1777199371678 20.899702072143555 44
1777199372152 20.53972816467285 45
1777199372591 21.604883193969727 46
1777199373064 20.94074821472168 47
1777199380044 19.898042678833008 48
1777199448450 19.35088348388672 49
1777199448838 19.277524948120117 50
1777199449226 18.064302444458008 51
1777199449613 18.210609436035156 52
1777199450004 18.604204177856445 53
1777199475503 18.094894409179688 54
1777199475899 17.97599220275879 55
1777199476294 19.307771682739258 56
1777199476691 18.094877243041992 57
1777199477087 18.121877670288086 58
1777199477487 18.459659576416016 59
1777199477888 17.516511917114258 60
1777199478288 16.841678619384766 61
1777199478685 14.670312881469727 62
1777199479083 14.929500579833984 63
1777199479484 16.19053840637207 64
1777199479882 15.653873443603516 65
1777199480285 16.460514068603516 66
1777199480689 15.743836402893066 67
1777199481092 18.09877586364746 68
1777199481503 16.060400009155273 69
1777199481900 16.951656341552734 70
1777199482298 14.850074768066406 71
1777199482701 16.3289737701416 72
1777199483100 15.282601356506348 73
1777199483499 15.2703857421875 74
1777199483901 14.366655349731445 75
1777199484303 14.719502449035645 76
1777199484735 14.423325538635254 77
1777199485136 16.35140609741211 78
1777199485541 15.140680313110352 79
1777199485943 15.751049041748047 80
1777199486349 15.10638427734375 81
1777199486756 14.029994010925293 82
1777199487163 14.014486312866211 83
1777199487570 15.438407897949219 84
1777199487984 15.793448448181152 85
