1777426603812 227.00530865213264 1
1777426604367 225.33570442231297 2
1777426605467 223.8051869791002 3
1777426608757 222.47535853718722 4
1777426615147 221.0750102482187 5
1777426628683 219.57441079278797 6
1777426632126 218.0066745681196 7
1777426637787 216.30294691416017 8
1777426647672 214.45710891108274 9
1777426658294 212.48627713043024 10
1777426659506 210.39621290852648 11
1777426662913 208.07341703110467 12
1777426672871 205.6068761009709 13
1777426674998 202.6361906996132 14
1777426682692 199.15573758368097 15
1777426689054 195.72142192412153 16
1777426692633 191.7739962169011 17
1777426699360 187.87588364728987 18
1777426700755 183.56985216805074 19
1777426711945 179.58231704082115 20
1777426712246 174.830218980444 21
1777426715603 170.5428430867886 22
1777426725387 165.49950434215808 23
1777426725698 160.5283451897982 24
1777426731930 155.63127497389462 25
1777426735851 150.18043834834148 26
1777426736646 144.43265217957122 27
1777426743902 138.802587162938 28
1777426751281 132.2464407602337 29
1777426763547 127.10020422510146 30
1777426779822 120.08662644758783 31
1777426783193 114.62741102971401 32
1777426783501 108.51727973000429 33
1777426799735 102.35309594731368 34
1777426809234 96.25560555916991 35
1777426809592 91.51775250429559 36
1777426810170 86.26475756899511 37
1777426817635 79.47176987478792 38
1777426831351 75.36917278988307 39
1777426832338 69.3873792446256 40
1777426835598 66.44018618158555 41
1777426835971 60.24265304660602 42
1777426840971 57.000346935621806 43
1777426860033 51.5322662308832 44
1777426860344 49.296208890111416 45
1777426860655 45.698301027465725 46
1777426860967 43.44447869974029 47
1777426866881 39.91837986167838 48
1777426870122 38.55683805425683 49
1777426873853 37.16507004756785 50
1777426877171 35.58214253228015 51
1777426880311 34.64834501819676 52
1777426883788 33.91362786953701 53
1777426890162 33.83254157081056 54
1777426900064 33.12638926921594 55
1777426901588 32.405095432060335 56
1777426914777 33.072679420080824 57
1777426921764 31.791189794267787 58
1777426926074 30.543053429429232 59
1777426932345 31.1232497860698 60
1777426939281 30.320124282783496 61
1777426942671 27.507611695163124 62
1777426952943 29.071813653796934 63
1777426956824 31.71402751174352 64
1777426957177 28.146813372517745 65
1777426957569 29.01437232251512 66
1777426964312 29.58503287004892 67
1777426969367 27.40937214969772 68
1777426969928 29.13151876820341 69
1777426970619 28.34919109502399 70
1777426976629 28.57533666857936 71
1777426979772 28.512526586805336 72
1777426990091 27.11424442938734 73
1777427001680 27.373953185250414 74
1777427002061 24.457901889650103 75
1777427007538 25.073994500185098 76
1777427010755 24.748239165582568 77
1777427023137 24.062573559140812 78
1777427023522 24.93779859626998 79
1777427041349 24.686336750679892 80
1777427047285 24.349309127375026 81
1777427051146 27.77295402181151 82
1777427051475 26.125476595533144 83
1777427051812 26.551482089930026 84
1777427052152 24.25684000667389 85
1777427059755 26.758137543646185 86
1777427062652 25.327676777341818 87
1777427062978 25.11045667007447 88
1777427066413 22.5060016680881 89
