1777430321572 205.60756954998033 1
1777430322314 204.25535488696497 2
1777430322671 202.94450634656263 3
1777430323031 201.84360243453347 4
1777430323394 200.6424447244401 5
1777430323753 199.3074336922735 6
1777430324098 197.94342034088933 7
1777430324527 196.33529197523302 8
1777430324894 194.64293229847829 9
1777430325244 192.80908627448034 10
1777430325610 190.54752523976794 11
1777430325976 188.08611516736158 12
1777430326522 185.23165394985816 13
1777430326873 182.0515358868197 14
1777430327232 178.6277882042713 15
1777430327594 175.29583254102192 16
1777430327954 171.41013840165638 17
1777430328343 167.44732730585758 18
1777430328734 162.86017176361753 19
1777430329113 158.57240311999436 20
1777430329492 153.79882989842608 21
1777430329853 149.23131164403802 22
1777430330233 144.67919792596308 23
1777430330562 139.95424056856942 24
1777430330873 135.27614985188632 25
1777430331186 129.6924471947962 26
1777430331515 123.91132949865803 27
1777430331822 118.95248362003628 28
1777430332130 113.19868542881804 29
1777430332444 106.35962634941653 30
1777430332761 100.3301678366233 31
1777430333076 93.1421597025885 32
1777430333460 87.39588113328053 33
1777430333867 81.56510113189495 34
1777430334261 74.60942244762889 35
1777430334637 68.5489318274727 36
1777430334990 64.77864578098827 37
1777430335340 59.40813014844328 38
1777430335700 53.6000497390744 39
1777430336053 51.59394637682191 40
1777430336406 47.36005030861322 41
1777430336765 46.70490231646593 42
1777430337115 41.858094768589865 43
1777430337502 39.37754983063398 44
1777430337880 38.042784045975786 45
1777430338271 37.98600270319565 46
1777430338673 34.9073183447746 47
1777430339032 34.05283155501261 48
1777430339471 33.23397463910238 49
1777430339828 32.77764145415095 50
1777430340175 29.250517490080412 51
1777430340531 29.502218906552713 52
1777430340906 29.816043667142317 53
1777430341269 30.948275822203527 54
1777430341647 28.486132008345308 55
1777430342016 27.732882882397025 56
1777430342404 27.360808295194904 57
1777430342785 29.186989757317384 58
1777430343161 28.549719557578953 59
1777430343519 28.07626202431179 60
1777430343863 27.96277432671649 61
1777430344169 28.660740557710756 62
1777430344481 28.661360256926812 63
1777430344804 24.975407826374926 64
1777430345109 26.85485141335907 65
1777430345426 26.413510235279574 66
1777430345738 27.350887461321523 67
1777430346062 27.14553716521891 68
1777430346372 26.54037566665822 69
1777430346691 25.955092160923474 70
1777430347013 29.420643769046865 71
1777430347349 23.99087732502125 72
1777430347665 24.40918451268331 73
1777430348002 25.745409510043608 74
1777430348333 27.763156280936204 75
1777430348712 22.820497046497888 76
1777430349115 22.943751010879165 77
1777430349493 22.925852799023637 78
1777430349848 22.630868055928474 79
1777430350212 21.550140111339402 80
1777430350563 29.26926094438445 81
1777430350913 23.633223136928315 82
1777430351290 21.50885466168345 83
1777430351669 23.593277882279704 84
1777430352054 22.9756579748002 85
1777430352424 22.579498228135517 86
1777430352747 22.80409064823609 87
1777430353062 23.93928094916974 88
1777430353373 22.10956686091665 89
1777430353675 24.189489632718715 90
1777430353980 24.241847604771564 91
1777430354279 26.008183291889715 92
1777430354593 22.38760038233009 93
1777430354915 22.159284160633863 94
1777430355228 22.48517510194738 95
1777430355548 22.328323865235816 96
1777430355864 22.16466006420398 97
1777430356179 22.527371182465522 98
1777430356620 20.898595939819963 99
1777430356935 21.671096974814102 100
1777430357241 25.96305804986734 101
1777430357546 24.2512030548873 102
1777430357865 22.29775299931272 103
1777430358168 21.914352159404718 104
1777430358479 21.162820942265117 105
1777430358799 22.090250258748554 106
1777430359130 21.874191530818987 107
1777430359467 20.979848002709574 108
1777430359855 21.41713056049555 109
1777430360251 21.0049599739171 110
1777430360618 21.74968008924212 111
1777430361001 23.033101021698776 112
1777430361376 24.288956959404025 113
1777430361757 21.831380897564205 114
1777430362129 22.373365971234914 115
1777430362507 21.579910458581395 116
1777430362887 21.162544069283708 117
1777430363256 19.173270152221768 118
1777430363632 22.09070407531115 119
1777430364018 21.825985824850214 120
1777430364396 21.695586793818805 121
1777430364771 22.39527698860821 122
1777430365146 21.9964249914013 123
1777430365523 24.86933872842345 124
1777430365910 22.777522950439813 125
1777430366293 21.676598879087184 126
1777430366665 20.073189142816375 127
1777430367025 22.225565663059484 128
1777430367407 19.739512302670136 129
1777430367766 20.01086512123828 130
1777430368135 21.45031462040716 131
1777430368517 17.098439356209347 132
1777430368914 20.357582183151074 133
1777430369291 21.428988977632976 134
1777430369662 19.46454233222875 135
1777430370053 19.61049237354362 136
1777430370432 18.78149860744361 137
1777430370809 19.785609338963067 138
1777430371200 20.80696320988669 139
1777430371575 19.316086716897072 140
1777430371936 20.439544855414084 141
1777430372268 22.234631663574817 142
1777430372578 20.34795658434043 143
1777430372884 22.059969230070124 144
1777430373194 21.538337061595684 145
1777430373506 20.307639893328556 146
1777430373816 20.509738748821785 147
