1777431122544 -2.751882454526947 1
1777431123981 -2.5760420834883617 2
1777431125625 -2.3616451498920066 3
1777431126933 -2.0730128866642796 4
1777431128371 -1.7048991320748534 5
1777431129758 -1.3108494153381023 6
1777431130654 -0.9236396694911089 7
1777431132435 -0.5243037761413016 8
1777431133329 -0.13122050072424596 9
1777431135000 0.22298474754353081 10
1777431136347 0.5145968032554797 11
1777431138893 0.7236518085088957 12
1777431140229 0.8293209638204619 13
1777431141321 0.8865954311077102 14
1777431142671 0.9127551899419901 15
1777431144482 0.9289609176278428 16
1777431146494 0.9315909016452903 17
1777431149025 0.9428128093255738 18
1777431150712 0.9427670101277434 19
1777431151605 0.9472465490088712 20
1777431152835 0.946855259470774 21
1777431154548 0.9603451780896286 22
1777431155440 0.9478910906337094 23
1777431157543 0.9580436544769102 24
1777431158647 0.9548101881752511 25
1777431159964 0.9631704430712241 26
1777431161055 0.9606440758083123 27
1777431162710 0.959900217273793 28
1777431164375 0.9631369913020281 29
1777431166461 0.9659280842172878 30
1777431167372 0.9660541983743661 31
1777431169158 0.9713425596449907 32
1777431171043 0.9698228314010358 33
1777431172574 0.9643436608586585 34
1777431173975 0.972800175971882 35
1777431175078 0.9697456663706502 36
1777431176022 0.969383554351209 37
1777431177141 0.9694463042979728 38
1777431178832 0.9734938513681112 39
1777431179975 0.9688882019862358 40
1777431181471 0.9713612782297978 41
1777431183437 0.9713000950207211 42
1777431184356 0.9745240042495338 43
1777431186999 0.9767761869326838 44
1777431188019 0.9731810230296181 45
1777431189582 0.9774563741251132 46
1777431191676 0.9730265723099352 47
1777431193353 0.9722041904181906 48
1777431194869 0.975531795012648 49
1777431195764 0.978283831003812 50
1777431197852 0.9781492944890614 51
1777431198746 0.9773584319957598 52
1777431200021 0.9800973673541739 53
1777431201090 0.9804378448651078 54
1777431203222 0.9758581554309088 55
