1777431122544 224.94062487061558 1
1777431123981 219.60620166919864 2
1777431125625 212.92134991523082 3
1777431126933 203.57545789356422 4
1777431128371 190.99357486275233 5
1777431129758 176.53427482607938 6
1777431130654 161.06632210938028 7
1777431132435 143.37661209114208 8
1777431133329 123.5141923377595 9
1777431135000 102.36601070601257 10
1777431136347 80.90631967490368 11
1777431138893 61.04491807575309 12
1777431140229 47.97548555469455 13
1777431141321 39.10354487162913 14
1777431142671 34.299163702982014 15
1777431144482 30.950520382294815 16
1777431146494 30.372588303743914 17
1777431149025 27.760903639834925 18
1777431150712 27.78087305140528 19
1777431151605 26.66710951964589 20
1777431152835 26.770833383265128 21
1777431154548 23.122393332264338 22
1777431155440 26.506458003148282 23
1777431157543 23.78111180334913 24
1777431158647 24.679397128572607 25
1777431159964 22.28216554861665 26
1777431161055 23.034985374852834 27
1777431162710 23.253133205547638 28
1777431164375 22.291085654950717 29
1777431166461 21.434230934785962 30
1777431167372 21.388522232576097 31
1777431169158 19.655466094601664 32
1777431171043 20.168337455592198 33
1777431172574 21.92827898798903 34
1777431173975 19.15132584011815 35
1777431175078 20.193037362381926 36
1777431176022 20.316251536415947 37
1777431177141 20.29378431009222 38
1777431178832 18.901760635236187 39
1777431179975 20.476972293741984 40
1777431181471 19.65191677337785 41
1777431183437 19.672357749733546 42
1777431184356 18.534493497873367 43
1777431186999 17.697069547294607 44
1777431188019 19.015790178240906 45
1777431189582 17.43416561537031 46
1777431191676 19.071933306169225 47
1777431193353 19.352390630122013 48
1777431194869 18.149811165654892 49
1777431195764 17.10742616030196 50
1777431197852 17.165412841110324 51
1777431198746 17.474051441359606 52
1777431200021 16.382998794171137 53
1777431201090 16.240161148785827 54
1777431203222 18.040563028302905 55
