1777370706474 178.6463409423828 1
1777370707668 169.71608276367186 2
1777370708916 157.16546325683595 3
1777370710114 138.58584289550782 4
1777370711318 116.28143615722657 5
1777370712498 91.87613067626953 6
1777370713698 68.49948120117188 7
1777370714958 47.431251525878906 8
1777370716194 33.05174942016602 9
1777370717389 25.84239730834961 10
1777370718567 23.266209030151366 11
1777370719760 21.27195625305176 12
1777370720933 19.42776756286621 13
1777370722201 19.7737979888916 14
1777370723589 18.03236656188965 15
1777370724782 17.345684051513672 16
1777370725979 17.012973403930665 17
1777370727221 16.68508949279785 18
1777370728393 17.60579833984375 19
1777370729779 16.453922843933107 20
1777370730962 15.632512664794922 21
1777370732126 15.639138221740723 22
1777370733307 15.109934234619141 23
1777370734561 15.449529838562011 24
1777370735812 14.884949493408204 25
1777370737066 14.06386203765869 26
1777370738278 13.922710609436034 27
1777370739468 13.650272369384766 28
1777370740645 13.25396900177002 29
1777370741821 12.9929630279541 30
1777370743015 13.230010604858398 31
1777370744256 13.00070629119873 32
1777370745505 12.39661922454834 33
1777370746789 12.280268669128418 34
1777370748297 12.408238220214844 35
1777370749508 12.266043663024902 36
1777370750695 12.316637992858887 37
1777370751891 12.541691398620605 38
1777370753089 11.899548721313476 39
1777370754267 11.419071769714355 40
1777370755464 11.451032066345215 41
1777370756658 11.519139671325684 42
1777370757839 11.554257202148438 43
1777370759048 11.140546226501465 44
1777370760240 10.340699768066406 45
1777370761428 11.089758491516113 46
1777370762812 10.847459602355958 47
1777370764035 10.857232093811035 48
1777370765215 10.213983535766602 49
1777370766406 10.545846557617187 50
1777370767793 11.02593936920166 51
1777370768978 10.433397483825683 52
