1777370706474 173.64697680671196 1
1777370707668 164.79170540966254 2
1777370708916 152.3065194250895 3
1777370710114 133.7270589403769 4
1777370711318 111.51937567099432 5
1777370712498 87.24999638372942 6
1777370713698 64.00765052407475 7
1777370714958 42.99424032883502 8
1777370716194 28.714937628116754 9
1777370717389 21.4818342237846 10
1777370718567 18.96222728715871 11
1777370719760 16.9808603722613 12
1777370720933 15.23342976684392 13
1777370722201 15.539311007907138 14
1777370723589 13.867582076254955 15
1777370724782 13.16984835969712 16
1777370725979 12.892557227270148 17
1777370727221 12.568392901640758 18
1777370728393 13.419499796026287 19
1777370729779 12.33860680487057 20
1777370730962 11.538551301805684 21
1777370732126 11.551814901529175 22
1777370733307 11.03774431006801 23
1777370734561 11.40329611960522 24
1777370735812 10.825475073278751 25
1777370737066 10.041210239216433 26
1777370738278 9.920702662153039 27
1777370739468 9.660331374312756 28
1777370740645 9.30222171803513 29
1777370741821 9.029945527037148 30
1777370743015 9.278656686529787 31
1777370744256 9.042650069276329 32
1777370745505 8.4552808398186 33
1777370746789 8.358945178818383 34
1777370748297 8.460874873249939 35
1777370749508 8.320317468693352 36
1777370750695 8.394885923930737 37
1777370751891 8.599153926176053 38
1777370753089 7.977956327731535 39
1777370754267 7.563294175157486 40
1777370755464 7.5575654426142185 41
1777370756658 7.647679719640664 42
1777370757839 7.682978698567714 43
1777370759048 7.29862896396987 44
1777370760240 6.540340663591092 45
1777370761428 7.24680090402038 46
1777370762812 7.042957900853828 47
1777370764035 7.03166414513914 48
1777370765215 6.412256124687083 49
1777370766406 6.751912431142819 50
1777370767793 7.159594172751395 51
1777370768978 6.641457881960933 52
