1777428498107 -1.9350267652606692 1
1777428498437 -1.8691891589081053 2
1777428498739 -1.817777876730493 3
1777428499031 -1.766424520815784 4
1777428499357 -1.7112341635783848 5
1777428499688 -1.6499511620557903 6
1777428500044 -1.577203684500029 7
1777428500376 -1.4925756436150932 8
1777428500708 -1.3938935321851984 9
1777428501052 -1.2829422960784473 10
1777428501388 -1.1681391816896474 11
1777428501717 -1.0540151350970897 12
1777428502039 -0.9251087946200685 13
1777428502385 -0.7996060285425517 14
1777428502712 -0.6660774990084279 15
1777428503055 -0.5355397971375755 16
1777428503393 -0.41447285673899503 17
1777428503740 -0.29408850693938837 18
1777428504105 -0.17382943113036786 19
1777428504453 -0.04998546532244985 20
1777428504809 0.07393140728075065 21
1777428505211 0.18540564090874856 22
1777428505588 0.31111293255927575 23
1777428505966 0.4132477256685997 24
1777428506403 0.5156224427969817 25
1777428506758 0.6061920947168835 26
1777428507247 0.688565412321526 27
1777428507628 0.7508577838039178 28
1777428507999 0.7960692719679666 29
1777428510273 0.8300243749864215 30
1777428510635 0.8503041464046786 31
1777428510966 0.8750399950515663 32
1777428511274 0.8901473290218279 33
1777428511593 0.901405347754891 34
1777428511908 0.9152902022277107 35
1777428512207 0.9243542976231538 36
1777428512499 0.923853412448416 37
1777428512794 0.9350593201524139 38
1777428513102 0.9273992472671622 39
1777428513425 0.934725405018351 40
1777428513724 0.9444837823881364 41
1777428514020 0.9400826434224344 42
1777428514322 0.9342828618571043 43
1777428514620 0.9539255869015185 44
1777428514922 0.9441584404498873 45
1777428515232 0.9489071913257332 46
1777428515533 0.9514143490112426 47
1777428515835 0.9477536902273838 48
1777428516153 0.9534870918114831 49
1777428516461 0.9561325835615954 50
1777428516762 0.9496857246586483 51
1777428517060 0.9568384939668071 52
1777428517384 0.9556260273138796 53
1777428517689 0.9569370227414287 54
1777428517987 0.9537919558601903 55
1777428518294 0.9624773198676456 56
1777428518600 0.9607979451565948 57
1777428518901 0.9630083119225912 58
1777428519209 0.9549919559903649 59
1777428519520 0.9568228404088059 60
1777428519851 0.9575111474413179 61
1777428520171 0.9630622250003793 62
1777428520487 0.9676101327162275 63
1777428520808 0.9602347740948415 64
1777428521137 0.9651755600968068 65
1777428521453 0.9588556086877675 66
1777428521756 0.9660872149780256 67
1777428522060 0.9617656565140582 68
1777428522362 0.9677959177082288 69
1777428522668 0.9677674813596593 70
1777428522972 0.9621606391002182 71
1777428523257 0.9637380836292488 72
1777428523556 0.9549270005087586 73
1777428523851 0.9695642229797092 74
1777428524169 0.969690568166689 75
1777428524472 0.9701453885211778 76
1777428524762 0.9745890969289551 77
1777428525068 0.9759178442687096 78
1777428525374 0.9701765826255946 79
1777428525659 0.9577706102651802 80
1777428525937 0.9661053216042047 81
1777428526217 0.9681885571698912 82
1777428526500 0.9709649504196024 83
1777428526781 0.9644730880884053 84
1777428527092 0.9693600142572695 85
1777428527393 0.9660661962542367 86
1777428527689 0.9718368203838106 87
1777428527981 0.9718494958603551 88
1777428528269 0.9650009776567283 89
1777428528556 0.9698575087762422 90
1777428528839 0.9713330387644933 91
1777428529135 0.9729531499941018 92
1777428529428 0.9757545900714066 93
1777428529718 0.9757491362012282 94
1777428530003 0.9759824749629181 95
1777428530290 0.9743352629412046 96
1777428530596 0.9717329555783845 97
1777428530883 0.9775693232909703 98
1777428531185 0.9765746007744586 99
1777428531506 0.9740278037877783 100
1777428531792 0.979444141663627 101
1777428532079 0.9721362193403843 102
1777428532382 0.9737445672266094 103
1777428532682 0.9715644104819174 104
1777428532971 0.9687423101545775 105
1777428533257 0.9772363826724738 106
1777428533543 0.9716107989861458 107
1777428533838 0.9750268631161179 108
1777428534124 0.9708489628983311 109
1777428534413 0.9771195487333151 110
1777428534700 0.9732197916863986 111
1777428534988 0.9771412036517502 112
1777428535276 0.9745902920670659 113
1777428535565 0.9745841177105883 114
1777428535856 0.9820284459142212 115
1777428536146 0.9801467380736193 116
1777428536438 0.9800968915473354 117
1777428536746 0.9724897361754267 118
1777428537056 0.9756885719324693 119
1777428537364 0.9803120111996907 120
1777428537672 0.9793365343361751 121
1777428537984 0.9794491905828953 122
1777428538293 0.9785337002381478 123
1777428538600 0.9753488574792849 124
1777428538893 0.9818038803545671 125
1777428539184 0.9780816967196609 126
1777428539470 0.9774305904683047 127
1777428539758 0.9834198039290851 128
1777428540044 0.9822069224829536 129
1777428540337 0.9844025513025144 130
1777428540618 0.9800879368112356 131
1777428540897 0.9824587431553929 132
1777428541187 0.9796219858053041 133
1777428541480 0.9800938227266855 134
1777428541775 0.9830703733741968 135
1777428542104 0.9803943438787691 136
1777428542401 0.9826361550956928 137
1777428542699 0.9848354017491348 138
1777428542991 0.981498553400212 139
1777428543292 0.9841262990310784 140
1777428543603 0.9838705338414215 141
1777428543903 0.985091928628994 142
1777428544214 0.9828913074421582 143
1777428544506 0.9792449360698627 144
1777428544799 0.9824802204046045 145
1777428545092 0.9804686360270185 146
1777428545388 0.9788616254045851 147
1777428545680 0.9783108232489843 148
1777428545974 0.9805716269226913 149
1777428546272 0.982618912560134 150
1777428546572 0.985262357943502 151
1777428546889 0.9810051647140614 152
1777428547210 0.9806729496229333 153
1777428547553 0.9838843873449923 154
1777428547897 0.9825940054285539 155
1777428548214 0.9830071249097081 156
1777428548539 0.9835325019016725 157
1777428548841 0.9794857648589023 158
1777428549186 0.9832830644919476 159
1777428549536 0.9824825096836504 160
1777428549897 0.9811906717624522 161
1777428550270 0.9834023411626377 162
1777428550631 0.9834802033826743 163
1777428550967 0.9822719942035455 164
1777428551300 0.9840650439613398 165
1777428551638 0.9849792812409579 166
1777428551986 0.9723200097155198 167
1777428552332 0.9776563860241233 168
1777428552805 0.9803861809510797 169
1777428553170 0.9784270742977883 170
1777428553527 0.987054111324847 171
1777428553885 0.9855380813006408 172
1777428554264 0.9808398751346522 173
1777428554719 0.9826007626081583 174
1777428555095 0.9863949282526481 175
1777428555483 0.9813462574420639 176
1777428555847 0.9852503125763654 177
1777428556213 0.983685820460479 178
1777428556586 0.9849075323160914 179
1777428556967 0.9812377927561465 180
1777428557362 0.988215088853653 181
1777428557728 0.9873746300009184 182
1777428558124 0.9879197729412448 183
1777428558515 0.9859943575785319 184
1777428558901 0.9863345863919148 185
1777428559269 0.9809204838408784 186
1777428559612 0.9848783005231766 187
1777428560009 0.9856492671434233 188
1777428560362 0.9835698134996349 189
1777428560734 0.9859354747174716 190
1777428561275 0.984613392200418 191
1777428561771 0.9864077549484787 192
1777428562165 0.9839027085894371 193
1777428562548 0.9878825977243848 194
1777428565285 0.9883663797590296 195
1777428567682 0.9874556289466497 196
1777428569620 0.9853488890443005 197
1777428575371 0.9842337169880381 198
1777428593010 0.9797455685729748 199
1777428593312 0.9850996857403976 200
1777428593636 0.9878843087576407 201
1777428593938 0.9895659622144203 202
1777428594227 0.986490509861047 203
1777428594519 0.9852138804958632 204
1777428594802 0.9873944827711583 205
1777428595089 0.9854841682228526 206
1777428595404 0.9896671975754922 207
1777428595703 0.9861484926937883 208
1777428595992 0.9868710068917168 209
1777428596274 0.9834110031100081 210
1777428596559 0.9879983858674994 211
1777428596841 0.986998874056357 212
1777428597122 0.9883972246873115 213
1777428597401 0.9878209425854253 214
1777428597683 0.9852941524681254 215
1777428597957 0.9856015976766241 216
1777428598238 0.9871607591751378 217
1777428598539 0.9868563372136763 218
1777428598842 0.985241428995362 219
1777428599145 0.9880042325066313 220
1777428599447 0.9846895289575369 221
1777428599738 0.9874820875136616 222
1777428600018 0.9828859714025083 223
1777428600345 0.9886084348680868 224
1777428600623 0.9888707035843287 225
1777428600908 0.9861167429744719 226
1777428601192 0.9824353385394222 227
1777428601474 0.9885447825360164 228
1777428601755 0.9898910760749422 229
1777428602042 0.9887519907189036 230
1777428602322 0.987360017880616 231
1777428602611 0.9875078346079529 232
1777428602915 0.9868457069939444 233
1777428603217 0.987597325780927 234
1777428603524 0.986964898184548 235
1777428603826 0.9889853541016429 236
1777428604131 0.9896892269747252 237
1777428604436 0.9857924661898203 238
1777428604742 0.9874815404433014 239
1777428605047 0.9883727917042003 240
1777428605353 0.9872534370940739 241
1777428605660 0.9888399592319838 242
1777428605967 0.990572345043653 243
1777428606279 0.9878972045030029 244
1777428606595 0.986153832782455 245
1777428606900 0.9879228547706641 246
1777428607205 0.9874067769662258 247
1777428607511 0.9832769512333289 248
1777428607807 0.9850689881472813 249
1777428608088 0.9875525866474164 250
