1777304239464 184.95939357038532 1
1777304240592 173.09057721481278 2
1777304241714 154.67947102231415 3
1777304242834 129.43732380533805 4
1777304243947 99.34640550619004 5
1777304245061 70.2764270408393 6
1777304246174 45.403475897044764 7
1777304247291 29.183009620617224 8
1777304248401 21.683576195672618 9
1777304249536 19.38088515814234 10
1777304250648 17.31067789540316 11
1777304251765 16.213657904203263 12
1777304252878 15.610614370725747 13
1777304253991 15.694522369796923 14
1777304255108 13.97097455067839 15
1777304256230 14.985928008056568 16
1777304257343 13.1589671593586 17
1777304258452 13.11244072995323 18
1777304259572 12.854269763993573 19
1777304260709 12.66987668640531 20
1777304261825 11.622475588468685 21
1777304262943 11.655168117359674 22
1777304264059 12.03671218235914 23
1777304265170 11.56193186053793 24
1777304266284 11.578156177030195 25
1777304267393 11.410601019509317 26
1777304268516 11.25309852022181 27
1777304269629 11.854711424849416 28
1777304270749 11.389927372509636 29
1777304271875 11.848516708391942 30
1777304272993 11.931470833563903 31
1777304274107 10.14469927408663 32
1777304275226 10.249127023890658 33
1777304276344 10.55883837894209 34
1777304277466 10.024358484959224 35
1777304278585 10.46959044254323 36
1777304279709 9.620683383549652 37
1777304280827 10.29024966279689 38
1777304281946 10.175980579692059 39
1777304283089 10.03308270600566 40
1777304284210 10.06325061594257 41
1777304285333 9.295326932233989 42
1777304286454 9.109688159541669 43
1777304287564 10.368904584614725 44
1777304288677 9.390541961006885 45
1777304289787 9.327940444363893 46
1777304290914 8.838449903074881 47
1777304292036 13.642375753854067 48
1777304293178 10.558262411174674 49
