1777212620625 189.5619300219569 1
1777212623190 187.65315575412072 2
1777212623835 185.5966737470554 3
1777212625035 183.47086485203616 4
1777212627164 181.08024373169303 5
1777212627807 178.2849217054778 6
1777212628449 175.10988832430075 7
1777212629094 171.5789909161194 8
1777212629735 167.7230489375797 9
1777212630390 163.51877910728254 10
1777212631023 158.91792048276767 11
1777212632867 153.89874057915375 12
1777212637715 148.43980949791614 13
1777212659459 142.734800525784 14
1777212679829 136.71883734155946 15
1777212692433 130.45991463249595 16
1777212693614 123.88099510923107 17
1777212694721 116.83128730563367 18
1777212695566 109.26684909894476 19
1777212696362 100.8377034517155 20
1777212697253 92.69686154036822 21
1777212698037 84.85761703159693 22
1777212698773 77.11453138654959 23
1777212699519 70.32105239447047 24
1777212700268 62.0283051612303 25
1777212701782 54.42446184186325 26
1777212705272 49.16846948557578 27
1777212705970 42.25900917814818 28
1777212706703 37.37285807548518 29
1777212708148 32.51100714768092 30
1777212708753 29.11823286368997 31
1777212709353 26.241029447061624 32
1777212709957 24.53457506418368 33
1777212712340 22.06375926897516 34
1777212714189 21.38145790391296 35
1777212714844 20.609619243664387 36
1777212717658 20.330372062208227 37
1777212718404 18.517733630473238 38
1777212719122 19.40185021150133 39
1777212720296 18.478465274020074 40
1777212720994 18.207675978637624 41
1777212721692 16.84258180328208 42
1777212722392 18.016137264787066 43
1777212723095 16.756751678162157 44
1777212724508 17.705527477522004 45
1777212725117 16.667087637811147 46
1777212725730 14.6495939547079 47
1777212726333 15.741099240565678 48
1777212726934 16.384783002816434 49
1777212727530 15.201563408986583 50
1777212728115 14.983136560660702 51
1777212729937 16.321997784756242 52
1777212730628 15.297607028757342 53
1777212731305 15.261413623498456 54
1777212732077 14.358568804164669 55
1777212735782 14.54652346769502 56
1777212736435 14.653716003901806 57
1777212738495 14.479223489901353 58
1777212742096 13.939192127355463 59
1777212742758 13.85631573823222 60
1777212743425 13.914669873500248 61
1777212745663 13.166283566603154 62
1777212746359 13.585014993417843 63
1777212747398 13.60398462332492 64
1777212748061 13.638058839933493 65
1777212751570 12.572537301780894 66
1777212752276 14.31532097870787 67
1777212753037 13.175354137185456 68
1777212753806 11.943517715176343 69
1777212754510 14.08612344129185 70
1777212755390 12.735781288258972 71
