1777153538730 188.34869953722233 1
1777153540475 184.79624126297688 2
1777153541340 181.3508637182445 3
1777153542342 177.17779215769562 4
1777153656488 172.11616722192053 5
1777153657435 166.34596476440072 6
1777153658333 159.79012814228912 7
1777153658983 152.41243983575055 8
1777153659635 144.54251858436285 9
1777153660290 136.12110226194926 10
1777153660950 126.8312842950916 11
1777153663060 116.86730255019434 12
1777153672508 106.36494681895374 13
1777153673393 95.30495415025085 14
1777153674097 83.95168208123934 15
1777153674783 73.45271847826274 16
1777153675558 61.42688364823006 17
1777153676703 51.64089283744377 18
1777153966082 42.544274721576826 19
1777153966782 35.84951315189346 20
1777153967395 30.401649891735172 21
1777153968013 27.360759833666833 22
1777153968628 22.737579605541576 23
1777153969243 22.60499306195495 24
1777153969858 19.77443258382962 25
1777153970473 18.17376128603834 26
1777153971088 18.74302186030748 27
1777153971702 17.054818066581866 28
1777153972319 16.85763442509327 29
1777153972945 16.375891429567364 30
1777153973561 14.920281477976882 31
1777153974176 15.071959584583903 32
1777153974791 14.878601822374291 33
1777154079365 15.061466958476597 34
1777154080026 15.233060058396632 35
1777154176153 14.750321708002723 36
1777154176771 13.391255303123595 37
1777154177407 14.450363252139134 38
1777154178025 14.657916347349103 39
1777154178639 13.955413797079501 40
1777154179255 13.777698317486891 41
1777154179874 13.084457077142847 42
1777154180489 12.330164834883236 43
1777154181106 12.232908304901034 44
1777154181721 12.945590001306181 45
1777154182337 12.117309962310165 46
1777154182956 13.438931139790865 47
1777154183570 11.952214633585493 48
1777154184185 12.20593446797647 49
1777154184801 11.411819200969344 50
1777154185417 13.208576705829579 51
1777154186030 11.810392380880735 52
1777154186645 12.281504745841797 53
1777154187264 10.989721085419042 54
1777154187902 11.955457186740913 55
1777154188525 11.19716783614279 56
1777154189142 10.922606199402285 57
1777154189757 11.442303518092569 58
1777154190370 12.206637749305138 59
1777154190983 11.971353153446039 60
1777154191596 10.508191813179415 61
1777154192208 10.137844691469748 62
1777154192823 11.3570429118185 63
1777154193435 11.287081263167538 64
1777154194045 9.71163812806448 65
1777154194658 10.007132245174102 66
1777154195271 10.030921203559522 67
1777154195883 10.66351594213731 68
1777154196493 10.58145344880351 69
1777154197106 11.717951295240026 70
