1777383461846 160.38186645507812 1
1777383462663 158.60037231445312 2
1777383464167 156.68727111816406 3
1777383464627 154.99285888671875 4
1777383467785 153.24449157714844 5
1777383468831 151.38121032714844 6
1777383469607 149.33023071289062 7
1777383469983 147.0508575439453 8
1777383472232 144.56858825683594 9
1777383473340 141.879150390625 10
1777383473701 139.0041046142578 11
1777383474167 135.86305236816406 12
1777383474796 132.33377075195312 13
1777383476433 128.48410034179688 14
1777383477086 124.62197875976562 15
1777383477625 120.64274597167969 16
1777383478836 116.62128448486328 17
1777383479688 112.53822326660156 18
1777383480939 108.4739990234375 19
1777383482047 104.13017272949219 20
1777383483507 99.71947479248047 21
1777383484607 95.03734588623047 22
1777383485450 90.27239990234375 23
1777383486503 85.31476593017578 24
1777383487351 80.40131378173828 25
1777383487975 75.45475769042969 26
1777383488918 69.73997497558594 27
1777383490480 65.02322387695312 28
1777383491585 60.17129898071289 29
1777383492716 54.60055160522461 30
1777383495809 49.29045486450195 31
1777383510695 44.22174835205078 32
1777383511379 39.53399658203125 33
1777383511960 37.002933502197266 34
1777383513291 31.67845344543457 35
1777383514738 31.18598175048828 36
1777383515927 27.63983726501465 37
1777383517615 25.57931137084961 38
1777383518187 23.38275718688965 39
1777383518623 23.86823844909668 40
1777383520356 20.927499771118164 41
1777383521535 22.612051010131836 42
1777383522892 19.304302215576172 43
1777383523265 20.785099029541016 44
1777383523960 19.29271125793457 45
1777383524319 18.499473571777344 46
1777383525423 18.795743942260742 47
1777383525968 18.726585388183594 48
1777383526824 19.68966293334961 49
1777383529603 18.245994567871094 50
1777383535248 18.834056854248047 51
1777383535781 18.210233688354492 52
1777383536525 18.02020835876465 53
1777383537225 16.720861434936523 54
1777383537970 16.978593826293945 55
1777383538578 17.182435989379883 56
1777383539135 18.649986267089844 57
1777383540212 18.483076095581055 58
1777383540729 16.48043441772461 59
1777383542238 18.9497013092041 60
1777383543138 15.62644100189209 61
1777383544226 17.800025939941406 62
1777383545185 13.553853988647461 63
1777383545610 14.514512062072754 64
1777383546855 17.253908157348633 65
1777383547899 16.19870376586914 66
1777383549044 16.311445236206055 67
1777383549715 16.30668067932129 68
1777383550219 16.964553833007812 69
1777383551205 16.177526473999023 70
1777383551979 17.888111114501953 71
1777383554526 15.029634475708008 72
1777383555788 15.226780891418457 73
1777383556565 15.986165046691895 74
1777383557489 14.308804512023926 75
1777383558863 13.449631690979004 76
1777383560724 14.984718322753906 77
1777383561888 14.344395637512207 78
1777383562694 15.367253303527832 79
1777383563080 12.654203414916992 80
1777383563437 14.56568717956543 81
1777383564578 15.660855293273926 82
1777383566308 13.865534782409668 83
1777383567506 14.815802574157715 84
1777383568006 14.722725868225098 85
1777383568800 13.987017631530762 86
1777383569749 13.141070365905762 87
1777383570112 15.21574592590332 88
1777383570568 13.779219627380371 89
1777383572223 12.22469425201416 90
1777383572568 13.520368576049805 91
1777383573774 13.564236640930176 92
1777383574532 15.186408996582031 93
1777383575445 14.265360832214355 94
1777383576191 13.512328147888184 95
1777383576706 13.138277053833008 96
1777383577496 13.35035514831543 97
1777383577998 12.75302791595459 98
1777383578653 14.001908302307129 99
1777383579204 13.192943572998047 100
1777383580159 12.811681747436523 101
1777383581259 13.183221817016602 102
1777383582214 14.165870666503906 103
1777383583081 14.87748908996582 104
1777383584068 12.977683067321777 105
1777383585276 12.46623706817627 106
1777383586986 11.47665786743164 107
1777383590654 12.207856178283691 108
1777383592295 12.622035026550293 109
1777383593089 13.065640449523926 110
1777383593690 12.829315185546875 111
1777383594475 13.155977249145508 112
1777383596219 12.38723087310791 113
1777383598811 11.392206192016602 114
1777383601677 12.898900985717773 115
1777383605220 12.619224548339844 116
1777383606262 12.502869606018066 117
1777383607284 11.810860633850098 118
1777383610454 12.030442237854004 119
1777383629359 11.58001708984375 120
1777383714589 10.909979820251465 121
1777383798641 11.088457107543945 122
1777383799546 11.026966094970703 123
1777383800042 12.583415985107422 124
1777383800700 11.669758796691895 125
1777383801604 11.451576232910156 126
1777383802220 12.130492210388184 127
1777383802661 13.270059585571289 128
1777383803167 11.035012245178223 129
1777383803545 11.32426929473877 130
1777383803924 11.769818305969238 131
1777383804299 11.772339820861816 132
1777383804694 10.658025741577148 133
1777383805800 11.239399909973145 134
1777383819133 11.050204277038574 135
1777383819478 11.982958793640137 136
1777383819829 12.118024826049805 137
1777383820189 10.838944435119629 138
1777383820549 9.864276885986328 139
1777383820944 9.951606750488281 140
1777383821314 11.802406311035156 141
1777383821677 10.444472312927246 142
1777383822025 10.735860824584961 143
1777383822379 9.488813400268555 144
1777383822745 10.23019027709961 145
1777383823305 10.552755355834961 146
1777383823664 12.335149765014648 147
1777383824028 10.719131469726562 148
1777383824389 9.845330238342285 149
1777383824778 12.065176010131836 150
1777383825139 11.20871353149414 151
1777383825521 10.73087215423584 152
1777383826094 9.867392539978027 153
1777383826962 10.790425300598145 154
