1777122297484 51261.19921875 1
1777122298164 49897.15625 2
1777122298810 48578.83203125 3
1777122299451 47012.89453125 4
1777122300090 45174.96484375 5
1777122300738 43024.0625 6
1777122301378 40499.2578125 7
1777122302039 37834.61328125 8
1777122302677 35086.3046875 9
1777122303313 32184.81640625 10
1777122303943 29076.51171875 11
1777122304578 25966.310546875 12
1777122305206 22794.46484375 13
1777122305839 19843.7109375 14
1777122306470 16475.3359375 15
1777122307100 13481.3701171875 16
1777122307735 10705.828125 17
1777122308374 8123.66748046875 18
1777122309001 6178.58154296875 19
1777122309626 4358.72314453125 20
1777122310260 3016.4013671875 21
1777122310884 2031.852783203125 22
1777122311511 1643.3321533203125 23
1777122312140 1274.03076171875 24
1777122312795 1095.718017578125 25
1777122313421 1026.973876953125 26
1777122314053 917.8963012695312 27
1777122314683 793.3710327148438 28
1777122315305 843.2824096679688 29
1777122315933 685.8396606445312 30
1777122316564 757.8668823242188 31
1777122317201 619.5299072265625 32
1777122317832 722.4144897460938 33
1777122318458 738.95751953125 34
1777122319094 717.10546875 35
1777122319721 594.85791015625 36
1777122320356 570.690185546875 37
1777122320984 511.9293518066406 38
1777122321612 551.8717041015625 39
1777122322243 541.25244140625 40
1777122322903 554.3087768554688 41
1777122323537 556.1409301757812 42
1777122324171 592.5543212890625 43
1777122324800 534.100830078125 44
1777122325437 523.0377197265625 45
1777122326073 544.8719482421875 46
1777122326703 528.9258422851562 47
1777122327333 414.45001220703125 48
1777122327966 449.2029113769531 49
1777122328599 428.2418518066406 50
1777122329226 365.385009765625 51
1777122329858 373.97149658203125 52
1777122330492 422.02728271484375 53
1777122331127 324.8746643066406 54
1777122331759 412.8280944824219 55
1777122332389 435.14093017578125 56
1777122333054 369.6527404785156 57
1777122333687 412.77423095703125 58
1777122334321 451.9800720214844 59
1777122334952 453.01226806640625 60
1777122335582 436.346435546875 61
1777122336218 421.48126220703125 62
1777122336850 394.4004211425781 63
1777122337479 375.06982421875 64
