1777300281847 41875.21875 1
1777300282553 40704.451171875 2
1777300283262 39556.767578125 3
1777300283963 38153.208984375 4
1777300284669 36308.90625 5
1777300285372 33943.4765625 6
1777300286079 31397.048828125 7
1777300286774 28856.7177734375 8
1777300287507 26218.203125 9
1777300288252 23472.205078125 10
1777300288955 20759.060546875 11
1777300289665 17926.3662109375 12
1777300290371 15234.84912109375 13
1777300291073 12176.78271484375 14
1777300291780 9333.21923828125 15
1777300292476 6959.1455078125 16
1777300293176 5059.4775390625 17
1777300293872 3677.07666015625 18
1777300294578 2643.356689453125 19
1777300295276 1962.4625244140625 20
1777300295980 1497.8560791015625 21
1777300296678 1267.10498046875 22
1777300297398 1114.0457153320312 23
1777300298101 1090.8099975585938 24
1777300298794 954.5984191894531 25
1777300299526 885.2171020507812 26
1777300300230 825.0847473144531 27
1777300300994 810.6849975585938 28
1777300301692 713.275146484375 29
1777300302395 833.9040222167969 30
1777300303105 666.8959655761719 31
1777300303803 700.5571899414062 32
1777300304508 625.2593688964844 33
1777300305218 587.2366943359375 34
1777300305926 711.7617492675781 35
1777300306831 727.8149719238281 36
1777300315486 630.8320007324219 37
1777300316215 631.1051635742188 38
1777300316965 624.5381774902344 39
1777300317695 497.5701141357422 40
1777300318437 620.7573547363281 41
1777300319162 563.58203125 42
1777300319898 503.12823486328125 43
1777300320655 467.3841552734375 44
1777300321403 427.86846923828125 45
1777300322188 529.8977966308594 46
1777300322903 447.9942932128906 47
1777300323623 560.4836730957031 48
1777300324327 554.9711608886719 49
1777300325027 489.64703369140625 50
1777300325729 565.8482666015625 51
1777300326431 525.6824645996094 52
1777300327133 514.1418914794922 53
1777300327835 499.8735809326172 54
1777300328563 452.7615661621094 55
1777300329305 444.09503173828125 56
1777300345139 475.0837707519531 57
1777300345858 415.37315368652344 58
1777300346563 468.0997009277344 59
1777300347269 426.1445770263672 60
1777300347973 371.73809814453125 61
1777300348680 466.12615966796875 62
1777300349386 395.5751647949219 63
1777300350092 332.4710693359375 64
1777300350797 365.08616638183594 65
1777300351560 369.5402069091797 66
1777300352285 375.9630432128906 67
1777300352996 340.3468017578125 68
1777300353699 313.6833038330078 69
1777300354399 365.5387268066406 70
1777300355103 363.7205810546875 71
1777300355827 404.3010711669922 72
1777300356538 311.0182647705078 73
1777300357240 346.94068908691406 74
1777300357950 306.85833740234375 75
1777300358662 303.85675048828125 76
1777300359363 370.19927978515625 77
1777300360071 327.34376525878906 78
1777300360794 268.47010803222656 79
1777300361512 271.19873046875 80
1777300362264 354.56793212890625 81
1777300362972 343.83299255371094 82
1777300363682 299.2450256347656 83
1777300364395 264.9586639404297 84
1777300365139 277.57350158691406 85
1777300365846 293.1358184814453 86
1777300366555 294.4832763671875 87
1777300367263 262.0121536254883 88
1777300367967 239.3350067138672 89
1777300368663 221.5925750732422 90
1777300369361 248.807861328125 91
1777300370067 235.8893585205078 92
1777300370784 253.80872344970703 93
1777300371480 242.8001480102539 94
1777300372184 243.49739837646484 95
1777300372896 209.91193389892578 96
1777300373599 208.49822235107422 97
1777300374297 262.5333557128906 98
1777300375004 187.09380340576172 99
1777300375724 234.76712036132812 100
1777300376424 208.8011932373047 101
1777300377122 203.27497100830078 102
1777300377824 179.37960815429688 103
1777300378522 231.45378875732422 104
1777300379216 188.146484375 105
1777300379912 199.71319580078125 106
1777300380613 274.21392822265625 107
1777300381312 225.82664489746094 108
1777300382018 179.47901916503906 109
1777300382749 189.2265396118164 110
1777300383454 205.12477111816406 111
1777300384154 185.9631576538086 112
1777300384855 187.06340789794922 113
1777300385572 190.86520385742188 114
