1777300281847 204.63435368691677 1
1777300282553 201.75344149634154 2
1777300283262 198.88883098060617 3
1777300283963 195.3284636367628 4
1777300284669 190.54896005022076 5
1777300285372 184.23754582784198 6
1777300286079 177.19212050418645 7
1777300286774 169.87260554793073 8
1777300287507 161.9203602504071 9
1777300288252 153.20641329609006 10
1777300288955 144.07976431879237 11
1777300289665 133.8893165567642 12
1777300290371 123.4292869367093 13
1777300291073 110.34846000875588 14
1777300291780 96.60652930452508 15
1777300292476 83.42115760391684 16
1777300293176 71.12999209569621 17
1777300293872 60.638779619876146 18
1777300294578 51.4133497616617 19
1777300295276 44.29706007772743 20
1777300295980 38.701177428621676 21
1777300296678 35.59641617358546 22
1777300297398 33.37667220021132 23
1777300298101 33.02592537659349 24
1777300298794 30.890165394739554 25
1777300299526 29.752567379146342 26
1777300300230 28.720688171903245 27
1777300300994 28.46680575634167 28
1777300301692 26.706966633967276 29
1777300302395 28.877361010049324 30
1777300303105 25.821723908318923 31
1777300303803 26.467900569364815 32
1777300304508 25.000552196199212 33
1777300305218 24.232966516155727 34
1777300305926 26.676087536046335 35
1777300306831 26.976267034510194 36
1777300315486 25.11612353453419 37
1777300316215 25.121331467457665 38
1777300316965 24.989571678687888 39
1777300317695 22.30289912311806 40
1777300318437 24.911646131617463 41
1777300319162 23.738989195442095 42
1777300319898 22.42759358022851 43
1777300320655 21.618984373516668 44
1777300321403 20.683936848211083 45
1777300322188 23.019242604306932 46
1777300322903 21.164058467800412 47
1777300323623 23.65767002185458 48
1777300324327 23.54942486120327 49
1777300325027 22.127953569249634 50
1777300325729 23.78744154109044 51
1777300326431 22.9277618260299 52
1777300327133 22.672725443261484 53
1777300327835 22.35330372545581 54
1777300328563 21.278035174424048 55
1777300329305 21.0685806291648 56
1777300345139 21.79493740743001 57
1777300345858 20.380694250219268 58
1777300346563 21.633459761176002 59
1777300347269 20.64171070118247 60
1777300347973 19.280510583291573 61
1777300348680 21.58994229728809 62
1777300349386 19.889042325618114 63
1777300350092 18.233644347395295 64
1777300350797 19.103202515740577 65
1777300351560 19.221543003270128 66
1777300352285 19.387005660468493 67
1777300352996 18.44849050079081 68
1777300353699 17.710185451247654 69
1777300354399 19.11367842006979 70
1777300355103 19.07023845839121 71
1777300355827 20.103282351624546 72
1777300356538 17.635279540650583 73
1777300357240 18.621387498422386 74
1777300357950 17.51636861441976 75
1777300358662 17.430763169708356 76
1777300359363 19.240547710444556 77
1777300360071 18.092643365026937 78
1777300360794 16.38279654310356 79
1777300361512 16.465862503166832 80
1777300362264 18.829219253543098 81
1777300362972 18.538732003240096 82
1777300363682 17.298408168125874 83
1777300364395 16.277180668466897 84
1777300365139 16.658705659782004 85
1777300365846 17.118354214064972 86
1777300366555 17.160363965825965 87
1777300367263 16.175050984532692 88
1777300367967 15.470432668536972 89
1777300368663 14.883074911875745 90
1777300369361 15.773560089512257 91
1777300370067 15.358557499974193 92
1777300370784 15.92673547110019 93
1777300371480 15.574447371005533 94
1777300372184 15.602721468908717 95
1777300372896 14.485555931313446 96
1777300373599 14.43425131482996 97
1777300374297 16.201653365499055 98
1777300375004 13.67804070983465 99
1777300375724 15.321238533748515 100
1777300376424 14.449938705466383 101
1777300377122 14.25133513063242 102
1777300377824 13.393110550428354 103
1777300378522 15.211323569757358 104
1777300379216 13.71633319892426 105
1777300379912 14.131924004551632 106
1777300380613 16.557543783920572 107
1777300381312 15.027047316224696 108
1777300382018 13.396717825195434 109
1777300382749 13.755558874907946 110
1777300383454 14.322117180961605 111
1777300384154 13.635284713802491 112
1777300384855 13.675379594497528 113
1777300385572 13.813240286741054 114
