1777142102357 201.36193994601962 1
1777142103023 198.47875385892792 2
1777142103662 195.66880469294975 3
1777142105640 192.15091776736452 4
1777142106417 187.52200689431157 5
1777142107242 181.7219863872184 6
1777142108167 175.10272902314478 7
1777142109429 167.8244522825635 8
1777142110637 159.81385036881588 9
1777142112049 151.15032279619146 10
1777142114439 142.52196597780096 11
1777142118222 132.43427247568917 12
1777142124992 121.36430336753193 13
1777142125726 109.07403617852628 14
1777142126403 96.68202914247001 15
1777142127073 83.75489071058522 16
1777142127737 71.23164700276665 17
1777142128396 59.32407957306315 18
1777142129048 50.296954346655696 19
1777142129693 43.71365362285722 20
1777142130358 40.642025163522334 21
1777142131006 34.72831880768695 22
1777142131647 31.409326165765222 23
1777142132297 31.720552665157854 24
1777142132954 30.05107133202956 25
1777142133611 29.443742495925676 26
1777142134268 27.559804055645593 27
1777142134910 27.119959180866616 28
1777142135550 24.848268505731987 29
1777142136192 25.069496557086115 30
1777142136832 26.96051904716264 31
1777142137469 25.55442573198058 32
1777142138104 24.436629949134925 33
1777142138736 24.87614693488113 34
1777142139366 24.185665150605413 35
1777142139995 23.275012398241767 36
1777142140625 25.04212149093754 37
1777142141276 20.908564213935023 38
1777142141902 21.840322696341417 39
1777142142531 23.985932501637418 40
1777142143160 20.423182793373027 41
1777142143785 21.465499220127974 42
1777142144410 22.413240037525526 43
1777142145036 21.873898484236438 44
1777142145663 21.13072981804271 45
1777142146289 20.223929204732485 46
1777142146913 20.723878620719837 47
1777142147540 19.71455255588137 48
1777142148168 19.98345951236224 49
1777142148795 20.463802222084666 50
1777142149424 22.31678327525588 51
1777142150048 20.28904583636007 52
1777142150671 21.28113762189587 53
1777142151312 20.217041644411005 54
1777142151933 19.768066322212047 55
1777142152559 21.097591983024877 56
1777142153182 21.269148714692662 57
1777142153801 20.91520200209105 58
1777142154418 21.258936069771668 59
1777142155037 18.522823960136527 60
1777142155655 21.483083646813974 61
1777142156274 19.978960216522683 62
1777142156895 19.84900092530718 63
1777142157515 18.32560010198997 64
1777142158137 18.69370532378274 65
1777142158759 17.84298167313785 66
1777142159380 17.52670745482073 67
1777142160002 18.96261468029889 68
1777142160622 16.620710756306 69
1777142161251 17.101893355919948 70
1777142161877 19.448843833133267 71
1777142162505 17.423885032953635 72
1777142163132 16.821102969164016 73
1777142163754 16.490430508651592 74
1777142164374 19.24584582964729 75
1777142164994 15.879872574098409 76
1777142165615 16.516193867540753 77
1777142166240 16.5400072054736 78
1777142166860 16.520155485535483 79
1777142167480 16.67367030981581 80
1777142168102 16.24663263652913 81
1777142168726 15.896104394291104 82
1777142169351 16.062285994504663 83
1777142169973 17.342638465173003 84
1777142170597 16.888405326787712 85
1777142174078 15.85742906631058 86
1777142181262 14.585120837270543 87
1777142181937 15.824253254381825 88
1777142182611 14.849161069461072 89
1777142183279 16.433188833511565 90
1777142183950 14.501231417908517 91
1777142184619 15.519223155322845 92
1777142185296 14.83038804035506 93
1777142186002 15.675830404935061 94
1777142186685 15.58427417011615 95
1777142187371 15.534941447774372 96
1777142188057 14.097214769771483 97
1777142188745 14.543902539083733 98
1777142189448 16.881166447846446 99
1777142190155 16.894537762773222 100
1777142190896 14.173100907834538 101
1777142191617 15.229001681611962 102
1777142192387 14.694602606143329 103
1777142193163 15.583016087292464 104
1777142194014 14.648473339216556 105
1777142194767 13.948865683401385 106
1777142195562 14.121390884231875 107
1777142196420 13.669120747442157 108
1777142197307 14.738189188190024 109
1777142198243 14.700014807975046 110
1777142199312 14.370422695660439 111
1777142200335 14.197569040071631 112
1777142201575 12.13002613156471 113
1777142322855 13.942512719259952 114
1777142332317 13.264165249668544 115
1777142332946 12.730325709315323 116
1777142333605 13.810851906463444 117
1777142334339 13.547373930060767 118
1777142336176 15.432317487255139 119
1777142350778 12.49262422816882 120
1777142351683 13.001631495188743 121
1777142352488 12.90987381540528 122
1777142438327 12.430162810660939 123
1777142450604 13.085643079196522 124
1777142454702 11.98724992644948 125
1777142455425 13.307625978861438 126
1777142456218 13.124877596832263 127
1777142457085 11.573891431999469 128
1777142458449 12.797375803076378 129
1777142477803 12.860063281534105 130
1777142478513 12.176999429514355 131
1777142479220 13.201685744159661 132
1777142538824 13.298406238850292 133
1777142539822 13.138482438412312 134
1777142540715 12.534464683034205 135
1777142541431 11.369117133100792 136
1777142542129 11.633306258272185 137
1777142542831 12.538345384901865 138
1777142543505 11.73552137961213 139
1777142559202 12.775629813602826 140
1777142559845 11.655283594829314 141
1777142560476 11.987615967458755 142
1777142561109 10.866279529766176 143
1777142561742 10.907982684266468 144
1777142562377 11.624095887870084 145
1777142563026 11.320087410918944 146
1777142563657 11.246569501362192 147
1777142564300 12.181449668493617 148
