1777405101739 212.95219246196032 1
1777405111613 208.7981484041037 2
1777405112794 203.88051556439484 3
1777405119895 196.33033497184866 4
1777405133123 185.37771785342986 5
1777405139256 172.3421115516214 6
1777405145428 157.7992694808975 7
1777405156783 142.28885651996677 8
1777405178311 125.42841466926707 9
1777405197625 107.69539678651277 10
1777405213956 89.3382799048229 11
1777405219895 73.45178791830209 12
1777405222673 56.14618386390074 13
1777405225931 45.01588521799699 14
1777405229006 37.624932339245966 15
1777405231932 33.41452855199487 16
1777405234828 33.20062950827968 17
1777405240436 30.06601600821648 18
1777405241358 27.923441889317086 19
1777405242624 28.072704546034515 20
1777405243527 28.53501883169014 21
1777405246804 25.06939966497768 22
1777405250099 24.369861186484787 23
1777405255534 23.969888861796832 24
1777405256420 24.042884713153416 25
1777405265494 23.21547563317328 26
1777405269145 24.17515432028435 27
1777405280928 22.455867147861436 28
1777405290395 22.99515472153874 29
1777405295630 24.372076683718678 30
1777405296596 22.993088399579857 31
1777405297679 22.500285454102297 32
1777405298685 21.026262875668795 33
1777405306891 21.879522969548447 34
1777405317235 20.79446127100201 35
1777405324129 21.29024616881409 36
1777405330838 21.027277251312835 37
1777405340581 20.755277893697766 38
1777405343977 20.98404987973828 39
1777405347593 20.281573425654482 40
1777405351211 20.373572782434987 41
1777405363501 19.972027067563406 42
1777405379770 21.79239325912442 43
1777405385117 19.404837636157943 44
1777405390292 19.77400640154942 45
1777405391169 19.773878375244035 46
1777405398869 17.599580537477635 47
1777405404222 17.67057297237655 48
1777405413131 18.703141785726782 49
1777405415831 17.678780421680933 50
1777405418526 17.778747278200786 51
1777405422123 18.466033420950676 52
1777405423014 19.650781511969694 53
1777405433538 17.414736924913928 54
1777405436177 18.037389735206162 55
1777405439030 18.22054771648338 56
1777405442299 16.673908765021462 57
1777405444916 17.003646393805727 58
1777405447756 16.100459102777858 59
1777405452950 17.226761323096294 60
1777405462363 17.00541307818934 61
1777405474813 16.332200984489145 62
1777405478012 16.08719534892377 63
1777405484252 15.78793279230731 64
1777405487812 16.59778838449706 65
1777405495372 15.82458105778945 66
