1777228237756 -2.089520519624304 1
1777228239147 -1.974477774611834 2
1777228240507 -1.8263990311022795 3
1777228242042 -1.6210575488284533 4
1777228243426 -1.3163133590099132 5
1777228244732 -0.9300325905565485 6
1777228245955 -0.5304687725340738 7
1777228247215 -0.1694551349428665 8
1777228248562 0.17031658787140513 9
1777228249722 0.4712730824685166 10
1777228250853 0.6946949686178311 11
1777228252064 0.8321320166414778 12
1777228253405 0.8949550356416747 13
1777228254767 0.9190833614534183 14
1777228256026 0.9303605126954458 15
1777228257224 0.9412045965554701 16
1777228258649 0.945284889740436 17
1777228259968 0.9475273690553442 18
1777228261197 0.9463876404011309 19
1777228262435 0.9477106351289326 20
1777228263734 0.9520659250112977 21
1777228265016 0.9553020280624429 22
1777228266357 0.958957585210135 23
1777228267658 0.957145125203035 24
1777228269041 0.959693714910256 25
1777228270319 0.9566170584548098 26
1777228271621 0.9637891946773898 27
1777228272980 0.9621337938964636 28
1777228274268 0.9578917687766069 29
1777228275494 0.962877957640268 30
1777228276800 0.9670580280979619 31
1777228278101 0.9650264176671941 32
1777228279466 0.9676226535347624 33
1777228280887 0.9625066654056095 34
1777228282230 0.9670065447249785 35
1777228283585 0.9693516900585557 36
1777228284895 0.9683193317718445 37
1777228286182 0.9649085777722604 38
1777228287510 0.9670532180718165 39
1777228288802 0.9700178916426573 40
1777228290104 0.969019806992741 41
1777228291437 0.969107761857605 42
1777228292719 0.9687152484875527 43
1777228294043 0.9707700067733016 44
1777228295428 0.9721336499106468 45
1777228296744 0.9696597773155549 46
1777228298080 0.9733892314991637 47
1777228299417 0.9709820278570162 48
1777228300734 0.9744288743915449 49
1777228302040 0.9767493987659595 50
1777228303353 0.974606587664459 51
1777228304756 0.9750279030431767 52
1777228306073 0.9722338897775888 53
1777228307381 0.973251423743694 54
1777228308678 0.9756980261421703 55
