1777228237756 -2.0895206850776735 1
1777228239147 -1.974477832777215 2
1777228240507 -1.826399234813092 3
1777228242042 -1.6210573698001123 4
1777228243426 -1.3163133040750168 5
1777228244732 -0.930032619279048 6
1777228245955 -0.5304688321577127 7
1777228247215 -0.16945516720200549 8
1777228248562 0.1703166351161155 9
1777228249722 0.4712730829414432 10
1777228250853 0.6946949714839439 11
1777228252064 0.8321320190924304 12
1777228253405 0.8949550322581954 13
1777228254767 0.9190833555255521 14
1777228256026 0.930360504089436 15
1777228257224 0.941204594780032 16
1777228258649 0.9452848913732236 17
1777228259968 0.947527366556925 18
1777228261197 0.946387640448097 19
1777228262435 0.9477106314116961 20
1777228263734 0.9520659236062813 21
1777228265016 0.9553020264489868 22
1777228266357 0.9589575815358182 23
1777228267658 0.9571451270244407 24
1777228269041 0.9596937109555939 25
1777228270319 0.9566170571601925 26
1777228271621 0.9637891923436905 27
1777228272980 0.9621337955641266 28
1777228274268 0.9578917681112677 29
1777228275494 0.9628779597964133 30
1777228276800 0.9670580285837369 31
1777228278101 0.96502641640129 32
1777228279466 0.9676226544336711 33
1777228280887 0.9625066643804004 34
1777228282230 0.9670065443271616 35
1777228283585 0.9693516910082779 36
1777228284895 0.9683193294563895 37
1777228286182 0.9649085739274235 38
1777228287510 0.9670532166223559 39
1777228288802 0.9700178921406839 40
1777228290104 0.9690198055555788 41
1777228291437 0.9691077600031799 42
1777228292719 0.9687152494323825 43
1777228294043 0.970770005434756 44
1777228295428 0.972133648146519 45
1777228296744 0.969659777768255 46
1777228298080 0.9733892306185535 47
1777228299417 0.9709820284198485 48
1777228300734 0.9744288735259582 49
1777228302040 0.9767493971395732 50
1777228303353 0.9746065844585664 51
1777228304756 0.9750279034093516 52
1777228306073 0.9722338898815538 53
1777228307381 0.9732514220129224 54
1777228308678 0.9756980283402293 55
