1777371679059 -1.6698261731149078 1
1777371680473 -1.4571018782704859 2
1777371681663 -1.1311403389257606 3
1777371682904 -0.7005092551060992 4
1777371684163 -0.27450515791868263 5
1777371685333 0.11931588727131667 6
1777371686493 0.5079926766831703 7
1777371687660 0.7546851400872528 8
1777371688849 0.89100156323529 9
1777371690122 0.9269340444141608 10
1777371691356 0.9423880227381348 11
1777371692538 0.9441722411572304 12
1777371693708 0.9481345246135886 13
1777371694941 0.9520933387637956 14
1777371696155 0.9669877221197909 15
1777371697390 0.959515558565562 16
1777371698561 0.9603447413929824 17
1777371699858 0.9610054136293176 18
1777371701128 0.9659457195082833 19
1777371702768 0.9646569071493503 20
1777371703968 0.9677078734381807 21
1777371705242 0.9680462881792072 22
1777371706510 0.9682175873231822 23
1777371707788 0.9677370357980346 24
1777371709035 0.9709270274028112 25
1777371710301 0.9706798747406344 26
1777371711615 0.9748657571790336 27
1777371713016 0.9600294057662204 28
1777371721121 0.9718907687905887 29
1777371722419 0.9755285343446383 30
1777371723748 0.9733637680771977 31
1777371724981 0.9768474184420277 32
1777371726228 0.9761107730892371 33
1777371727501 0.9730673395768342 34
1777371728763 0.9771905128235353 35
1777371729999 0.9786746326726202 36
1777371731245 0.9788398760786039 37
1777371732718 0.98042445774343 38
1777371733983 0.9821512675654434 39
1777371735233 0.9818150653921155 40
1777371736452 0.9822257033659426 41
1777371737705 0.9803368127941734 42
1777371738906 0.9830807275678513 43
1777371740095 0.9837795690895959 44
1777371741274 0.9839422669663422 45
1777371742480 0.9845328244870938 46
1777371743704 0.9836197401357657 47
1777371744901 0.9851553245286983 48
1777371746496 0.9834369232015409 49
1777371747743 0.9847504332709865 50
1777371749009 0.9852896644834596 51
1777371750221 0.9739080220155701 52
1777371751423 0.9849611582185777 53
1777371752628 0.9846918779658452 54
1777371753851 0.9866358401848142 55
1777371755142 0.9871201176739659 56
1777371756342 0.9861786964299328 57
1777371757590 0.9865008022746554 58
1777371759242 0.9856563799985182 59
1777371760422 0.9861454961938285 60
1777371761624 0.9869761507973625 61
1777371762840 0.9880269226385678 62
1777371764121 0.9868498212992627 63
1777371765414 0.9875937116902873 64
1777371766653 0.9888532314600228 65
1777371767855 0.9892832055414826 66
1777371769056 0.9854373618688006 67
1777371770353 0.9889530941484346 68
1777371772000 0.9884561956947383 69
1777371773225 0.9888179758682488 70
1777371774409 0.9877479671262861 71
1777371775624 0.9898445028710088 72
1777371776850 0.989924790016083 73
1777371778095 0.9902989615254905 74
1777371779357 0.9906719420754847 75
1777371780640 0.990330492050371 76
1777371781870 0.9878921849200264 77
1777371783137 0.9898709655394757 78
1777371784386 0.9899717556524239 79
1777371785631 0.9900684143632873 80
1777371786865 0.9899629674531244 81
1777371788129 0.991087118324657 82
1777371789360 0.9899911442037672 83
1777371790655 0.9773831485352142 84
1777371791926 0.9894127619048676 85
1777371793362 0.9888827514785788 86
1777371794578 0.9904587419224296 87
1777371795840 0.9859510129283224 88
1777371797106 0.9905420798993644 89
1777371798360 0.9901290888298906 90
1777371800055 0.9913314049342757 91
