1777371679059 202.3935851981493 1
1777371680473 194.1631642629648 2
1777371681663 180.82611239026693 3
1777371682904 161.52674310419002 4
1777371684163 139.83787525529476 5
1777371685333 116.24165050029842 6
1777371686493 86.8822816560847 7
1777371687660 61.34762542933422 8
1777371688849 40.88224420865902 9
1777371690122 33.47907141548178 10
1777371691356 29.727301435205653 11
1777371692538 29.26509931915955 12
1777371693708 28.20351446618107 13
1777371694941 27.10188310163475 14
1777371696155 22.503523112184286 15
1777371697390 24.920951072857225 16
1777371698561 24.658223224212882 17
1777371699858 24.457981386171348 18
1777371701128 22.85787587051659 19
1777371702768 23.2815203469208 20
1777371703968 22.254652610213395 21
1777371705242 22.12107773472991 22
1777371706510 22.074933579261877 23
1777371707788 22.242806013720223 24
1777371709035 21.116863448209692 25
1777371710301 21.204854132051345 26
1777371711615 19.628998543825816 27
1777371713016 24.758592875036143 28
1777371721121 20.761656723449125 29
1777371722419 19.370599343541517 30
1777371723748 20.206204163124863 31
1777371724981 18.8378897112292 32
1777371726228 19.13993305233729 33
1777371727501 20.324304132494518 34
1777371728763 18.705031216541578 35
1777371729999 18.080124993136526 36
1777371731245 18.01593587224258 37
1777371732718 17.326914984604805 38
1777371733983 16.54641798952796 39
1777371735233 16.69757045025449 40
1777371736452 16.510989231744002 41
1777371737705 17.36608457188607 42
1777371738906 16.111070344140977 43
1777371740095 15.768087257316074 44
1777371741274 15.690344571563742 45
1777371742480 15.391266749044258 46
1777371743704 15.848681162058915 47
1777371744901 15.089658482496342 48
1777371746496 15.94014061128666 49
1777371747743 15.29201573374199 50
1777371749009 15.021286499124438 51
1777371750221 19.97971517315381 52
1777371751423 15.189162549623898 53
1777371752628 15.320940889061038 54
1777371753851 14.317771149610241 55
1777371755142 14.055915415556148 56
1777371756342 14.556584026927315 57
1777371757590 14.386797372458853 58
1777371759242 14.829599337045721 59
1777371760422 14.57658073332687 60
1777371761624 14.124998485492299 61
1777371762840 13.545449612672154 62
1777371764121 14.193922472038874 63
1777371765414 13.788114659010361 64
1777371766653 13.07418084106131 65
1777371767855 12.818357763042396 66
1777371769056 14.945350034222093 67
1777371770353 13.01797741753246 68
1777371772000 13.306335672087863 69
1777371773225 13.095824514004772 70
1777371774409 13.680694257518052 71
1777371775624 12.481601637541786 72
1777371776850 12.421054962395505 73
1777371778095 12.194970337140104 74
1777371779357 11.96035220375612 75
1777371780640 12.179798314844291 76
1777371781870 13.625818276847511 77
1777371783137 12.448019601821198 78
1777371784386 12.399127754701706 79
1777371785631 12.340186832184182 80
1777371786865 12.396014527714733 81
1777371788129 11.686624561721416 82
1777371789360 12.384054022206188 83
1777371790655 18.602305049680336 84
1777371791926 12.72549361766941 85
1777371793362 13.059578474834401 86
1777371794578 12.091820898307242 87
1777371795840 14.674026438005171 88
1777371797106 12.040176515189007 89
1777371798360 12.302625191454393 90
1777371800055 11.53068255912315 91
