1777121339086 220.08023217397331 1
1777121339729 217.28155337602868 2
1777121340372 214.5914996423437 3
1777121341019 211.14683131650355 4
1777121341656 206.38253317565417 5
1777121342296 200.34265568645137 6
1777121342934 193.56798910524952 7
1777121343570 186.26953546876635 8
1777121344207 177.89669030612964 9
1777121344840 168.46538498308786 10
1777121345474 158.81700111685146 11
1777121346110 148.55192957767326 12
1777121346742 137.56199596681853 13
1777121347376 125.5685935243662 14
1777121348006 113.01627198936886 15
1777121348675 99.17745695847418 16
1777121349313 86.10343922337684 17
1777121349944 73.84526752037839 18
1777121350577 62.96415344575535 19
1777121351210 52.63661308546908 20
1777121351844 45.14723634087418 21
1777121352482 38.86169480661114 22
1777121353118 35.65385002330569 23
1777121353755 32.85835523560275 24
1777121354391 33.322408895071085 25
1777121355026 29.912552602923345 26
1777121355664 28.689865779356655 27
1777121356299 29.21862675441922 28
1777121356937 26.54288913021539 29
1777121357575 27.126613305277576 30
1777121358208 28.044249311286507 31
1777121358840 27.19789335283215 32
1777121359498 25.449465475108706 33
1777121360129 26.24274569590911 34
1777121360764 22.721538472270645 35
1777121361399 25.19622575864228 36
1777121362034 24.25959509352047 37
1777121362672 23.857027808989667 38
1777121363308 23.952043303609166 39
1777121363943 24.222633257225823 40
1777121364577 23.51270875812762 41
1777121365214 23.204413895178433 42
1777121365848 22.701829152625564 43
1777121366484 24.478547338131737 44
1777121367122 21.226937019377274 45
1777121367751 22.53230035584853 46
1777121368381 20.82499507615488 47
1777121369015 19.184470667571777 48
1777121369683 21.470762733162275 49
1777121370327 21.54015698729026 50
1777121370966 18.817992767738026 51
1777121371596 20.957118985720356 52
1777121372231 19.499943659774377 53
1777121372867 17.646271551186192 54
1777121373501 18.532798766698814 55
1777121374139 18.219599237818564 56
1777121374771 20.75813152511715 57
1777121375405 17.773581730184024 58
1777121376036 18.561968965994186 59
1777121376671 19.755327882278443 60
1777121377305 17.5793810315145 61
1777121377941 19.609711152497248 62
1777121378572 16.952395937664498 63
1777121379201 18.565634928355365 64
1777121379864 16.526877043014565 65
1777121380497 18.09148386202962 66
1777121381130 18.345036788075934 67
1777121381763 16.448053141586012 68
1777121382397 17.28943494006889 69
1777121383033 16.205610947195883 70
1777121383669 16.38958137615317 71
1777121384302 17.076089554481033 72
