1777174083979 156.86297607421875 1
1777174085104 147.7789764404297 2
1777174086228 135.48193359375 3
1777174087382 117.4141616821289 4
1777174088511 95.4571533203125 5
1777174089629 71.8581314086914 6
1777174090747 48.5345458984375 7
1777174091881 32.869258880615234 8
1777174093005 24.700284957885742 9
1777174094126 20.842233657836914 10
1777174095260 20.0317440032959 11
1777174096388 18.1945743560791 12
1777174097512 18.107614517211914 13
1777174098660 16.797677993774414 14
1777174099796 16.961149215698242 15
1777174100922 16.73600196838379 16
1777174102044 15.396673202514648 17
1777174103178 16.452735900878906 18
1777174104310 15.041533470153809 19
1777174105432 15.414427757263184 20
1777174106555 15.03237247467041 21
1777174107694 15.428520202636719 22
1777174108831 15.125691413879395 23
1777174109960 14.628296852111816 24
1777174111077 14.637309074401855 25
1777174112206 13.533403396606445 26
1777174113327 13.62771224975586 27
1777174114449 14.559598922729492 28
1777174115579 13.861324310302734 29
1777174116698 13.342175483703613 30
1777174117821 12.68304443359375 31
1777174118936 13.890874862670898 32
1777174120088 12.958023071289062 33
1777174121212 12.560242652893066 34
1777174122330 12.874227523803711 35
1777174123465 12.547330856323242 36
1777174124582 13.170162200927734 37
1777174125701 11.919233322143555 38
1777174126819 11.95248794555664 39
1777174127951 11.976836204528809 40
1777174129076 12.02288818359375 41
1777174130201 12.887638092041016 42
1777174131360 11.676947593688965 43
1777174132485 11.532175064086914 44
1777174133611 11.808080673217773 45
1777174134744 11.771860122680664 46
1777174135888 11.602991104125977 47
1777174137013 11.420217514038086 48
1777174138135 11.946027755737305 49
1777174139268 11.343062400817871 50
1777174140393 11.286971092224121 51
1777174141544 10.70452880859375 52
1777174142666 11.817028999328613 53
1777174143802 11.098889350891113 54
1777174144920 11.12270736694336 55
1777174146043 11.255714416503906 56
1777174147172 11.153525352478027 57
1777174148300 10.26710319519043 58
1777174149426 10.815932273864746 59
1777174150552 10.317264556884766 60
1777174151693 10.91104793548584 61
1777174152838 10.487418174743652 62
1777174153966 10.890633583068848 63
1777174155106 10.588987350463867 64
1777174156238 10.655871391296387 65
1777174157366 10.32317066192627 66
1777174158488 9.964221000671387 67
1777174159625 10.54174518585205 68
1777174160746 9.856877326965332 69
1777174161868 10.238103866577148 70
1777174163007 9.82373332977295 71
1777174164153 9.85384464263916 72
1777174165269 9.904128074645996 73
1777174166389 9.738183975219727 74
1777174167528 9.741495132446289 75
1777174168651 9.558666229248047 76
1777174169780 9.749032020568848 77
1777174170920 9.456013679504395 78
1777174172044 9.768864631652832 79
1777174173166 10.058330535888672 80
1777174174304 9.690120697021484 81
1777174175445 9.270800590515137 82
