1777174083979 -1.860775005083097 1
1777174085104 -1.6433202107673606 2
1777174086228 -1.2978335053913508 3
1777174087382 -0.8080139917857438 4
1777174088511 -0.29255029536544397 5
1777174089629 0.20350328988239963 6
1777174090747 0.6138995825647939 7
1777174091881 0.8171285312080591 8
1777174093005 0.9028343892983416 9
1777174094126 0.9338953731643215 10
1777174095260 0.9399550811148095 11
1777174096388 0.952146531941921 12
1777174097512 0.9525817787902237 13
1777174098660 0.9596113824171022 14
1777174099796 0.958593990935389 15
1777174100922 0.9603713691676533 16
1777174102044 0.9667281312631979 17
1777174103178 0.9621390875404475 18
1777174104310 0.9681593705161554 19
1777174105432 0.9659804484637916 20
1777174106555 0.9669960487224638 21
1777174107694 0.9650858384449192 22
1777174108831 0.9658400660878029 23
1777174109960 0.9687542935202524 24
1777174111077 0.9688316868599625 25
1777174112206 0.973523252125636 26
1777174113327 0.9729669820257666 27
1777174114449 0.9688521691735139 28
1777174115579 0.9717140684136336 29
1777174116698 0.9737702653258159 30
1777174117821 0.976468431956309 31
1777174118936 0.9706323214732284 32
1777174120088 0.9748822219838579 33
1777174121212 0.976934605462611 34
1777174122330 0.9752135951138492 35
1777174123465 0.9763261487799346 36
1777174124582 0.9742940743984367 37
1777174125701 0.9788971796298629 38
1777174126819 0.9790695458839341 39
1777174127951 0.978925512823625 40
1777174129076 0.9783057511427722 41
1777174130201 0.9745837695831207 42
1777174131360 0.9796919207772301 43
1777174132485 0.9800594981807145 44
1777174133611 0.9799474424642252 45
1777174134744 0.9791083603815364 46
1777174135888 0.9792342018923557 47
1777174137013 0.9802732270602756 48
1777174138135 0.9789330824235889 49
1777174139268 0.9794729063565323 50
1777174140393 0.9807264975619089 51
1777174141544 0.982545778576773 52
1777174142666 0.979246395669424 53
1777174143802 0.9812480561329725 54
1777174144920 0.9813833893276005 55
1777174146043 0.980757299585926 56
1777174147172 0.9815601205414003 57
1777174148300 0.984331079512919 58
1777174149426 0.9828859116723342 59
1777174150552 0.9840995616058033 60
1777174151693 0.9820927717910988 61
1777174152838 0.9835935568701424 62
1777174153966 0.9825469299494283 63
1777174155106 0.9833405174797492 64
1777174156238 0.9826093935992694 65
1777174157366 0.9841219022554372 66
1777174158488 0.9854095027197711 67
1777174159625 0.9835699200648425 68
1777174160746 0.985598681326838 69
1777174161868 0.9846785067477885 70
1777174163007 0.9860032070194787 71
1777174164153 0.9858217322850028 72
1777174165269 0.9856344456996675 73
1777174166389 0.9863952639971364 74
1777174167528 0.9862157922495469 75
1777174168651 0.9864988222962324 76
1777174169780 0.9863037859808219 77
1777174170920 0.9870135340905752 78
1777174172044 0.9858781798443907 79
1777174173166 0.9850014376223014 80
1777174174304 0.9857582564147571 81
1777174175445 0.9871052064362243 82
