1777408872623 161.5855255126953 1
1777408874489 159.8196258544922 2
1777408874889 157.95152282714844 3
1777408881495 156.31463623046875 4
1777408885728 154.67210388183594 5
1777408887910 152.8848419189453 6
1777408893265 150.99574279785156 7
1777408893678 149.00384521484375 8
1777408898325 146.82235717773438 9
1777408900777 144.48179626464844 10
1777408903040 141.897705078125 11
1777408907603 139.0630340576172 12
1777408910426 135.92271423339844 13
1777408912876 132.62191772460938 14
1777408913245 128.84442138671875 15
1777408913707 124.76947784423828 16
1777408917181 120.63863372802734 17
1777408922177 116.49304962158203 18
1777408923845 111.76555633544922 19
1777408928612 107.36212921142578 20
1777408931207 102.97712707519531 21
1777408936060 98.26139068603516 22
1777408943602 93.68974304199219 23
1777408946578 88.97852325439453 24
1777408946934 84.11127471923828 25
1777408950231 79.54902648925781 26
1777408955350 75.598876953125 27
1777408960241 70.33329010009766 28
1777408968315 65.3606948852539 29
1777408970850 61.20935821533203 30
1777408977656 56.69170379638672 31
1777408982584 52.265708923339844 32
1777408982892 48.3443603515625 33
1777408984645 44.40627670288086 34
1777408984980 41.235633850097656 35
1777408987476 38.173336029052734 36
1777408996148 35.73381805419922 37
1777408996502 32.06912612915039 38
1777408999098 32.69301986694336 39
1777409003906 30.429405212402344 40
1777409004237 25.362699508666992 41
1777409006891 25.71898651123047 42
1777409011531 23.73270034790039 43
1777409018693 23.113767623901367 44
1777409022915 22.128398895263672 45
1777409033765 22.082279205322266 46
1777409040749 21.809337615966797 47
1777409045387 20.106821060180664 48
1777409049861 22.192108154296875 49
1777409050207 21.967252731323242 50
1777409050545 20.89028549194336 51
1777409050886 19.835792541503906 52
1777409055542 17.924898147583008 53
1777409058092 20.19822883605957 54
1777409058440 17.530519485473633 55
1777409062763 17.789432525634766 56
1777409065473 18.78392219543457 57
1777409067639 18.61723518371582 58
1777409067966 18.96370506286621 59
1777409068304 18.917423248291016 60
1777409076543 18.030378341674805 61
1777409078835 19.42447280883789 62
1777409083234 17.519851684570312 63
1777409085633 17.397401809692383 64
1777409088132 19.433692932128906 65
1777409088437 16.222251892089844 66
1777409088786 18.84590721130371 67
1777409091103 17.38927459716797 68
1777409093726 17.454246520996094 69
1777409096105 17.666383743286133 70
1777409106670 17.225799560546875 71
1777409107019 17.791635513305664 72
1777409111392 17.538497924804688 73
1777409114626 14.664299964904785 74
1777409117836 15.61551570892334 75
1777409118201 15.568766593933105 76
1777409122795 15.842602729797363 77
1777409123176 15.182623863220215 78
1777409123541 16.961103439331055 79
1777409128338 15.973235130310059 80
1777409132557 15.859230995178223 81
1777409132924 15.402445793151855 82
1777409133306 15.642523765563965 83
1777409133689 16.749183654785156 84
1777409134054 13.97496509552002 85
1777409136474 18.276630401611328 86
1777409141219 15.549872398376465 87
1777409143729 17.588436126708984 88
1777409146364 15.745466232299805 89
1777409147729 15.44345474243164 90
1777409153605 14.438858032226562 91
1777409154001 14.889232635498047 92
1777409163954 15.730289459228516 93
1777409166305 15.825366973876953 94
1777409171861 14.686227798461914 95
1777409179885 14.384258270263672 96
1777409180274 13.358328819274902 97
1777409184765 14.672882080078125 98
1777409186869 14.276552200317383 99
1777409191501 14.000447273254395 100
1777409195064 13.501181602478027 101
1777409197560 13.215309143066406 102
1777409197928 13.552427291870117 103
1777409198297 13.729743003845215 104
1777409205502 13.259212493896484 105
1777409210592 14.559612274169922 106
1777409218856 16.639869689941406 107
1777409221655 14.549360275268555 108
1777409222008 13.229471206665039 109
1777409225026 15.630009651184082 110
1777409228569 14.398256301879883 111
1777409228928 16.135784149169922 112
1777409234452 13.715678215026855 113
1777409244318 13.678078651428223 114
1777409252719 14.481128692626953 115
1777409264788 13.253501892089844 116
1777409274547 13.209738731384277 117
1777409281422 14.163135528564453 118
1777409289047 13.793054580688477 119
1777409298104 13.753846168518066 120
1777409306081 14.001887321472168 121
1777409322285 15.005553245544434 122
1777409331240 12.844514846801758 123
1777409332988 13.801474571228027 124
1777409337441 14.273639678955078 125
1777409341666 12.130514144897461 126
1777409353558 11.955647468566895 127
1777409356800 12.534022331237793 128
1777409357137 15.114039421081543 129
1777409359000 13.379866600036621 130
1777409365929 12.239296913146973 131
1777409369446 12.481406211853027 132
1777409372428 14.070228576660156 133
1777409372814 14.625069618225098 134
1777409384813 14.043540954589844 135
1777409388405 16.06378173828125 136
1777409395563 13.359458923339844 137
1777409400341 12.791482925415039 138
1777409406327 13.111947059631348 139
1777409415258 13.888486862182617 140
1777409426261 12.105645179748535 141
1777409430059 13.430980682373047 142
1777409441931 13.286559104919434 143
1777409447603 14.313462257385254 144
1777409452921 12.168768882751465 145
1777409455312 12.951522827148438 146
1777409461448 12.992049217224121 147
1777409476615 11.466038703918457 148
1777409483795 11.616870880126953 149
1777409488599 12.667797088623047 150
1777409495818 12.660547256469727 151
1777409496195 11.500978469848633 152
1777409500852 12.920002937316895 153
1777409504197 12.234811782836914 154
1777409510595 11.655844688415527 155
1777409519218 11.414885520935059 156
1777409519591 12.866002082824707 157
1777409519948 12.180961608886719 158
1777409523333 11.687490463256836 159
1777409526677 13.222947120666504 160
1777409527042 13.025487899780273 161
1777409534849 12.68858814239502 162
1777409535218 10.996063232421875 163
1777409535559 11.605378150939941 164
1777409553278 12.200056076049805 165
1777409554619 11.562520027160645 166
1777409565343 12.3367280960083 167
1777409569372 11.802157402038574 168
1777409578032 12.471030235290527 169
1777409587313 12.809331893920898 170
1777409598052 14.45626163482666 171
1777409615046 12.475343704223633 172
1777409622798 13.514572143554688 173
1777409637671 12.414955139160156 174
1777409651097 11.895247459411621 175
1777409658125 11.465460777282715 176
1777409663743 11.353422164916992 177
1777409672590 11.660310745239258 178
1777409673940 11.928070068359375 179
1777409684806 11.846712112426758 180
1777409691484 11.612347602844238 181
1777409695628 11.806121826171875 182
1777409697150 11.625175476074219 183
1777409707585 14.392334938049316 184
1777409720667 11.422086715698242 185
1777409732627 11.317292213439941 186
1777409742405 11.504701614379883 187
1777409753199 9.951083183288574 188
1777409753735 12.020438194274902 189
1777409762334 10.776228904724121 190
1777409764911 10.229846000671387 191
1777409781550 10.932778358459473 192
1777409785564 12.236042022705078 193
1777409789342 11.453173637390137 194
1777409790051 10.727261543273926 195
1777409791128 12.039528846740723 196
1777409791741 12.084535598754883 197
1777409792224 12.326799392700195 198
1777409795673 11.354206085205078 199
1777409803645 12.357315063476562 200
1777409807263 12.169129371643066 201
1777409817607 10.505925178527832 202
1777409817985 11.5984468460083 203
1777409834394 10.903820991516113 204
1777409843347 10.005650520324707 205
1777409843721 10.813190460205078 206
1777409848112 11.423118591308594 207
1777409857628 12.569405555725098 208
1777409861795 11.176826477050781 209
1777409863386 11.194927215576172 210
1777409863941 13.269896507263184 211
1777409867501 10.496841430664062 212
1777409868023 10.249686241149902 213
1777409877541 10.702743530273438 214
1777409881001 9.452750205993652 215
1777409881389 10.517929077148438 216
1777409881817 10.724143981933594 217
1777409890359 11.308121681213379 218
1777409893358 11.547380447387695 219
1777409898083 11.01789665222168 220
