1777221772130 205.4318716072604 1
1777221772999 203.97413358652182 2
1777221773838 202.3361652831352 3
1777221775129 200.66915369330502 4
1777221776020 198.7920109167616 5
1777221777903 196.55285644597149 6
1777221779073 193.82094891744953 7
1777221779762 190.50798461766317 8
1777221780502 186.41942249106395 9
1777221781211 181.81180117896065 10
1777221782381 176.716445519739 11
1777221784937 171.35513110370232 12
1777221785969 165.71280423495227 13
1777221787912 159.45623869103474 14
1777221788825 153.16744272641023 15
1777221789989 146.42629010079548 16
1777221791632 137.96918930185484 17
1777221793554 129.84390016883808 18
1777221841283 121.54458009487553 19
1777221853895 113.63628312421284 20
1777221856136 104.70950591101257 21
1777221857023 96.37649540535277 22
1777221857960 87.42447643353802 23
1777221858796 79.11301185709584 24
1777221862355 71.84676501311219 25
1777221886812 63.10430367109798 26
1777221888095 55.76706214831414 27
1777221888872 50.44282430635757 28
1777221889659 46.04990176017925 29
1777221890382 41.64859417192572 30
1777221891121 38.49036163822176 31
1777221891866 36.03213575820897 32
1777221893705 32.50786403630236 33
1777221895192 33.765728841999966 34
1777221895891 32.724252556359914 35
1777221897660 32.134213525939565 36
1777221899192 28.017272968306678 37
1777221901784 29.55363337662385 38
1777221905107 28.093284743935214 39
1777221907475 31.333467745144716 40
1777221908233 27.56230160339453 41
1777221909248 28.94750732377107 42
1777221910117 27.27386793703395 43
1777221910831 24.72163248764145 44
1777221911534 25.52124403280731 45
1777221912228 25.84028485716123 46
1777221912852 25.650791167610123 47
1777221913525 25.56897275353456 48
1777221914193 25.266166891079386 49
1777221914974 25.05478822974808 50
1777221915768 23.711863391726858 51
1777221916536 26.180825667476192 52
1777221917377 25.3224645641808 53
1777221918135 26.02167312743199 54
1777221919116 24.659193881244267 55
1777221919935 26.15145002619801 56
1777221920725 23.08952589772702 57
1777221921518 24.5152332780511 58
1777221922353 24.30548974024193 59
1777221923203 22.8648360794431 60
1777221927127 25.023496362455106 61
1777221928180 23.18414912963616 62
1777221929193 22.296417082061616 63
1777221930883 22.446198191792604 64
1777221931759 22.89163492910422 65
1777221932652 23.576403275070057 66
1777221963607 22.941523058042215 67
1777221987212 22.301739895712217 68
1777221989779 23.320225548059067 69
1777221996241 23.536080980861783 70
1777221997526 22.57774543189938 71
1777221998650 23.258509715011577 72
1777221999749 21.126464396993192 73
1777222000685 22.61135839571184 74
1777222001540 20.365127883049265 75
1777222002436 23.840745145725485 76
1777222003539 23.50939219108913 77
1777222004437 23.675700993762995 78
1777222007157 22.332500489767373 79
1777222007891 21.65856215449353 80
1777222010222 21.436549969823155 81
1777222011601 20.65624970834689 82
1777222015263 18.927448643789106 83
1777222016069 20.760766269884098 84
1777222018536 19.81504008393557 85
1777222019208 20.337118568841298 86
1777222019848 21.647850931459068 87
1777222020482 19.31430348469894 88
1777222021123 21.11459815424419 89
1777222021750 20.494974663109147 90
1777222022356 21.39800943936793 91
1777222022970 19.996852525498934 92
1777222023593 20.19940698833725 93
1777222024215 19.669871476032377 94
1777222024828 21.57469183914044 95
1777222025867 19.771262337176704 96
