1777221772130 163.88330078125 1
1777221772999 162.07176208496094 2
1777221773838 159.98403930664062 3
1777221775129 157.87144470214844 4
1777221776020 155.54879760742188 5
1777221777903 152.8816680908203 6
1777221779073 149.8157958984375 7
1777221779762 146.4108428955078 8
1777221780502 142.73208618164062 9
1777221781211 138.56838989257812 10
1777221782381 133.6956787109375 11
1777221784937 128.37484741210938 12
1777221785969 122.90046691894531 13
1777221787912 117.32057189941406 14
1777221788825 111.47083282470703 15
1777221789989 105.25735473632812 16
1777221791632 98.0180892944336 17
1777221793554 90.54741668701172 18
1777221841283 83.60897827148438 19
1777221853895 76.89408111572266 20
1777221856136 69.87862396240234 21
1777221857023 63.7077522277832 22
1777221857960 56.887413024902344 23
1777221858796 50.68556594848633 24
1777221862355 45.17469024658203 25
1777221886812 39.929710388183594 26
1777221888095 35.63798141479492 27
1777221888872 32.96415328979492 28
1777221889659 30.59339714050293 29
1777221890382 27.79723358154297 30
1777221891121 25.914581298828125 31
1777221891866 24.320417404174805 32
1777221893705 22.035001754760742 33
1777221895192 23.254709243774414 34
1777221895891 22.658523559570312 35
1777221897660 22.518524169921875 36
1777221899192 19.4918270111084 37
1777221901784 20.77597427368164 38
1777221905107 20.036954879760742 39
1777221907475 21.654367446899414 40
1777221908233 19.56206512451172 41
1777221909248 20.495580673217773 42
1777221910117 19.206911087036133 43
1777221910831 17.623390197753906 44
1777221911534 18.110443115234375 45
1777221912228 18.270320892333984 46
1777221912852 18.384668350219727 47
1777221913525 18.43004608154297 48
1777221914193 17.997554779052734 49
1777221914974 18.264881134033203 50
1777221915768 17.078351974487305 51
1777221916536 18.546863555908203 52
1777221917377 18.143667221069336 53
1777221918135 18.45879554748535 54
1777221919116 17.362451553344727 55
1777221919935 18.70352554321289 56
1777221920725 16.593183517456055 57
1777221921518 17.616668701171875 58
1777221922353 17.01917266845703 59
1777221923203 16.495203018188477 60
1777221927127 17.587018966674805 61
1777221928180 16.50918960571289 62
1777221929193 16.34454345703125 63
1777221930883 15.967924118041992 64
1777221931759 16.723026275634766 65
1777221932652 16.841062545776367 66
1777221963607 16.329496383666992 67
1777221987212 15.932573318481445 68
1777221989779 16.80585479736328 69
1777221996241 17.025440216064453 70
1777221997526 16.288888931274414 71
1777221998650 16.715974807739258 72
1777221999749 15.388517379760742 73
1777222000685 15.700119972229004 74
1777222001540 14.653114318847656 75
1777222002436 16.732223510742188 76
1777222003539 16.94129753112793 77
1777222004437 16.950037002563477 78
1777222007157 15.828203201293945 79
1777222007891 15.555240631103516 80
1777222010222 15.282075881958008 81
1777222011601 14.776534080505371 82
1777222015263 13.782084465026855 83
1777222016069 15.200505256652832 84
1777222018536 14.162405014038086 85
1777222019208 14.898111343383789 86
1777222019848 15.234498023986816 87
1777222020482 14.140519142150879 88
1777222021123 15.230362892150879 89
1777222021750 14.540441513061523 90
1777222022356 15.620893478393555 91
1777222022970 14.51360034942627 92
1777222023593 14.618465423583984 93
1777222024215 14.357731819152832 94
1777222024828 15.75397777557373 95
1777222025867 14.269110679626465 96
