1777221772130 -1.750585323422765 1
1777221772999 -1.7116874552032781 2
1777221773838 -1.668311216012281 3
1777221775129 -1.6245250131424127 4
1777221776020 -1.5756526888136864 5
1777221777903 -1.517956194814495 6
1777221779073 -1.4484483686109275 7
1777221779762 -1.3654613407924883 8
1777221780502 -1.2650188414118086 9
1777221781211 -1.1544359815231604 10
1777221782381 -1.0353701598490943 11
1777221784937 -0.9137436725826151 12
1777221785969 -0.7897881384862819 13
1777221787912 -0.6571907598656888 14
1777221788825 -0.5290524634102058 15
1777221789989 -0.3974231991679482 16
1777221791632 -0.24066505967436203 17
1777221793554 -0.09884701925175965 18
1777221841283 0.03714151523677933 19
1777221853895 0.15836554002687575 20
1777221856136 0.2854021547739949 21
1777221857023 0.39460282357508536 22
1777221857960 0.5018543278723558 23
1777221858796 0.5920509680684526 24
1777221862355 0.6635449672595475 25
1777221886812 0.7404580111770979 26
1777221888095 0.7973031378295439 27
1777221888872 0.8341374290715379 28
1777221889659 0.8617818574538837 29
1777221890382 0.8869442871913447 30
1777221891121 0.903431853718591 31
1777221891866 0.9153803794720562 32
1777221893705 0.931113237961412 33
1777221895192 0.9256886151723914 34
1777221895891 0.9301843278907261 35
1777221897660 0.9326970585029498 36
1777221899192 0.948832824374193 37
1777221901784 0.9430697959336134 38
1777221905107 0.9485565045682323 39
1777221907475 0.9359407975630584 40
1777221908233 0.9504864376728147 41
1777221909248 0.9453813048755061 42
1777221910117 0.9514396405408458 43
1777221910831 0.9601618168203291 44
1777221911534 0.9575437584178035 45
1777221912228 0.9564761000207278 46
1777221912852 0.9571121235353137 47
1777221913525 0.957385022831211 48
1777221914193 0.9583584473720226 49
1777221914974 0.9590831553838886 50
1777221915768 0.9633537554846803 51
1777221916536 0.9553089310924231 52
1777221917377 0.9582044813637982 53
1777221918135 0.9558671248472587 54
1777221919116 0.960364485629533 55
1777221919935 0.9554227168712454 56
1777221920725 0.9652520811627048 57
1777221921518 0.9608257593513205 58
1777221922353 0.9614935744737754 59
1777221923203 0.9659226924923373 60
1777221927127 0.9591882104901714 61
1777221928180 0.9649328112317801 62
1777221929193 0.9675869213319809 63
1777221930883 0.9671141398661969 64
1777221931759 0.9658455659703203 65
1777221932652 0.963768617908034 66
1777221963607 0.9656709764391822 67
1777221987212 0.9675817857829556 68
1777221989779 0.9645491065455493 69
1777221996241 0.963888335760253 70
1777221997526 0.9667760666977839 71
1777221998650 0.9647297405724428 72
1777221999749 0.9709098966273063 73
1777222000685 0.9666653641619488 74
1777222001540 0.9729684887495741 75
1777222002436 0.9629320472572696 76
1777222003539 0.9639762787483586 77
1777222004437 0.9634646230661058 78
1777222007157 0.967493869106466 79
1777222007891 0.9694231611644071 80
1777222010222 0.9700495163561424 81
1777222011601 0.9721905499468333 82
1777222015263 0.9766193330902841 83
1777222016069 0.9719040116660538 84
1777222018536 0.9744070141562999 85
1777222019208 0.9730307447523535 86
1777222019848 0.9694501162188857 87
1777222020482 0.9756843019809605 88
1777222021123 0.9709401573775245 89
1777222021750 0.9726204386948153 90
1777222022356 0.9701396073288892 91
1777222022970 0.9738912849575172 92
1777222023593 0.9734066632645907 93
1777222024215 0.9747823493567183 94
1777222024828 0.9696609559808006 95
1777222025867 0.9745035179874243 96
