1777437884119 169.12295532226562 1
1777437886320 159.97988891601562 2
1777437888874 147.44577026367188 3
1777437891790 129.64300537109375 4
1777437894260 107.75851440429688 5
1777437895293 82.74092864990234 6
1777437897213 59.08478927612305 7
1777437899024 40.270652770996094 8
1777437900048 29.886903762817383 9
1777437901078 25.010536193847656 10
1777437904706 22.485782623291016 11
1777437907712 20.720006942749023 12
1777437911105 20.041841506958008 13
1777437912139 20.089082717895508 14
1777437913167 18.950565338134766 15
1777437916969 18.04668426513672 16
1777437921328 17.724586486816406 17
1777437922365 17.28478240966797 18
1777437924833 17.68416976928711 19
1777437927395 17.16416358947754 20
1777437928427 16.419538497924805 21
1777437930159 15.181175231933594 22
1777437931220 15.939290046691895 23
1777437932909 17.136606216430664 24
1777437935261 15.522469520568848 25
1777437937749 16.097644805908203 26
1777437941697 14.965447425842285 27
1777437945734 15.70193862915039 28
1777437948220 14.602978706359863 29
1777437951536 15.044173240661621 30
1777437954038 13.565192222595215 31
1777437957598 13.252545356750488 32
1777437961399 14.139212608337402 33
1777437962417 14.012042045593262 34
1777437964385 13.72773551940918 35
1777437965409 13.831768989562988 36
1777437966454 14.137822151184082 37
1777437967498 13.298649787902832 38
1777437969065 14.142012596130371 39
1777437972632 13.25593376159668 40
1777437973663 13.209391593933105 41
1777437974696 12.747564315795898 42
1777437975724 12.890510559082031 43
1777437976762 11.919669151306152 44
1777437979017 12.723504066467285 45
1777437980064 12.509788513183594 46
1777437981095 12.368528366088867 47
1777437982171 12.223883628845215 48
1777437983195 11.435553550720215 49
1777437989372 11.594959259033203 50
1777437990395 12.425538063049316 51
1777437996490 12.015979766845703 52
1777438000299 11.043280601501465 53
1777438005075 12.229564666748047 54
1777438011050 11.762763023376465 55
1777438013789 11.51081657409668 56
1777438014800 11.39954662322998 57
1777438017660 11.100714683532715 58
1777438020315 11.561914443969727 59
1777438021359 10.913834571838379 60
1777438022398 10.57292366027832 61
1777438024237 11.119373321533203 62
