1777428460794 161.08094787597656 1
1777428461753 153.83316040039062 2
1777428462723 145.04913330078125 3
1777428463696 133.15430068969727 4
1777428464650 116.24091529846191 5
1777428465608 96.82028388977051 6
1777428466569 76.99493217468262 7
1777428467529 58.7108268737793 8
1777428468486 43.239989280700684 9
1777428469441 31.94796371459961 10
1777428470402 27.02385950088501 11
1777428471359 25.435328006744385 12
1777428472319 22.723527908325195 13
1777428473281 21.922182083129883 14
1777428474259 20.907912254333496 15
1777428475220 19.841002464294434 16
1777428476180 19.99780511856079 17
1777428477146 17.43327283859253 18
1777428478103 18.512907028198242 19
1777428479060 18.314553260803223 20
1777428480025 18.239741802215576 21
1777428480990 18.078452587127686 22
1777428481950 16.71411371231079 23
1777428482909 15.897417306900024 24
1777428483895 16.93927240371704 25
1777428484862 16.697393894195557 26
1777428485826 15.919093608856201 27
1777428486793 15.347355842590332 28
1777428487758 16.391964197158813 29
1777428488727 15.593342781066895 30
1777428489700 16.01363492012024 31
1777428490663 15.611422777175903 32
1777428491631 15.619481801986694 33
1777428492598 14.456238508224487 34
1777428493571 15.683593511581421 35
1777428494548 14.851770639419556 36
1777428495527 15.578879833221436 37
1777428496500 14.029013872146606 38
1777428497513 15.28790283203125 39
1777428498513 15.10530972480774 40
1777428499498 14.857672452926636 41
1777428500537 15.019571542739868 42
1777428501556 14.347240924835205 43
1777428502579 13.938987731933594 44
1777428503599 13.712137699127197 45
1777428504627 13.153500318527222 46
1777428505703 14.017375707626343 47
1777428506771 13.731855392456055 48
1777428507982 13.158761501312256 49
1777428511244 13.828473329544067 50
1777428512245 12.839462041854858 51
1777428513222 13.142098426818848 52
1777428514216 12.748106479644775 53
1777428515209 12.402287721633911 54
1777428516192 12.986424446105957 55
1777428517191 12.162720918655396 56
1777428518173 13.056935548782349 57
1777428519163 12.17132568359375 58
1777428520158 12.540058612823486 59
1777428521144 12.425896644592285 60
1777428522135 12.354891061782837 61
1777428523091 11.60833215713501 62
1777428524045 11.914342403411865 63
1777428525000 11.931455612182617 64
1777428525963 12.056334733963013 65
1777428526927 11.431731700897217 66
1777428527919 11.11855697631836 67
1777428528883 11.116161108016968 68
1777428529851 10.812081575393677 69
1777428530814 10.638804912567139 70
1777428531805 11.29824948310852 71
1777428532770 10.687103271484375 72
1777428533733 10.609630107879639 73
1777428534704 10.928277730941772 74
1777428535672 11.116576910018921 75
1777428536641 10.263543605804443 76
1777428537619 11.176921129226685 77
1777428538589 10.160648822784424 78
1777428539558 10.697134256362915 79
1777428540523 10.463350772857666 80
1777428541493 10.330651044845581 81
1777428542468 10.61144733428955 82
1777428543435 9.966853618621826 83
1777428544408 10.615138530731201 84
1777428545382 10.699110269546509 85
1777428546355 10.721346855163574 86
1777428547326 9.936607122421265 87
1777428548574 10.195003509521484 88
1777428549571 9.826496124267578 89
1777428550618 10.509891748428345 90
1777428551654 9.908258199691772 91
1777428552696 10.335289239883423 92
1777428553739 10.3059663772583 93
1777428554810 9.908820629119873 94
1777428555861 9.931998014450073 95
1777428556926 9.45278286933899 96
1777428558007 9.562092542648315 97
1777428559107 9.62297773361206 98
1777428560156 9.758393287658691 99
1777428561223 9.754361867904663 100
1777428562493 9.289977312088013 101
1777428565977 9.43069314956665 102
1777428569144 9.14387822151184 103
1777428575555 9.578605651855469 104
1777428593734 9.345696926116943 105
1777428594697 9.713640451431274 106
1777428595658 9.610363245010376 107
1777428596622 9.26580810546875 108
1777428597579 9.243005514144897 109
1777428598530 9.87318754196167 110
1777428599482 8.924278736114502 111
1777428600438 9.088521003723145 112
1777428601409 9.223327398300171 113
1777428602372 9.418342351913452 114
1777428603339 9.357437372207642 115
1777428604300 8.551595449447632 116
1777428605265 8.778738498687744 117
1777428606225 8.717770338058472 118
1777428607183 9.034034490585327 119
1777428608141 8.924278020858765 120
1777428609114 8.675448656082153 121
1777428610088 8.802143812179565 122
1777428611049 8.600025177001953 123
1777428612017 8.563872575759888 124
1777428613003 9.424949169158936 125
1777428613971 9.053462028503418 126
1777428614932 8.54922866821289 127
1777428615900 8.7505943775177 128
1777428616867 8.673798084259033 129
1777428617830 8.817295789718628 130
1777428618795 9.525705099105835 131
1777428619759 9.731781005859375 132
1777428620720 8.078277826309204 133
1777428621686 8.203763127326965 134
1777428622649 8.1430184841156 135
1777428623626 8.664791822433472 136
1777428624591 8.37570333480835 137
1777428625554 8.68165397644043 138
1777428626523 8.720308542251587 139
1777428627500 8.104930758476257 140
1777428628470 8.963512659072876 141
1777428629445 8.465166807174683 142
1777428630418 8.241948008537292 143
1777428631408 8.419798612594604 144
1777428632409 8.270603060722351 145
1777428633416 9.187759399414062 146
1777428634433 8.302855968475342 147
1777428635431 8.102282881736755 148
1777428636570 8.11329185962677 149
1777428637869 8.295186758041382 150
1777428639058 8.16393494606018 151
1777428640130 8.454530954360962 152
