1777412946799 -1.9048147156404371 1
1777412950536 -1.7835716318063852 2
1777412954403 -1.6381648566800764 3
1777412957831 -1.4296901698902307 4
1777412960981 -1.1456783381786244 5
1777412972445 -0.8424691222659277 6
1777412978361 -0.5543753715963511 7
1777412981619 -0.2615572674640261 8
1777412984260 0.030808666677280105 9
1777412987064 0.30510348199022785 10
1777412990369 0.5508018490669229 11
1777412996948 0.7368889256237522 12
1777413006455 0.8432885644144432 13
1777413010042 0.8985993682906921 14
1777413016486 0.9261753412282433 15
1777413020835 0.938150065434474 16
1777413032963 0.9467170633213948 17
1777413044925 0.9507873077050605 18
1777413053075 0.9525214972279973 19
1777413064408 0.9511016982678927 20
1777413077742 0.9620456858673626 21
1777413092739 0.9553418767227198 22
1777413104974 0.9609510664089587 23
1777413111519 0.9651080735590456 24
1777413115785 0.9602404547842578 25
1777413116775 0.9646762468849348 26
1777413127054 0.9670979673118503 27
1777413134422 0.9683749398054311 28
1777413142844 0.9718453873187363 29
1777413143893 0.9592133105027874 30
1777413150741 0.9603944223832451 31
1777413164045 0.9703543880060219 32
1777413168359 0.9742841372482856 33
1777413172294 0.9700656283894046 34
1777413185302 0.9706259050881124 35
1777413191385 0.9723573235434396 36
1777413204483 0.9680616639568388 37
1777413205690 0.9743647816246506 38
1777413209609 0.9689487894592382 39
1777413216519 0.9730053729824869 40
1777413220186 0.9732553757056814 41
1777413229469 0.977687002590566 42
1777413238774 0.9722330667874528 43
1777413244252 0.9722586732094354 44
1777413250914 0.9763208810126789 45
1777413256836 0.9773428457909408 46
1777413266428 0.9756082344733923 47
1777413267676 0.9781907978822763 48
1777413271312 0.9749580886149043 49
1777413277771 0.9754641744908135 50
1777413280595 0.9763772025931756 51
1777413287210 0.982127012276161 52
1777413302135 0.9793831070019671 53
1777413305695 0.9808264587135581 54
1777413312011 0.9820628395240023 55
1777413318755 0.9786419760355292 56
1777413327595 0.9797661896607426 57
1777413328472 0.9823104613223186 58
1777413329534 0.978865075385501 59
1777413345377 0.983728871601558 60
1777413352648 0.9843524672486482 61
1777413359051 0.9835017092983267 62
1777413361886 0.9855748972981602 63
1777413374450 0.9820204859938625 64
1777413375265 0.9833896393700431 65
1777413386292 0.9826853831127705 66
1777413388853 0.9847172247529644 67
1777413395931 0.9850413597137665 68
1777413399005 0.9851425040873352 69
1777413399835 0.9836155597768728 70
1777413404412 0.9850602322373203 71
1777413407443 0.9812872894334852 72
1777413410674 0.9852120101197499 73
1777413414736 0.9854538619626464 74
1777413415579 0.9866526978508549 75
1777413424482 0.9865699891024345 76
1777413433045 0.982359407751277 77
1777413433891 0.9875012759363331 78
1777413437010 0.9857591646119017 79
1777413450750 0.9869655715793774 80
1777413465758 0.9867907185510834 81
1777413469147 0.9876630460349151 82
1777413471985 0.9864683238032503 83
1777413479725 0.9862461086373266 84
1777413495571 0.9864811581049032 85
1777413508045 0.9872738452413343 86
1777413520893 0.9875344658046968 87
1777413538908 0.9877155040007618 88
1777413552347 0.9885750580938188 89
1777413558820 0.984873871093727 90
1777413572451 0.9872504203445254 91
1777413582833 0.9870967768120047 92
1777413594250 0.9875941944698327 93
1777413604678 0.9871536085349824 94
1777413609123 0.9877059333437433 95
1777413620626 0.9883096233115745 96
1777413630121 0.9891269145852982 97
1777413639997 0.9885544969161166 98
1777413647803 0.9870891384010048 99
1777413656107 0.98796299092087 100
1777413665815 0.9882799802825766 101
1777413680439 0.989389974053642 102
1777413683602 0.9894257964057184 103
1777413694407 0.9894593556634486 104
1777413699535 0.9874776518498152 105
1777413707580 0.9891452447143393 106
1777413711217 0.9897284634453651 107
1777413715245 0.9900517262195393 108
1777413722592 0.9851959019378851 109
1777413734271 0.9892627133383504 110
1777413744976 0.9890199506467378 111
1777413745825 0.9895711356912168 112
1777413749611 0.9874548329385998 113
1777413750459 0.988957074030432 114
1777413757215 0.989297695914095 115
1777413768882 0.990093545771633 116
1777413772647 0.9895581556294296 117
1777413776407 0.9891764096675435 118
1777413785438 0.9901539816126315 119
1777413792107 0.9895432313638632 120
1777413793027 0.9897510086742424 121
