1777412946799 153.70964816401903 1
1777412950536 148.5924766925393 2
1777412954403 142.89092562380225 3
1777412957831 135.6570703070666 4
1777412960981 125.77751859972432 5
1777412972445 113.88052615383613 6
1777412978361 101.8594650766616 7
1777412981619 88.78608011760768 8
1777412984260 75.09601852537735 9
1777412987064 60.70622288584119 10
1777412990369 46.73645595546764 11
1777412996948 33.98336921073091 12
1777413006455 25.190408409714816 13
1777413010042 19.93057432938754 14
1777413016486 16.992976349586314 15
1777413020835 15.570113183388488 16
1777413032963 14.322755018964365 17
1777413044925 13.68378976884157 18
1777413053075 13.538126585910394 19
1777413064408 13.717717084120572 20
1777413077742 11.772782534968133 21
1777413092739 13.016405075782602 22
1777413104974 12.239307978598937 23
1777413111519 11.394317718264375 24
1777413115785 12.261609522690287 25
1777413116775 11.237400585065139 26
1777413127054 11.207403434277996 27
1777413134422 10.64792541556731 28
1777413142844 9.977822576385107 29
1777413143893 12.65812421510057 30
1777413150741 11.97890781719536 31
1777413164045 10.136836091182117 32
1777413168359 9.553540868032815 33
1777413172294 10.231155317402735 34
1777413185302 10.148514786955158 35
1777413191385 9.728876305475433 36
1777413204483 10.523673786819865 37
1777413205690 9.358821963037629 38
1777413209609 10.552834399211065 39
1777413216519 9.47016029952188 40
1777413220186 9.583733824098854 41
1777413229469 8.491990493242394 42
1777413238774 9.777428985656075 43
1777413244252 9.825508552347516 44
1777413250914 8.89015415627454 45
1777413256836 8.77689772963406 46
1777413266428 9.025578079921674 47
1777413267676 8.381340150804832 48
1777413271312 9.103544235606812 49
1777413277771 8.910394907705154 50
1777413280595 8.75693731015561 51
1777413287210 7.403633710632928 52
1777413302135 8.191000256599706 53
1777413305695 7.75025851592112 54
1777413312011 7.399330167553427 55
1777413318755 8.331542168267285 56
1777413327595 7.884628192324313 57
1777413328472 7.271438209050723 58
1777413329534 8.168170041217294 59
1777413345377 6.858235102331839 60
1777413352648 6.767193606534179 61
1777413359051 6.9787707080709005 62
1777413361886 6.413945717721971 63
1777413374450 7.317880360426936 64
1777413375265 6.939917441480356 65
1777413386292 7.297475233747744 66
1777413388853 6.749462373226026 67
1777413395931 6.5150461012956296 68
1777413399005 6.462549578990238 69
1777413399835 6.899055665654787 70
1777413404412 6.411305874957529 71
1777413407443 7.332797616454897 72
1777413410674 6.505842473740394 73
1777413414736 6.398263615080912 74
1777413415579 6.00729124218255 75
1777413424482 6.0287185531223795 76
1777413433045 7.333147714777115 77
1777413433891 5.732270910053649 78
1777413437010 6.310892650045815 79
1777413450750 5.991858889488273 80
1777413465758 6.009101585158019 81
1777413469147 5.672392128105805 82
1777413471985 6.006011835922709 83
1777413479725 6.1314025314814025 84
1777413495571 6.168449557499645 85
1777413508045 5.792776040153616 86
1777413520893 5.785755083138818 87
1777413538908 5.734730968984723 88
1777413552347 5.451182387915138 89
1777413558820 6.489003941472749 90
1777413572451 5.782808176487773 91
1777413582833 5.909449264250924 92
1777413594250 5.736739816392093 93
1777413604678 5.759205638006344 94
1777413609123 5.558372920156115 95
1777413620626 5.4153937459581565 96
1777413630121 5.197159685131115 97
1777413639997 5.412254836934257 98
1777413647803 5.703528400462647 99
1777413656107 5.556346449017171 100
1777413665815 5.457707585637577 101
1777413680439 5.198697933834691 102
1777413683602 5.080597802415918 103
1777413694407 5.156052714120505 104
1777413699535 5.629506784565489 105
1777413707580 5.257689395172542 106
1777413711217 4.975604948917317 107
1777413715245 4.884986408999601 108
1777413722592 6.326435914497111 109
1777413734271 5.126264437817914 110
1777413744976 5.203959373809935 111
1777413745825 5.056114144329973 112
1777413749611 5.585273860163552 113
1777413750459 5.188697678823499 114
1777413757215 5.168315856463831 115
1777413768882 4.9087679977115135 116
1777413772647 4.934627379578723 117
1777413776407 5.026145156554723 118
1777413785438 4.850723043511577 119
1777413792107 4.857610124650271 120
1777413793027 4.8997088874718795 121
