1777372125444 50226.31171875 1
1777372126832 46781.44609375 2
1777372128031 41763.75546875 3
1777372129262 34809.1828125 4
1777372130487 27245.14375 5
1777372131743 19886.47421875 6
1777372133199 12812.4921875 7
1777372134459 6879.78916015625 8
1777372135659 3267.067822265625 9
1777372136864 1700.4212646484375 10
1777372138047 1086.593115234375 11
1777372139250 832.278759765625 12
1777372140510 723.9127807617188 13
1777372141773 605.7046997070313 14
1777372143026 643.9056762695312 15
1777372144289 542.2341491699219 16
1777372145526 504.1352172851563 17
1777372146782 512.8654235839844 18
1777372148253 468.8469604492187 19
1777372149555 485.1899108886719 20
1777372150865 509.3738159179687 21
1777372152421 416.6580810546875 22
1777372153719 393.0663146972656 23
1777372154938 448.28685302734374 24
1777372156203 420.88880615234376 25
1777372157456 390.2333190917969 26
1777372158711 383.39020385742185 27
1777372159951 359.24627075195315 28
1777372161217 350.8751281738281 29
1777372162480 435.8424865722656 30
1777372163715 395.9452209472656 31
1777372165003 319.2608154296875 32
1777372166281 307.11113891601565 33
1777372167552 346.8803283691406 34
1777372168803 334.7852294921875 35
1777372170046 303.29674072265624 36
1777372171317 315.35594482421874 37
1777372172616 275.426904296875 38
1777372174260 289.704345703125 39
1777372175491 265.8328552246094 40
1777372176718 246.72371826171874 41
1777372177990 248.2427947998047 42
1777372179238 245.38894653320312 43
1777372180492 245.1315185546875 44
1777372181732 258.76238403320315 45
1777372182940 209.8622039794922 46
1777372184124 215.46227111816407 47
1777372185328 214.9189880371094 48
1777372186521 207.62161254882812 49
1777372187739 204.27782592773437 50
1777372188920 208.7705291748047 51
1777372190140 204.35403747558593 52
1777372191349 190.41769104003907 53
