1777429169917 -2.8227586400555995 1
1777429170224 -2.76855742837687 2
1777429170506 -2.7155145422508022 3
1777429170797 -2.669660996721588 4
1777429171075 -2.6216017185339107 5
1777429171352 -2.5716406803934095 6
1777429171635 -2.5182587207873808 7
1777429171920 -2.459825057740774 8
1777429172203 -2.3985784186399153 9
1777429172488 -2.3275112848989448 10
1777429172767 -2.2470518859646043 11
1777429173062 -2.156034525121624 12
1777429173359 -2.0686297359719754 13
1777429173654 -1.9892998799553516 14
1777429173957 -1.914367448945924 15
1777429174262 -1.8339305145071498 16
1777429174569 -1.7563511341060183 17
1777429174876 -1.6483834338385503 18
1777429175169 -1.5322386571847777 19
1777429175472 -1.4208303790181613 20
1777429175770 -1.3065929784411043 21
1777429176072 -1.190040506293569 22
1777429176381 -1.0885417032299731 23
1777429176705 -0.9782234796099603 24
1777429177023 -0.8676104094856332 25
1777429177327 -0.7708163387084319 26
1777429177627 -0.6555525914901683 27
1777429177931 -0.5722903957261296 28
1777429178243 -0.45756737593631325 29
1777429178575 -0.35614754961494444 30
1777429178899 -0.23239696167697454 31
1777429179336 -0.141937001130245 32
1777429179685 -0.03027318932655665 33
1777429179999 0.05597502930914655 34
1777429180295 0.1376062675942631 35
1777429180590 0.2418197645440059 36
1777429180889 0.34622837792301697 37
1777429181184 0.45607379411289817 38
1777429181479 0.5492821014131573 39
1777429181775 0.6152728734195876 40
1777429182073 0.676409647096815 41
1777429182375 0.7272678171530464 42
1777429182681 0.7535036276650263 43
1777429182991 0.7908913929391282 44
1777429183297 0.8155040778324569 45
1777429183612 0.8298710880187017 46
1777429183915 0.8619044276116731 47
1777429184242 0.869146112238236 48
1777429184564 0.8865298913806539 49
1777429184859 0.8915725015268837 50
1777429185160 0.9087718919141856 51
1777429185458 0.9060285579899893 52
1777429185786 0.9055176662197169 53
1777429186104 0.9092117594614137 54
1777429186405 0.9195573891078788 55
1777429186695 0.9185586239969954 56
1777429186991 0.9223070685939332 57
1777429187285 0.9249248196324932 58
1777429187596 0.9331239590426614 59
1777429187897 0.9327948015314468 60
1777429188209 0.9358721631992952 61
1777429188502 0.9357276796369878 62
1777429188797 0.9343370143807872 63
1777429189090 0.9420674882587909 64
1777429189391 0.9394591826258187 65
1777429189682 0.9343878337206118 66
1777429189982 0.9474976274070356 67
1777429190285 0.9438837279054905 68
1777429190582 0.9381008813804432 69
1777429190874 0.947538931146321 70
1777429191164 0.9417107163102768 71
1777429191458 0.937691249859597 72
1777429191746 0.950016881278651 73
1777429192056 0.9377662613112245 74
1777429192348 0.9528348921002198 75
1777429192643 0.9427026532236551 76
1777429192942 0.9424957725504924 77
1777429193230 0.9505559962652776 78
1777429193519 0.9513929851980034 79
1777429193809 0.9420952014170183 80
1777429194107 0.9540374994734884 81
1777429194399 0.9548041799098963 82
1777429194756 0.9525592893708459 83
