1777228103605 160.6609344482422 1
1777228105428 128.0730438232422 2
1777228107278 77.89585876464844 3
1777228109099 35.21103286743164 4
1777228110934 24.33123207092285 5
1777228112776 21.248308181762695 6
1777228114595 20.89518165588379 7
1777228116406 18.885007858276367 8
1777228118218 18.143102645874023 9
1777228120019 17.792675018310547 10
1777228121827 17.26641845703125 11
1777228123660 16.906726837158203 12
1777228125473 17.058496475219727 13
1777228127286 16.060510635375977 14
1777228129093 15.651754379272461 15
1777228130906 15.581478118896484 16
1777228132721 14.5842924118042 17
1777228134590 14.96687126159668 18
1777228136409 14.436663627624512 19
1777228138244 14.6194429397583 20
1777228140048 13.930131912231445 21
1777228141862 13.86133861541748 22
1777228143672 13.645988464355469 23
1777228145536 13.853715896606445 24
1777228147357 13.151656150817871 25
1777228149195 13.194357872009277 26
1777228151428 13.005492210388184 27
1777228153458 12.070637702941895 28
1777228155286 12.512372016906738 29
1777228157146 11.690114974975586 30
1777228158976 11.4198637008667 31
1777228160803 11.10012435913086 32
1777228162661 11.202116966247559 33
1777228185367 11.089266777038574 34
1777228187267 10.388185501098633 35
1777228189169 10.600643157958984 36
1777228191038 10.263684272766113 37
1777228192866 10.641396522521973 38
1777228195043 10.0282621383667 39
1777228197488 10.045144081115723 40
1777228199456 10.053999900817871 41
1777228201291 9.901009559631348 42
1777228203400 10.065646171569824 43
1777228205274 9.958309173583984 44
1777228207089 9.601114273071289 45
1777228208912 9.513225555419922 46
1777228210743 9.53087043762207 47
1777228212554 9.47952651977539 48
1777228214369 9.384053230285645 49
1777228216175 9.118621826171875 50
