1777228103605 41846.2328125 1
1777228105428 29939.7287109375 2
1777228107278 13646.59150390625 3
1777228109099 2892.0886474609374 4
1777228110934 1180.3592041015625 5
1777228112776 872.6478881835938 6
1777228114595 835.6244689941407 7
1777228116406 683.5058288574219 8
1777228118218 627.0892517089844 9
1777228120019 603.5636352539062 10
1777228121827 574.0250366210937 11
1777228123660 551.3143585205078 12
1777228125473 565.5782165527344 13
1777228127286 504.0020385742188 14
1777228129093 483.6986358642578 15
1777228130906 472.57203369140626 16
1777228132721 418.0260284423828 17
1777228134590 437.5289703369141 18
1777228136409 410.7922088623047 19
1777228138244 424.38585510253904 20
1777228140048 379.8423828125 21
1777228141862 373.64478759765626 22
1777228143672 365.9093383789062 23
1777228145536 378.5720153808594 24
1777228147357 339.75120544433594 25
1777228149195 339.61704406738284 26
1777228151428 331.6537322998047 27
1777228153458 281.23438568115233 28
1777228155286 307.5792724609375 29
1777228157146 260.08124084472655 30
1777228158976 251.6327331542969 31
1777228160803 235.3880157470703 32
1777228162661 237.12776794433594 33
1777228185367 233.68114166259767 34
1777228187267 200.688037109375 35
1777228189169 215.4789276123047 36
1777228191038 201.36357574462892 37
1777228192866 215.20962829589843 38
1777228195043 187.7795425415039 39
1777228197488 192.28642578125 40
1777228199456 191.31630249023436 41
1777228201291 186.93563537597657 42
1777228203400 190.20998992919922 43
1777228205274 186.52914428710938 44
1777228207089 173.91949157714845 45
1777228208912 168.56819610595704 46
1777228210743 172.05306243896484 47
1777228212554 171.4673629760742 48
1777228214369 168.02774658203126 49
1777228216175 155.29149932861327 50
