1777439504048 50108.203125 1
1777439509322 46544.013671875 2
1777439511218 41546.5107421875 3
1777439513489 35063.400390625 4
1777439519160 28242.96142578125 5
1777439521171 21601.71044921875 6
1777439525276 15012.609130859375 7
1777439532644 8640.486328125 8
1777439538672 3967.8200073242188 9
1777439542792 2046.1240234375 10
1777439550866 1422.5740661621094 11
1777439559759 1119.5049438476562 12
1777439570197 932.3003692626953 13
1777439574935 839.3768615722656 14
1777439579772 743.9148712158203 15
1777439584491 702.1524963378906 16
1777439596219 673.8039245605469 17
1777439602714 613.6842041015625 18
1777439608004 531.0111694335938 19
1777439616448 546.7845916748047 20
1777439620546 568.0943450927734 21
1777439631002 495.6786575317383 22
1777439644314 538.888427734375 23
1777439647872 545.1426696777344 24
1777439652611 444.43768310546875 25
1777439657455 397.94530487060547 26
1777439662877 436.16114807128906 27
1777439669513 422.9872512817383 28
1777439671318 448.68780517578125 29
1777439673792 443.1495361328125 30
1777439677292 444.51566314697266 31
1777439681871 454.0430145263672 32
1777439686108 417.16998291015625 33
1777439694102 428.51988983154297 34
1777439696734 353.24147033691406 35
1777439701754 383.61141204833984 36
1777439706747 344.28372955322266 37
1777439712292 444.46412658691406 38
1777439717238 442.85589599609375 39
1777439722556 449.2862854003906 40
1777439726388 413.2290496826172 41
1777439731039 424.42305755615234 42
1777439738859 391.69771575927734 43
1777439748269 369.0113296508789 44
1777439752035 462.86507415771484 45
1777439756738 370.01866149902344 46
1777439761746 357.17723846435547 47
1777439766708 362.2191696166992 48
1777439774452 355.57032012939453 49
1777439776286 380.7911376953125 50
1777439780198 366.7756652832031 51
1777439782158 359.8593292236328 52
