1777439504048 191.3530731201172 1
1777439509322 181.84988403320312 2
1777439511218 168.46383666992188 3
1777439513489 151.01638793945312 4
1777439519160 131.2259063720703 5
1777439521171 109.40934753417969 6
1777439525276 86.41242980957031 7
1777439532644 62.541812896728516 8
1777439538672 42.204986572265625 9
1777439542792 30.751705169677734 10
1777439550866 26.679683685302734 11
1777439559759 23.975854873657227 12
1777439570197 22.38486099243164 13
1777439574935 21.260101318359375 14
1777439579772 20.322877883911133 15
1777439584491 19.528392791748047 16
1777439596219 19.08965492248535 17
1777439602714 18.419719696044922 18
1777439608004 16.923202514648438 19
1777439616448 17.356460571289062 20
1777439620546 17.46748161315918 21
1777439631002 16.54828453063965 22
1777439644314 17.252376556396484 23
1777439647872 17.248016357421875 24
1777439652611 15.647482872009277 25
1777439657455 14.89533519744873 26
1777439662877 15.52202320098877 27
1777439669513 15.316462516784668 28
1777439671318 15.818534851074219 29
1777439673792 15.543098449707031 30
1777439677292 15.577595710754395 31
1777439681871 15.667226791381836 32
1777439686108 15.265557289123535 33
1777439694102 15.434682846069336 34
1777439696734 14.06322956085205 35
1777439701754 14.44311809539795 36
1777439706747 13.910067558288574 37
1777439712292 15.450163841247559 38
1777439717238 15.551488876342773 39
1777439722556 15.651629447937012 40
1777439726388 14.930078506469727 41
1777439731039 15.196752548217773 42
1777439738859 14.601380348205566 43
1777439748269 14.09709644317627 44
1777439752035 15.824289321899414 45
1777439756738 14.314066886901855 46
1777439761746 14.091447830200195 47
1777439766708 14.07429027557373 48
1777439774452 14.028813362121582 49
1777439776286 14.3679780960083 50
1777439780198 14.170117378234863 51
1777439782158 13.954719543457031 52
