1777439504048 223.84858857793046 1
1777439509322 215.74061218513432 2
1777439511218 203.82957182575035 3
1777439513489 187.2522191227382 4
1777439519160 168.05616744368052 5
1777439521171 146.97519345832302 6
1777439525276 122.52589917975135 7
1777439532644 92.95332602903586 8
1777439538672 62.988353231739644 9
1777439542792 45.23035534242702 10
1777439550866 37.714289897241784 11
1777439559759 33.45600874885709 12
1777439570197 30.52401725141265 13
1777439574935 28.970542551080584 14
1777439579772 27.266659771366456 15
1777439584491 26.49573136742743 16
1777439596219 25.95483514896417 17
1777439602714 24.76987694315259 18
1777439608004 23.036728216029285 19
1777439616448 23.372779974182443 20
1777439620546 23.82838130106164 21
1777439631002 22.26173582841316 22
1777439644314 23.21121153777583 23
1777439647872 23.34687722440665 24
1777439652611 21.079947824998673 25
1777439657455 19.93907370131624 26
1777439662877 20.88048055353294 27
1777439669513 20.56053992973794 28
1777439671318 21.171719615493892 29
1777439673792 21.0489863743927 30
1777439677292 21.07866040348782 31
1777439681871 21.30751162574119 32
1777439686108 20.42246002938484 33
1777439694102 20.6849139216382 34
1777439696734 18.789591391216984 35
1777439701754 19.58278103982596 36
1777439706747 18.554711547431744 37
1777439712292 21.078111082872187 38
1777439717238 21.032069826717667 39
1777439722556 21.188254132410634 40
1777439726388 20.324787967358333 41
1777439731039 20.594995217355873 42
1777439738859 19.78918141812458 43
1777439748269 19.191180912915307 44
1777439752035 21.51268046454677 45
1777439756738 19.225395613250893 46
1777439761746 18.892039253812346 47
1777439766708 19.03060211385435 48
1777439774452 18.846499349070033 49
1777439776286 19.51317584647139 50
1777439780198 19.144281026038904 51
1777439782158 18.969207823068345 52
