1777385564021 220.45610567922586 1
1777385564643 218.21292998468263 2
1777385565033 216.42309726840617 3
1777385565401 214.56210857814574 4
1777385565748 212.3951487646316 5
1777385566120 209.75612699632876 6
1777385566921 206.63690036813367 7
1777385567437 203.07123326864885 8
1777385567827 199.175154543683 9
1777385568219 195.10520999899003 10
1777385568720 190.84724749128554 11
1777385569126 186.2603185061166 12
1777385569886 181.3044530272216 13
1777385570264 176.1084205290877 14
1777385570855 170.84735968840724 15
1777385571232 165.23257165091573 16
1777385571612 159.5181526210262 17
1777385571983 153.37428050972235 18
1777385572348 146.8661300513158 19
1777385572902 140.31989819026023 20
1777385573272 133.59476973295025 21
1777385573852 125.88558948753824 22
1777385574228 117.72660164285301 23
1777385574615 108.86211444270913 24
1777385574979 100.39186891252697 25
1777385575455 90.99718831507927 26
1777385575830 82.37039713524969 27
1777385576228 76.43917043861576 28
1777385577020 69.69938239503992 29
1777385577761 61.13612061736192 30
1777385578353 53.81300812768229 31
1777385579306 47.8602906580706 32
1777385579674 42.8948085391388 33
1777385580042 40.628233044429834 34
1777385580408 36.05933322588359 35
1777385580779 37.53283718542338 36
1777385581145 32.734641630775684 37
1777385581505 35.578957019805785 38
1777385581872 34.03165891627603 39
1777385582234 29.08404464361914 40
1777385582607 28.415572547171976 41
1777385582965 27.93569319171376 42
1777385583329 31.60808801600223 43
1777385583694 26.355378142444664 44
1777385584068 28.984729824310616 45
1777385584437 27.197722799680882 46
1777385584803 24.681878562915976 47
1777385585174 26.198779315030237 48
1777385585573 27.03405309707497 49
1777385585954 27.843030995205964 50
1777385586325 21.606642853087088 51
1777385586680 25.420200323220435 52
1777385587172 27.2688718070423 53
1777385587549 25.25942062039676 54
1777385587927 21.512017018882798 55
1777385588289 23.536226959565706 56
1777385589359 24.68378754720963 57
1777385590023 26.541579537321013 58
1777385590377 22.047072249516276 59
1777385590892 24.19148793230599 60
1777385591443 22.912022049451053 61
1777385591797 22.872086136134367 62
1777385592153 22.18299979119885 63
1777385592507 21.699837904645523 64
1777385592861 21.100335343575185 65
1777385593354 21.955717429226294 66
1777385593715 20.271670955067982 67
1777385594081 25.160426429324858 68
1777385594454 21.30232241868683 69
1777385594915 22.604707669817156 70
1777385595270 17.472547524393445 71
1777385595641 18.418961648077758 72
1777385596010 21.277815262927753 73
1777385596390 22.013791703077512 74
1777385596794 23.822483963422034 75
1777385597521 19.428500039105728 76
1777385607611 18.620010014745393 77
1777385608046 21.89684107742306 78
1777385608395 20.72200642536742 79
1777385608752 18.401796070840817 80
1777385609107 16.719921833932492 81
1777385609717 17.0700970738695 82
1777385610054 17.569008920906455 83
1777385610395 18.41125731045963 84
1777385610751 18.588915797521484 85
1777385611108 16.28743621977631 86
1777385611466 17.9054677103331 87
1777385611813 18.111210069340515 88
1777385612169 17.100135740221024 89
1777385612518 18.18525393535541 90
1777385612879 18.34040659080424 91
1777385613220 21.338560576582214 92
1777385613561 17.802729125239214 93
1777385613907 17.048476272467596 94
1777385614266 18.79217506053675 95
1777385614611 17.99267429052724 96
1777385614973 16.695255834602012 97
1777385615386 14.587903046127058 98
1777385615727 15.088319295083553 99
1777385616086 15.224104109840606 100
1777385616450 16.10744733404833 101
1777385616797 18.549692584264115 102
1777385617145 16.343328933689293 103
1777385617517 17.117421944708937 104
1777385617912 15.794058075992139 105
1777385618257 15.935331309249484 106
1777385618605 14.30180338978953 107
1777385619318 14.800560110679722 108
1777385619685 15.134525042650052 109
1777385620055 14.453756320671237 110
1777385620686 19.229163051727497 111
1777385621067 14.767993878265138 112
1777385621408 13.816191995440814 113
1777385622011 13.682139561967787 114
1777385622369 16.586467402039116 115
1777385622720 16.68981688913838 116
1777385623062 15.735647777003464 117
1777385623424 15.523670949270052 118
