1777204047700 45829.62109375 1
1777204049306 44942.18359375 2
1777204049737 44091.90625 3
1777204050144 43142.37890625 4
1777204050557 42029.1328125 5
1777204050976 40894.44921875 6
1777204051391 39629.87890625 7
1777204051822 38171.29296875 8
1777204052236 36708.171875 9
1777204052676 35309.109375 10
1777204054636 33776.41796875 11
1777204055070 32282.99609375 12
1777204055492 30724.05078125 13
1777204055932 29135.376953125 14
1777204056357 27490.74609375 15
1777204056783 25901.228515625 16
1777204057209 24314.138671875 17
1777204057638 22630.763671875 18
1777204058085 21214.216796875 19
1777204058517 19697.2421875 20
1777204059049 17847.4375 21
1777204059502 16143.7822265625 22
1777204060031 13833.642578125 23
1777204060505 11141.3896484375 24
1777204061016 9379.0517578125 25
1777204061554 7570.90966796875 26
1777204062011 6321.7646484375 27
1777204062488 4816.37890625 28
1777204062943 4085.197265625 29
1777204063576 3192.512451171875 30
1777204064097 2411.662353515625 31
1777204064567 2118.0703125 32
1777204065112 1529.48779296875 33
1777204065834 1508.76025390625 34
1777204066473 1283.6148681640625 35
1777204099170 1343.066162109375 36
1777204099859 1149.98876953125 37
1777204100306 1024.363525390625 38
1777204100745 1052.6241455078125 39
1777204101174 911.8905029296875 40
1777204102865 973.8213500976562 41
1777204103277 980.515625 42
1777204103690 1097.800048828125 43
1777204104098 882.491455078125 44
1777204104518 741.0953979492188 45
1777204104948 769.1067504882812 46
1777204105363 722.3255004882812 47
1777204105770 734.8905029296875 48
1777204106202 666.765869140625 49
1777204106614 641.668212890625 50
1777204107025 654.2572631835938 51
1777204107446 641.6812744140625 52
1777204107857 603.5494384765625 53
1777204108276 609.5604858398438 54
1777204108686 571.9228515625 55
1777204109104 448.4443054199219 56
1777204109526 609.3452758789062 57
1777204109948 499.47015380859375 58
1777204110352 571.8670654296875 59
1777204110761 536.60498046875 60
1777204111170 445.13482666015625 61
1777204111576 481.8205871582031 62
1777204112368 522.3546752929688 63
1777204112779 476.1392517089844 64
1777204113185 436.6772766113281 65
1777204113588 487.4108581542969 66
1777204115519 401.1716003417969 67
1777204116296 607.9013061523438 68
1777204116695 553.2247314453125 69
1777204117090 441.4333190917969 70
1777204117489 437.9474182128906 71
1777204117884 441.8679504394531 72
1777204118285 340.4696044921875 73
1777204118682 551.065673828125 74
1777204119076 467.6427917480469 75
1777204119472 485.2597351074219 76
1777204119869 507.3389892578125 77
1777204120646 365.73980712890625 78
1777204121039 432.3970642089844 79
1777204121434 365.818115234375 80
1777204121829 406.42852783203125 81
1777204122222 428.7471008300781 82
1777204122616 373.3629150390625 83
1777204123041 434.923095703125 84
1777204123433 410.97149658203125 85
1777204123826 459.4018249511719 86
1777204124217 370.5281982421875 87
1777204124610 419.8669738769531 88
1777204125002 266.2799377441406 89
1777204125391 372.5802917480469 90
1777204125781 312.3212890625 91
1777204126174 326.2809753417969 92
1777204126566 314.46441650390625 93
1777204126955 446.32867431640625 94
1777204127349 261.029296875 95
1777204127738 316.26177978515625 96
1777204128257 297.67864990234375 97
1777204128651 314.2251281738281 98
1777204129044 345.2861633300781 99
1777204129437 268.5894775390625 100
1777204129829 258.4977722167969 101
1777204130220 278.0979919433594 102
1777204130990 267.4673156738281 103
1777204131394 330.36480712890625 104
1777204131781 221.35853576660156 105
1777204132168 258.9606018066406 106
1777204133102 348.4646911621094 107
1777204133491 297.7142333984375 108
1777204133882 314.4248046875 109
1777204134269 341.4735107421875 110
1777204134656 339.1654968261719 111
1777204135042 280.7498474121094 112
1777204135432 306.8024597167969 113
1777204135821 305.55133056640625 114
1777204136205 308.6579895019531 115
1777204136590 237.66259765625 116
