1777218733976 162.5716094970703 1
1777218735075 160.73812866210938 2
1777218736517 158.51756286621094 3
1777218737225 156.37698364257812 4
1777218737927 154.01962280273438 5
1777218739788 151.32972717285156 6
1777218742746 148.2970733642578 7
1777218744230 144.9447784423828 8
1777218747465 141.23141479492188 9
1777218748211 136.81529235839844 10
1777218749271 131.90487670898438 11
1777218750423 126.9034194946289 12
1777218752480 121.79963684082031 13
1777218753174 116.39494323730469 14
1777218753843 111.03487396240234 15
1777218758081 105.26759338378906 16
1777218758838 99.18787384033203 17
1777218930068 92.9302978515625 18
1777219044647 86.48014068603516 19
1777219045425 79.2081069946289 20
1777219047727 72.20590209960938 21
1777219183367 65.57872772216797 22
1777219184175 59.63619613647461 23
1777219184795 53.28535079956055 24
1777219189008 46.89568328857422 25
1777219214451 42.188716888427734 26
1777219215059 38.31536102294922 27
1777219216959 33.44852828979492 28
1777219218467 30.716182708740234 29
1777219219272 27.75446891784668 30
1777219220026 25.75996971130371 31
1777219220873 25.043201446533203 32
1777219221676 24.261211395263672 33
1777219223987 23.106788635253906 34
1777219228260 22.266714096069336 35
1777219228873 21.33426284790039 36
1777219230652 20.765222549438477 37
1777219233562 19.61427879333496 38
1777219234462 19.832115173339844 39
1777219235245 19.145776748657227 40
1777219236353 19.93144989013672 41
1777219237171 17.708778381347656 42
1777219237918 19.415550231933594 43
1777219238613 18.674190521240234 44
1777219239313 17.78407096862793 45
1777219240088 18.22981834411621 46
1777219240777 18.000314712524414 47
1777219241466 17.854829788208008 48
1777219242918 18.005041122436523 49
1777219243812 18.230545043945312 50
1777219244659 17.914127349853516 51
1777219245397 17.499481201171875 52
1777219246325 17.846145629882812 53
1777219247375 17.00454330444336 54
1777219248146 17.514223098754883 55
1777219248895 18.451942443847656 56
1777219250167 17.262592315673828 57
1777219250917 16.075660705566406 58
1777219251712 16.13876724243164 59
1777219253280 17.47770881652832 60
1777219254084 17.95685386657715 61
1777219254974 17.196969985961914 62
1777219255759 15.461323738098145 63
1777219256608 15.304190635681152 64
1777219259677 16.760417938232422 65
1777219260705 15.770410537719727 66
1777219264698 15.500277519226074 67
1777219267164 15.990650177001953 68
1777219269558 14.887860298156738 69
1777219271497 15.597187995910645 70
1777219273224 15.563302040100098 71
1777219274294 15.71059799194336 72
1777219275149 15.951558113098145 73
1777219275831 15.275810241699219 74
1777219276452 15.811504364013672 75
1777219277115 15.193291664123535 76
1777219278140 14.738572120666504 77
1777219279278 14.555782318115234 78
1777219279952 15.475112915039062 79
1777219280596 14.8858060836792 80
1777219281262 15.280423164367676 81
1777219282406 16.038843154907227 82
1777219283041 13.463469505310059 83
1777219287266 15.548314094543457 84
1777219288111 13.72878646850586 85
1777219288875 14.547062873840332 86
1777219290059 14.684542655944824 87
1777219290776 13.410120964050293 88
1777219291439 14.269159317016602 89
1777219292110 15.499418258666992 90
1777219293580 13.315228462219238 91
1777219294390 13.67707633972168 92
1777219295095 13.323565483093262 93
1777219297823 13.928990364074707 94
1777219298495 14.276652336120605 95
1777219299162 13.079151153564453 96
1777219299818 13.680743217468262 97
1777219300475 12.493346214294434 98
1777219301147 14.573165893554688 99
1777219301806 14.078771591186523 100
1777219302545 12.412261962890625 101
1777219304459 13.097752571105957 102
1777219305460 12.870047569274902 103
1777219306091 12.658413887023926 104
1777219306688 12.361917495727539 105
1777219307994 12.227411270141602 106
1777219308583 12.207161903381348 107
1777219309181 12.980361938476562 108
1777219312021 12.18663501739502 109
1777219320128 13.549774169921875 110
1777219323993 13.551239013671875 111
1777219324650 12.67703914642334 112
1777219325289 11.967784881591797 113
1777219329223 11.321797370910645 114
1777219330386 11.664982795715332 115
1777219331026 11.861639976501465 116
1777219331669 13.107538223266602 117
1777219332329 11.497718811035156 118
1777219333806 12.029752731323242 119
1777219334448 11.488801002502441 120
1777219336229 11.701165199279785 121
1777219338087 11.593091011047363 122
1777219339102 11.315742492675781 123
1777219339732 11.697787284851074 124
1777219341882 11.300674438476562 125
1777219343142 11.448070526123047 126
1777219343777 11.284029960632324 127
1777219344410 11.285600662231445 128
1777219345046 10.852298736572266 129
1777219345685 10.65071964263916 130
1777219346314 11.177736282348633 131
1777219350440 10.949179649353027 132
1777219352255 10.642335891723633 133
1777219352864 11.474902153015137 134
1777219353547 11.360837936401367 135
1777219354407 10.886937141418457 136
1777219356619 12.010579109191895 137
1777219357273 10.723057746887207 138
1777219357936 11.530030250549316 139
1777219359398 10.247002601623535 140
1777219364952 11.010785102844238 141
1777219365574 11.809361457824707 142
1777219366663 10.948270797729492 143
1777219367268 10.238258361816406 144
1777219369596 9.984315872192383 145
1777219370270 11.129639625549316 146
1777219370947 11.0787992477417 147
1777219371623 11.137493133544922 148
1777219372310 10.193713188171387 149
1777219373105 11.014694213867188 150
1777219374857 10.741311073303223 151
1777219375519 10.531940460205078 152
1777219376178 10.223695755004883 153
1777219376838 10.252302169799805 154
1777219378142 10.98599910736084 155
1777219378841 10.656554222106934 156
1777219379943 10.079866409301758 157
1777219383509 9.978290557861328 158
1777219387312 10.222137451171875 159
1777219388340 11.157526969909668 160
1777219389367 10.683505058288574 161
1777219393369 10.868095397949219 162
1777219395228 10.61076545715332 163
1777219395979 10.639616012573242 164
1777219396920 9.673234939575195 165
1777219397777 9.955930709838867 166
1777219398823 10.067744255065918 167
1777219400519 9.571883201599121 168
1777219403914 9.792824745178223 169
1777219436921 9.897311210632324 170
1777219437526 10.183234214782715 171
1777219439228 9.664419174194336 172
1777219439921 9.529619216918945 173
1777219440623 9.757917404174805 174
1777219441303 9.915696144104004 175
1777219443068 10.261849403381348 176
1777219443850 9.894563674926758 177
1777219444634 10.188288688659668 178
1777219445284 10.277825355529785 179
1777219447874 9.46251392364502 180
1777219448664 9.386964797973633 181
1777219449418 9.639455795288086 182
1777219450139 9.634522438049316 183
1777219451987 9.89045524597168 184
1777219455919 9.474010467529297 185
1777219456984 10.498878479003906 186
1777219457788 9.941396713256836 187
1777219458605 9.520054817199707 188
1777219459803 9.834983825683594 189
1777219461075 9.778717994689941 190
1777219461786 9.746825218200684 191
1777219462489 9.297575950622559 192
1777219463342 9.733820915222168 193
1777219464058 9.935318946838379 194
1777219464718 9.432382583618164 195
1777219466448 9.42335319519043 196
1777219467195 10.186986923217773 197
1777219468353 9.80375862121582 198
1777219469273 9.80384349822998 199
