1777216760914 -1.630812268121006 1
1777216780767 -1.3347641545394673 2
1777216782516 -0.8353399814190634 3
1777216783983 -0.2428750827581596 4
1777216785522 0.32204307514747055 5
1777216787136 0.7147596896547586 6
1777216788589 0.8828310568662215 7
1777216790161 0.9256018796482579 8
1777216791658 0.939271868116499 9
1777216793072 0.9467779885938858 10
1777216794485 0.9511850904874649 11
1777216796576 0.953021447041446 12
1777216798856 0.9601551533319176 13
1777216840429 0.9636133101712515 14
1777216841986 0.9598169538198419 15
1777216843379 0.962742731243382 16
1777216844714 0.9634952220401862 17
1777216846116 0.9631370801500682 18
1777216847611 0.9615264993586319 19
1777216848998 0.9621573098605909 20
1777216850614 0.9635420433214344 21
1777216851954 0.9682353160899568 22
1777216853210 0.9667548772359325 23
1777216854543 0.9710199558635342 24
1777216855738 0.9602355682366368 25
1777216856915 0.9694547704613808 26
1777216858100 0.96989879378222 27
1777216859368 0.9703460052116518 28
1777216860622 0.9726363098615094 29
1777216861856 0.973342247363802 30
1777216863106 0.9772639758118368 31
1777216864341 0.9743953456722501 32
1777216865522 0.9740645716715142 33
1777216866967 0.9780153978570686 34
1777216868485 0.9732511542361222 35
1777216870107 0.9755018266193489 36
1777216871657 0.9763348370692894 37
1777216873143 0.9735022340419408 38
1777216874652 0.9812683262796515 39
1777216876179 0.9777954321810159 40
1777216877740 0.9800033326771057 41
1777216879249 0.9817127629592458 42
1777216880864 0.9835322753014795 43
1777216882439 0.9836218725726338 44
1777216884137 0.9821706654454505 45
1777216885754 0.985553598622069 46
1777216887127 0.9835028436597636 47
1777216888495 0.9850386956801953 48
1777216910219 0.9851278546972466 49
1777216911439 0.9855494854710893 50
1777216912903 0.9853003020872204 51
1777216914245 0.9829221740798137 52
1777216915721 0.986788354840045 53
1777216917043 0.9864135407574011 54
1777216918346 0.9841983696442562 55
1777216919727 0.9850737504068254 56
1777216921140 0.9887373329183688 57
1777216922365 0.9874270194187468 58
1777216923620 0.9878777159479719 59
1777216924814 0.987850531000939 60
1777216925967 0.989220368920138 61
1777216927106 0.982505496544395 62
1777216928256 0.9864930860345061 63
1777216929393 0.988726025621046 64
1777216930648 0.9898150758402189 65
1777216931786 0.9889808828027432 66
1777216932905 0.9892074018957528 67
1777216934052 0.9888232934458167 68
1777216935188 0.9890515070068886 69
1777216936308 0.9893494441318433 70
1777216937427 0.9902783732813675 71
1777216939270 0.9892325232698017 72
1777216940544 0.9905935322642028 73
1777216941913 0.990946634149209 74
1777216943058 0.9904767521187378 75
