1777121718273 193.79481506347656 1
1777121718915 190.09629821777344 2
1777121719553 186.47842407226562 3
1777121720206 182.19715881347656 4
1777121720845 177.03929138183594 5
1777121721477 171.10121154785156 6
1777121722117 164.4071502685547 7
1777121722753 157.13153076171875 8
1777121723400 149.23533630371094 9
1777121724034 141.04409790039062 10
1777121724666 132.02174377441406 11
1777121725298 122.07880401611328 12
1777121725930 111.59439086914062 13
1777121726566 100.70376586914062 14
1777121727199 90.2584228515625 15
1777121727835 79.4530029296875 16
1777121728472 68.51203918457031 17
1777121729103 58.17936325073242 18
1777121729739 49.41376495361328 19
1777121730378 41.70820617675781 20
1777121731042 35.92942428588867 21
1777121731685 32.13054275512695 22
1777121732321 28.211978912353516 23
1777121732959 27.491636276245117 24
1777121733596 24.686765670776367 25
1777121734234 24.4473876953125 26
1777121734872 24.3501033782959 27
1777121735508 21.668548583984375 28
1777121736145 20.970121383666992 29
1777121736780 21.72787857055664 30
1777121737412 19.85574722290039 31
1777121738044 19.840242385864258 32
1777121738677 20.938993453979492 33
1777121739316 19.01349449157715 34
1777121739953 20.039833068847656 35
1777121740590 20.64927101135254 36
1777121741251 17.391019821166992 37
1777121741883 17.877059936523438 38
1777121742520 17.939559936523438 39
1777121743153 16.383609771728516 40
1777121743785 17.89570426940918 41
1777121744417 18.475679397583008 42
1777121745050 16.256940841674805 43
1777121745680 16.469179153442383 44
1777121746310 16.72051429748535 45
1777121746947 17.049415588378906 46
1777121747582 16.266462326049805 47
1777121748215 17.319255828857422 48
1777121748849 17.45652961730957 49
1777121749485 17.833349227905273 50
1777121750115 16.243680953979492 51
1777121750747 15.600358009338379 52
1777121751410 16.112224578857422 53
1777121752047 15.992040634155273 54
1777121752683 15.530388832092285 55
1777121753319 15.689899444580078 56
1777121753954 15.4210205078125 57
1777121754588 17.123701095581055 58
1777121755224 14.52209758758545 59
1777121755860 15.408321380615234 60
1777121756494 16.785633087158203 61
1777121757131 15.914587020874023 62
1777121757769 14.408458709716797 63
1777121758401 15.339582443237305 64
1777121759031 14.80085563659668 65
1777121759657 15.491896629333496 66
1777121760292 15.089737892150879 67
