1777121718273 50993.66015625 1
1777121718915 49574.59375 2
1777121719553 48191.69140625 3
1777121720206 46535.4609375 4
1777121720845 44406.671875 5
1777121721477 41979.48046875 6
1777121722117 39366.6484375 7
1777121722753 36658.4765625 8
1777121723400 33930.71484375 9
1777121724034 31005.369140625 10
1777121724666 27974.783203125 11
1777121725298 24772.763671875 12
1777121725930 21518.572265625 13
1777121726566 18338.0859375 14
1777121727199 15393.66796875 15
1777121727835 12325.7783203125 16
1777121728472 9660.6728515625 17
1777121729103 7317.32080078125 18
1777121729739 5429.81787109375 19
1777121730378 3906.92041015625 20
1777121731042 2840.54248046875 21
1777121731685 2111.883056640625 22
1777121732321 1652.560791015625 23
1777121732959 1459.9478759765625 24
1777121733596 1190.63623046875 25
1777121734234 1162.707275390625 26
1777121734872 1061.1917724609375 27
1777121735508 888.3434448242188 28
1777121736145 825.6240234375 29
1777121736780 864.900634765625 30
1777121737412 733.6011352539062 31
1777121738044 723.9181518554688 32
1777121738677 803.714599609375 33
1777121739316 665.2015380859375 34
1777121739953 726.3869018554688 35
1777121740590 765.6466674804688 36
1777121741251 541.744140625 37
1777121741883 582.748291015625 38
1777121742520 586.3045654296875 39
1777121743153 483.2809753417969 40
1777121743785 591.9807739257812 41
1777121744417 611.1954345703125 42
1777121745050 466.6506042480469 43
1777121745680 473.0194396972656 44
1777121746310 507.64306640625 45
1777121746947 508.3476867675781 46
1777121747582 471.0140686035156 47
1777121748215 535.9226684570312 48
1777121748849 552.91552734375 49
1777121749485 545.8297119140625 50
1777121750115 473.6335754394531 51
1777121750747 436.5829772949219 52
1777121751410 453.5960693359375 53
1777121752047 479.2442321777344 54
1777121752683 429.0262145996094 55
1777121753319 446.9159851074219 56
1777121753954 414.5470886230469 57
1777121754588 541.8634033203125 58
1777121755224 366.7082214355469 59
1777121755860 414.5182800292969 60
1777121756494 504.7037658691406 61
1777121757131 437.3183288574219 62
1777121757769 357.40594482421875 63
1777121758401 410.8247985839844 64
1777121759031 402.67572021484375 65
1777121759657 442.7775573730469 66
1777121760292 403.3729553222656 67
