1777121718273 225.8177587264784 1
1777121718915 222.65352849213954 2
1777121719553 219.5260608817322 3
1777121720206 215.72079393860017 4
1777121720845 210.72890612111098 5
1777121721477 204.8889466729477 6
1777121722117 198.41030325439252 7
1777121722753 191.46403464489094 8
1777121723400 184.2029175766497 9
1777121724034 176.08341529123348 10
1777121724666 167.25663874156086 11
1777121725298 157.39365829624458 12
1777121725930 146.69210021546832 13
1777121726566 135.41818909400612 14
1777121727199 124.07122135592121 15
1777121727835 111.02152187892445 16
1777121728472 98.28872189403269 17
1777121729103 85.54133971818099 18
1777121729739 73.6872978951851 19
1777121730378 62.505363051151456 20
1777121731042 53.29673986716964 21
1777121731685 45.9552288280738 22
1777121732321 40.6517009609146 23
1777121732959 38.20926426897752 24
1777121733596 34.50559708900499 25
1777121734234 34.098493740788975 26
1777121734872 32.57593855073001 27
1777121735508 29.80509092125402 28
1777121736145 28.73367403304875 29
1777121736780 29.40919303152715 30
1777121737412 27.08507218476455 31
1777121738044 26.90572711999192 32
1777121738677 28.34986066296226 33
1777121739316 25.79150127631072 34
1777121739953 26.951565851643366 35
1777121740590 27.670321058500004 36
1777121741251 23.275397754388646 37
1777121741883 24.140180012079963 38
1777121742520 24.213726797618072 39
1777121743153 21.98365245680974 40
1777121743785 24.33065502459359 41
1777121744417 24.722367090760393 42
1777121745050 21.602097218743527 43
1777121745680 21.74901008545597 44
1777121746310 22.53093576410554 45
1777121746947 22.546567072784676 46
1777121747582 21.702858535306255 47
1777121748215 23.150003638380518 48
1777121748849 23.514155892647942 49
1777121749485 23.362998778283206 50
1777121750115 21.763124211368485 51
1777121750747 20.894568128940158 52
1777121751410 21.297794940696033 53
1777121752047 21.89164754370338 54
1777121752683 20.712947993938705 55
1777121753319 21.140387534466388 56
1777121753954 20.360429480319095 57
1777121754588 23.277959603889524 58
1777121755224 19.149627187899686 59
1777121755860 20.359722002750846 60
1777121756494 22.465612964465063 61
1777121757131 20.912157441484172 62
1777121757769 18.905183014830055 63
1777121758401 20.268813447855905 64
1777121759031 20.066781511115423 65
1777121759657 21.042280232262065 66
1777121760292 20.08414686568154 67
