1777422083838 179.76819229125977 1
1777422092278 173.44265747070312 2
1777422103553 165.27556991577148 3
1777422110215 154.41067504882812 4
1777422118770 138.0077247619629 5
1777422124849 118.13454818725586 6
1777422133497 97.05715370178223 7
1777422145039 76.51412773132324 8
1777422154748 57.32802486419678 9
1777422160533 41.09990310668945 10
1777422172804 30.00046968460083 11
1777422180556 25.6917142868042 12
1777422185798 23.46004819869995 13
1777422189179 21.196990966796875 14
1777422199456 20.674258708953857 15
1777422204094 19.909321308135986 16
1777422210024 18.807157516479492 17
1777422213481 19.788471698760986 18
1777422229324 18.302544116973877 19
1777422232292 18.184959888458252 20
1777422248142 17.8287353515625 21
1777422254774 16.72784996032715 22
1777422263272 17.311716079711914 23
1777422275915 15.499918937683105 24
1777422285143 15.840101957321167 25
1777422292445 15.355798244476318 26
1777422296140 14.810537338256836 27
1777422310357 14.684509754180908 28
1777422320012 14.733186960220337 29
1777422323573 14.222492694854736 30
1777422336253 13.749286651611328 31
1777422339791 13.862305164337158 32
1777422348060 14.643953561782837 33
1777422368225 13.854621410369873 34
1777422387976 13.636972188949585 35
1777422398819 13.641930341720581 36
1777422412950 14.355900526046753 37
1777422420633 13.391822576522827 38
1777422438686 14.470969915390015 39
1777422453850 13.351294040679932 40
1777422457503 13.016029119491577 41
1777422473051 13.05046534538269 42
1777422476476 13.225730895996094 43
1777422480287 12.593693733215332 44
1777422483486 12.874337434768677 45
1777422499847 12.682225704193115 46
1777422519621 12.770426273345947 47
1777422534710 12.89418911933899 48
1777422546247 12.502086877822876 49
1777422554285 11.665440320968628 50
1777422569287 12.144264698028564 51
1777422582484 12.280487537384033 52
1777422585996 12.058679103851318 53
1777422603785 11.388450860977173 54
1777422613554 11.409431219100952 55
1777422616932 11.586050987243652 56
1777422633275 11.95432162284851 57
