1777164861055 -1.6719907854616287 1
1777164862299 -1.475085812225613 2
1777164863490 -1.1627985363776172 3
1777164864656 -0.714680408857734 4
1777164865816 -0.18701198653706155 5
1777164866973 0.26651536690218397 6
1777164868153 0.6284116004718716 7
1777164869348 0.8197091186760652 8
1777164870506 0.902950624788933 9
1777164871723 0.9284288341018749 10
1777164872966 0.9333975894885802 11
1777164874144 0.9432650281233859 12
1777164875352 0.9497612904961601 13
1777164896129 0.9522906529199732 14
1777164897281 0.9467929498570639 15
1777164898420 0.9568998308938097 16
1777164899560 0.9559484382649505 17
1777164976672 0.96176563897386 18
1777164978868 0.9611187463699536 19
1777164980166 0.9593182061379432 20
1777164981426 0.9601686205258007 21
1777164982681 0.9633892522464571 22
1777164983903 0.9663832156154829 23
1777165037046 0.9660556068158985 24
1777165174012 0.9679653244668099 25
1777165175174 0.9641573844707656 26
1777165176363 0.9638622040201547 27
1777165177522 0.9665043078908365 28
1777165178672 0.9669974937755328 29
1777165179850 0.9676367761033425 30
1777165181003 0.9702443352143492 31
1777165182148 0.9721592706978843 32
1777165205309 0.9699049378540682 33
1777165239876 0.9622120906448369 34
1777165255519 0.9719370207841482 35
1777165256699 0.9731416670213153 36
1777165257852 0.9703203470806393 37
1777165259000 0.97503785284738 38
1777165260163 0.9734184388727535 39
1777165261323 0.9679528752453581 40
1777165262461 0.9707152351770851 41
1777165263638 0.9729174423012097 42
1777165264878 0.9734626194604769 43
1777165272952 0.9738512123665437 44
1777165274160 0.9777106949045097 45
1777165275334 0.975295901867279 46
1777165276482 0.9741645540512156 47
1777165277625 0.9779329405127086 48
1777165278759 0.9756108179433663 49
1777165279890 0.9734750189290547 50
1777165281018 0.976121661314278 51
1777165282166 0.9782583089977995 52
1777165418161 0.9780545822845881 53
1777165425354 0.9760814318103954 54
1777165427042 0.9802870685315982 55
1777165437173 0.9820869784808106 56
1777165472577 0.9816839603509399 57
1777165518589 0.9838829598665766 58
1777165519781 0.9829086208775152 59
1777165520963 0.9761297021440887 60
1777165522146 0.9833745835684475 61
1777165523344 0.9837896816003617 62
1777165524529 0.984836199092477 63
1777165525837 0.9824723695024222 64
1777165527049 0.9865412750413867 65
1777165528351 0.9836882986388685 66
1777165529565 0.9857352942752353 67
1777165530766 0.9870653278002525 68
1777165577769 0.9868980122349205 69
1777165655736 0.9853172390568938 70
1777165656885 0.9885308108310691 71
1777165658012 0.9882334307909206 72
1777165659162 0.987081694582111 73
