1777164861055 160.13726806640625 1
1777164862299 150.72567749023438 2
1777164863490 138.08876037597656 3
1777164864656 119.75427703857422 4
1777164865816 95.0783706665039 5
1777164866973 70.30343017578124 6
1777164868153 48.17005157470703 7
1777164869348 34.35112991333008 8
1777164870506 26.141359329223633 9
1777164871723 23.29408531188965 10
1777164872966 22.671524429321288 11
1777164874144 20.993975830078124 12
1777164875352 19.818461990356447 13
1777164896129 19.364312744140626 14
1777164897281 20.341231536865234 15
1777164898420 18.525747299194336 16
1777164899560 18.45949058532715 17
1777164976672 17.18278274536133 18
1777164978868 17.399986267089844 19
1777164980166 17.637749481201173 20
1777164981426 17.61572723388672 21
1777164982681 16.7490291595459 22
1777164983903 15.905892181396485 23
1777165037046 16.010622024536133 24
1777165174012 15.624613380432129 25
1777165175174 16.55526523590088 26
1777165176363 16.46541347503662 27
1777165177522 15.944045448303223 28
1777165178672 15.836485481262207 29
1777165179850 15.641615295410157 30
1777165181003 15.013437271118164 31
1777165182148 14.606744956970214 32
1777165205309 15.026861953735352 33
1777165239876 16.948916244506837 34
1777165255519 14.36603603363037 35
1777165256699 14.341894721984863 36
1777165257852 14.937311363220214 37
1777165259000 13.799084663391113 38
1777165260163 14.138935470581055 39
1777165261323 15.462297630310058 40
1777165262461 14.73026638031006 41
1777165263638 14.258013153076172 42
1777165264878 14.208541870117188 43
1777165272952 14.018901062011718 44
1777165274160 13.03192596435547 45
1777165275334 13.558152389526366 46
1777165276482 13.882852172851562 47
1777165277625 13.147403526306153 48
1777165278759 13.659305572509766 49
1777165279890 14.063944053649902 50
1777165281018 13.588158798217773 51
1777165282166 13.100122261047364 52
1777165418161 12.980413246154786 53
1777165425354 13.06757755279541 54
1777165427042 12.283300018310547 55
1777165437173 11.633893013000488 56
1777165472577 11.88007984161377 57
1777165518589 11.194751739501953 58
1777165519781 11.504915809631347 59
1777165520963 13.698133659362792 60
1777165522146 11.478575515747071 61
1777165523344 11.292217636108399 62
1777165524529 10.897821998596191 63
1777165525837 11.528436088562012 64
1777165527049 10.403018569946289 65
1777165528351 11.439376258850098 66
1777165529565 10.696733093261718 67
1777165530766 10.259723663330078 68
1777165577769 10.22916259765625 69
1777165655736 10.718879699707031 70
1777165656885 9.683660888671875 71
1777165658012 9.82549877166748 72
1777165659162 10.119056701660156 73
