1777164861055 -1.6719907854616287 1
1777164862299 -1.475085750991307 2
1777164863490 -1.1627984957916113 3
1777164864656 -0.7146804830847588 4
1777164865816 -0.1870120812224083 5
1777164866973 0.26651539751933706 6
1777164868153 0.6284116079172524 7
1777164869348 0.8197091076360776 8
1777164870506 0.9029506209617889 9
1777164871723 0.9284288423116291 10
1777164872966 0.9333975885317942 11
1777164874144 0.9432650300369579 12
1777164875352 0.9497612964428503 13
1777164896129 0.9522906529199732 14
1777164897281 0.9467929489002778 15
1777164898420 0.9568998318505957 16
1777164899560 0.9559484382649505 17
1777164976672 0.9617656384447565 18
1777164978868 0.9611187477940343 19
1777164980166 0.9593182067154924 20
1777164981426 0.9601686224393726 21
1777164982681 0.9633892522464571 22
1777164983903 0.9663832135569823 23
1777165037046 0.9660556082510778 24
1777165174012 0.967965326380382 25
1777165175174 0.9641573868627308 26
1777165176363 0.9638622052762414 27
1777165177522 0.9665043044045717 28
1777165178672 0.9669974952107119 29
1777165179850 0.9676367775385217 30
1777165181003 0.9702443370364165 31
1777165182148 0.972159271445906 32
1777165205309 0.9699049401753114 33
1777165239876 0.9622120939155393 34
1777165255519 0.9719370217409342 35
1777165256699 0.9731416670213153 36
1777165257852 0.9703203480374252 37
1777165259000 0.9750378523689869 38
1777165260163 0.9734184384302831 39
1777165261323 0.9679528728045816 40
1777165262461 0.9707152364752409 41
1777165263638 0.9729174420460193 42
1777165264878 0.9734626208956558 43
1777165272952 0.9738512102869477 44
1777165274160 0.9777106934693306 45
1777165275334 0.9752958979625753 46
1777165276482 0.9741645535728227 47
1777165277625 0.9779329409071837 48
1777165278759 0.9756108145363394 49
1777165279890 0.9734750208426269 50
1777165281018 0.976121661314278 51
1777165282166 0.9782583067096761 52
1777165418161 0.9780545815048515 53
1777165425354 0.9760814337534252 54
1777165427042 0.9802870675748122 55
1777165437173 0.9820869802952914 56
1777165472577 0.9816839598725469 57
1777165518589 0.9838829584313975 58
1777165519781 0.9829086221632903 59
1777165520963 0.9761297036057697 60
1777165522146 0.9833745835684475 61
1777165523344 0.9837896832747373 62
1777165524529 0.9848362004994147 63
1777165525837 0.9824723687848328 64
1777165527049 0.9865412755197798 65
1777165528351 0.983688298399672 66
1777165529565 0.9857352951487246 67
1777165530766 0.9870653282786455 68
1777165577769 0.9868980112781345 69
1777165655736 0.9853172381001076 70
1777165656885 0.9885308106534221 71
1777165658012 0.9882334310301172 72
1777165659162 0.9870816948947615 73
