1777126437350 162.96485900878906 1
1777126438058 159.43345642089844 2
1777126438738 156.00929260253906 3
1777126439378 151.87388610839844 4
1777126440016 147.05169677734375 5
1777126440675 141.62997436523438 6
1777126442980 135.3879852294922 7
1777126443738 128.44415283203125 8
1777126444474 120.86468505859375 9
1777126445279 112.88433074951172 10
1777126445974 104.54756164550781 11
1777126446659 95.63574981689453 12
1777126447352 86.3897705078125 13
1777126448023 76.08534240722656 14
1777126448679 66.10977172851562 15
1777126449338 56.70156478881836 16
1777126449991 48.148197174072266 17
1777126450645 42.245033264160156 18
1777126451294 34.23876190185547 19
1777126451938 30.205703735351562 20
1777126452585 25.19792366027832 21
1777126453228 25.039186477661133 22
1777126453871 24.785579681396484 23
1777126454517 22.63736343383789 24
1777126455163 21.49212646484375 25
1777126455818 22.203767776489258 26
1777126456458 21.039037704467773 27
1777126457104 21.40712547302246 28
1777126457753 19.785507202148438 29
1777126458438 18.47354507446289 30
1777126459090 17.95745277404785 31
1777126459743 18.849849700927734 32
1777126460395 17.214458465576172 33
1777126461045 18.357728958129883 34
1777126461698 17.809804916381836 35
1777126462348 18.863101959228516 36
1777126463004 16.48952293395996 37
1777126463645 17.330102920532227 38
1777126464294 16.747907638549805 39
1777126464935 17.653026580810547 40
1777126465577 16.92617416381836 41
1777126466217 16.218059539794922 42
1777126466861 16.53851890563965 43
1777126467496 17.17671775817871 44
1777126468140 16.262598037719727 45
1777126468795 15.469853401184082 46
1777126469442 15.253726959228516 47
1777126470084 17.240188598632812 48
1777126470725 15.463557243347168 49
1777126471359 14.87325668334961 50
1777126472002 15.55440616607666 51
1777126472639 15.373800277709961 52
1777126473275 13.794271469116211 53
1777126473911 14.265746116638184 54
1777126474549 14.40324592590332 55
1777126475189 14.558032035827637 56
1777126475820 14.921480178833008 57
1777126476456 14.164408683776855 58
1777126477100 14.641021728515625 59
1777126477740 14.683173179626465 60
1777126478373 14.789706230163574 61
1777126479009 13.93785285949707 62
1777126479662 13.088879585266113 63
1777126480301 13.136621475219727 64
1777126480936 14.367155075073242 65
1777126481573 14.605767250061035 66
1777126482207 14.100188255310059 67
1777126482840 14.519166946411133 68
1777126483471 13.479663848876953 69
1777126484108 13.154825210571289 70
1777126484740 13.3740873336792 71
1777126485374 12.473769187927246 72
1777126486001 11.868180274963379 73
1777126486633 12.651971817016602 74
1777126487267 12.396444320678711 75
1777126487896 12.562455177307129 76
1777126488529 12.663298606872559 77
1777126489161 12.089765548706055 78
1777126489805 13.237590789794922 79
1777126490441 13.18619441986084 80
1777126491070 12.37082576751709 81
1777126491708 11.161380767822266 82
1777126492340 11.837467193603516 83
1777126492970 12.358365058898926 84
1777126493771 11.40658950805664 85
1777126494420 10.789703369140625 86
1777126495066 11.755882263183594 87
1777126495716 11.58620548248291 88
1777126496364 13.027575492858887 89
1777126497018 11.380117416381836 90
1777126497670 11.148244857788086 91
1777126498319 11.024554252624512 92
1777126498973 11.210987091064453 93
1777126499638 11.251015663146973 94
1777126500285 12.558012962341309 95
1777126500939 10.876029968261719 96
1777126501590 10.36268138885498 97
1777126502236 10.159741401672363 98
1777126502876 10.656550407409668 99
1777126503517 11.563201904296875 100
1777126504159 11.047730445861816 101
1777126504800 11.360225677490234 102
1777126505448 10.460602760314941 103
1777126506083 10.242871284484863 104
1777126506728 10.88407039642334 105
1777126507372 10.105107307434082 106
1777126508023 10.2366361618042 107
1777126556462 10.605474472045898 108
1777126600403 10.302359580993652 109
1777126601053 9.835601806640625 110
