1777219184158 149.9418607472949 1
1777219185369 137.3025569764089 2
1777219189629 117.44818657759035 3
1777219215220 90.24121433065623 4
1777219217525 60.096943775935415 5
1777219218758 34.43446573998879 6
1777219219993 21.084011048676352 7
1777219221283 16.876857510122417 8
1777219222502 15.150481427472847 9
1777219223744 13.742543423706417 10
1777219224966 12.124052441650752 11
1777219226141 12.460457805667504 12
1777219227333 11.25666240601582 13
1777219228525 11.439740838070652 14
1777219229651 11.170126562486416 15
1777219230797 10.884087966103936 16
1777219233649 11.049847839649777 17
1777219235027 9.463155193555249 18
1777219236251 11.2943547123759 19
1777219237535 10.765655369518065 20
1777219238695 9.851747102595931 21
1777219239867 10.92370131246414 22
1777219241038 10.024013104311436 23
1777219242231 9.526649495529492 24
1777219243561 9.366343604068021 25
1777219245108 9.353601428691286 26
1777219246580 8.790213807103187 27
1777219247929 8.087658580417802 28
1777219249222 8.695485847088278 29
1777219250472 8.691970104874065 30
1777219251796 8.145983937656844 31
1777219253130 7.531057564030769 32
1777219254451 7.603923977192502 33
1777219255767 7.810747993537156 34
1777219257120 7.691651500735863 35
1777219258440 6.683831333420751 36
1777219260364 7.289496470544742 37
1777219261652 7.180986976849927 38
1777219263288 6.949642104989343 39
1777219264940 7.060871146793535 40
1777219266939 6.214405021441089 41
1777219269052 6.46959781018492 42
1777219271341 6.4822959470324415 43
1777219273623 5.905391617500464 44
1777219274933 5.87402878373596 45
1777219276137 6.367489452192267 46
1777219277301 6.160859702475347 47
1777219278455 6.430002682513228 48
1777219279593 5.729609735075727 49
1777219280712 5.840780818893931 50
1777219281867 5.800211274121565 51
1777219283257 6.164260635206183 52
1777219285698 5.348068682333836 53
1777219286915 5.083200911909607 54
1777219288224 5.2755987855305655 55
1777219289460 5.205922400647172 56
1777219290661 5.069454038942603 57
1777219291846 4.832440970502905 58
1777219293087 5.328350226235319 59
1777219294242 5.139220525956649 60
1777219295383 4.712443205213688 61
1777219296519 4.631577779928372 62
1777219297660 4.854367385151124 63
1777219298786 4.708131632253041 64
1777219299935 4.34149166715605 65
1777219301109 4.506207414649714 66
1777219302232 4.818607646591232 67
1777219303587 4.530511739204474 68
1777219304979 4.318828972100504 69
1777219306358 4.37807652651733 70
1777219307764 4.363370171102643 71
1777219309057 4.384057834862955 72
1777219310452 4.1530869498097225 73
1777219311794 4.0870822572283645 74
1777219312900 4.279321720451558 75
1777219314017 4.000467115679552 76
1777219315113 3.83232012836445 77
1777219316203 4.264159083550338 78
1777219317301 4.083736019191119 79
1777219318405 4.092176406532084 80
1777219319516 4.247470888483065 81
1777219320616 4.099444025305683 82
1777219321756 3.963005138504753 83
1777219322938 3.9392251841038552 84
1777219324041 3.6541767561258833 85
1777219325145 3.921382573124917 86
1777219326277 3.900868069934562 87
1777219327371 3.603131218409326 88
1777219328493 3.621739857670815 89
1777219329601 3.8623818194618567 90
1777219330698 3.722693473012228 91
1777219331805 3.7682519169306543 92
1777219332920 3.342218316301748 93
1777219334038 3.7620774061955755 94
1777219335148 3.6316764826449157 95
1777219336256 3.563813645988261 96
1777219337353 3.268379322159538 97
1777219338452 3.4660681092632983 98
1777219339545 3.837384147304456 99
1777219340654 3.1991443465654505 100
1777219341801 3.6456280905839598 101
1777219342899 3.3368902361499098 102
1777219343999 3.2181454294583918 103
1777219345114 3.6166318619781856 104
1777219346215 3.1310301958984015 105
1777219347317 3.2146391761904303 106
1777219348427 3.4964229994923848 107
1777219349561 3.3563092440313684 108
1777219350664 3.423741281916904 109
1777219351797 3.0736015234361416 110
1777219352908 3.3242881064032943 111
1777219354038 3.3694172310758415 112
1777219355165 3.262861746270154 113
1777219356291 3.188919160939112 114
1777219357440 3.2803679355457205 115
1777219358570 2.849667830198384 116
1777219359920 3.1346808206009227 117
1777219361034 3.0307784283691768 118
1777219362151 3.20636414556192 119
1777219363280 3.270495554474058 120
1777219364392 3.0890201337118177 121
1777219365515 3.1905452786567303 122
1777219366952 2.8946983768961196 123
1777219368393 3.081646757380545 124
1777219369845 2.9784392838520537 125
1777219371187 3.096449583659186 126
1777219372315 2.8662381938232513 127
1777219373450 2.8822003236085796 128
1777219374571 3.0034528075198392 129
1777219375695 3.217187944661262 130
1777219376836 2.9147745243661127 131
1777219378582 2.8392849802758646 132
1777219379749 2.6061379427018436 133
1777219380904 2.821504837568153 134
1777219382105 2.9072813577963266 135
1777219383868 2.752159057102147 136
1777219385849 2.8768358524899806 137
