1777219184158 154.92845153808594 1
1777219185369 142.12551879882812 2
1777219189629 122.37657165527344 3
1777219215220 95.12454986572266 4
1777219217525 64.80152893066406 5
1777219218758 38.86983108520508 6
1777219219993 25.387897491455078 7
1777219221283 21.171594619750977 8
1777219222502 19.434707641601562 9
1777219223744 17.9619083404541 10
1777219224966 16.287378311157227 11
1777219226141 16.6453857421875 12
1777219227333 15.359148025512695 13
1777219228525 15.536346435546875 14
1777219229651 15.26054859161377 15
1777219230797 14.959124565124512 16
1777219233649 15.152661323547363 17
1777219235027 13.466604232788086 18
1777219236251 15.395325660705566 19
1777219237535 14.837538719177246 20
1777219238695 13.879938125610352 21
1777219239867 14.984050750732422 22
1777219241038 14.044629096984863 23
1777219242231 13.524089813232422 24
1777219243561 13.341867446899414 25
1777219245108 13.326440811157227 26
1777219246580 12.74041748046875 27
1777219247929 11.989625930786133 28
1777219249222 12.632420539855957 29
1777219250472 12.616267204284668 30
1777219251796 12.083877563476562 31
1777219253130 11.427889823913574 32
1777219254451 11.462944984436035 33
1777219255767 11.694300651550293 34
1777219257120 11.587859153747559 35
1777219258440 10.473190307617188 36
1777219260364 11.120559692382812 37
1777219261652 11.027310371398926 38
1777219263288 10.752744674682617 39
1777219264940 10.867398262023926 40
1777219266939 9.985730171203613 41
1777219269052 10.258546829223633 42
1777219271341 10.249078750610352 43
1777219273623 9.649148941040039 44
1777219274933 9.586979866027832 45
1777219276137 10.12921142578125 46
1777219277301 9.922151565551758 47
1777219278455 10.195625305175781 48
1777219279593 9.426753044128418 49
1777219280712 9.51659107208252 50
1777219281867 9.508329391479492 51
1777219283257 9.87536334991455 52
1777219285698 8.996562004089355 53
1777219286915 8.70433235168457 54
1777219288224 8.915200233459473 55
1777219289460 8.887941360473633 56
1777219290661 8.711247444152832 57
1777219291846 8.446352005004883 58
1777219293087 8.986228942871094 59
1777219294242 8.744585990905762 60
1777219295383 8.274459838867188 61
1777219296519 8.20699405670166 62
1777219297660 8.443310737609863 63
1777219298786 8.30617618560791 64
1777219299935 7.861968517303467 65
1777219301109 8.05679702758789 66
1777219302232 8.41933822631836 67
1777219303587 8.115556716918945 68
1777219304979 7.853605270385742 69
1777219306358 7.891215801239014 70
1777219307764 7.898584842681885 71
1777219309057 7.908694267272949 72
1777219310452 7.619638442993164 73
1777219311794 7.5757832527160645 74
1777219312900 7.786468982696533 75
1777219314017 7.4619526863098145 76
1777219315113 7.281570911407471 77
1777219316203 7.762947082519531 78
1777219317301 7.550051689147949 79
1777219318405 7.5654988288879395 80
1777219319516 7.767807960510254 81
1777219320616 7.570740222930908 82
1777219321756 7.407614231109619 83
1777219322938 7.406881332397461 84
1777219324041 7.054672718048096 85
1777219325145 7.368565082550049 86
1777219326277 7.332756996154785 87
1777219327371 7.002058506011963 88
1777219328493 7.022347450256348 89
1777219329601 7.3244948387146 90
1777219330698 7.089824199676514 91
1777219331805 7.175439357757568 92
1777219332920 6.703657627105713 93
1777219334038 7.175475597381592 94
1777219335148 7.035050392150879 95
1777219336256 6.923280715942383 96
1777219337353 6.583976745605469 97
1777219338452 6.858708381652832 98
1777219339545 7.2187066078186035 99
1777219340654 6.507632732391357 100
1777219341801 7.0120649337768555 101
1777219342899 6.671290397644043 102
1777219343999 6.501918792724609 103
1777219345114 7.008511543273926 104
1777219346215 6.401139736175537 105
1777219347317 6.5096259117126465 106
1777219348427 6.835493087768555 107
1777219349561 6.699453830718994 108
1777219350664 6.785078525543213 109
1777219351797 6.321005344390869 110
1777219352908 6.6616950035095215 111
1777219354038 6.675256729125977 112
1777219355165 6.575028896331787 113
1777219356291 6.512869834899902 114
1777219357440 6.604837894439697 115
1777219358570 6.0748796463012695 116
1777219359920 6.3948211669921875 117
1777219361034 6.272692680358887 118
1777219362151 6.521222114562988 119
1777219363280 6.58584451675415 120
1777219364392 6.333601474761963 121
1777219365515 6.4616169929504395 122
1777219366952 6.117092609405518 123
1777219368393 6.333850860595703 124
1777219369845 6.238580226898193 125
1777219371187 6.349340915679932 126
1777219372315 6.082790374755859 127
1777219373450 6.072265625 128
1777219374571 6.224069595336914 129
1777219375695 6.502354621887207 130
1777219376836 6.1424784660339355 131
1777219378582 6.053911209106445 132
1777219379749 5.759175777435303 133
1777219380904 6.025928974151611 134
1777219382105 6.1260786056518555 135
1777219383868 5.904429912567139 136
1777219385849 6.107123374938965 137
