1777268689119 156.34059448242186 1
1777268691494 142.607080078125 2
1777268693813 123.161865234375 3
1777268696063 94.68154220581054 4
1777268699255 63.09713516235352 5
1777268704521 40.71242408752441 6
1777268712286 29.41228370666504 7
1777268721628 25.144924926757813 8
1777268729148 23.31536998748779 9
1777268737579 21.960116958618165 10
1777268746781 20.81145496368408 11
1777268753132 20.52886829376221 12
1777268761308 20.12212715148926 13
1777268770955 18.875968360900877 14
1777268783044 19.322858619689942 15
1777268821361 18.726247215270995 16
1777268831089 18.444576835632326 17
1777268838861 18.441670608520507 18
1777268863558 17.728590202331542 19
1777268869109 17.32789554595947 20
1777268877268 17.407203102111815 21
1777268885397 17.7872314453125 22
1777268895383 16.901017665863037 23
1777268904792 17.024639225006105 24
1777268914602 16.530369567871094 25
1777268930714 16.503675079345705 26
1777269004284 15.98506498336792 27
1777269006506 15.772953414916993 28
1777269008895 16.275775241851807 29
1777269011200 15.09859676361084 30
1777269013387 16.145427894592284 31
1777269015665 15.214756679534911 32
1777269018006 15.107893371582032 33
1777269020689 14.754894256591797 34
1777269024291 15.073209953308105 35
1777269031247 15.218341636657716 36
1777269036833 15.08848705291748 37
1777269052434 14.463534259796143 38
1777269061103 14.341824531555176 39
1777269074225 14.307024383544922 40
1777269092639 14.545380210876464 41
1777269104074 14.098571872711181 42
1777269126816 13.650025367736816 43
1777269129142 13.922443008422851 44
1777269131621 13.873498439788818 45
1777269134496 13.768102169036865 46
1777269138218 13.290177154541016 47
1777269171259 13.260254287719727 48
1777269178232 13.31744327545166 49
1777269189099 12.884908485412598 50
1777269198182 12.968318462371826 51
1777269208359 12.86514654159546 52
1777269219755 12.942633724212646 53
1777269228804 12.808327388763427 54
1777269243533 12.879173946380615 55
1777269256288 12.322461891174317 56
1777269331482 12.505302238464356 57
1777269333669 12.523311805725097 58
1777269335979 12.180076789855956 59
1777269338973 12.113468551635743 60
1777269347008 12.16831464767456 61
1777269359027 12.189413833618165 62
1777269368345 12.052216529846191 63
1777269387498 11.542508697509765 64
1777269396091 11.9445050239563 65
1777269414190 12.038643741607666 66
1777269430489 11.39947052001953 67
1777269438559 11.773040199279786 68
1777269449405 11.594808387756348 69
1777269508857 11.534125995635986 70
1777269511180 11.662353801727296 71
1777269513786 11.466349411010743 72
1777269627889 11.440612602233887 73
1777269674553 11.529835224151611 74
1777269698583 11.476971626281738 75
1777269726073 11.337681484222411 76
1777269732386 11.208555507659913 77
1777269831277 11.412995624542237 78
1777269833574 11.280313777923585 79
1777269836144 11.179991245269775 80
1777269842527 11.17983798980713 81
1777269854242 11.12278413772583 82
1777269863922 11.082580471038819 83
1777269875470 11.098369789123534 84
1777269885816 10.916701316833496 85
1777269906564 10.770154666900634 86
1777269941495 10.80333423614502 87
1777269951191 10.940529060363769 88
1777269962629 10.884129810333253 89
1777269975520 10.853737449645996 90
1777269977797 10.487545204162597 91
1777269980076 10.615962028503418 92
1777269982353 10.695869159698486 93
1777269984638 10.807933139801026 94
1777269987903 10.814295959472656 95
1777269992289 10.730390071868896 96
1777270000049 10.31701889038086 97
1777270011694 10.35150213241577 98
1777270025980 10.702417087554931 99
1777270073938 10.564625263214111 100
1777270076187 10.170190811157227 101
1777270078406 10.357380676269532 102
1777270080611 10.43273048400879 103
1777270082863 10.324341297149658 104
1777270085106 10.48136501312256 105
1777270087352 10.20492000579834 106
1777270089581 10.231614875793458 107
1777270091874 10.29522352218628 108
1777270094130 10.330397796630859 109
1777270096307 10.077888107299804 110
1777270098574 10.135503768920898 111
1777270100950 10.187956047058105 112
1777270103174 10.009891033172607 113
1777270105399 10.066885566711425 114
1777270107691 9.94567060470581 115
1777270109963 10.186516666412354 116
1777270112196 10.171875381469727 117
1777270114447 9.962940216064453 118
1777270116689 9.947555541992188 119
1777270118786 9.775980949401855 120
1777270120968 9.878297042846679 121
1777270123178 9.700928878784179 122
1777270125441 9.885519313812257 123
1777270127673 9.716172122955323 124
1777270129812 9.704675102233887 125
1777270132047 9.545584011077882 126
1777270134295 9.876670551300048 127
1777270136508 9.877700138092042 128
1777270138699 9.746251773834228 129
1777270140936 9.645232772827148 130
1777270143153 9.881530380249023 131
1777270145323 9.728810882568359 132
1777270147507 9.691263008117676 133
1777270149751 9.550456142425537 134
1777270151962 9.771812343597412 135
1777270154191 9.492060565948487 136
1777270156437 9.709865188598632 137
1777270158766 9.488697719573974 138
