1777428978615 197.15286938376016 1
1777428978939 195.09613015126672 2
1777428979239 193.5611882422455 3
1777428979537 192.00875834515986 4
1777428979835 190.27899951452866 5
1777428980132 188.40489975051074 6
1777428980443 186.29244482801764 7
1777428980750 183.79960002336784 8
1777428981043 180.79711198778867 9
1777428981351 177.24292563456518 10
1777428981662 173.23969012433324 11
1777428981969 168.65470109998415 12
1777428982288 164.1387441884152 13
1777428982604 159.39928736509458 14
1777428982915 154.44161644655563 15
1777428983294 149.21379245691398 16
1777428983620 143.94222202415108 17
1777428983946 138.4211403990554 18
1777428984304 133.15433215586717 19
1777428984617 127.28108504163139 20
1777428984928 121.46142568604857 21
1777428985232 114.88871143687268 22
1777428985537 108.10431070122736 23
1777428985839 102.24829040441215 24
1777428986140 93.75919746550201 25
1777428986441 86.28626671851524 26
1777428986741 78.45501858648846 27
1777428987040 71.78064458821751 28
1777428987339 66.248938670744 29
1777428987730 59.554760777371946 30
1777428988042 53.97066350834729 31
1777428988370 49.28288480167329 32
1777428988698 44.28137680821646 33
1777428989018 40.75584248042313 34
1777428989347 39.76546076832491 35
1777428989691 37.21597845998913 36
1777428990020 33.238931061120745 37
1777428990375 31.073880664801308 38
1777428990697 30.37073276513766 39
1777428991043 30.069205252087848 40
1777428991401 30.859898136388612 41
1777428991750 29.048039076997092 42
1777428992085 26.699817396818233 43
1777428992407 26.72278957949855 44
1777428992741 28.560652591718625 45
1777428993093 26.07986391371344 46
1777428993466 26.679245969992177 47
1777428993847 24.981173331052602 48
1777428994228 25.063910009432636 49
1777428994546 25.81005729589122 50
1777428994855 24.137823462035158 51
1777428995154 27.06934860296905 52
1777428995451 23.345079499038043 53
1777428995774 23.707435130539743 54
1777428996107 23.614472480808775 55
1777428996433 24.462182577702336 56
1777428996771 22.78508760758133 57
1777428997086 23.226280007952468 58
1777428997382 24.969849983592713 59
1777428997691 22.393935390751583 60
1777428997994 21.46476448745602 61
1777428998311 24.82468681944636 62
1777428998616 23.13584785683653 63
1777428998949 22.753625601810008 64
1777428999260 20.5813829164589 65
1777428999559 22.85956457115517 66
1777428999852 19.920373717942642 67
1777429000146 20.25637754631435 68
1777429000458 21.713277750355022 69
1777429000779 20.68460846484047 70
1777429001099 19.950494914022887 71
1777429001423 21.329047169853325 72
1777429001749 21.71190314738093 73
1777429002074 21.174809529102028 74
1777429002398 19.626876838498625 75
1777429002722 21.25979424449727 76
1777429003048 23.005089238239766 77
1777429003395 21.47451123002243 78
1777429003739 22.227993830231213 79
1777429004062 20.23880637407418 80
1777429004389 20.59283343346319 81
1777429004712 22.536818156239843 82
1777429005026 20.50123406394189 83
1777429005349 18.168840937326173 84
1777429005660 19.41146785352709 85
1777429005975 21.73025352951574 86
1777429006287 22.29289448526705 87
1777429006609 18.516664989252757 88
1777429006898 19.23688645007213 89
1777429007200 22.072802680313675 90
1777429007493 20.882682437398937 91
1777429007785 18.323139107636894 92
1777429008077 18.98216132927093 93
1777429008378 21.162329201817407 94
1777429008693 18.35589810827376 95
1777429009026 19.504880636711 96
1777429009352 18.354425862185632 97
1777429009675 15.766615081337113 98
1777429009994 21.712466070470395 99
1777429010319 21.37513063625102 100
1777429010633 20.06994224673079 101
1777429010975 20.398067218249732 102
1777429011313 19.58746675197601 103
1777429011639 19.058886376237826 104
1777429011972 18.16198072747883 105
1777429012274 16.43230631767704 106
1777429012560 17.724962225310154 107
1777429012849 18.0020233712487 108
1777429013151 16.77905577338857 109
1777429013450 17.628396863485985 110
1777429013763 18.33251775603642 111
1777429014072 16.153035712959365 112
1777429014373 17.970316677625373 113
1777429014673 16.477971023543354 114
1777429014981 20.176341276714496 115
1777429015313 17.67270821007679 116
1777429015614 15.683563103176782 117
1777429015909 15.954135007205029 118
1777429016203 15.709277110328838 119
1777429016501 19.05155055026075 120
1777429016794 16.980103461823155 121
1777429017086 16.46336320078189 122
1777429017364 19.135406654727692 123
1777429017645 17.967197623160033 124
1777429017925 15.585667780404304 125
1777429018203 16.064758854423594 126
1777429018481 16.888360957767446 127
1777429018757 16.392691570149868 128
1777429019031 17.520945194475456 129
1777429019313 18.806161008949466 130
1777429019590 16.190126890800897 131
1777429019870 15.823058210806725 132
1777429020148 15.619898092838636 133
1777429020427 15.514439901555724 134
1777429020705 18.38215923323949 135
1777429020982 15.735495049198782 136
1777429021262 17.227397761779873 137
1777429021550 16.740110296070615 138
1777429021835 16.323848124082907 139
1777429022127 16.942110116949532 140
1777429022412 14.84366776293009 141
1777429022694 15.130104401625971 142
1777429022979 15.089125783786988 143
1777429023259 15.759973184010885 144
1777429023548 15.077820390381675 145
1777429023843 15.670714376265684 146
1777429024131 15.138361805986317 147
1777429024413 15.780684840591867 148
1777429024697 17.4703903383473 149
1777429024982 14.929326714308925 150
1777429025275 15.626454033907633 151
1777429025578 15.766116177154203 152
1777429025863 15.424866731089608 153
1777429026155 16.08827747520351 154
1777429026456 14.388652123688425 155
1777429026753 15.26830556365559 156
1777429027057 13.553887652013294 157
1777429027356 13.762021999390887 158
1777429027670 17.222833886445 159
1777429028050 14.290096689782064 160
1777429028439 15.713404692686204 161
1777429028747 16.11372774002613 162
