1777387360280 48598.10546875 1
1777387360664 47589.640625 2
1777387361190 46796.12109375 3
1777387362055 46015.296875 4
1777387362401 45110.69921875 5
1777387362868 44069.77734375 6
1777387363236 42807.19140625 7
1777387363595 41319.984375 8
1777387363970 39734.69140625 9
1777387364336 38122.61328125 10
1777387364705 36518.51953125 11
1777387365060 34805.1953125 12
1777387365425 33050.63671875 13
1777387365783 31335.7421875 14
1777387366131 29496.80859375 15
1777387366473 27538.134765625 16
1777387366835 25800.6796875 17
1777387367952 23731.998046875 18
1777387368312 21787.5390625 19
1777387368687 19900.638671875 20
1777387369030 17834.15234375 21
1777387369625 15678.18359375 22
1777387369979 13817.0400390625 23
1777387370326 11995.50390625 24
1777387370682 10382.0712890625 25
1777387371032 8471.2119140625 26
1777387371390 7114.18505859375 27
1777387372220 6056.3564453125 28
1777387372843 4982.2783203125 29
1777387373400 3877.989013671875 30
1777387374113 3179.526611328125 31
1777387374467 2577.42724609375 32
1777387375296 1984.2628173828125 33
1777387375950 1705.59033203125 34
1777387376702 1517.618408203125 35
1777387377182 1416.5848388671875 36
1777387377532 1307.153076171875 37
1777387377865 1081.855224609375 38
1777387378206 1182.34521484375 39
1777387378670 1085.5302734375 40
1777387379004 995.8893432617188 41
1777387379336 786.6503295898438 42
1777387379685 741.0310668945312 43
1777387380078 870.1871948242188 44
1777387380460 841.610107421875 45
1777387381779 845.3335571289062 46
1777387382134 732.1893920898438 47
1777387382505 763.179931640625 48
1777387382845 632.38720703125 49
1777387383206 647.2613525390625 50
1777387383565 672.361572265625 51
1777387383915 593.7906494140625 52
1777387384515 931.0056762695312 53
1777387384856 799.4262084960938 54
1777387385902 609.7493286132812 55
1777387386258 629.1727294921875 56
1777387386821 837.9837036132812 57
1777387387197 588.0537109375 58
1777387387617 581.8368530273438 59
1777387388995 534.3424682617188 60
1777387484363 704.7029418945312 61
1777387485113 585.39794921875 62
1777387485462 509.499267578125 63
1777387485806 417.2698669433594 64
1777387486139 581.5254516601562 65
1777387486468 494.8539733886719 66
1777387486918 527.362060546875 67
1777387487265 452.46551513671875 68
1777387487614 574.3599853515625 69
1777387487964 591.6808471679688 70
1777387488409 574.1091918945312 71
1777387488855 533.0318603515625 72
1777387489177 502.64208984375 73
1777387489501 400.71612548828125 74
1777387489821 454.9371032714844 75
1777387490146 424.7510986328125 76
1777387490469 427.0157775878906 77
1777387490792 378.0780334472656 78
1777387491117 383.1487121582031 79
1777387491442 462.7148742675781 80
1777387491765 375.51373291015625 81
1777387492085 423.0573425292969 82
1777387492411 468.4795837402344 83
1777387492732 385.6803894042969 84
1777387493053 520.1751098632812 85
1777387493375 355.0180358886719 86
1777387493696 319.3104553222656 87
1777387494026 357.1407775878906 88
1777387494369 424.23809814453125 89
1777387494689 347.7774353027344 90
1777387495009 294.5578918457031 91
1777387495333 334.4880065917969 92
1777387495656 329.0053405761719 93
1777387495976 307.2867126464844 94
1777387496348 310.52960205078125 95
1777387496669 301.2967529296875 96
1777387496991 380.4540710449219 97
1777387497418 474.0042419433594 98
1777387497754 349.16943359375 99
1777387498085 364.66851806640625 100
1777387498416 326.9037170410156 101
1777387498749 306.52960205078125 102
1777387499081 281.79449462890625 103
1777387499450 268.8466796875 104
1777387499830 335.7362976074219 105
1777387500156 347.4786682128906 106
1777387500479 285.0241394042969 107
1777387500804 338.7037048339844 108
1777387501135 325.2935485839844 109
1777387501461 292.4900207519531 110
1777387501784 341.89447021484375 111
