1777428234399 220.78859904612375 1
1777428236361 219.25074828834678 2
1777428236689 217.76768728394944 3
1777428238547 216.45979707557706 4
1777428238872 215.11125391875711 5
1777428243909 213.6665498650877 6
1777428245776 212.07295324958343 7
1777428249676 210.3144873605953 8
1777428253328 208.40226463800724 9
1777428256881 206.09611683629558 10
1777428263331 203.65813688323382 11
1777428265098 200.82005704734775 12
1777428265410 197.46153699834812 13
1777428267123 194.22120121140225 14
1777428273986 190.50478791555346 15
1777428276641 186.74990587347025 16
1777428279011 182.9899779530289 17
1777428281443 179.43082754922577 18
1777428283863 175.7241212721663 19
1777428284159 171.57757219767973 20
1777428285640 167.40603707751998 21
1777428286937 163.39494546382087 22
1777428287230 158.90769726479584 23
1777428288391 154.56653098261603 24
1777428290265 150.00707665598648 25
1777428291836 144.93405019611507 26
1777428293505 138.56114681341953 27
1777428297601 131.69493779422578 28
1777428300485 124.44957720147144 29
1777428302044 114.25518827114593 30
1777428304975 107.55846429820156 31
1777428305284 99.97818609733075 32
1777428308315 92.50352083670924 33
1777428312717 87.17115382162697 34
1777428314479 79.81271106569585 35
1777428314835 72.03358862797965 36
1777428315134 67.7265656541988 37
1777428318314 61.5208337742691 38
1777428318613 55.17301666193471 39
1777428321649 52.03305880864948 40
1777428324361 48.44146909141356 41
1777428328573 44.70227165167686 42
1777428328871 40.312975409018435 43
1777428331977 38.93593401997456 44
1777428334464 38.57996970579422 45
1777428339612 36.04813303775679 46
1777428340929 34.48895352194761 47
1777428344922 34.25342670757099 48
1777428347499 33.55553422243677 49
1777428349100 31.54294915827565 50
1777428352797 30.894564588188487 51
1777428354986 30.134854173119145 52
1777428357125 33.21192346660401 53
1777428359360 30.40809467361754 54
1777428361496 27.661893624383683 55
1777428364661 28.474128625412973 56
1777428368742 26.832980641323772 57
1777428369867 29.953232997327476 58
1777428370188 30.299030512542807 59
1777428370513 30.3947077109805 60
1777428372774 27.662326089249415 61
1777428375733 31.010747215620164 62
1777428376616 25.258990509569063 63
1777428377629 26.77520990084625 64
1777428378373 27.611512633008942 65
1777428379455 26.620743818774933 66
1777428381638 25.975559191150605 67
1777428383597 24.674439039105454 68
1777428383895 26.895623672893443 69
1777428386436 28.41559402663824 70
1777428388236 26.449943049176635 71
1777428389123 23.6535162410667 72
1777428390064 26.640448588125587 73
1777428390353 24.644465309885632 74
1777428392104 25.182308902096825 75
1777428393030 23.993352605217165 76
1777428393879 24.44667946201999 77
1777428396409 25.305427976198974 78
1777428397266 23.93237568560696 79
1777428399279 24.97070793715734 80
1777428400003 23.09771273299791 81
1777428400299 26.49792817851815 82
1777428400919 24.704749462321892 83
1777428403038 23.50634679918915 84
1777428403326 23.715753217715726 85
1777428404758 24.49138131647667 86
1777428405481 22.935227450433644 87
1777428406019 25.036866128318533 88
1777428406664 22.761414064482985 89
1777428408578 24.832361530857646 90
1777428410448 26.22570024833703 91
1777428412342 23.024200975634447 92
1777428413433 23.93197910795172 93
1777428413726 22.551962972999643 94
1777428414422 23.33920926177328 95
1777428414717 22.84664610574712 96
1777428416313 23.888239999085453 97
1777428416870 24.11881093701812 98
1777428417365 23.497902634547113 99
1777428418346 22.474176804654604 100
1777428419404 21.828569586560466 101
1777428420468 22.68817658899881 102
1777428422543 22.99555594591526 103
1777428423134 22.387158036934995 104
1777428423899 22.27036681963838 105
1777428424951 22.434717712462767 106
1777428425239 19.253809168070322 107
1777428425539 20.08074444853631 108
