1777405694929 -2.810929679108721 1
1777405695247 -2.7286836507613357 2
1777405700270 -2.6612768257667763 3
1777405701309 -2.5979620490428017 4
1777405701733 -2.5300925958426643 5
1777405705144 -2.4580742311175383 6
1777405711869 -2.3783424712349155 7
1777405712219 -2.287904273168266 8
1777405712532 -2.185840347638069 9
1777405715712 -2.0655984331014343 10
1777405717766 -1.936232774295001 11
1777405721136 -1.798658799413115 12
1777405726561 -1.6609789956966452 13
1777405730333 -1.5199260075677268 14
1777405730655 -1.3770951652193446 15
1777405730982 -1.2391229720527637 16
1777405731316 -1.1014933624435757 17
1777405731912 -0.9602018645531321 18
1777405732260 -0.8268141835208884 19
1777405735525 -0.6809030727217842 20
1777405735890 -0.5511232247783386 21
1777405736199 -0.41201929489564537 22
1777405743166 -0.26897126650613923 23
1777405749921 -0.1305680358308705 24
1777405754054 0.006767955801105008 25
1777405754635 0.10791697964857105 26
1777405754948 0.24473944695219974 27
1777405755705 0.35136704353198034 28
1777405756658 0.4504364781287076 29
1777405759632 0.5456686043169912 30
1777405765419 0.6118075494745414 31
1777405778174 0.7009040028129758 32
1777405778513 0.7539440326928613 33
1777405778845 0.8007087723855189 34
1777405781534 0.8382646264926604 35
1777405784826 0.8621513834970199 36
1777405787303 0.8830701067765555 37
1777405787612 0.8960326782915156 38
1777405787946 0.9084650617861381 39
1777405788279 0.9090048733037551 40
1777405788600 0.922942825884364 41
1777405788943 0.9221630731517687 42
1777405789255 0.925323563325307 43
1777405789591 0.9238884791360997 44
1777405789932 0.9308408072388327 45
1777405790272 0.9387265088067843 46
1777405790593 0.9428437747899219 47
1777405790904 0.9457805359186223 48
1777405793653 0.9428087946745105 49
1777405793988 0.9488823913455531 50
1777405796593 0.9520205102599564 51
1777405799060 0.955390281745993 52
1777405802016 0.9541561016992285 53
1777405808292 0.951708979918847 54
1777405808648 0.9466545616527551 55
1777405811859 0.9477541309000777 56
1777405817940 0.9576564414089099 57
1777405824639 0.9506745107390819 58
1777405824967 0.9583443480294426 59
1777405827784 0.9599149129807929 60
1777405828115 0.9514901759514065 61
1777405828463 0.9515616992635858 62
1777405836219 0.9436248108945784 63
1777405836555 0.9629835405887804 64
1777405838820 0.9606550703946029 65
1777405848152 0.9592698951188863 66
1777405858293 0.9609408345735607 67
1777405865807 0.9659842454562048 68
1777405871250 0.9623122081151235 69
1777405877693 0.9618320706561037 70
1777405887193 0.9597846260363504 71
1777405893586 0.9647741023854486 72
1777405897058 0.9582523840007161 73
1777405897394 0.9654166439974166 74
1777405904978 0.9597001373756555 75
1777405908115 0.9611330990649154 76
1777405908435 0.9513685353148891 77
1777405908783 0.9693130136778942 78
1777405909120 0.9671117316879261 79
1777405913731 0.9628922182460845 80
1777405916205 0.9584133484734674 81
1777405919110 0.9759215982523325 82
1777405922521 0.9551188446404628 83
1777405923055 0.9631802365528933 84
1777405925337 0.9686573668708918 85
1777405925696 0.9707087493506357 86
