1777298855573 50856.21875 1
1777298856231 49413.205078125 2
1777298856892 48046.90234375 3
1777298857542 46318.287109375 4
1777298858199 44124.9140625 5
1777298858877 41689.5390625 6
1777298859535 39053.357421875 7
1777298860193 36339.048828125 8
1777298860857 33531.458984375 9
1777298861508 30418.00390625 10
1777298862172 27284.873046875 11
1777298862823 24043.29296875 12
1777298863473 20740.548828125 13
1777298864128 17439.9501953125 14
1777298864811 14204.70947265625 15
1777298865477 11371.33837890625 16
1777298866135 8636.41748046875 17
1777298866822 6401.69873046875 18
1777298867477 4634.329833984375 19
1777298868129 3299.5615234375 20
1777298868796 2319.2191162109375 21
1777298869441 1736.7189331054688 22
1777298870087 1432.960693359375 23
1777298870739 1255.627197265625 24
1777298871386 1119.372802734375 25
1777298872038 953.2011108398438 26
1777298872694 905.62060546875 27
1777298873352 833.58544921875 28
1777298874003 871.6961975097656 29
1777298874692 680.3541870117188 30
1777298875395 721.6546936035156 31
1777298876061 703.9671020507812 32
1777298876733 720.8993835449219 33
1777298877388 592.3008422851562 34
1777298878039 618.9539489746094 35
1777298878730 506.3901672363281 36
1777298879384 636.8334655761719 37
1777298880043 552.4525146484375 38
1777298880700 479.6811065673828 39
1777298881394 554.0252380371094 40
1777298882043 539.9280090332031 41
1777298882710 575.7510375976562 42
1777298883361 585.0921325683594 43
1777298884009 568.3671569824219 44
1777298884656 513.3699035644531 45
1777298885338 512.09814453125 46
1777298885993 452.0059814453125 47
1777298886645 516.1241760253906 48
1777298887295 571.6101989746094 49
1777298887956 433.6497039794922 50
1777298888610 476.9224548339844 51
1777298889275 489.50657653808594 52
1777298889939 457.4958190917969 53
1777298890598 339.1397247314453 54
1777298891249 455.9631805419922 55
1777298891896 424.15110778808594 56
1777298892546 480.1875305175781 57
1777298893223 433.92576599121094 58
1777298893875 423.5441436767578 59
1777298894525 382.33294677734375 60
1777298895207 350.1392364501953 61
1777298895855 370.83580017089844 62
1777298896509 410.7231750488281 63
1777298897158 433.9219665527344 64
1777298897828 374.3455810546875 65
1777298898485 399.21018981933594 66
1777298899139 378.34344482421875 67
1777298899791 369.60284423828125 68
1777298900442 370.2509765625 69
1777298901092 345.9300231933594 70
