1777298855573 -2.7865098901683116 1
1777298856231 -2.6790698617957664 2
1777298856892 -2.57734141699037 3
1777298857542 -2.448637019595663 4
1777298858199 -2.285329387105583 5
1777298858877 -2.104002935187342 6
1777298859535 -1.9077253976948008 7
1777298860193 -1.7056309988241063 8
1777298860857 -1.4965912373885226 9
1777298861508 -1.2647784164398472 10
1777298862172 -1.031500625021423 11
1777298862823 -0.7901480954509492 12
1777298863473 -0.5442416884742132 13
1777298864128 -0.2984947721347473 14
1777298864811 -0.05761451127089123 15
1777298865477 0.15334473901245915 16
1777298866135 0.3569738417866869 17
1777298866822 0.5233602631175802 18
1777298867477 0.6549500507502006 19
1777298868129 0.7543305118180463 20
1777298868796 0.8273220927410074 21
1777298869441 0.8706922553829839 22
1777298870087 0.8933086332701666 23
1777298870739 0.9065120250169458 24
1777298871386 0.9166568788469247 25
1777298872038 0.9290292240360785 26
1777298872694 0.9325718409574055 27
1777298873352 0.9379352328108616 28
1777298874003 0.9350976832061255 29
1777298874692 0.9493440925682259 30
1777298875395 0.9462690558084321 31
1777298876061 0.9475859957514632 32
1777298876733 0.9463252961506795 33
1777298877388 0.9559001228794916 34
1777298878039 0.9539156656530617 35
1777298878730 0.9622966188334658 36
1777298879384 0.9525844456581123 37
1777298880043 0.9588670400269036 38
1777298880700 0.9642852513219186 39
1777298881394 0.9587499350757629 40
1777298882043 0.9597995552886885 41
1777298882710 0.9571323498164809 42
1777298883361 0.9564368489870246 43
1777298884009 0.95768211268783 44
1777298884656 0.9617769435341936 45
1777298885338 0.9618716329025687 46
1777298885993 0.9663458087102174 47
1777298886645 0.9615718720423405 48
1777298887295 0.957440649743346 49
1777298887956 0.967712526629865 50
1777298888610 0.9644906452489278 51
1777298889275 0.9635536896724916 52
1777298889939 0.9659370593021865 53
1777298890598 0.9747492886315353 54
1777298891249 0.9660511712899714 55
1777298891896 0.9684197498900005 56
1777298892546 0.9642475428036495 57
1777298893223 0.9676919754874083 58
1777298893875 0.9684649372643928 59
1777298894525 0.9715333258484657 60
1777298895207 0.9739303142647586 61
1777298895855 0.9723893474681911 62
1777298896509 0.9694195256718718 63
1777298897158 0.9676922542025433 64
1777298897828 0.9721280274365868 65
1777298898485 0.9702767249996678 66
1777298899139 0.9718303651373753 67
1777298899791 0.9724811485826669 68
1777298900442 0.9724328926092878 69
1777298901092 0.9742437130390941 70
