1777384003806 161.11074829101562 1
1777384004446 158.33433532714844 2
1777384004807 156.21156311035156 3
1777384005182 154.08226013183594 4
1777384005565 151.69479370117188 5
1777384005973 148.99278259277344 6
1777384006365 146.023193359375 7
1777384006731 142.8462371826172 8
1777384007093 139.38375854492188 9
1777384007468 135.64649963378906 10
1777384007843 131.3255615234375 11
1777384008242 126.83822631835938 12
1777384008631 122.24531555175781 13
1777384009014 117.63802337646484 14
1777384009402 112.94078063964844 15
1777384009771 108.14266967773438 16
1777384010160 103.17051696777344 17
1777384010863 98.60713195800781 18
1777384011245 93.12840270996094 19
1777384011719 87.57441711425781 20
1777384012098 81.70227813720703 21
1777384012496 76.11329650878906 22
1777384012904 70.84010314941406 23
1777384013301 65.30077362060547 24
1777384013706 59.121856689453125 25
1777384014119 53.77067947387695 26
1777384014523 49.31936264038086 27
1777384019002 43.945404052734375 28
1777384025677 40.2008171081543 29
1777384026042 35.82426834106445 30
1777384026412 34.39254379272461 31
1777384027017 30.972049713134766 32
1777384027384 29.43842124938965 33
1777384027745 26.34984588623047 34
1777384028107 23.836328506469727 35
1777384028500 24.817890167236328 36
1777384028896 23.286026000976562 37
1777384029294 22.37727928161621 38
1777384029710 20.72564697265625 39
1777384030196 20.143754959106445 40
1777384031074 20.28118896484375 41
1777384039447 19.988847732543945 42
1777384046076 19.058124542236328 43
1777384052963 19.869314193725586 44
1777384053535 20.29918098449707 45
1777384053924 19.06123924255371 46
1777384054324 20.261831283569336 47
1777384054755 18.091365814208984 48
1777384055620 16.89176368713379 49
1777384106165 16.989370346069336 50
1777384106726 16.40915870666504 51
1777384107346 16.954940795898438 52
1777384107712 18.203466415405273 53
1777384108068 19.081806182861328 54
1777384108448 16.439451217651367 55
1777384108907 15.927316665649414 56
1777384109374 17.640390396118164 57
1777384109870 16.72113609313965 58
1777384110580 16.408784866333008 59
1777384110970 14.910888671875 60
1777384111408 16.544736862182617 61
1777384111867 15.201111793518066 62
1777384112530 17.614511489868164 63
1777384123248 16.03286361694336 64
1777384123771 17.171051025390625 65
1777384124114 14.408987045288086 66
1777384124933 14.765917778015137 67
1777384125608 16.460866928100586 68
1777384125943 15.05356216430664 69
1777384126558 14.804349899291992 70
1777384126916 15.818096160888672 71
1777384127802 14.967775344848633 72
1777384128171 15.251676559448242 73
1777384128547 16.06317901611328 74
1777384129100 13.713011741638184 75
1777384129464 14.812850952148438 76
1777384129822 15.141128540039062 77
1777384130450 14.055399894714355 78
1777384130809 14.150437355041504 79
1777384131267 13.992623329162598 80
1777384131706 14.694870948791504 81
1777384132311 13.790765762329102 82
1777384132703 14.202561378479004 83
1777384133220 12.179327011108398 84
1777384133969 16.126386642456055 85
1777384134328 15.065659523010254 86
1777384134822 16.521846771240234 87
1777384135182 12.594178199768066 88
1777384135761 13.660022735595703 89
1777384136108 13.425339698791504 90
1777384136458 14.978983879089355 91
1777384136827 13.773573875427246 92
1777384137942 15.351476669311523 93
1777384138322 14.349984169006348 94
1777384138860 14.203585624694824 95
1777384139248 13.874716758728027 96
1777384139621 13.524991035461426 97
1777384139981 12.736135482788086 98
1777384140335 14.63752555847168 99
1777384140698 15.248059272766113 100
1777384141051 13.825124740600586 101
1777384141652 13.691484451293945 102
1777384142075 13.579142570495605 103
1777384142437 13.789079666137695 104
1777384142800 11.714672088623047 105
1777384143165 13.338383674621582 106
1777384143570 13.373677253723145 107
1777384143936 13.448721885681152 108
1777384144304 13.321353912353516 109
1777384144667 13.403566360473633 110
1777384145043 13.33533763885498 111
1777384145414 13.043646812438965 112
1777384145820 11.894975662231445 113
1777384146209 12.254610061645508 114
1777384146571 12.968037605285645 115
1777384146935 11.850994110107422 116
1777384147490 11.718807220458984 117
1777384147865 12.972968101501465 118
1777384148224 11.356480598449707 119
1777384148596 12.673409461975098 120
1777384148964 12.107434272766113 121
1777384149421 10.562822341918945 122
1777384149879 13.018167495727539 123
1777384150254 11.198878288269043 124
1777384150629 12.593884468078613 125
1777384151392 11.542903900146484 126
1777384151805 11.393531799316406 127
1777384152176 10.316929817199707 128
1777384152573 10.808493614196777 129
1777384152951 11.498089790344238 130
1777384153383 10.923213958740234 131
1777384153761 11.774849891662598 132
1777384154439 10.646130561828613 133
1777384154931 11.354194641113281 134
1777384155297 11.717379570007324 135
1777384156041 10.873678207397461 136
1777384156639 11.187055587768555 137
1777384157174 12.139871597290039 138
1777384157607 12.728489875793457 139
1777384158129 11.112318992614746 140
1777384158535 11.625572204589844 141
1777384158897 11.189033508300781 142
1777384159314 10.981010437011719 143
1777384159701 10.126076698303223 144
1777384160224 11.363897323608398 145
1777384160756 12.096016883850098 146
1777384161980 11.045881271362305 147
1777384164367 9.942502975463867 148
1777384164743 10.449076652526855 149
1777384165133 11.202239036560059 150
1777384165904 10.748242378234863 151
1777384166292 10.867674827575684 152
1777384166706 10.950592994689941 153
1777384167175 9.891478538513184 154
1777384167606 9.675588607788086 155
1777384168093 10.147290229797363 156
1777384168836 8.880377769470215 157
1777384173459 9.946138381958008 158
1777384180578 10.554445266723633 159
1777384180988 9.85608959197998 160
1777384181555 9.627827644348145 161
1777384182036 11.555816650390625 162
1777384182565 10.8156156539917 163
1777384183059 9.9625244140625 164
1777384183432 8.729225158691406 165
1777384183850 9.870841026306152 166
1777384184198 10.674447059631348 167
1777384184611 8.694244384765625 168
1777384184968 9.793272018432617 169
1777384185334 9.408270835876465 170
1777384185906 9.034805297851562 171
1777384186261 9.595185279846191 172
