1777231801486 -2.459223980116834 1
1777231803580 -1.4839066118994932 2
1777231805451 -0.30828399966143216 3
1777231807324 0.6803184634315924 4
1777231809178 0.9000338447613971 5
1777231811026 0.9322461267996033 6
1777231812887 0.9432629977655573 7
1777231814752 0.9494201768815873 8
1777231816725 0.9513752299345214 9
1777231818849 0.956627812979912 10
1777231820696 0.9571780402443668 11
1777231822536 0.959124273329528 12
1777231824380 0.9607313893378935 13
1777231826249 0.9624063734560293 14
1777231828106 0.9671214778495136 15
1777231831009 0.9664531282619903 16
1777231832914 0.9655984433661338 17
1777231834808 0.9669928207571818 18
1777231836722 0.9686004608593013 19
1777231838763 0.9680786003727271 20
1777231841136 0.9703074331231212 21
1777231843639 0.9716402579157721 22
1777231846235 0.9682684261526872 23
1777231848754 0.9723345444224716 24
1777231851092 0.9731397964400184 25
1777231853647 0.9724946933184789 26
1777231855674 0.976196641845499 27
1777231857632 0.9773867806504523 28
1777231859842 0.978347514823929 29
1777231862314 0.9786330006873663 30
1777231864399 0.978642976033796 31
1777231866818 0.9799133359228096 32
1777231868862 0.9796788831240034 33
1777231871113 0.9809331142807253 34
1777231873275 0.9816132141862199 35
1777231877448 0.9833388374108158 36
1777231880686 0.982282756936225 37
1777231886103 0.9833135370443673 38
1777231893160 0.9831145187291543 39
1777231895010 0.9835119528476335 40
1777231896861 0.984940377340289 41
1777231898688 0.98338911680977 42
1777231900544 0.9845442160193567 43
1777231902743 0.9853778804681392 44
