1777231801486 181.87054290771485 1
1777231803580 146.43450775146485 2
1777231805451 95.64060821533204 3
1777231807324 43.84872550964356 4
1777231809178 26.742165565490723 5
1777231811026 22.52011375427246 6
1777231812887 20.670009040832518 7
1777231814752 19.5288667678833 8
1777231816725 19.163715744018553 9
1777231818849 18.191958618164062 10
1777231820696 18.103923988342284 11
1777231822536 17.5628173828125 12
1777231824380 17.023902130126952 13
1777231826249 16.86721315383911 14
1777231828106 15.837406539916993 15
1777231831009 15.751287364959717 16
1777231832914 15.999141120910645 17
1777231834808 15.744112396240235 18
1777231836722 15.310035800933838 19
1777231838763 15.339083766937256 20
1777231841136 14.947996997833252 21
1777231843639 14.530894374847412 22
1777231846235 15.311763286590576 23
1777231848754 14.226058101654052 24
1777231851092 14.04981632232666 25
1777231853647 14.198564720153808 26
1777231855674 13.350084495544433 27
1777231857632 13.010582065582275 28
1777231859842 12.630955410003661 29
1777231862314 12.633398532867432 30
1777231864399 12.50967721939087 31
1777231866818 12.224355888366699 32
1777231868862 12.288479137420655 33
1777231871113 11.92347583770752 34
1777231873275 11.655883884429931 35
1777231877448 11.245813941955566 36
1777231880686 11.487299919128418 37
1777231886103 11.172338962554932 38
1777231893160 11.1528395652771 39
1777231895010 11.07403335571289 40
1777231896861 10.63215160369873 41
1777231898688 11.195982933044434 42
1777231900544 10.725900650024414 43
1777231902743 10.463351249694824 44
