1777298736499 -1.9209491297058823 1
1777298737190 -1.8334720965612514 2
1777298737861 -1.7519953086836932 3
1777298738518 -1.6494812134579444 4
1777298739173 -1.5191955599118692 5
1777298739822 -1.3562618823671575 6
1777298740485 -1.1819483075404902 7
1777298741139 -1.0005645092293398 8
1777298741803 -0.8119044115660112 9
1777298742457 -0.6146500918090592 10
1777298743149 -0.4186208504464408 11
1777298743811 -0.20514039159595865 12
1777298744483 0.012186594360168557 13
1777298745140 0.22488986548825962 14
1777298745796 0.39633165925688385 15
1777298746477 0.5541748860006469 16
1777298747130 0.6807878288290949 17
1777298747798 0.7742955103471364 18
1777298748471 0.8406177250870577 19
1777298749121 0.8830760483168908 20
1777298749775 0.9003987879210096 21
1777298750431 0.9149617524348725 22
1777298751102 0.9291766358784072 23
1777298751761 0.9307052907393366 24
1777298752442 0.9384777184490468 25
1777298753123 0.9421032796477994 26
1777298753776 0.9468615288845493 27
1777298754425 0.9467512114549408 28
1777298755093 0.9540853566817631 29
1777298755778 0.955849472114696 30
1777298756443 0.957305369423204 31
1777298757108 0.9600717246835813 32
1777298757776 0.9527321151437231 33
1777298758434 0.9627636924024126 34
1777298759104 0.9638294279882204 35
1777298759758 0.9618539648921552 36
1777298760411 0.9623273603050505 37
1777298761080 0.9649882744035553 38
1777298761744 0.9672521130717013 39
1777298762395 0.9667197547437224 40
1777298763064 0.9645901418805249 41
1777298763724 0.9636356019205884 42
1777298764376 0.9691121240746039 43
1777298765030 0.973408794659678 44
1777298765686 0.9670720006923498 45
1777298766354 0.9696967852148125 46
1777298767024 0.9718209749832097 47
1777298767697 0.9725101261302752 48
1777298768359 0.9721749883897652 49
1777298769013 0.9742107239875755 50
1777298769666 0.968833609176471 51
1777298770318 0.9716474192912428 52
1777298770975 0.9705689133978384 53
1777298771663 0.9740675655063674 54
1777298772318 0.9746966626982841 55
1777298772978 0.9766571466706838 56
1777298773666 0.9748597513717493 57
1777298774322 0.9734267133164837 58
1777298774977 0.9771373166467036 59
1777298775653 0.9737183831514823 60
1777298776308 0.9790595269110587 61
1777298776962 0.979138551925966 62
1777298777631 0.9774850337834714 63
1777298778286 0.9780658008202621 64
1777298778987 0.9760138621220322 65
1777298779635 0.9767142467837203 66
1777298780285 0.9801788402585215 67
1777298780939 0.9787260170008115 68
1777298781601 0.9757750701394637 69
1777298782257 0.9825455293836597 70
1777298782910 0.9828318437048288 71
1777298783599 0.9831559435873215 72
1777298784255 0.9828626410936288 73
1777298784909 0.9847697392843571 74
1777298785581 0.9828545582081966 75
1777298786235 0.9808236552012999 76
1777298786917 0.9801575293871609 77
1777298787586 0.9805634601448674 78
1777298788245 0.9829944063491488 79
1777298788907 0.9850369886828837 80
1777298789561 0.9857283174077317 81
1777298790213 0.9832308065498159 82
1777298790863 0.9826390519189588 83
1777298791516 0.9845071385331629 84
1777298792191 0.9788614776214445 85
1777298792845 0.9829096930812959 86
1777298793504 0.9814382900985817 87
1777298794195 0.9815574658589972 88
1777298794872 0.9838076669952754 89
1777298795527 0.9824943979434014 90
1777298796180 0.9836095279300123 91
1777298796833 0.9825490658665024 92
1777298797492 0.9872189085409762 93
1777298798153 0.9854914807293444 94
1777298798802 0.9860915775837945 95
1777298799468 0.9869280370967345 96
1777298800126 0.983367060735381 97
1777298800793 0.9854061167196447 98
1777298801486 0.9846360563649229 99
1777298802149 0.9838002563476091 100
1777298802801 0.9839782028540038 101
1777298803452 0.9867115739798927 102
1777298804106 0.9859662116552493 103
1777298804802 0.9860719153157154 104
