1777270300347 49669.729296875 1
1777270303263 44467.92109375 2
1777270305966 36751.9578125 3
1777270310564 27308.38671875 4
1777270312908 17147.17734375 5
1777270315186 8479.231689453125 6
1777270317521 3547.9275634765627 7
1777270319829 1910.40419921875 8
1777270322148 1452.4175048828124 9
1777270324456 1216.6145385742188 10
1777270326757 1105.9657653808595 11
1777270329103 1003.0580932617188 12
1777270331409 926.4150207519531 13
1777270333759 889.7124206542969 14
1777270336132 805.6277770996094 15
1777270338325 793.7629516601562 16
1777270340544 782.5198181152343 17
1777270342825 782.7916320800781 18
1777270345197 716.3875305175782 19
1777270347518 765.2771667480469 20
1777270349731 721.5703979492188 21
1777270352009 666.4754150390625 22
1777270354356 674.395947265625 23
1777270356704 633.5790588378907 24
1777270358925 670.4349975585938 25
1777270361092 656.6575927734375 26
1777270363414 612.1467468261719 27
1777270365950 615.9885437011719 28
1777270378374 601.285888671875 29
1777270380805 608.8022644042969 30
1777270383036 590.2859924316406 31
1777270386024 594.2216796875 32
1777270388410 555.8371887207031 33
1777270390688 554.1532379150391 34
1777270393034 578.6348083496093 35
1777270395281 550.6828155517578 36
1777270397635 532.6337768554688 37
1777270400464 569.802587890625 38
1777270405034 518.4541717529297 39
1777270411228 528.3276275634765 40
1777270413457 486.45555725097654 41
1777270415736 493.8829742431641 42
1777270418110 460.682080078125 43
1777270420593 488.6217529296875 44
1777270422861 457.70423583984376 45
1777270424881 455.6200286865234 46
1777270426672 448.5541748046875 47
