1777270300347 190.3489990234375 1
1777270303263 176.4818115234375 2
1777270305966 156.10928344726562 3
1777270310564 128.21530151367188 4
1777270312908 94.53649139404297 5
1777270315186 62.76340866088867 6
1777270317521 40.49351119995117 7
1777270319829 31.09634780883789 8
1777270322148 27.89139747619629 9
1777270324456 25.87339973449707 10
1777270326757 24.80584716796875 11
1777270329103 23.744592666625977 12
1777270331409 22.810943603515625 13
1777270333759 22.331645965576172 14
1777270336132 21.447723388671875 15
1777270338325 21.171920776367188 16
1777270340544 20.925722122192383 17
1777270342825 20.869258880615234 18
1777270345197 20.177595138549805 19
1777270347518 20.634035110473633 20
1777270349731 20.08530616760254 21
1777270352009 19.32801055908203 22
1777270354356 19.390804290771484 23
1777270356704 18.941686630249023 24
1777270358925 19.333913803100586 25
1777270361092 19.142370223999023 26
1777270363414 18.524883270263672 27
1777270365950 18.48974609375 28
1777270378374 18.416561126708984 29
1777270380805 18.40281105041504 30
1777270383036 18.175304412841797 31
1777270386024 18.144025802612305 32
1777270388410 17.596847534179688 33
1777270390688 17.49073028564453 34
1777270393034 17.843412399291992 35
1777270395281 17.3471622467041 36
1777270397635 16.968801498413086 37
1777270400464 17.378501892089844 38
1777270405034 16.841197967529297 39
1777270411228 17.055356979370117 40
1777270413457 16.33299446105957 41
1777270415736 16.437076568603516 42
1777270418110 15.945307731628418 43
1777270420593 16.341413497924805 44
1777270422861 15.847808837890625 45
1777270424881 15.774703025817871 46
1777270426672 15.647753715515137 47
