1777377314245 160.35415649414062 1
1777377314802 158.64295959472656 2
1777377315860 156.75161743164062 3
1777377316281 155.00782775878906 4
1777377316712 153.17420959472656 5
1777377317358 151.1143798828125 6
1777377318164 148.35198974609375 7
1777377319009 145.1832733154297 8
1777377320022 142.55096435546875 9
1777377321069 140.13404846191406 10
1777377321491 137.66233825683594 11
1777377325699 134.51870727539062 12
1777377326280 131.25070190429688 13
1777377326707 127.89789581298828 14
1777377327434 124.36530303955078 15
1777377328382 120.86771392822266 16
1777377329158 117.1128158569336 17
1777377329865 113.27513122558594 18
1777377330673 109.14739990234375 19
1777377332082 104.82916259765625 20
1777377332929 100.28907775878906 21
1777377333445 94.84952545166016 22
1777377334250 89.15400695800781 23
1777377335742 82.57763671875 24
1777377336648 77.10304260253906 25
1777377338102 72.00508880615234 26
1777377338629 66.76036071777344 27
1777377339407 61.349510192871094 28
1777377339915 56.74296951293945 29
1777377341695 51.762935638427734 30
1777377342572 49.04585647583008 31
1777377343003 43.813533782958984 32
1777377343428 40.84861755371094 33
1777377344890 37.116981506347656 34
1777377345762 34.81682586669922 35
1777377346576 33.019779205322266 36
1777377347501 30.70558738708496 37
1777377348453 29.812814712524414 38
1777377349938 27.588134765625 39
1777377350441 27.548051834106445 40
1777377351004 26.1467227935791 41
1777377352306 24.73068618774414 42
1777377353562 23.77853012084961 43
1777377354698 24.298620223999023 44
1777377355271 24.239688873291016 45
1777377356686 23.25711441040039 46
1777377358174 21.635143280029297 47
1777377359460 23.2678279876709 48
1777377361297 20.25490379333496 49
1777377362299 22.716854095458984 50
1777377362757 23.236400604248047 51
1777377363198 21.045774459838867 52
1777377363628 22.472583770751953 53
1777377364701 20.25161361694336 54
1777377365247 21.754140853881836 55
1777377367111 20.678985595703125 56
1777377369132 21.027360916137695 57
1777377370388 19.06169319152832 58
1777377371869 19.251123428344727 59
1777377373957 19.31904411315918 60
1777377375103 17.57364845275879 61
1777377375980 18.47613525390625 62
1777377377209 19.383901596069336 63
1777377377805 19.347270965576172 64
1777377378334 18.6218204498291 65
1777377379044 17.722036361694336 66
1777377379577 19.231950759887695 67
1777377381785 19.195659637451172 68
1777377382521 17.379480361938477 69
1777377383888 17.762699127197266 70
1777377385192 18.292770385742188 71
1777377385946 18.577295303344727 72
1777377387035 17.165325164794922 73
1777377387861 18.0606689453125 74
1777377389321 16.719497680664062 75
1777377392105 18.877588272094727 76
1777377393062 18.95874786376953 77
1777377394122 19.000520706176758 78
1777377395167 17.842016220092773 79
1777377395628 18.128000259399414 80
1777377396687 17.369890213012695 81
1777377399090 16.05628776550293 82
1777377399531 17.872915267944336 83
1777377400061 16.1359806060791 84
1777377401231 17.07233428955078 85
1777377401678 16.327150344848633 86
1777377402438 17.939472198486328 87
1777377402881 15.08529281616211 88
1777377404503 17.477712631225586 89
1777377405071 18.843902587890625 90
1777377405688 16.39833641052246 91
1777377407053 15.645811080932617 92
1777377408538 17.41360855102539 93
1777377409049 16.800457000732422 94
1777377409667 16.743762969970703 95
1777377410588 15.635965347290039 96
1777377411656 16.316913604736328 97
1777377412696 15.636048316955566 98
1777377413109 15.656667709350586 99
1777377413514 16.609506607055664 100
1777377414324 16.041324615478516 101
1777377415138 16.12740707397461 102
1777377415606 16.789506912231445 103
1777377416107 17.053504943847656 104
1777377416565 15.071117401123047 105
1777377417432 15.412887573242188 106
1777377419114 16.283313751220703 107
1777377420061 14.74053955078125 108
1777377420718 14.799838066101074 109
1777377421315 15.579498291015625 110
1777377422119 15.532045364379883 111
1777377423974 15.574429512023926 112
1777377424983 17.398365020751953 113
1777377427320 16.457931518554688 114
1777377429136 15.903736114501953 115
1777377429754 16.111953735351562 116
1777377430434 14.74557876586914 117
1777377431533 15.364985466003418 118
1777377432792 15.18705940246582 119
1777377433864 14.286311149597168 120
1777377435283 14.918351173400879 121
1777377436254 15.093958854675293 122
1777377436766 15.159356117248535 123
1777377437858 13.609884262084961 124
1777377438277 15.102165222167969 125
1777377438687 14.61468505859375 126
1777377439617 14.528392791748047 127
1777377440383 14.519288063049316 128
1777377441012 14.581037521362305 129
1777377441682 14.623753547668457 130
1777377443660 15.020720481872559 131
1777377444067 14.204277038574219 132
1777377444462 13.231685638427734 133
1777377444910 14.586809158325195 134
1777377446406 14.022217750549316 135
1777377448328 14.331219673156738 136
1777377449680 14.403787612915039 137
1777377450100 12.821393013000488 138
1777377451012 14.150887489318848 139
1777377451434 13.44637680053711 140
1777377452264 14.09288501739502 141
1777377452686 15.60053539276123 142
1777377454388 14.028151512145996 143
1777377455163 13.06568717956543 144
1777377455583 13.842304229736328 145
1777377456976 12.928329467773438 146
1777377457969 13.300238609313965 147
1777377458389 14.79544734954834 148
1777377459337 13.3274507522583 149
1777377459757 13.775686264038086 150
1777377460877 13.652907371520996 151
1777377461699 13.103509902954102 152
1777377462535 12.923832893371582 153
1777377463328 13.98167610168457 154
1777377464606 13.81461238861084 155
1777377465368 13.215643882751465 156
1777377465775 12.570704460144043 157
1777377466209 13.359541893005371 158
1777377466709 12.864215850830078 159
1777377467155 12.665085792541504 160
1777377467590 13.250039100646973 161
1777377468009 12.567944526672363 162
1777377469241 13.328591346740723 163
1777377469717 13.24721622467041 164
1777377470843 11.96900749206543 165
1777377471263 13.883099555969238 166
1777377471714 14.176690101623535 167
1777377472519 12.752364158630371 168
1777377472946 13.030346870422363 169
1777377474926 13.184131622314453 170
1777377476071 12.88432502746582 171
1777377478273 12.952473640441895 172
1777377478697 12.818215370178223 173
1777377479338 12.579277038574219 174
1777377480740 12.370723724365234 175
1777377483469 13.313512802124023 176
1777377483898 12.51126480102539 177
