1777242028894 157.4362762451172 1
1777242049243 143.25400085449218 2
1777242056714 122.76471405029297 3
1777242062910 92.23871459960938 4
1777242133450 60.44983749389648 5
1777242135392 39.417826080322264 6
1777242137583 29.59595718383789 7
1777242139548 24.558621406555176 8
1777242141762 23.378763580322264 9
1777242145269 23.34072322845459 10
1777242166057 21.54420909881592 11
1777242172005 21.055464363098146 12
1777242184306 20.46064147949219 13
1777242211302 19.683083534240723 14
1777242216593 19.47486400604248 15
1777242221945 19.21832160949707 16
1777242226047 18.6441801071167 17
1777242230108 17.90688247680664 18
1777242234818 18.54613628387451 19
1777242241013 18.15650405883789 20
1777242244402 17.479935264587404 21
1777242248139 17.52227153778076 22
1777242251733 17.21718273162842 23
1777242334286 16.6035267829895 24
1777242336251 16.866757297515868 25
1777242338432 17.179927253723143 26
1777242340706 16.980435180664063 27
1777242342918 16.055926513671874 28
1777242345264 16.87390308380127 29
1777242347499 16.352122688293456 30
1777242349434 16.06263647079468 31
1777242351194 15.854553318023681 32
1777242353029 15.951439762115479 33
1777242354793 15.961449432373048 34
1777242356552 16.097736358642578 35
1777242358345 15.35324125289917 36
1777242360121 15.150217056274414 37
1777242361897 15.206685829162598 38
1777242363674 14.961459636688232 39
1777242365456 15.481723403930664 40
1777242367250 15.173476409912109 41
1777242369497 14.574694061279297 42
1777242371790 14.582331085205078 43
1777242374168 14.610895919799805 44
1777242390380 14.442785453796386 45
1777242409598 14.009292793273925 46
1777242424747 14.272386932373047 47
1777242429390 14.242495918273926 48
1777242432282 13.775416851043701 49
1777242436623 14.24705753326416 50
1777242447013 13.663142967224122 51
1777242451184 13.721043682098388 52
1777242455144 13.557775592803955 53
1777242459919 13.811148643493652 54
1777242464215 13.498047065734863 55
