1777433987700 202.5396855402664 1
1777433988029 200.2920718912758 2
1777433988369 198.49016033546852 3
1777433988704 196.7089180426246 4
1777433989010 194.8015015342541 5
1777433989324 192.70133545852764 6
1777433989635 190.3806220443667 7
1777433989945 187.49593745598864 8
1777433990245 183.9383176162596 9
1777433990536 180.01505470897428 10
1777433990843 175.6472127856716 11
1777433991149 170.93930529211238 12
1777433991454 165.43508569262144 13
1777433991764 159.5199585866922 14
1777433992070 153.6868772862537 15
1777433992366 147.86881194787156 16
1777433992687 142.07212351918304 17
1777433993017 135.57126671745382 18
1777433993327 128.99228568261358 19
1777433993632 121.19527195939824 20
1777433993924 115.32047313221317 21
1777433994237 108.0069984711639 22
1777433994552 98.9688733422029 23
1777433994869 93.033254933048 24
1777433995185 87.407632608836 25
1777433995480 78.47957661272454 26
1777433995820 72.57415725160885 27
1777433996121 66.34202408847841 28
1777433996459 61.60147679527963 29
1777433996749 56.00021798227664 30
1777433997054 50.9004970084097 31
1777433997371 47.714646598293065 32
1777433997671 42.90669382508981 33
1777433998024 39.547327202570685 34
1777433998336 37.42232352288621 35
1777433998647 35.860423459618055 36
1777433998953 32.28195334422547 37
1777433999245 31.69015028364492 38
1777433999573 29.952379196505408 39
1777433999900 30.266519370819942 40
1777434000202 28.998229926448744 41
1777434000508 29.418595060804016 42
1777434000822 30.95713944184564 43
1777434001134 26.03330034879906 44
1777434001469 27.81876355909858 45
1777434002689 28.600025993282003 46
1777434002995 27.86440140614286 47
1777434003327 26.94097665535775 48
1777434003692 27.690280748833494 49
1777434004027 27.968157509436626 50
1777434004341 26.79638529071482 51
1777434004665 28.175448461312797 52
1777434004960 24.524546257589048 53
1777434005284 25.342531374832607 54
1777434005602 25.01201249485872 55
1777434005947 28.738804503272988 56
1777434006243 27.584720572846688 57
1777434006556 22.260409888155067 58
1777434006871 23.935508545588444 59
1777434007219 26.04871792557949 60
1777434007570 21.16716030876861 61
1777434007884 23.65074345587523 62
1777434008253 27.91484417636296 63
1777434008565 24.444226366091417 64
1777434008908 24.33392598027045 65
1777434009225 22.269894738635877 66
1777434009522 23.96266067124668 67
1777434009831 26.904238954679034 68
1777434010147 22.137302922082956 69
1777434010457 24.08704105686292 70
1777434010766 21.350763511852744 71
1777434011070 24.04331748579335 72
1777434011382 21.54644655461451 73
1777434011690 22.681265823051795 74
1777434011996 22.61168164848993 75
1777434012325 21.752578056396196 76
1777434012623 25.941413014323015 77
1777434012927 23.77282004004258 78
1777434013246 21.068159390129235 79
1777434013586 19.806515725526964 80
1777434013915 23.800993775208212 81
1777434014228 21.45043768447322 82
1777434014535 21.313469380905147 83
1777434014853 21.413724744235296 84
1777434015169 22.808213424320964 85
1777434015465 21.449966053613508 86
1777434015781 22.15497726422045 87
1777434016106 24.2872984040945 88
1777434016422 23.87475457989045 89
1777434016751 23.204546726224393 90
1777434017044 17.770392081121813 91
1777434017357 22.36443126136972 92
1777434017652 21.098473863415677 93
1777434017961 21.395963683902874 94
1777434018301 21.82660802486483 95
1777434018648 23.249549779327044 96
1777434018958 20.477233898998588 97
1777434019290 20.159200668231644 98
1777434019613 21.460121964164063 99
1777434019916 22.399750217679955 100
1777434020238 20.942584795343585 101
1777434020561 20.794274583854808 102
1777434020864 21.45948060558149 103
1777434021229 20.97720116578949 104
1777434021738 19.446214887157346 105
1777434022045 21.76568108391913 106
1777434022359 20.86674948646433 107
1777434022681 18.39057272852597 108
1777434022979 20.787784598782782 109
1777434023298 19.098146422554827 110
1777434023616 19.267111566988074 111
1777434023913 22.045014538793687 112
1777434024223 17.965070954885274 113
1777434024518 18.272135648634766 114
1777434024823 21.52299228214664 115
1777434025153 19.80589400910749 116
1777434025458 19.2981907446171 117
1777434025787 19.030756099912978 118
1777434026119 20.159996169559175 119
1777434026426 18.86956506758552 120
1777434026766 20.754930025450054 121
1777434027092 22.956846139397474 122
1777434027388 22.143456643422695 123
1777434027686 20.742001382168755 124
1777434027992 20.096975586748744 125
1777434028332 20.677640565014606 126
1777434028716 20.058143023782137 127
1777434029030 18.375945812977474 128
1777434029336 19.25699874675236 129
1777434029646 19.977713565536988 130
1777434029942 20.19225149069989 131
1777434030255 21.34549072673745 132
1777434030553 20.290560567528225 133
1777434030839 19.73748382702987 134
1777434031165 18.095395239049683 135
1777434031488 16.969713945917004 136
1777434031815 18.943715299941413 137
1777434032121 19.9541680669024 138
1777434032417 16.79458196557561 139
1777434032715 18.119968320974653 140
1777434033022 20.437990515185884 141
1777434033318 19.028600749513217 142
1777434033621 17.86462613500096 143
1777434033961 22.09296334901716 144
1777434034248 22.03144323386003 145
1777434034590 18.03524973917181 146
1777434034904 18.32143186878843 147
1777434035266 16.153335160777363 148
1777434035588 18.78961878724318 149
1777434035906 16.81848174256523 150
1777434036229 20.382807259725276 151
1777434036535 19.853765312159616 152
1777434036837 18.47854690057204 153
1777434037142 19.83254712680924 154
1777434037455 18.096485517523494 155
1777434037787 16.119807863817925 156
1777434038097 17.345194548513465 157
1777434038433 20.390836026206877 158
1777434038782 19.070079659834196 159
1777434039104 17.372191277589486 160
1777434039408 18.339988933797013 161
1777434039712 18.18876093003374 162
1777434040028 16.88049498207454 163
1777434040327 18.376635005117997 164
1777434040666 17.00610421485198 165
1777434040970 19.265970318275887 166
1777434041275 18.54120974317033 167
1777434041596 15.533244751335209 168
1777434041896 15.910096788189891 169
1777434042212 18.642732716914033 170
1777434042516 17.25055726851219 171
1777434042817 16.707800700512525 172
1777434043117 17.717973211037183 173
1777434043425 15.07847058784659 174
1777434043752 16.969895578848778 175
1777434044096 17.173764930972382 176
1777434044396 18.12254664161038 177
1777434044690 18.957182975773406 178
1777434045010 16.257551580678978 179
1777434045337 16.873141716258804 180
1777434045661 15.79522847424851 181
1777434045971 14.361546332534092 182
1777434046319 15.551088369863528 183
1777434046640 15.079398019447137 184
1777434046937 17.89159044884111 185
1777434047259 17.630545967809585 186
1777434047578 20.18330533408699 187
1777434047892 19.310154843452835 188
1777434048216 18.520744446525782 189
1777434048529 15.757805237510722 190
1777434048843 17.252499606601393 191
1777434049173 14.542293035940517 192
1777434049488 15.02153757730957 193
1777434049815 16.388720173515114 194
1777434050101 18.00428805667512 195
1777434050408 15.430762917427874 196
1777434050728 14.959599830048774 197
1777434051056 14.584503185035027 198
1777434051386 16.05866073857957 199
1777434051678 17.63288951716676 200
1777434051980 16.472468671121938 201
1777434052302 16.09292132271884 202
1777434052622 16.694765945078043 203
1777434052938 15.753317347349068 204
1777434053227 14.858628439776268 205
1777434053530 15.4953921452274 206
1777434053835 14.594000934673465 207
1777434054155 16.624550261186577 208
1777434054468 17.269612979760232 209
1777434054827 14.215749704917133 210
1777434055125 14.46910276044727 211
1777434055416 14.845781624948687 212
1777434055711 14.891632782496046 213
1777434056018 16.242698554970975 214
1777434056346 14.806628129735197 215
1777434056669 14.6822401652313 216
1777434056998 16.009093561477997 217
1777434057331 16.548551393480224 218
1777434057630 16.808364529723363 219
