1777433987700 157.35700116838728 1
1777433988029 154.55359685988654 2
1777433988369 152.27703450520832 3
1777433988704 150.04998888288225 4
1777433989010 147.69224025181362 5
1777433989324 145.21015014648438 6
1777433989635 142.5987813313802 7
1777433989945 139.75133172898066 8
1777433990245 136.5376974196661 9
1777433990536 132.96349022274924 10
1777433990843 129.01888979957218 11
1777433991149 124.70399649483817 12
1777433991454 119.69477887834822 13
1777433991764 114.22166726248605 14
1777433992070 108.7505358741397 15
1777433992366 103.25333353678386 16
1777433992687 97.67737949916295 17
1777433993017 91.97419818696521 18
1777433993327 86.137659236363 19
1777433993632 80.56398199172247 20
1777433993924 73.91297120593843 21
1777433994237 68.00820050920758 22
1777433994552 61.462087940034415 23
1777433994869 56.256612287248885 24
1777433995185 52.754188028971356 25
1777433995480 46.709606570289246 26
1777433995820 41.471971493675596 27
1777433996121 37.98587984357562 28
1777433996459 33.52458843049549 29
1777433996749 31.384743100120907 30
1777433997054 28.328410284859793 31
1777433997371 26.573521132696243 32
1777433997671 24.115136282784597 33
1777433998024 22.309773545038134 34
1777433998336 21.043787238711403 35
1777433998647 20.60017680213565 36
1777433998953 17.749631436665855 37
1777433999245 17.756184568859283 38
1777433999573 16.4498477209182 39
1777433999900 17.009574708484468 40
1777434000202 16.277028583344958 41
1777434000508 16.502912439618793 42
1777434000822 17.342671712239582 43
1777434001134 13.9223514011928 44
1777434001469 15.61954743521554 45
1777434002689 15.858535385131836 46
1777434002995 15.480408604939779 47
1777434003327 15.05560549781436 48
1777434003692 15.92869157337007 49
1777434004027 15.97325579325358 50
1777434004341 14.779584103538877 51
1777434004665 16.215236972627185 52
1777434004960 13.215927069527762 53
1777434005284 14.036270859127953 54
1777434005602 13.78048578898112 55
1777434005947 16.27691479637509 56
1777434006243 15.451676250639416 57
1777434006556 11.78991588410877 58
1777434006871 13.346123204912459 59
1777434007219 13.813992527553014 60
1777434007570 11.390274501982189 61
1777434007884 12.921358980451311 62
1777434008253 16.020441672915503 63
1777434008565 13.779886972336541 64
1777434008908 12.85927963256836 65
1777434009225 11.771744355701266 66
1777434009522 13.31437770298549 67
1777434009831 15.117655181884766 68
1777434010147 11.711989711579822 69
1777434010457 12.974790100824265 70
1777434010766 11.751026516868954 71
1777434011070 13.556674484979538 72
1777434011382 11.452113760085332 73
1777434011690 11.737892432439894 74
1777434011996 12.165344501677014 75
1777434012325 11.645958618890672 76
1777434012623 14.075155312674386 77
1777434012927 13.41992043994722 78
1777434013246 10.998166329520089 79
1777434013586 10.291977001371837 80
1777434013915 13.186010615030925 81
1777434014228 11.511995460873559 82
1777434014535 11.34989765712193 83
1777434014853 11.500197828383673 84
1777434015169 11.887265668596541 85
1777434015465 11.234636906215123 86
1777434015781 11.629358473278227 87
1777434016106 13.397701517740886 88
1777434016422 12.501958120436896 89
1777434016751 12.687674349830264 90
1777434017044 8.765458170572916 91
1777434017357 12.125289190383185 92
1777434017652 11.234930837722052 93
1777434017961 10.907611192975725 94
1777434018301 11.024866467430478 95
1777434018648 12.77041967482794 96
1777434018958 10.073682185581752 97
1777434019290 10.752692708514985 98
1777434019613 11.249755913870676 99
1777434019916 11.312593169439406 100
1777434020238 10.99620361328125 101
1777434020561 10.985045750935873 102
1777434020864 11.50162983848935 103
1777434021229 11.15299247560047 104
1777434021738 9.642836398170108 105
1777434022045 11.069570287068684 106
1777434022359 11.090545127505347 107
1777434022681 9.483707128252302 108
1777434022979 10.605544989449637 109
1777434023298 9.63179859887986 110
1777434023616 10.047251937502907 111
1777434023913 11.550079600016277 112
1777434024223 9.192832456316268 113
1777434024518 9.029155231657482 114
1777434024823 11.064578001839774 115
1777434025153 9.892035329909552 116
1777434025458 9.892779359363374 117
1777434025787 9.762523723783946 118
1777434026119 10.412555076962425 119
1777434026426 9.36040901910691 120
1777434026766 10.540172558739071 121
1777434027092 12.432343110584078 122
1777434027388 12.207622528076172 123
1777434027686 10.711049088977632 124
1777434027992 10.067397108532134 125
1777434028332 10.890725290207635 126
1777434028716 10.027705537705195 127
1777434029030 9.174262346540178 128
1777434029336 9.689849962506976 129
1777434029646 9.815828523181734 130
1777434029942 10.10084586370559 131
1777434030255 11.293899699619837 132
1777434030553 10.271499779110863 133
1777434030839 9.906929143269856 134
1777434031165 9.087699890136719 135
1777434031488 8.415234847295851 136
1777434031815 9.465236255100795 137
1777434032121 10.18306787581671 138
1777434032417 8.067891129993257 139
1777434032715 9.072153500148229 140
1777434033022 10.493635504586356 141
1777434033318 9.504631778172085 142
1777434033621 8.519742021106538 143
1777434033961 11.33638765244257 144
1777434034248 11.25551600683303 145
1777434034590 9.134000274113246 146
1777434034904 8.889137449718657 147
1777434035266 7.73106317066011 148
1777434035588 9.441086042495002 149
1777434035906 8.072672962007069 150
1777434036229 10.060016196114676 151
1777434036535 9.951309385753813 152
1777434036837 9.221522521972656 153
1777434037142 10.057989683605376 154
1777434037455 9.126869828360421 155
1777434037787 7.489615122477214 156
1777434038097 8.640400822957357 157
1777434038433 10.338247108459473 158
1777434038782 9.534672287532262 159
1777434039104 8.5075227919079 160
1777434039408 9.004099836803618 161
1777434039712 9.067397508167085 162
1777434040028 8.294484756106423 163
1777434040327 8.833853367396763 164
1777434040666 8.441513388497489 165
1777434040970 9.427775337582542 166
1777434041275 9.235711910611107 167
1777434041596 7.315277626400902 168
1777434041896 7.512232153756278 169
1777434042212 9.409761919294084 170
1777434042516 8.13663437252953 171
1777434042817 7.933862831479027 172
1777434043117 8.541226523263115 173
1777434043425 7.268084971110026 174
1777434043752 8.268893119267055 175
1777434044096 7.958534476870582 176
1777434044396 8.623760568527949 177
1777434044690 9.31119657244001 178
1777434045010 7.8174692880539665 179
1777434045337 8.270672462100075 180
1777434045661 7.386591375441778 181
1777434045971 6.734505771455311 182
1777434046319 7.365815189906529 183
1777434046640 7.019797951834542 184
1777434046937 8.781312016078404 185
1777434047259 8.932457324436733 186
1777434047578 10.618170774550665 187
1777434047892 9.79826155162993 188
1777434048216 9.299403744652158 189
1777434048529 7.533391153244745 190
1777434048843 8.41924393971761 191
1777434049173 6.784166122618176 192
1777434049488 7.1057179723467145 193
1777434049815 7.890762646993001 194
1777434050101 8.911711016155424 195
1777434050408 7.289717887696765 196
1777434050728 6.915214997246152 197
1777434051056 6.642879813058036 198
1777434051386 7.60459095182873 199
1777434051678 8.514098612467448 200
1777434051980 7.8028802417573475 201
1777434052302 7.663566689264207 202
1777434052622 7.863502166384742 203
1777434052938 7.621826035635812 204
1777434053227 6.703936268034435 205
1777434053530 7.1056618463425405 206
1777434053835 6.867801248459589 207
1777434054155 7.9631025495983305 208
1777434054468 8.042339706420899 209
1777434054827 6.459097399030413 210
1777434055125 6.742221914018903 211
1777434055416 6.982276852925619 212
1777434055711 6.846849777584985 213
1777434056018 7.921894377753848 214
1777434056346 6.7006939433869865 215
1777434056669 6.88425038655599 216
1777434056998 7.315118244716099 217
1777434057331 7.769161869230724 218
1777434057630 7.754413368588402 219
