1777426131507 40903.33203125 1
1777426134697 40082.55078125 2
1777426140361 39420.89453125 3
1777426142794 38794.05859375 4
1777426161111 38118.69921875 5
1777426168140 37387.828125 6
1777426168466 36582.41796875 7
1777426180361 35639.546875 8
1777426194056 34556.0625 9
1777426210448 33300.53125 10
1777426221282 31824.3671875 11
1777426237375 30267.203125 12
1777426256995 28493.15625 13
1777426272992 26729.5859375 14
1777426276364 24975.919921875 15
1777426280100 23274.052734375 16
1777426297995 21683.580078125 17
1777426307169 20060.5234375 18
1777426307503 18294.171875 19
1777426310533 16675.046875 20
1777426313690 15125.671875 21
1777426321269 13667.052734375 22
1777426334728 11958.7216796875 23
1777426337799 10720.1728515625 24
1777426340197 9009.3076171875 25
1777426342819 7672.9345703125 26
1777426346293 6543.40966796875 27
1777426346594 5507.3427734375 28
1777426346898 4763.294921875 29
1777426347199 3838.2177734375 30
1777426350013 3273.233154296875 31
1777426352844 2676.063720703125 32
1777426356235 2304.147705078125 33
1777426367959 1812.584228515625 34
1777426374658 1564.318359375 35
1777426383737 1379.929443359375 36
1777426384049 1431.1669921875 37
1777426390651 1151.498046875 38
1777426400736 1114.8359375 39
1777426405587 1061.002197265625 40
1777426418118 1047.502685546875 41
1777426418457 919.7080078125 42
1777426422018 853.512451171875 43
1777426428086 821.0537109375 44
1777426434239 938.6973876953125 45
1777426443991 942.3168334960938 46
1777426460070 847.5706176757812 47
1777426476099 821.8319702148438 48
1777426479401 897.067138671875 49
1777426489077 854.1590576171875 50
1777426502169 745.7762451171875 51
1777426509773 660.7717895507812 52
1777426523172 673.8328247070312 53
1777426546270 610.4402465820312 54
1777426550765 722.1923828125 55
1777426557723 734.3502807617188 56
1777426561271 623.4219970703125 57
1777426561604 677.8294677734375 58
1777426565448 579.8150024414062 59
1777426568791 548.105712890625 60
1777426576466 524.8653564453125 61
1777426589883 534.2830810546875 62
1777426590187 623.2913818359375 63
1777426590523 544.5407104492188 64
1777426594065 538.3253173828125 65
1777426594383 612.8103637695312 66
1777426603872 460.0514221191406 67
1777426605499 586.1471557617188 68
1777426611722 729.263671875 69
1777426615196 536.8856201171875 70
1777426628781 435.58892822265625 71
1777426632046 579.0698852539062 72
1777426641140 422.68731689453125 73
1777426655254 534.4693603515625 74
1777426658423 529.7268676757812 75
1777426662841 731.1345825195312 76
1777426673698 515.8006591796875 77
1777426685894 399.63250732421875 78
1777426689052 497.0096740722656 79
1777426692628 496.5846862792969 80
1777426699497 470.63555908203125 81
1777426711996 517.5784301757812 82
1777426712302 486.1903991699219 83
1777426715628 455.0783996582031 84
1777426725473 440.643310546875 85
1777426731923 416.3763732910156 86
1777426747405 513.1372680664062 87
1777426783071 540.4218139648438 88
1777426783374 428.4151306152344 89
1777426799765 497.6557312011719 90
1777426809266 441.92913818359375 91
1777426809673 394.56707763671875 92
1777426817645 510.8534851074219 93
1777426832115 512.4874877929688 94
1777426835609 614.248291015625 95
1777426836006 430.85125732421875 96
1777426844235 458.0080261230469 97
1777426860139 497.7015380859375 98
1777426860460 448.3834228515625 99
1777426860779 366.3697509765625 100
1777426866842 300.9103088378906 101
1777426870117 345.3893737792969 102
1777426873860 406.47723388671875 103
1777426880180 549.0172729492188 104
1777426880496 324.57513427734375 105
1777426883851 483.8165588378906 106
1777426890185 399.2953186035156 107
1777426901970 453.025146484375 108
1777426918118 334.8407287597656 109
1777426925469 339.8927917480469 110
1777426926408 396.1961975097656 111
1777426932354 466.4030456542969 112
1777426942573 675.703857421875 113
1777426942886 478.9893493652344 114
1777426956833 460.02978515625 115
1777426957203 398.5239562988281 116
1777426957693 456.5366516113281 117
1777426964854 398.3516845703125 118
1777426969891 244.5257568359375 119
1777426973408 348.7707214355469 120
1777426976705 343.416748046875 121
1777426979835 328.2137145996094 122
1777426997828 410.90789794921875 123
1777427001775 545.3845825195312 124
1777427004012 491.47412109375 125
1777427010707 422.1636962890625 126
1777427019759 367.7019958496094 127
1777427023244 396.97283935546875 128
1777427047274 459.6697692871094 129
1777427051200 269.8989562988281 130
1777427051545 359.05865478515625 131
1777427051885 312.90765380859375 132
1777427052223 386.40960693359375 133
1777427059757 319.7559509277344 134
1777427062700 321.5228271484375 135
1777427063003 444.71783447265625 136
1777427066381 356.0950012207031 137
1777427068752 330.003173828125 138
1777427072060 269.2430114746094 139
1777427094553 302.26690673828125 140
1777427103383 266.86126708984375 141
1777427109385 216.9613037109375 142
1777427112611 309.8893737792969 143
1777427122107 384.99407958984375 144
1777427140605 305.8619689941406 145
1777427147313 331.4203796386719 146
1777427154142 364.22149658203125 147
1777427157383 304.96343994140625 148
1777427160617 360.10052490234375 149
1777427166221 331.0237121582031 150
1777427172731 300.9527893066406 151
1777427179153 321.83599853515625 152
1777427179465 368.34136962890625 153
1777427180524 394.1544494628906 154
