1777436826614 222.92886592784322 1
1777436828125 214.62360772364121 2
1777436829150 201.4477645383015 3
1777436830175 183.61491442851434 4
1777436831196 162.6415955995673 5
1777436832225 136.24648337097437 6
1777436833271 108.46981863495901 7
1777436834295 80.75455995897924 8
1777436835333 56.56948946398103 9
1777436836345 42.70816008424596 10
1777436837379 34.85983859616541 11
1777436838432 31.294555296222462 12
1777436839467 29.334251384841462 13
1777436840490 28.511931263581864 14
1777436841513 28.10577151875538 15
1777436842542 26.58331007457001 16
1777436843554 25.952799299884802 17
1777436844589 25.589667496995133 18
1777436845680 24.40882154793832 19
1777436846702 23.860375924156386 20
1777436847731 23.745317459553405 21
1777436848781 22.532278171401597 22
1777436849796 22.581318159619343 23
1777436850813 22.19163826459854 24
1777436851821 21.670624253164224 25
1777436852840 22.508856790601808 26
1777436853860 22.452376020332643 27
1777436854878 20.95359458540857 28
1777436855910 22.438439055751456 29
1777436857266 20.332692463257768 30
1777436858281 20.61193942613955 31
1777436859309 20.011190828680682 32
1777436860344 19.575930679733453 33
1777436861375 19.36910000355771 34
1777436862390 20.66716416758971 35
1777436863417 20.462918967650563 36
1777436864449 19.692193777603865 37
1777436865471 18.7150773586065 38
1777436866478 19.691978644132025 39
1777436867513 18.590542970848553 40
1777436868537 18.49152424167824 41
1777436869573 18.39641013762919 42
1777436870621 19.106495340287225 43
1777436871852 17.773936767274023 44
1777436872873 16.392033491293517 45
1777436873898 17.742690497713298 46
1777436874909 17.624073586565547 47
1777436875937 16.561458591729945 48
1777436876958 17.381099000601612 49
1777436877986 18.200682990294375 50
1777436879009 17.86897539857883 51
1777436880016 17.07550668042699 52
