1777147566603 194.34606170654297 1
1777147567446 190.8099136352539 2
1777147568122 187.31686401367188 3
1777147568781 183.1300048828125 4
1777147569445 178.06277465820312 5
1777147570104 172.3468475341797 6
1777147570768 165.82881927490234 7
1777147573915 158.7477569580078 8
1777147574715 151.2050323486328 9
1777147575471 143.0264434814453 10
1777147576195 134.0860595703125 11
1777147576910 124.41935729980469 12
1777147577612 114.01828002929688 13
1777147578294 103.75687789916992 14
1777147578971 92.84836959838867 15
1777147579651 81.36711502075195 16
1777147580400 71.08932113647461 17
1777147581086 60.79753303527832 18
1777147581777 51.08056640625 19
1777147582482 43.93575859069824 20
1777147583192 36.16422080993652 21
1777147583898 30.299156188964844 22
1777147584604 28.23024272918701 23
1777147585335 25.31858253479004 24
1777147586052 23.37068748474121 25
1777147586796 23.07655429840088 26
1777147587540 21.788877487182617 27
1777147588287 20.264041900634766 28
1777147589075 21.248905181884766 29
1777147589872 19.114009857177734 30
1777147590943 19.977709770202637 31
1777147591924 18.205029487609863 32
1777147592810 19.729708671569824 33
1777147593808 20.126606941223145 34
1777147595124 19.67509174346924 35
1777147597871 17.829991340637207 36
1777147604387 17.80875873565674 37
1777147774120 16.813485145568848 38
1777147774735 17.306157112121582 39
1777147775352 17.066164016723633 40
1777147775969 17.155964851379395 41
1777147776592 17.643156051635742 42
1777147777233 17.81647491455078 43
1777147777859 17.083657264709473 44
1777147778493 16.817291259765625 45
1777147779128 17.206478118896484 46
1777147779752 17.06194305419922 47
1777147780379 14.969875812530518 48
1777147781005 15.688439846038818 49
1777147781629 15.177321910858154 50
1777147782252 13.928327560424805 51
1777147782886 14.422155857086182 52
1777147783515 15.012624263763428 53
1777147784139 13.311173439025879 54
1777147784760 15.328692436218262 55
1777147785386 15.203633308410645 56
1777147786016 14.295169353485107 57
1777147786647 15.036473274230957 58
1777147787281 15.60956621170044 59
1777147787911 15.92781925201416 60
1777147788541 15.610803127288818 61
1777147789186 15.103344917297363 62
1777147789834 14.95556116104126 63
1777147790499 14.350296974182129 64
