1777434513447 223.79259665110692 1
1777434514295 217.6667578369188 2
1777434515137 209.2151299406369 3
1777434515977 197.59541971115365 4
1777434516801 184.1745753265108 5
1777434517629 168.98842214561498 6
1777434518455 150.85991466788843 7
1777434519304 130.51748854923986 8
1777434520138 108.73992606906711 9
1777434520949 85.5884603981497 10
1777434521778 64.67953694217503 11
1777434522598 48.969028298614035 12
1777434523455 39.5716488048611 13
1777434524278 34.40143899275049 14
1777434525139 32.23624351839575 15
1777434525977 28.37747641422354 16
1777434526827 28.530889957793942 17
1777434527648 27.438218452516207 18
1777434528479 25.572879066497666 19
1777434529323 24.600214808247433 20
1777434530143 23.69349435734272 21
1777434530971 24.161285692976367 22
1777434531800 22.977974006893305 23
1777434532620 22.46971045125544 24
1777434533448 21.351124339591212 25
1777434534272 21.18292317883922 26
1777434535110 22.453849547359237 27
1777434535949 20.758518838191446 28
1777434536822 22.163974829029485 29
1777434537649 21.60858416705675 30
1777434538475 20.211733693744655 31
1777434539298 22.165630240507014 32
1777434540128 19.47040422490842 33
1777434540977 19.77751517561131 34
1777434541803 21.690624765206266 35
1777434542663 20.35151239144675 36
1777434543479 20.38881036320515 37
1777434544308 20.640878826998872 38
1777434545130 19.322119953370073 39
1777434545976 19.555829809076002 40
1777434546804 19.6168466840904 41
1777434547635 19.443865735213976 42
1777434548467 19.629090854077234 43
1777434549287 18.631537397173066 44
1777434550109 18.116607069599766 45
1777434550952 20.54722963482354 46
1777434551794 18.817200594224733 47
1777434552606 17.632147678790236 48
1777434553425 18.267898743213426 49
1777434554253 16.688659747515597 50
1777434555069 16.879306342738932 51
1777434555903 18.135312601959154 52
1777434556725 17.31142083804076 53
1777434557537 18.327629251937932 54
1777434558367 18.035819742566645 55
1777434559196 18.484522426466675 56
