1777385044088 225.62613408724414 1
1777385048307 221.23916713706788 2
1777385049284 216.43565885291332 3
1777385051223 210.1677336324337 4
1777385053555 201.38641529828183 5
1777385054986 190.21666485461523 6
1777385056745 178.2032259925057 7
1777385057608 164.97512580480262 8
1777385058458 150.72616480716655 9
1777385059298 134.21800118371246 10
1777385060159 116.41480385612904 11
1777385060998 97.04968639566744 12
1777385061864 79.14144353685606 13
1777385062743 63.265747657155515 14
1777385063614 49.218275479046945 15
1777385064475 42.62034844295648 16
1777385065358 37.00297195964926 17
1777385066224 33.22761870274857 18
1777385067071 31.48495602558326 19
1777385067939 29.5529265434182 20
1777385068818 29.151644365343255 21
1777385069674 26.80838893305332 22
1777385070543 26.412026276044553 23
1777385071408 25.48032933096336 24
1777385072282 25.414578685315686 25
1777385074353 24.2918921022157 26
1777385075210 23.968970962655032 27
1777385076032 24.15808813392056 28
1777385076866 23.997182620347065 29
1777385077690 22.788602116957417 30
1777385078530 21.83898195573754 31
1777385079366 21.673692181061796 32
1777385080200 23.00025635287261 33
1777385081030 21.781429668466885 34
1777385081859 22.09676273883038 35
1777385082686 22.530435544624414 36
1777385083513 21.482330622777138 37
1777385084358 20.3426081857671 38
1777385085436 20.360586829315 39
1777385086266 20.011593231485236 40
1777385087095 19.57781272064837 41
1777385087938 20.865586045026248 42
1777385088761 20.346398819111787 43
1777385089590 20.11114238434207 44
1777385090427 19.55259365884665 45
1777385091250 20.116794656911612 46
1777385092093 19.400896589035607 47
1777385092927 20.12981013628213 48
1777385093759 19.897397718674892 49
1777385094640 19.95525207229805 50
1777385095488 19.346496992711753 51
1777385096335 18.453658362771566 52
1777385097186 18.087332803460257 53
1777385098038 18.03489154846376 54
1777385098880 19.6776599283589 55
1777385099738 18.631022086704665 56
