1777385044088 -2.7747852417624332 1
1777385048307 -2.6294219370479315 2
1777385049284 -2.47353003807264 3
1777385051223 -2.275257932189984 4
1777385053555 -2.007279900594607 5
1777385054986 -1.68293751360155 6
1777385056745 -1.354749251768494 7
1777385057608 -1.018136102082412 8
1777385058458 -0.684576719762438 9
1777385059298 -0.3357805593191385 10
1777385060159 -0.004921947578163666 11
1777385060998 0.3016033448697878 12
1777385061864 0.5355571428905721 13
1777385062743 0.7031881740811202 14
1777385063614 0.8203742152051874 15
1777385064475 0.8652942556412795 16
1777385065358 0.8984653137073204 17
1777385066224 0.9181313634778783 18
1777385067071 0.9264883532705731 19
1777385067939 0.9352316709606614 20
1777385068818 0.936981883320346 21
1777385069674 0.9466945673946567 22
1777385070543 0.9482504604051565 23
1777385071408 0.951835997189598 24
1777385072282 0.9520727811630525 25
1777385074353 0.956241334496339 26
1777385075210 0.9573963510697546 27
1777385076032 0.956711355802509 28
1777385076866 0.9572824161501002 29
1777385077690 0.9614881507098547 30
1777385078530 0.9646169313557557 31
1777385079366 0.9651596880477183 32
1777385080200 0.9607538973559757 33
1777385081030 0.964813323844424 34
1777385081859 0.9637648125267644 35
1777385082686 0.9623513189700965 36
1777385083513 0.9657100828144269 37
1777385084358 0.9693112175054581 38
1777385085436 0.9692550416412186 39
1777385086266 0.9702952695417711 40
1777385087095 0.9715332610549888 41
1777385087938 0.9677117264081846 42
1777385088761 0.9692931223250285 43
1777385089590 0.970005368224673 44
1777385090427 0.9716469290625052 45
1777385091250 0.9699882017522307 46
1777385092093 0.9720830561834695 47
1777385092927 0.9699503038849537 48
1777385093759 0.9706406593329449 49
1777385094640 0.9704391022772212 50
1777385095488 0.9722311924201048 51
1777385096335 0.9747423456911459 52
1777385097186 0.9757339864417409 53
1777385098038 0.975872806347858 54
1777385098880 0.9712776414941464 55
1777385099738 0.9742572566463317 56
