1777122096903 -1.9264772514361632 1
1777122097541 -1.8439973936333622 2
1777122098173 -1.766554584761589 3
1777122098798 -1.673087899876451 4
1777122099425 -1.5547454101979201 5
1777122100056 -1.4055580458320804 6
1777122100682 -1.2326456728724677 7
1777122101311 -1.0524677620133733 8
1777122101959 -0.8715755982648166 9
1777122102592 -0.6846804781702001 10
1777122103224 -0.4989877347621785 11
1777122103867 -0.29678552033826744 12
1777122104880 -0.10554150965653819 13
1777122105550 0.08847667705161355 14
1777122106217 0.27999601934772966 15
1777122106881 0.46278067683298085 16
1777122107588 0.6272293199342591 17
1777122108349 0.7359785710931953 18
1777122109098 0.8126984658869174 19
1777122109803 0.8664131162941187 20
1777122110506 0.8960057156559471 21
1777122111215 0.9136982388443218 22
1777122111929 0.9245135888449816 23
1777122112656 0.9358725359616529 24
1777122113328 0.9325329943435062 25
1777122114001 0.9348449525167616 26
1777122114681 0.9463406177444442 27
1777122115353 0.9527282505473172 28
1777122116044 0.9483153285277027 29
1777122116710 0.9490673061954714 30
1777122117372 0.9561501487268154 31
1777122118023 0.9587116011594705 32
1777122118674 0.9589903021210662 33
1777122119322 0.9576479823508273 34
1777122119967 0.9614767394905717 35
1777122120627 0.9577877433851288 36
1777122121275 0.9636920993126866 37
1777122121914 0.9611098040027187 38
1777122122560 0.966705025927654 39
1777122123199 0.957678491047303 40
1777122123857 0.9642725268853356 41
1777122124499 0.9689071859250827 42
1777122125142 0.9671117488573132 43
1777122125782 0.9665761586062654 44
1777122126419 0.9741099115539364 45
1777122127056 0.9662914601901555 46
1777122127697 0.9689655036202476 47
1777122128333 0.971576291727946 48
1777122128967 0.9686972147239605 49
1777122129600 0.9704846870138368 50
1777122137248 0.9701615199563619 51
1777122137957 0.9724750971349989 52
1777122160705 0.9705327730914395 53
1777122202512 0.9747514146172159 54
1777122208267 0.9758850319125499 55
1777122214064 0.9746448514608024 56
1777122214790 0.9763155706750716 57
1777122215537 0.9693893933357207 58
1777122216269 0.9766696809027804 59
1777122216973 0.9772577555268354 60
1777122217708 0.9773878369975862 61
1777122218484 0.9757039796782045 62
1777122219170 0.9761325342972125 63
1777122219842 0.9787110281698903 64
1777122220518 0.9772083354393203 65
1777122221181 0.9766259271915962 66
1777122221844 0.976511494806748 67
1777122222510 0.9792446573842843 68
1777122223167 0.9821857438481916 69
1777122228708 0.9788814363635694 70
1777122229648 0.9815720218858668 71
1777122230585 0.9814048851437385 72
1777122231316 0.9814250386371879 73
1777122232016 0.9806569544610368 74
1777122232703 0.9826164901782307 75
1777122233368 0.9785877423684196 76
1777122234029 0.9800298151101934 77
1777122234671 0.9823187576819894 78
1777122235316 0.982376752745945 79
1777122235958 0.9839732343690061 80
1777122236598 0.9847001856066485 81
1777122237253 0.9834018895662661 82
1777122237902 0.9813093175713642 83
1777122238549 0.9848564457636577 84
1777122239228 0.981517925300203 85
1777122239875 0.9853203263605186 86
1777122240529 0.9852136251963618 87
1777122241183 0.9843460894381741 88
1777122241833 0.985921924066596 89
1777122245189 0.9832733673199969 90
1777122245991 0.9835511247361606 91
1777122246728 0.9877182013782536 92
1777122247452 0.9863844928754057 93
1777122248203 0.9827212583510423 94
1777122248966 0.9875199910731584 95
1777122249664 0.9865898646533462 96
1777122250374 0.9868094698981827 97
1777122251071 0.9885103419845622 98
1777122251754 0.9879573286167307 99
