1777122096903 38691.60546875 1
1777122097541 37601.1171875 2
1777122098173 36577.2265625 3
1777122098798 35341.484375 4
1777122099425 33776.85546875 5
1777122100056 31804.416015625 6
1777122100682 29518.302734375 7
1777122101311 27136.12890625 8
1777122101959 24744.517578125 9
1777122102592 22273.533203125 10
1777122103224 19818.44921875 11
1777122103867 17145.087890625 12
1777122104880 14616.607421875 13
1777122105550 12051.451171875 14
1777122106217 9519.3310546875 15
1777122106881 7102.69482421875 16
1777122107588 4928.48388671875 17
1777122108349 3490.685791015625 18
1777122109098 2476.35498046875 19
1777122109803 1766.181640625 20
1777122110506 1374.931396484375 21
1777122111215 1141.0146484375 22
1777122111929 998.0225219726562 23
1777122112656 847.8433837890625 24
1777122113328 891.9962158203125 25
1777122114001 861.42919921875 26
1777122114681 709.4425048828125 27
1777122115353 624.990234375 28
1777122116044 683.3344116210938 29
1777122116710 673.392333984375 30
1777122117372 579.7485961914062 31
1777122118023 545.8829956054688 32
1777122118674 542.1983032226562 33
1777122119322 559.9453735351562 34
1777122119967 509.3245544433594 35
1777122120627 558.0975952148438 36
1777122121275 480.0347900390625 37
1777122121914 514.1759033203125 38
1777122122560 440.2002258300781 39
1777122123199 559.5419921875 40
1777122123857 472.36083984375 41
1777122124499 411.0849914550781 42
1777122125142 434.8228454589844 43
1777122125782 441.90399169921875 44
1777122126419 342.298583984375 45
1777122127056 445.66802978515625 46
1777122127697 410.3139343261719 47
1777122128333 375.7961120605469 48
1777122128967 413.86102294921875 49
1777122129600 390.2284851074219 50
1777122137248 394.50115966796875 51
1777122137957 363.912841796875 52
1777122160705 389.5927429199219 53
1777122202512 333.817138671875 54
1777122208267 318.8293151855469 55
1777122214064 335.22601318359375 56
1777122214790 313.1370544433594 57
1777122215537 404.7095947265625 58
1777122216269 308.4552917480469 59
1777122216973 300.68023681640625 60
1777122217708 298.96038818359375 61
1777122218484 321.2230224609375 62
1777122219170 315.5570373535156 63
1777122219842 281.4662170410156 64
1777122220518 301.3336486816406 65
1777122221181 309.0337829589844 66
1777122221844 310.54669189453125 67
1777122222510 274.4109802246094 68
1777122223167 235.52622985839844 69
1777122228708 279.21319580078125 70
1777122229648 243.64035034179688 71
1777122230585 245.85012817382812 72
1777122231316 245.5836944580078 73
1777122232016 255.7386932373047 74
1777122232703 229.83123779296875 75
1777122233368 283.09619140625 76
1777122234029 264.03021240234375 77
1777122234671 233.7676239013672 78
1777122235316 233.0008544921875 79
1777122235958 211.89341735839844 80
1777122236598 202.2822265625 81
1777122237253 219.44729614257812 82
1777122237902 247.1136474609375 83
1777122238549 200.2162628173828 84
1777122239228 244.35560607910156 85
1777122239875 194.08319091796875 86
1777122240529 195.49391174316406 87
1777122241183 206.9638214111328 88
1777122241833 186.12936401367188 89
1777122245189 221.14651489257812 90
1777122245991 217.47422790527344 91
1777122246728 162.38037109375 92
1777122247452 180.01365661621094 93
1777122248203 228.44607543945312 94
1777122248966 165.00094604492188 95
1777122249664 177.29837036132812 96
1777122250374 174.39491271972656 97
1777122251071 151.90731811523438 98
1777122251754 159.2188262939453 99
