1777432439104 158.5880330403646 1
1777432440892 151.7145029703776 2
1777432442516 143.5501912434896 3
1777432444783 132.7087605794271 4
1777432445999 119.19221750895183 5
1777432448284 104.18379211425781 6
1777432450472 88.28890991210938 7
1777432452821 72.55159505208333 8
1777432454036 56.22738265991211 9
1777432456092 41.784993489583336 10
1777432457478 31.553185780843098 11
1777432459306 25.67194938659668 12
1777432461274 22.78561274210612 13
1777432462496 21.156262079874676 14
1777432463705 19.894880930582683 15
1777432464629 18.94503339131673 16
1777432465701 18.99921226501465 17
1777432467453 18.34633445739746 18
1777432470278 17.41079266866048 19
1777432471999 16.157280921936035 20
1777432473305 15.68007755279541 21
1777432474812 16.06148624420166 22
1777432475919 15.693944613138834 23
1777432476993 15.461397806803385 24
1777432478979 15.786508242289225 25
1777432480233 14.313403765360514 26
1777432481924 15.018228530883789 27
1777432483082 14.378970781962076 28
1777432483957 15.051751772562662 29
1777432484828 14.023878415425619 30
1777432485733 15.13226286570231 31
1777432486855 14.104868570963541 32
1777432487749 15.955703735351562 33
1777432488633 14.091524442036947 34
1777432489876 13.28015104929606 35
1777432491157 14.644588788350424 36
1777432492297 14.522706031799316 37
1777432493367 14.943879763285318 38
1777432494640 14.086086591084799 39
1777432495512 13.87801202138265 40
1777432496556 13.107459704081217 41
1777432497548 13.177164713541666 42
1777432498622 13.404888470967611 43
1777432499533 13.460363070170084 44
1777432500416 14.30999501546224 45
1777432501280 12.053226788838705 46
1777432502141 12.009580930074057 47
1777432503000 11.766616185506185 48
1777432503872 12.912320137023926 49
1777432504738 11.961431821187338 50
1777432505603 11.530227025349935 51
1777432506443 11.467346827189127 52
1777432507300 11.966821670532227 53
1777432508157 11.505690574645996 54
1777432509013 10.305708567301432 55
1777432509873 10.562050183614096 56
1777432510726 11.158255894978842 57
1777432511585 10.69393221537272 58
1777432512437 10.652505238850912 59
1777432513292 9.447483698527018 60
1777432514153 10.03409512837728 61
1777432515005 10.393233299255371 62
1777432515854 9.858955383300781 63
1777432516700 9.198688824971518 64
1777432517563 9.825932502746582 65
1777432518421 9.270083745320639 66
1777432519276 9.206991195678711 67
1777432520130 9.345775286356607 68
1777432520980 9.514960289001465 69
1777432521870 9.016122182210287 70
1777432522722 9.526865641276041 71
1777432523571 8.928235054016113 72
1777432524426 9.365049362182617 73
1777432525282 8.90909194946289 74
1777432526136 8.484829266866049 75
1777432527011 8.894914309183756 76
1777432527872 8.795879999796549 77
1777432528727 9.589170773824057 78
1777432529574 9.198859214782715 79
1777432530425 8.498823801676432 80
1777432531281 8.57609494527181 81
1777432532142 8.76075299580892 82
1777432533014 8.93776003519694 83
1777432533891 9.238643010457357 84
1777432534759 9.238570213317871 85
1777432535620 8.223585764567057 86
1777432536486 8.60756778717041 87
1777432537351 8.07245667775472 88
1777432538223 8.532987276713053 89
1777432539119 7.920350233713786 90
1777432540015 8.340264320373535 91
1777432540998 8.747725486755371 92
1777432542003 8.315422058105469 93
1777432542972 7.737789630889893 94
1777432543880 7.638006528218587 95
1777432544872 7.960877895355225 96
1777432545805 7.830044587453206 97
1777432546719 8.351732730865479 98
1777432547649 7.822727203369141 99
1777432548565 7.937782605489095 100
1777432549463 8.177106539408365 101
1777432550359 7.446279684702556 102
1777432551251 7.394566535949707 103
1777432552151 7.659611701965332 104
1777432553053 7.570893923441569 105
1777432553950 7.663566907246907 106
1777432554868 7.997458140055339 107
1777432555764 7.2860002517700195 108
1777432556655 7.555070400238037 109
1777432557542 7.858497778574626 110
1777432558452 7.143597602844238 111
1777432559337 7.159586588541667 112
