1777379855147 42129.545572916664 1
1777379856715 41239.528645833336 2
1777379858698 40291.6328125 3
1777379860726 39114.278645833336 4
1777379862200 37647.005208333336 5
1777379863429 35732.734375 6
1777379865603 33330.670572916664 7
1777379867550 30602.460286458332 8
1777379868509 27611.063151041668 9
1777379869396 24688.522135416668 10
1777379870399 21832.576171875 11
1777379871721 19027.458333333332 12
1777379872576 16105.8857421875 13
1777379874461 13279.365559895834 14
1777379877690 10419.94921875 15
1777379890857 7911.503743489583 16
1777379892019 5976.513997395833 17
1777379893194 4319.373372395833 18
1777379894092 3050.7142740885415 19
1777379895179 2183.0010579427085 20
1777379896197 1602.9813639322917 21
1777379897093 1388.2540283203125 22
1777379898019 1115.1882731119792 23
1777379899460 1043.8398030598958 24
1777379900873 1005.2276407877604 25
1777379901715 818.8821411132812 26
1777379903138 796.4521280924479 27
1777379904089 802.0178629557291 28
1777379905258 826.9114786783854 29
1777379906117 677.1357828776041 30
1777379908162 729.7092488606771 31
1777379909014 655.2081502278646 32
1777379910142 776.7272542317709 33
1777379910999 741.0227864583334 34
1777379911860 614.0790812174479 35
1777379913318 678.5659790039062 36
1777379914431 670.6449584960938 37
1777379915282 650.02880859375 38
1777379916352 663.544921875 39
1777379917203 584.9217529296875 40
1777379918059 565.7027384440104 41
1777379919100 642.8047078450521 42
1777379920233 518.1776835123698 43
1777379921095 572.5106404622396 44
1777379921954 566.6371053059896 45
1777379922793 486.45371500651044 46
1777379923645 572.4574381510416 47
1777379924493 502.88592529296875 48
1777379925596 620.2850138346354 49
1777379926700 518.4825846354166 50
1777379927593 582.0490519205729 51
1777379928609 563.5845540364584 52
1777379929899 530.7576395670573 53
1777379930874 499.20859781901044 54
1777379931795 441.4550374348958 55
1777379933208 488.7793884277344 56
1777379934317 454.01885986328125 57
1777379935147 484.2250162760417 58
1777379935982 488.19635009765625 59
1777379936823 429.46290079752606 60
1777379937915 458.74261474609375 61
1777379939579 443.83510335286456 62
1777379940785 473.5268859863281 63
1777379941944 428.48809814453125 64
1777379942830 466.3283386230469 65
1777379944558 403.37841796875 66
1777379945691 392.7745869954427 67
1777379947150 417.6301574707031 68
1777379948329 515.4254760742188 69
1777379949178 498.493408203125 70
1777379950032 443.1222839355469 71
1777379950864 394.14258829752606 72
1777379952063 394.54408772786456 73
1777379952908 386.5974629720052 74
1777379953755 378.6487325032552 75
1777379955482 339.2433166503906 76
1777379956321 440.1464335123698 77
1777379957428 412.07366943359375 78
1777379958265 378.12378946940106 79
1777379959119 401.38413492838544 80
1777379960720 411.2594401041667 81
1777379961793 363.55556233723956 82
1777379963224 353.3062438964844 83
1777379964164 357.7155354817708 84
1777379965845 377.2275899251302 85
1777379968051 396.81353759765625 86
1777379970099 323.6794128417969 87
1777379971738 364.192138671875 88
1777379972842 339.85504150390625 89
1777379976054 387.65667724609375 90
1777379986758 371.6371154785156 91
1777380093258 302.7228088378906 92
1777380094111 329.9549255371094 93
1777380094979 393.4787292480469 94
1777380095850 378.33570353190106 95
1777380096720 404.8395690917969 96
1777380097597 314.85121663411456 97
1777380098457 301.330810546875 98
1777380099312 371.82667032877606 99
1777380100186 293.6368815104167 100
1777380101033 323.9117940266927 101
1777380101890 353.71555582682294 102
1777380102741 318.762451171875 103
1777380103586 329.75921630859375 104
1777380104451 301.0169270833333 105
1777380105315 328.66864013671875 106
1777380106189 289.8836669921875 107
1777380107079 261.5675099690755 108
1777380108231 307.12291463216144 109
1777380134821 286.3869934082031 110
1777380161775 278.5233459472656 111
1777380162839 261.8505503336589 112
1777380163706 303.2908223470052 113
1777380164967 297.3576253255208 114
1777380194166 297.94887288411456 115
1777380195994 265.66046142578125 116
1777380198516 249.276123046875 117
1777380200390 278.06178792317706 118
1777380201479 284.58960978190106 119
1777380202760 258.0120900472005 120
1777380204142 228.36119079589844 121
1777380205502 249.31400553385416 122
1777380207007 229.9439442952474 123
1777380208657 235.1163787841797 124
1777380210170 258.8644053141276 125
1777380211336 231.23888651529947 126
1777380212757 253.0701141357422 127
1777380276435 210.44047037760416 128
1777380277322 228.35396321614584 129
1777380278164 257.0278625488281 130
1777380279024 220.95477803548178 131
1777380280096 214.46511840820312 132
1777380280975 227.35521443684897 133
1777380281810 233.6719716389974 134
1777380282670 219.25958760579428 135
1777380283546 225.3871307373047 136
1777380284391 251.42794799804688 137
1777380285252 230.6146240234375 138
1777380286141 258.4372253417969 139
1777380287010 198.0334930419922 140
1777380287909 213.49190266927084 141
1777380288791 207.74312337239584 142
1777380289639 212.20648701985678 143
1777380290542 207.00090535481772 144
1777380291408 199.99803161621094 145
1777380292259 207.21551513671875 146
1777380293160 218.81879679361978 147
1777380294025 247.03978983561197 148
1777380294874 202.07142130533853 149
1777380296002 217.1718953450521 150
1777380296890 185.91661580403647 151
1777380297758 226.3271942138672 152
1777380299159 204.1689198811849 153
1777380300420 210.39654541015625 154
1777380301277 200.43667602539062 155
1777380302470 193.28254191080728 156
1777380303595 185.09455362955728 157
1777380304722 187.30475870768228 158
1777380305582 196.93333943684897 159
1777380307576 195.47183227539062 160
1777380308761 180.01922098795572 161
1777380309922 177.56437174479166 162
1777380310772 183.5353240966797 163
1777380311819 180.88355509440103 164
1777380312692 169.19928995768228 165
1777380314052 206.77259318033853 166
1777380315600 175.96060689290366 167
1777380316815 187.41472371419272 168
1777380317751 214.4158681233724 169
1777380318841 202.0862070719401 170
1777380319807 199.37212626139322 171
1777380320676 157.36325073242188 172
1777380322091 169.06046040852866 173
1777380323661 168.0425008138021 174
1777380325024 170.9497833251953 175
1777380325901 180.07970174153647 176
1777380327279 189.07388814290366 177
1777380328406 197.01555887858072 178
1777380329279 175.9239705403646 179
1777380330140 162.7780303955078 180
1777380331253 172.2070566813151 181
1777380332099 207.93994649251303 182
1777380332949 165.3311767578125 183
1777380334427 163.30681864420572 184
1777380335419 157.99297078450522 185
1777380337742 162.99515787760416 186
1777380339592 157.75816345214844 187
1777380340738 148.6399943033854 188
1777380342166 142.32001749674478 189
1777380343939 161.53158060709634 190
1777380345367 166.30302937825522 191
1777380346218 178.21700032552084 192
1777380347087 172.44459025065103 193
1777380347953 169.03729248046875 194
1777380349613 170.33396911621094 195
1777380351237 166.1088409423828 196
1777380352898 145.865478515625 197
1777380354756 161.7414805094401 198
1777380356293 174.17224629720053 199
1777380357418 174.53890482584634 200
1777380359482 163.98620096842447 201
1777380360886 154.22664388020834 202
