1777416786819 218.8071701005426 1
1777416793778 213.26020718890462 2
1777416799507 205.77508756806583 3
1777416803877 193.4238624896415 4
1777416808483 176.91153461489571 5
1777416812862 157.90395689134274 6
1777416823394 136.37616246541413 7
1777416827985 109.74452119832458 8
1777416837369 83.87616969882845 9
1777416841331 60.68931489043854 10
1777416850126 44.28897783807293 11
1777416852773 35.08701917250949 12
1777416857303 30.988684564215156 13
1777416866350 29.38879857262661 14
1777416874468 28.821048222222213 15
1777416881017 27.277386085604746 16
1777416889166 25.749647178585654 17
1777416891393 26.78384513830803 18
1777416900644 25.19155205345684 19
1777416909574 24.767620797756983 20
1777416912131 23.719299012246466 21
1777416918003 24.715640171664948 22
1777416921084 24.151139870209718 23
1777416931760 22.92484283437955 24
1777416941338 22.852514938992737 25
1777416948834 22.748242420395723 26
1777416963608 22.5841012446079 27
1777416974881 21.731646681455214 28
1777416979336 21.439140872937966 29
1777416981817 20.37507756506928 30
1777416990293 20.02596984071494 31
1777416996321 22.539628188033294 32
1777416998906 20.237860349530504 33
1777417012220 19.648760889466644 34
1777417017674 19.9897827283917 35
1777417025933 18.027125221994744 36
1777417030601 18.502724480164755 37
1777417037617 19.831346936274578 38
1777417043074 19.017183590826576 39
1777417048899 19.04561057352651 40
1777417054190 19.515759911627313 41
1777417056600 18.99097552358966 42
1777417061729 19.101760687861375 43
1777417064091 17.791626534544402 44
1777417068673 18.635229704875407 45
1777417078583 19.1754135233541 46
1777417083686 19.71176331742224 47
1777417086602 17.859160225007802 48
1777417091588 19.3933896368282 49
1777417098863 18.09370980363207 50
1777417107296 17.756522558268525 51
1777417109843 17.483507460652067 52
1777417115422 17.618579466756103 53
1777417120532 16.41210506821264 54
1777417128011 17.375578604827233 55
1777417132688 16.61749782459833 56
