1777416786819 179.4437026977539 1
1777416793778 172.7090301513672 2
1777416799507 164.4356460571289 3
1777416803877 153.48614120483398 4
1777416808483 137.6063461303711 5
1777416812862 118.90398406982422 6
1777416823394 98.54095649719238 7
1777416827985 76.83646774291992 8
1777416837369 56.966267585754395 9
1777416841331 40.19943618774414 10
1777416850126 29.84166955947876 11
1777416852773 24.513006687164307 12
1777416857303 21.949044227600098 13
1777416866350 21.013346195220947 14
1777416874468 20.764084339141846 15
1777416881017 19.755184650421143 16
1777416889166 18.71784543991089 17
1777416891393 19.46128273010254 18
1777416900644 18.22619104385376 19
1777416909574 17.998329639434814 20
1777416912131 17.407049655914307 21
1777416918003 17.9979510307312 22
1777416921084 17.57508897781372 23
1777416931760 16.407370567321777 24
1777416941338 16.468819618225098 25
1777416948834 16.40057373046875 26
1777416963608 16.249743938446045 27
1777416974881 15.767410516738892 28
1777416979336 15.447720527648926 29
1777416981817 14.940311431884766 30
1777416990293 14.585469484329224 31
1777416996321 16.3255033493042 32
1777416998906 14.767796754837036 33
1777417012220 14.344858169555664 34
1777417017674 14.472612142562866 35
1777417025933 13.336304903030396 36
1777417030601 13.663103580474854 37
1777417037617 14.286653995513916 38
1777417043074 13.763831615447998 39
1777417048899 13.540766954421997 40
1777417054190 14.028562784194946 41
1777417056600 13.770592451095581 42
1777417061729 13.674813508987427 43
1777417064091 12.747153997421265 44
1777417068673 13.382670879364014 45
1777417078583 13.768215894699097 46
1777417083686 14.096226692199707 47
1777417086602 12.948989152908325 48
1777417091588 13.859800815582275 49
1777417098863 12.97644829750061 50
1777417107296 12.82282543182373 51
1777417109843 12.602649927139282 52
1777417115422 12.613763332366943 53
1777417120532 11.716591358184814 54
1777417128011 12.439963579177856 55
1777417132688 12.127147436141968 56
