1777428090675 -2.0433454007871323 1
1777428094194 -1.87897119224285 2
1777428100117 -1.6570198648965313 3
1777428105347 -1.316678973848147 4
1777428118859 -0.9177273994863362 5
1777428119874 -0.4885343273378038 6
1777428120933 -0.086146863444299 7
1777428121921 0.27940776022377634 8
1777428124972 0.6013786231643488 9
1777428134489 0.8140961816304237 10
1777428145374 0.8903774427790665 11
1777428148861 0.9254238517205708 12
1777428154959 0.9373344629381253 13
1777428157767 0.9407129026884167 14
1777428161119 0.9483709524878138 15
1777428162174 0.9531730986299861 16
1777428164497 0.9555026613875846 17
1777428170686 0.9551923365152956 18
1777428173545 0.9558405944211986 19
1777428184871 0.9582412781523979 20
1777428187350 0.9609966295382203 21
1777428188333 0.9638390388214887 22
1777428191985 0.966321307110706 23
1777428198556 0.9621784136463342 24
1777428200306 0.9703334173437108 25
1777428203673 0.9699989860377028 26
1777428207890 0.9716620898325273 27
1777428209732 0.9717135901620229 28
1777428213782 0.9773308932149626 29
1777428219858 0.9724217642246423 30
1777428222890 0.9745407104230362 31
1777428226200 0.9701843654455525 32
1777428228518 0.9757701105661866 33
1777428230462 0.9750919830636869 34
1777428232339 0.9780837733355874 35
1777428233318 0.9775608082692323 36
1777428235119 0.975654590857214 37
1777428237050 0.9794556625518555 38
1777428239302 0.9763425381178203 39
1777428244621 0.9792538990131152 40
1777428246543 0.9786806717565533 41
1777428250393 0.9778031128987568 42
1777428254042 0.9804307701271656 43
1777428258843 0.9811276346608802 44
1777428264019 0.9809779313852376 45
1777428265798 0.9793424136036606 46
1777428267771 0.9817756480145102 47
1777428276017 0.9822189849141658 48
1777428277322 0.9796660832754281 49
1777428282083 0.9817133489698449 50
1777428284564 0.9797566945571422 51
1777428287544 0.9787607444753089 52
1777428289080 0.9821456561269546 53
1777428291041 0.9811104279348322 54
1777428292540 0.9801742674143386 55
1777428298225 0.9782466649935464 56
