1777431607982 197.28762315462163 1
1777431608702 195.72198075331244 2
1777431609004 194.2724407887027 3
1777431609967 192.97901035475334 4
1777431610476 191.63347991674107 5
1777431611358 190.18205710253005 6
1777431611640 188.62449262688554 7
1777431612364 186.96410918943775 8
1777431613077 185.0584156084235 9
1777431614113 182.9456779859803 10
1777431614408 180.2670382463888 11
1777431615039 177.3643958246694 12
1777431616105 173.96426761335215 13
1777431617383 170.45215604385882 14
1777431618631 166.6004236845603 15
1777431620099 162.14375614327554 16
1777431621361 157.78529468473923 17
1777431621683 153.1501573721849 18
1777431622115 148.14861362412407 19
1777431623237 142.98617721654077 20
1777431623923 138.04560076520005 21
1777431624715 132.47559474531525 22
1777431625309 126.49940556925554 23
1777431626155 121.70196049160424 24
1777431626986 116.25411619056763 25
1777431627556 110.27611386452871 26
1777431627935 104.58774631708773 27
1777431629009 99.06358930789102 28
1777431629333 92.6158902402822 29
1777431629628 86.24628332118868 30
1777431630846 80.65100719109155 31
1777431632208 74.71787431523664 32
1777431632656 68.97607714816783 33
1777431633266 65.05473206510423 34
1777431633904 59.32311878075022 35
1777431634588 54.119133541053436 36
1777431635331 50.507347856524795 37
1777431635630 46.575035015754416 38
1777431636460 42.681980563743174 39
1777431636961 40.26644959380731 40
1777431638541 37.43834449694424 41
1777431638936 35.79341018805871 42
1777431640946 35.94357455454052 43
1777431642465 34.08523288149778 44
1777431643155 33.293494666516686 45
1777431643836 31.06630580621572 46
1777431644400 32.40700524975754 47
1777431644731 31.34888067118087 48
1777431645017 29.461827295300694 49
1777431646452 26.357296756024816 50
1777431646744 27.812289325044784 51
1777431647814 27.533752812599165 52
1777431648679 25.2654389874105 53
1777431649358 27.08870452047599 54
1777431650081 27.311380393957343 55
1777431650704 25.30007049188858 56
1777431651261 26.5213421944832 57
1777431652297 22.722163010913622 58
1777431653239 23.98079676076777 59
1777431654918 23.845302466251738 60
1777431655779 23.79833563106029 61
1777431656237 25.28022754615069 62
1777431656969 22.79045113827143 63
1777431657906 24.619443624796464 64
1777431658824 22.76476973770957 65
1777431659562 23.694900363214366 66
1777431660823 23.305852929290502 67
1777431661435 26.43918526691254 68
1777431662316 22.734580379226955 69
1777431662606 25.35980581504051 70
1777431662904 23.73279213163258 71
1777431663194 23.91835503372946 72
1777431663611 22.956590903659208 73
1777431665008 24.782103399949353 74
1777431665801 22.15486017987574 75
1777431666098 20.35038759204562 76
1777431666990 23.128260697058344 77
1777431668748 21.05094832868841 78
1777431670265 19.561039001703666 79
1777431670559 21.96442519441594 80
1777431670865 19.734340978790943 81
1777431671838 19.236122578764004 82
1777431672192 21.016743842196764 83
1777431673633 21.00591303819854 84
1777431673981 18.11031951942602 85
1777431674330 24.67087553390384 86
1777431674620 22.654642992576463 87
1777431675887 20.927971245888838 88
1777431676655 20.324836247946976 89
1777431676984 21.83489068376288 90
1777431677949 22.743105336167954 91
1777431680072 20.761123065890036 92
1777431681684 21.752648203320483 93
1777431682572 18.405527926466906 94
1777431682934 20.947617366656374 95
1777431683287 24.562567091988523 96
1777431683666 19.057339529467544 97
1777431683951 19.21798858374825 98
1777431684774 23.55283730295633 99
1777431686369 21.451548074554477 100
1777431687133 18.973369205643785 101
1777431687855 20.39192180382996 102
1777431688157 19.847199964618355 103
1777431688868 21.25066563180838 104
1777431689333 20.7253786648346 105
1777431689789 20.641138040084993 106
1777431691110 23.067332022594744 107
1777431692543 18.439183252083218 108
1777431693836 19.27193558573459 109
1777431694550 18.067031661472246 110
1777431694850 18.439874218162135 111
1777431696007 20.59832925780367 112
1777431696323 20.755746803972748 113
1777431696628 19.209098662757366 114
1777431698139 18.567438875002473 115
1777431698619 20.142932555454625 116
1777431698909 19.268716803815064 117
1777431699218 21.063003488742932 118
1777431699865 18.941539572767542 119
1777431700400 21.253528257183707 120
1777431700680 17.608367214119134 121
1777431701428 19.133566938473926 122
1777431702164 19.8288375930857 123
1777431702779 21.3386049115286 124
1777431703842 18.321630083217215 125
1777431704780 18.52865608163221 126
1777431705934 19.451974269428685 127
1777431706773 19.705846950911152 128
1777431707869 19.19910708576378 129
1777431709258 21.576519728938706 130
1777431709556 19.57773452698203 131
1777431710112 20.983348239027833 132
1777431710404 17.150553329038324 133
1777431711197 18.776990664586506 134
1777431711987 18.992423705339057 135
1777431713223 18.733900151665647 136
1777431713810 18.522215829863523 137
1777431714958 18.525841887130344 138
1777431715315 18.088106477662762 139
1777431716022 16.04185732773601 140
1777431716620 19.50947614426969 141
1777431717095 16.871701066430735 142
1777431717818 16.9605848362691 143
1777431718816 16.740885062206704 144
1777431719289 18.12613143020319 145
1777431720145 20.323753643414474 146
1777431721374 19.035052441103147 147
1777431722007 17.466929550716333 148
1777431722323 16.531271229605935 149
1777431722611 18.001346961592642 150
1777431724307 18.026929420346992 151
1777431725358 17.945935754577466 152
1777431726030 17.810892882543467 153
1777431726493 19.08204044587803 154
1777431726874 16.518209870449606 155
1777431727249 17.337883474321213 156
1777431727872 17.240996291543016 157
1777431729061 17.82656722488762 158
1777431729555 17.437872769873085 159
1777431730187 16.18529692869185 160
1777431730739 18.741894406837087 161
1777431731626 17.886042671897478 162
1777431732376 15.219221730529055 163
1777431733861 15.482455753439975 164
1777431735917 16.33561804745041 165
1777431736854 19.412931462274944 166
1777431737145 19.841177706065533 167
1777431737604 15.505972419170057 168
1777431738163 15.67947778338202 169
1777431739067 16.235743445693362 170
1777431740057 16.450755297356885 171
1777431740508 15.93208490266428 172
1777431741874 18.558007104361902 173
1777431743150 17.830054055911294 174
1777431743449 17.417464583278637 175
1777431744222 18.819260912661477 176
1777431744732 16.847850519834033 177
1777431745290 16.090458742647087 178
1777431746888 17.825575998210233 179
1777431747180 15.964687480119698 180
1777431748073 16.508194246946633 181
1777431749059 15.640173296736616 182
1777431749339 18.458046847058416 183
1777431750083 17.113430598098603 184
1777431751097 16.5589840018002 185
1777431752927 17.887755637804663 186
1777431753431 16.131843002043446 187
1777431753857 14.518293745185224 188
1777431754690 15.05009538487215 189
1777431755406 15.142141669714464 190
1777431756078 16.55663866657562 191
1777431757032 15.924851368640187 192
1777431758607 17.342811242893713 193
1777431759380 16.449176542780094 194
1777431759996 17.57486775376987 195
1777431760302 16.046693379266742 196
1777431761357 19.04754872808646 197
1777431761656 16.641951788362203 198
1777431762644 16.142025025498757 199
1777431763274 17.4590742853779 200
