1777158083129 40769.025390625 1
1777158083764 39626.50390625 2
1777158084388 38539.583984375 3
1777158085004 37200.685546875 4
1777158085622 35437.1484375 5
1777158086238 33247.779296875 6
1777158086854 30916.36328125 7
1777158087562 28421.7255859375 8
1777158088227 25754.7373046875 9
1777158088890 23028.3056640625 10
1777158089550 20212.583984375 11
1777158090248 17479.3759765625 12
1777158090920 14604.03466796875 13
1777158091581 11835.35302734375 14
1777158092241 9130.103515625 15
1777158092909 6587.126220703125 16
1777158093576 4904.804443359375 17
1777158094237 3467.1385498046875 18
1777158094899 2414.7081298828125 19
1777158095524 1926.6412353515625 20
1777158096140 1379.74658203125 21
1777158096758 1129.0922241210938 22
1777158097375 1063.3427734375 23
1777158097993 925.7965393066406 24
1777158098615 875.006103515625 25
1777158099945 748.5578918457031 26
1777158100760 771.0723571777344 27
1777158101436 647.8550415039062 28
1777158102403 650.5025634765625 29
1777158114983 682.9203796386719 30
1777158127957 702.8828125 31
1777158128853 581.1438598632812 32
1777158129677 654.5770874023438 33
1777158130387 636.642333984375 34
1777158131120 548.6351928710938 35
1777158131838 496.3114776611328 36
1777158132521 576.9608154296875 37
1777158133200 482.7432861328125 38
1777158133878 567.9964599609375 39
1777158134560 409.9835205078125 40
1777158135289 440.9774627685547 41
1777158135946 456.33544921875 42
1777158136610 456.64244079589844 43
1777158137275 535.0139770507812 44
1777158137930 470.2599334716797 45
1777158138572 520.414794921875 46
1777158139227 474.7095184326172 47
1777158139876 482.49957275390625 48
1777158140516 389.0635070800781 49
1777158141167 452.4859924316406 50
1777158141817 365.7247009277344 51
1777158142487 391.2240295410156 52
1777158143135 417.2732238769531 53
1777158143808 463.6088562011719 54
1777158147484 490.26023864746094 55
1777158148437 409.208740234375 56
1777158149222 418.43312072753906 57
1777158149924 358.2839660644531 58
1777158150619 416.2936553955078 59
1777158151320 348.4697570800781 60
1777158151984 391.123291015625 61
1777158152701 390.35467529296875 62
1777158153869 412.70826721191406 63
1777158157756 386.6796112060547 64
1777158166049 366.6895294189453 65
1777158166722 346.5257568359375 66
1777158169537 326.2707061767578 67
1777158170270 348.8182373046875 68
1777158171060 330.4247741699219 69
1777158403165 309.4468078613281 70
1777158403802 330.3971710205078 71
1777158404434 278.84869384765625 72
1777158405060 270.39886474609375 73
1777158405707 313.1521911621094 74
1777158406341 299.8483123779297 75
1777158406965 300.9965362548828 76
1777158407594 283.46588134765625 77
1777158408225 319.12791442871094 78
1777158408851 309.1021270751953 79
1777158409479 287.33375549316406 80
1777158410112 253.68183135986328 81
1777158410735 289.9727020263672 82
1777158411369 248.04125213623047 83
1777158412008 269.94972229003906 84
1777158412646 212.95136260986328 85
1777158413289 245.07466888427734 86
1777158413927 211.1522674560547 87
1777158414564 198.81716918945312 88
1777158415225 241.07476043701172 89
1777158415887 214.418212890625 90
1777158416567 181.51392364501953 91
1777158417212 205.66558074951172 92
1777158417859 217.20996856689453 93
1777158418500 218.2034149169922 94
1777158419150 188.52581787109375 95
1777158419796 217.54755401611328 96
1777158420446 194.80812072753906 97
1777158421096 194.71603393554688 98
1777158421733 179.54994201660156 99
1777158422378 196.8720932006836 100
1777158423020 195.37181854248047 101
1777158423662 208.14893341064453 102
1777158424301 168.2342529296875 103
1777158424942 174.12812042236328 104
1777158425590 170.7949676513672 105
1777158426224 161.6385726928711 106
1777158426894 175.28587341308594 107
1777158427535 177.7076644897461 108
1777158428169 192.4502182006836 109
1777158428811 190.3364715576172 110
1777158429449 154.79537200927734 111
1777158430084 153.09056091308594 112
1777158430714 158.37454986572266 113
1777158431358 151.42443084716797 114
1777158431988 187.16209411621094 115
1777158432616 157.80158233642578 116
1777158433258 170.69564819335938 117
1777158433884 190.95349884033203 118
1777158434512 145.1472396850586 119
1777158435141 133.99566650390625 120
1777158435767 151.62410736083984 121
1777158436400 147.7934341430664 122
1777158437047 135.34182739257812 123
1777158437679 148.2583236694336 124
1777158438303 148.8755874633789 125
1777158438937 141.4028549194336 126
1777158439561 178.302490234375 127
1777158440184 147.70025634765625 128
1777158440820 138.09056854248047 129
1777158441448 134.45685577392578 130
1777158442083 120.1541862487793 131
1777158442729 130.86351013183594 132
1777158443745 118.94285202026367 133
1777158444437 133.19815826416016 134
1777158445221 156.9919662475586 135
1777158446334 151.99818420410156 136
1777158453209 128.37010192871094 137
1777158455220 159.94554138183594 138
1777158456175 168.68500518798828 139
1777158463150 134.09426879882812 140
1777158463973 152.2211456298828 141
1777158500893 122.91419982910156 142
1777158501582 145.30633544921875 143
1777158502274 119.43622970581055 144
1777158503060 143.65747833251953 145
1777158503750 133.38198852539062 146
1777158504452 114.34478378295898 147
1777158505132 113.6925277709961 148
1777158515865 124.27578353881836 149
1777158516896 135.22583770751953 150
1777158518585 117.70155334472656 151
1777158519582 106.20558166503906 152
1777158520512 125.86225891113281 153
1777158521457 121.17011642456055 154
1777158522149 130.51879119873047 155
1777158522865 122.27877426147461 156
1777158523536 128.46271896362305 157
1777158524198 137.21759414672852 158
1777158524857 130.32863998413086 159
1777158525525 116.02872848510742 160
1777158526178 124.1320686340332 161
1777158526829 131.5622100830078 162
1777158527486 119.32663345336914 163
1777158528141 103.82110214233398 164
1777158528802 111.0304946899414 165
1777158529452 116.6230239868164 166
1777158530138 115.99908447265625 167
1777158530792 113.34097671508789 168
1777158531443 110.070556640625 169
1777158532099 112.64631652832031 170
1777158532762 104.128662109375 171
1777158534960 121.63323211669922 172
1777158535677 114.98429107666016 173
1777158536411 130.65890502929688 174
