1777182057638 153.85086059570312 1
1777182059452 131.94530792236327 2
1777182061265 96.47003631591797 3
1777182063109 54.03859176635742 4
1777182064929 30.84080638885498 5
1777182066749 23.382478713989258 6
1777182068570 20.887978935241698 7
1777182070390 19.82056083679199 8
1777182072211 19.294053649902345 9
1777182074058 18.214982795715333 10
1777182075869 18.19612350463867 11
1777182077679 17.209890174865723 12
1777182079494 17.47107219696045 13
1777182081312 17.094619750976562 14
1777182083140 15.979854774475097 15
1777182084990 17.10410385131836 16
1777182086809 16.125637149810792 17
1777182088627 16.171965980529784 18
1777182090438 15.173891067504883 19
1777182092251 15.288202285766602 20
1777182094069 15.334600162506103 21
1777182095908 14.623601722717286 22
1777182097720 14.611230278015137 23
1777182099529 14.768498039245605 24
1777182101340 14.591372203826904 25
1777182103157 14.394409275054931 26
1777182104975 14.115921688079833 27
1777182106815 13.492832374572753 28
1777182108625 13.65433406829834 29
1777182110437 13.58043794631958 30
1777182112248 12.911645221710206 31
1777182114069 12.576284885406494 32
1777182115883 12.419686126708985 33
1777182117719 13.046925354003907 34
1777182119537 12.28945083618164 35
1777182121356 12.126344108581543 36
1777182123175 11.646001434326172 37
1777182124997 11.244432926177979 38
1777182126809 11.250556945800781 39
1777182128656 10.899382591247559 40
1777182130476 11.055129623413086 41
1777182132291 10.748307704925537 42
1777182134111 11.147159957885743 43
1777182135936 10.616819286346436 44
1777182137764 10.697827339172363 45
1777182139610 10.675099182128907 46
1777182141514 10.439595890045165 47
1777182143355 10.305085277557373 48
1777182145170 10.372432708740234 49
1777182146983 10.12509593963623 50
1777182148793 10.026903629302979 51
1777182150626 9.81640167236328 52
1777182152442 9.613524150848388 53
1777182154251 9.785417175292968 54
1777182156064 9.721596145629883 55
1777182157878 9.584609699249267 56
1777182159690 9.714815139770508 57
1777182161535 9.532348918914796 58
1777182163354 9.366286945343017 59
1777182165168 9.792461109161376 60
1777182166984 9.476773643493653 61
1777182168792 9.103702163696289 62
1777182170606 9.290286350250245 63
1777182172446 9.320063018798828 64
1777182174265 9.073181247711181 65
1777182176075 9.234876441955567 66
1777182177891 9.104604721069336 67
1777182179704 9.362555027008057 68
1777182181521 9.221278762817382 69
1777182183367 8.92308750152588 70
1777182185184 8.993874454498291 71
1777182187008 8.918320751190185 72
1777182188833 9.032383918762207 73
1777182190679 8.87043514251709 74
1777182192547 8.922828102111817 75
1777182195026 9.064066410064697 76
1777182196872 8.894029331207275 77
1777182198703 8.899196338653564 78
1777182200529 9.028906536102294 79
1777182202358 8.83442268371582 80
1777182204215 8.882181930541993 81
1777182206044 8.759398269653321 82
1777182208456 8.557882690429688 83
1777182210284 8.693457889556885 84
1777182212110 8.692889785766601 85
1777182213934 8.653555393218994 86
1777182216742 8.823993492126466 87
1777182218608 8.711679935455322 88
1777182220477 8.468552112579346 89
1777182228215 8.483451175689698 90
1777182230231 8.541412258148194 91
1777182232131 8.34862666130066 92
1777182233991 8.38514256477356 93
1777182237359 8.510122108459473 94
1777182239287 8.633153629302978 95
