1777182057638 -1.602684594033935 1
1777182059452 -1.1050632672379854 2
1777182061265 -0.31550976447067813 3
1777182063109 0.4862761745984999 4
1777182064929 0.8402768312615665 5
1777182066749 0.9241388442455456 6
1777182068570 0.9401038056814945 7
1777182070390 0.9463122471754506 8
1777182072211 0.9501800306055815 9
1777182074058 0.9551388532032139 10
1777182075869 0.9547308615215278 11
1777182077679 0.9600988317589426 12
1777182079494 0.9578445818669715 13
1777182081312 0.9600791013718122 14
1777182083140 0.9653609463447912 15
1777182084990 0.9596295798170729 16
1777182086809 0.9641351129020721 17
1777182088627 0.9632435976354591 18
1777182090438 0.9683056851231164 19
1777182092251 0.9676376944257075 20
1777182094069 0.9668182147869708 21
1777182095908 0.9700035419847229 22
1777182097720 0.9706028377055455 23
1777182099529 0.9690195235293473 24
1777182101340 0.9693715046968793 25
1777182103157 0.9710040558582151 26
1777182104975 0.9711666351214966 27
1777182106815 0.9748422133309309 28
1777182108625 0.9735133713346862 29
1777182110437 0.9736981454080992 30
1777182112248 0.9766585522699313 31
1777182114069 0.977373339206299 32
1777182115883 0.9785963825938714 33
1777182117719 0.9761236170471774 34
1777182119537 0.9794619031977652 35
1777182121356 0.9797865126506129 36
1777182123175 0.9818313796594295 37
1777182124997 0.9832493033077252 38
1777182126809 0.9831698431215736 39
1777182128656 0.9844095911397963 40
1777182130476 0.9837756246121298 41
1777182132291 0.9846700442070598 42
1777182134111 0.9836322273968692 43
1777182135936 0.9851247565882679 44
1777182137764 0.9850222318547595 45
1777182139610 0.9850666738145427 46
1777182141514 0.9858115801070152 47
1777182143355 0.9857957702644703 48
1777182145170 0.9859593594912301 49
1777182146983 0.9865482263945623 50
1777182148793 0.986997314101155 51
1777182150626 0.9875379230806905 52
1777182152442 0.9879755688135491 53
1777182154251 0.9875610299556028 54
1777182156064 0.9876480983707935 55
1777182157878 0.9882719142280648 56
1777182159690 0.9879128200513874 57
1777182161535 0.9881374371827398 58
1777182163354 0.9885404637855325 59
1777182165168 0.9875675651509302 60
1777182166984 0.9884092544861324 61
1777182168792 0.9892039612691713 62
1777182170606 0.9887633321037483 63
1777182172446 0.9887403216904912 64
1777182174265 0.9892675513588557 65
1777182176075 0.9888167098627156 66
1777182177891 0.989157364788669 67
1777182179704 0.9886508328859869 68
1777182181521 0.9891056598302258 69
1777182183367 0.9897680671175532 70
1777182185184 0.9895122338549467 71
1777182187008 0.9896778661364758 72
1777182188833 0.9892401023887266 73
1777182190679 0.9896877548746468 74
1777182192547 0.98951949182181 75
1777182195026 0.9892612640745753 76
1777182196872 0.9897061065552668 77
1777182198703 0.9896960150813624 78
1777182200529 0.9892488771094827 79
1777182202358 0.9898486290899975 80
1777182204215 0.9895723315927746 81
1777182206044 0.9898786423635458 82
1777182208456 0.9904159343047828 83
1777182210284 0.990265399584158 84
1777182212110 0.9901295134645677 85
1777182213934 0.9902365221569215 86
1777182216742 0.9898412882019582 87
1777182218608 0.9899121490374276 88
1777182220477 0.9905276141553327 89
1777182228215 0.9905469039543336 90
1777182230231 0.9904293667795269 91
1777182232131 0.9908366738508455 92
1777182233991 0.9910034550419461 93
1777182237359 0.9904512010960448 94
1777182239287 0.9901872781406278 95
