1777182057638 -1.602684763098054 1
1777182059452 -1.1050633528020617 2
1777182061265 -0.31550964632194045 3
1777182063109 0.486276195337408 4
1777182064929 0.840276826933264 5
1777182066749 0.9241388397471159 6
1777182068570 0.9401038047937117 7
1777182070390 0.9463122416064188 8
1777182072211 0.9501800299454185 9
1777182074058 0.9551388496866945 10
1777182075869 0.9547308621904561 11
1777182077679 0.9600988326490653 12
1777182079494 0.957844579873913 13
1777182081312 0.960079103689249 14
1777182083140 0.965360945262107 15
1777182084990 0.959629573550888 16
1777182086809 0.9641351102520197 17
1777182088627 0.9632435957754197 18
1777182090438 0.9683056853990489 19
1777182092251 0.967637693063795 20
1777182094069 0.966818213987662 21
1777182095908 0.9700035421670241 22
1777182097720 0.97060283648263 23
1777182099529 0.9690195252892428 24
1777182101340 0.9693715024570853 25
1777182103157 0.9710040553891766 26
1777182104975 0.9711666330096074 27
1777182106815 0.9748422118093497 28
1777182108625 0.9735133722667509 29
1777182110437 0.9736981453056337 30
1777182112248 0.9766585546361753 31
1777182114069 0.9773733414284418 32
1777182115883 0.978596380980696 33
1777182117719 0.9761236167694772 34
1777182119537 0.9794619018544097 35
1777182121356 0.9797865128005423 36
1777182123175 0.9818313791913079 37
1777182124997 0.9832493018094117 38
1777182126809 0.9831698451916198 39
1777182128656 0.9844095905096857 40
1777182130476 0.9837756253772184 41
1777182132291 0.9846700425867656 42
1777182134111 0.9836322285390416 43
1777182135936 0.9851247549035154 44
1777182137764 0.9850222325798594 45
1777182139610 0.9850666743971745 46
1777182141514 0.9858115801994207 47
1777182143355 0.9857957700937684 48
1777182145170 0.9859593595559847 49
1777182146983 0.9865482249571249 50
1777182148793 0.9869973129978533 51
1777182150626 0.9875379230987347 52
1777182152442 0.9879755694358028 53
1777182154251 0.9875610296117081 54
1777182156064 0.9876480985661449 55
1777182157878 0.9882719154295655 56
1777182159690 0.9879128202507736 57
1777182161535 0.9881374379038574 58
1777182163354 0.9885404626850889 59
1777182165168 0.9875675647497607 60
1777182166984 0.9884092542581657 61
1777182168792 0.9892039605126135 62
1777182170606 0.9887633314086063 63
1777182172446 0.9887403224624831 64
1777182174265 0.9892675512641329 65
1777182176075 0.9888167098351126 66
1777182177891 0.9891573635615052 67
1777182179704 0.9886508341800946 68
1777182181521 0.9891056592505812 69
1777182183367 0.9897680677194979 70
1777182185184 0.9895122331290102 71
1777182187008 0.9896778649902054 72
1777182188833 0.989240101957465 73
1777182190679 0.9896877543340803 74
1777182192547 0.9895194922623632 75
1777182195026 0.9892612644731139 76
1777182196872 0.9897061058780044 77
1777182198703 0.989696014684266 78
1777182200529 0.9892488774527106 79
1777182202358 0.989848629094276 80
1777182204215 0.9895723314134781 81
1777182206044 0.9898786429423068 82
1777182208456 0.990415933673375 83
1777182210284 0.9902653983733376 84
1777182212110 0.9901295131508053 85
1777182213934 0.9902365224577071 86
1777182216742 0.9898412879877971 87
1777182218608 0.9899121484632809 88
1777182220477 0.9905276142000714 89
1777182228215 0.9905469039527894 90
1777182230231 0.9904293667284474 91
1777182232131 0.9908366734088674 92
1777182233991 0.9910034548774298 93
1777182237359 0.9904512009212182 94
1777182239287 0.9901872780851069 95
