1777377610907 38829.873697916664 1
1777377612072 37915.016927083336 2
1777377613300 37009.055989583336 3
1777377615187 35945.852864583336 4
1777377617238 34575.338541666664 5
1777377618842 32830.891927083336 6
1777377619731 30536.613932291668 7
1777377620595 27779.765625 8
1777377621428 25244.47265625 9
1777377622613 22550.305338541668 10
1777377624524 19902.495442708332 11
1777377625360 17280.311848958332 12
1777377626629 14659.5185546875 13
1777377628310 12180.955078125 14
1777377629135 9842.820638020834 15
1777377630735 7547.653483072917 16
1777377631919 5634.537109375 17
1777377633500 4099.321451822917 18
1777377635410 2877.8939615885415 19
1777377636309 2113.07421875 20
1777377637329 1537.0808512369792 21
1777377639097 1232.5872802734375 22
1777377640922 1082.2002766927083 23
1777377643136 945.3626098632812 24
1777377644388 898.3171793619791 25
1777377645284 787.7548828125 26
1777377646142 759.3607177734375 27
1777377648159 758.8464762369791 28
1777377650159 664.8421630859375 29
1777377652520 681.4137980143229 30
1777377655170 597.7693888346354 31
1777377657023 604.3690185546875 32
1777377658917 551.2294108072916 33
1777377660650 556.6536661783854 34
1777377662522 615.223876953125 35
1777377664247 513.2342020670573 36
1777377666284 532.5259094238281 37
1777377668676 499.29270426432294 38
1777377671008 555.6818440755209 39
1777377673458 454.21075439453125 40
1777377675167 519.9064737955729 41
1777377676544 430.84291585286456 42
1777377678197 443.0539245605469 43
1777377680159 390.27405802408856 44
1777377681267 489.6999918619792 45
1777377683420 416.50177001953125 46
1777377684591 380.58375040690106 47
1777377686494 408.6150716145833 48
1777377687334 482.84022013346356 49
1777377688806 474.51780192057294 50
1777377690549 405.55922444661456 51
1777377692383 388.5309753417969 52
1777377694393 437.0538330078125 53
1777377696414 409.6001688639323 54
1777377699115 400.53383382161456 55
1777377700950 358.6315002441406 56
1777377702795 427.1256510416667 57
1777377703814 410.57566324869794 58
1777377704740 413.0895182291667 59
1777377705589 389.3682352701823 60
1777377706930 327.90679931640625 61
1777377709867 301.3108317057292 62
1777377710711 380.53941853841144 63
1777377712435 378.85889689127606 64
1777377714187 376.34299723307294 65
1777377715799 387.8838602701823 66
1777377717053 334.0011494954427 67
1777377718949 314.6541239420573 68
1777377721042 336.2443542480469 69
1777377722497 307.5404459635417 70
1777377724173 393.3639831542969 71
1777377725652 376.86570231119794 72
1777377726504 334.6102803548177 73
1777377727425 319.9675699869792 74
1777377728708 304.97938028971356 75
1777377729921 332.2761637369792 76
1777377731497 303.9579772949219 77
1777377732351 294.12021891276044 78
1777377733746 300.83299763997394 79
1777377734572 290.6908874511719 80
1777377735403 279.18621826171875 81
1777377737275 309.48968505859375 82
1777377738128 353.5374450683594 83
1777377739336 270.5675964355469 84
1777377741007 277.43921915690106 85
1777377742205 328.73973592122394 86
1777377744532 256.9670003255208 87
1777377745770 297.7534993489583 88
1777377748145 239.9264119466146 89
1777377749002 259.94744873046875 90
