1777122027303 -1.7838969835054046 1
1777122027934 -1.706587423286114 2
1777122028566 -1.634970399415895 3
1777122029198 -1.548312605158261 4
1777122029830 -1.4354707591235116 5
1777122030482 -1.2899305320190542 6
1777122031123 -1.1360089323738314 7
1777122031758 -0.9732553206447168 8
1777122032395 -0.801583298006598 9
1777122033037 -0.6169570927506616 10
1777122033666 -0.43625523477722683 11
1777122034346 -0.2571610112631275 12
1777122034981 -0.0733896894207644 13
1777122035617 0.12043061328565585 14
1777122036254 0.2940703526725764 15
1777122036885 0.4690382744815088 16
1777122037516 0.6147648327233755 17
1777122038154 0.718932720469271 18
1777122038783 0.8025153839746888 19
1777122039414 0.8629581969580636 20
1777122040048 0.8992134734409788 21
1777122040680 0.915902443576398 22
1777122041329 0.9265475687548109 23
1777122041958 0.9337726708749183 24
1777122042589 0.945654488860429 25
1777122043218 0.9485698222844673 26
1777122043850 0.9537798646213475 27
1777122044482 0.9595381749145055 28
1777122045109 0.957964169963513 29
1777122045736 0.9579382406335984 30
1777122046369 0.9572564293981867 31
1777122047002 0.9554586117867524 32
1777122047634 0.9511759520643126 33
1777122048260 0.9606747679760046 34
1777122048889 0.9581154941518897 35
1777122049516 0.9618389875322466 36
1777122050145 0.9645083639732892 37
1777122050772 0.9579079073004816 38
1777122051420 0.962291483640082 39
1777122052052 0.9669630909218435 40
1777122052684 0.9699428810932124 41
1777122053311 0.9686409400359042 42
1777122053942 0.9635305306608732 43
1777122054571 0.9682347341621897 44
1777122055196 0.9724271904618951 45
1777122055825 0.9662663373310861 46
1777122056449 0.9652961554147971 47
1777122057084 0.968847319338047 48
1777122057712 0.9653950425373943 49
1777122058337 0.9739629013873462 50
1777122058968 0.9687695998437451 51
1777122059602 0.9683532135179275 52
1777122060229 0.973200207182982 53
1777122060860 0.9686407472339207 54
1777122061515 0.9702983293078985 55
1777122062146 0.9753445178643417 56
1777122062781 0.9723857202773621 57
1777122063405 0.9745894697807448 58
1777122064034 0.9722784820710783 59
1777122064663 0.9721634655311021 60
1777122065297 0.9767383417511356 61
1777122065921 0.9698878614956011 62
1777122066545 0.9750571236760999 63
1777122067168 0.9772992204792562 64
1777122067796 0.9759433100877732 65
1777122068420 0.9800657564356491 66
1777122069058 0.9728529432381985 67
1777122069682 0.978660856582276 68
1777122070311 0.9754594557520666 69
1777122070930 0.97774978349352 70
1777122071582 0.9773502781869013 71
1777122072209 0.9801824219306209 72
1777122072842 0.9809322580184925 73
1777122073473 0.9778902633123286 74
1777122074096 0.9772865691175222 75
1777122074722 0.9786360789905262 76
1777122075350 0.9770629879869336 77
1777122075981 0.9786230394879569 78
1777122076612 0.9798921873545106 79
1777122077241 0.981223276122964 80
1777122077864 0.9815408042700894 81
1777122078492 0.9799964796387305 82
1777122079117 0.9816825203002223 83
1777122079747 0.979778062896959 84
1777122080376 0.9851483122662327 85
1777122081003 0.9810691395478139 86
1777122081663 0.9813976870804324 87
1777122082293 0.9814891411791915 88
1777122082922 0.9831299063538441 89
1777122083551 0.9851177341856291 90
1777122084179 0.9822456974309359 91
1777122084810 0.9798236504185873 92
1777122085432 0.9783741861827615 93
1777122086062 0.9853286049526324 94
1777122086692 0.9832172634104536 95
1777122087327 0.9802229953322437 96
1777122087955 0.9832195694236512 97
1777122088584 0.9829954485337227 98
1777122089209 0.9856221370934942 99
1777122089836 0.982188595064529 100
1777122090469 0.9825949024129716 101
1777122091107 0.9838023146872573 102
1777122091761 0.9853250825882585 103
1777122092394 0.9838689049407476 104
1777122093022 0.9787877824406994 105
1777122093654 0.9849826890202233 106
