1777122027303 40824.98046875 1
1777122027934 39691.2578125 2
1777122028566 38641.01953125 3
1777122029198 37370.2109375 4
1777122029830 35715.41796875 5
1777122030482 33581.11328125 6
1777122031123 31323.904296875 7
1777122031758 28937.173828125 8
1777122032395 26419.65625 9
1777122033037 23712.171875 10
1777122033666 21062.232421875 11
1777122034346 18435.873046875 12
1777122034981 15740.9248046875 13
1777122035617 12898.6103515625 14
1777122036254 10352.23828125 15
1777122036885 7786.38818359375 16
1777122037516 5649.353515625 17
1777122038154 4121.76416015625 18
1777122038783 2896.05029296875 19
1777122039414 2009.67529296875 20
1777122040048 1478.0029296875 21
1777122040680 1233.264404296875 22
1777122041329 1077.156982421875 23
1777122041958 971.203125 24
1777122042589 796.9599609375 25
1777122043218 754.20751953125 26
1777122043850 677.8038940429688 27
1777122044482 593.3600463867188 28
1777122045109 616.4423217773438 29
1777122045736 616.8225708007812 30
1777122046369 626.8211059570312 31
1777122047002 653.185546875 32
1777122047634 715.9894409179688 33
1777122048260 576.6922607421875 34
1777122048889 614.2232055664062 35
1777122049516 559.6193237304688 36
1777122050145 520.4737548828125 37
1777122050772 617.2673950195312 38
1777122051420 552.983642578125 39
1777122052052 484.4759521484375 40
1777122052684 440.77825927734375 41
1777122053311 459.8708190917969 42
1777122053942 534.8134155273438 43
1777122054571 465.8277282714844 44
1777122055196 404.3466491699219 45
1777122055825 494.693603515625 46
1777122056449 508.9210510253906 47
1777122057084 456.8443603515625 48
1777122057712 507.4709167480469 49
1777122058337 381.825927734375 50
1777122058968 457.98406982421875 51
1777122059602 464.0902404785156 52
1777122060229 393.0105895996094 53
1777122060860 459.8736572265625 54
1777122061515 435.56573486328125 55
1777122062146 361.56494140625 56
1777122062781 404.9548034667969 57
1777122063405 372.63751220703125 58
1777122064034 406.5273742675781 59
1777122064663 408.21405029296875 60
1777122065297 341.1249694824219 61
1777122065921 441.5851135253906 62
1777122066545 365.7795104980469 63
1777122067168 332.89984130859375 64
1777122067796 352.7838439941406 65
1777122068420 292.3294677734375 66
1777122069058 398.10308837890625 67
1777122069682 312.931884765625 68
1777122070311 359.8794250488281 69
1777122070930 326.29248046875 70
1777122071582 332.1510925292969 71
1777122072209 290.61859130859375 72
1777122072842 279.62249755859375 73
1777122073473 324.23236083984375 74
1777122074096 333.08538818359375 75
1777122074722 313.29522705078125 76
1777122075350 336.3641052246094 77
1777122075981 313.4864501953125 78
1777122076612 294.8747863769531 79
1777122077241 275.35479736328125 80
1777122077864 270.6983337402344 81
1777122078492 293.34539794921875 82
1777122079117 268.6201171875 83
1777122079747 296.54840087890625 84
1777122080376 217.7953643798828 85
1777122081003 277.6151428222656 86
1777122081663 272.797119140625 87
1777122082293 271.4559631347656 88
1777122082922 247.39466857910156 89
1777122083551 218.2437744140625 90
1777122084179 260.3612976074219 91
1777122084810 295.8798828125 92
1777122085432 317.13580322265625 93
1777122086062 215.15142822265625 94
1777122086692 246.1136016845703 95
1777122087327 290.0235900878906 96
1777122087955 246.07977294921875 97
1777122088584 249.36643981933594 98
1777122089209 210.8468780517578 99
1777122089836 261.1986999511719 100
1777122090469 255.24032592773438 101
1777122091107 237.53399658203125 102
1777122091761 215.20306396484375 103
1777122092394 236.55747985839844 104
1777122093022 311.070556640625 105
1777122093654 220.22418212890625 106
