1777370474416 -2.7128199962091166 1
1777370475649 -2.436725809721694 2
1777370476914 -2.0571116274825023 3
1777370478134 -1.5497620422987033 4
1777370479376 -0.95764480824447 5
1777370481486 -0.3457277794548148 6
1777370482626 0.21204746326703966 7
1777370483766 0.6199789746361806 8
1777370485906 0.8285566057024718 9
1777370487050 0.9108087075807143 10
1777370488485 0.9318780296355837 11
1777370489609 0.9442956525058444 12
1777370490727 0.9524646864272327 13
1777370491870 0.9580449753695959 14
1777370493000 0.9563393237923579 15
1777370494148 0.9581572855825324 16
1777370495459 0.9567789582485065 17
1777370496591 0.9644519436395642 18
1777370497728 0.9657782357210051 19
1777370498872 0.9648869827745583 20
1777370499990 0.9643861225578636 21
1777370501126 0.9684315953916194 22
1777370502515 0.9728472234409992 23
1777370503657 0.9714638760987176 24
1777370505032 0.9686089168252051 25
1777370506339 0.9727719229564329 26
1777370507718 0.9682081856056802 27
1777370509131 0.9720846931227053 28
1777370510270 0.9736505429630306 29
1777370511616 0.9750827199107388 30
1777370512741 0.9741510608989659 31
1777370513892 0.977016420745523 32
1777370515081 0.9761536537380104 33
1777370516277 0.9773928492130759 34
1777370517487 0.9764054447570871 35
1777370518724 0.9771292480712125 36
1777370519881 0.9776412238521169 37
1777370521021 0.9806239763188238 38
1777370522153 0.9415155187104677 39
1777370523317 0.9703582384457056 40
1777370524444 0.9768150566526499 41
1777370525605 0.976381890764987 42
1777370526741 0.9798286441363976 43
1777370527875 0.9808956003702255 44
1777370529209 0.9814501377595702 45
1777370530631 0.9809203239296895 46
1777370531853 0.9817405473681404 47
1777370533228 0.982336249129062 48
