1777370474416 191.23654174804688 1
1777370475649 181.44015502929688 2
1777370476914 168.39471435546875 3
1777370478134 149.8828887939453 4
1777370479376 126.3859634399414 5
1777370481486 100.04938507080078 6
1777370482626 72.4645767211914 7
1777370483766 47.92436981201172 8
1777370485906 32.08455276489258 9
1777370487050 24.25911521911621 10
1777370488485 21.808372497558594 11
1777370489609 20.1644344329834 12
1777370490727 18.640522003173828 13
1777370491870 17.56801986694336 14
1777370493000 17.792715072631836 15
1777370494148 17.535123825073242 16
1777370495459 17.674352645874023 17
1777370496591 16.362218856811523 18
1777370497728 15.857921600341797 19
1777370498872 15.882762908935547 20
1777370499990 15.895211219787598 21
1777370501126 15.098388671875 22
1777370502515 14.145556449890137 23
1777370503657 14.513916969299316 24
1777370505032 15.131010055541992 25
1777370506339 14.171284675598145 26
1777370507718 15.179845809936523 27
1777370509131 14.056159019470215 28
1777370510270 13.824878692626953 29
1777370511616 13.375226020812988 30
1777370512741 13.606033325195312 31
1777370513892 12.890167236328125 32
1777370515081 13.229628562927246 33
1777370516277 12.856003761291504 34
1777370517487 13.244129180908203 35
1777370518724 12.791263580322266 36
1777370519881 12.782013893127441 37
1777370521021 11.875532150268555 38
1777370522153 18.706645965576172 39
1777370523317 14.545268058776855 40
1777370524444 13.170588493347168 41
1777370525605 13.138421058654785 42
1777370526741 12.20648193359375 43
1777370527875 11.979333877563477 44
1777370529209 11.773587226867676 45
1777370530631 11.716721534729004 46
1777370531853 11.578200340270996 47
1777370533228 11.451750755310059 48
