1777370474416 -2.712820066410665 1
1777370475649 -2.4367260805773374 2
1777370476914 -2.0571117678855995 3
1777370478134 -1.5497620869516382 4
1777370479376 -0.9576447380429212 5
1777370481486 -0.3457277443540405 6
1777370482626 0.212047498367814 7
1777370483766 0.6199790097369549 8
1777370485906 0.8285566035086734 9
1777370487050 0.9108087042900166 10
1777370488485 0.9318780318293821 11
1777370489609 0.9442956503120459 12
1777370490727 0.952464688621031 13
1777370491870 0.9580449746221402 14
1777370493000 0.9563393226954586 15
1777370494148 0.9581572883247804 16
1777370495459 0.9567789598938553 17
1777370496591 0.9644519408973162 18
1777370497728 0.9657782368179042 19
1777370498872 0.9648869820880749 20
1777370499990 0.9643861225578636 21
1777370501126 0.9684315964885185 22
1777370502515 0.972847223440999 23
1777370503657 0.9714638734055473 24
1777370505032 0.9686089168252051 25
1777370506339 0.9727719213110841 26
1777370507718 0.968208184447549 27
1777370509131 0.972084692025806 28
1777370510270 0.9736505441497539 29
1777370511616 0.9750827193622892 30
1777370512741 0.9741510614474155 31
1777370513892 0.9770164210197477 32
1777370515081 0.9761536527620799 33
1777370516277 0.977392850498782 34
1777370517487 0.9764054437790898 35
1777370518724 0.9771292480712125 36
1777370519881 0.9776412235778922 37
1777370521021 0.9806239754961494 38
1777370522153 0.9415155198073669 39
1777370523317 0.9703582385027414 40
1777370524444 0.9768150566526498 41
1777370525605 0.976381891159519 42
1777370526741 0.9798286446011499 43
1777370527875 0.9808956006444502 44
1777370529209 0.981450139336024 45
1777370530631 0.980920324752364 46
1777370531853 0.9817405464839555 47
1777370533228 0.9823362483063877 48
