1777302239375 -1.6885614164935703 1
1777302240483 -1.3970749625477075 2
1777302241587 -0.8938677279353756 3
1777302242689 -0.2979774917196251 4
1777302243792 0.26703243570682994 5
1777302244895 0.6640188540082648 6
1777302246002 0.8629006323742701 7
1777302247103 0.9243826460192925 8
1777302248204 0.9382951001588038 9
1777302249322 0.9534304853159579 10
1777302250421 0.9534699902292013 11
1777302251526 0.9574200614563425 12
1777302252630 0.958851793257337 13
1777302253748 0.960011316055786 14
1777302254846 0.9641579061874035 15
1777302255945 0.9663952469683817 16
1777302257047 0.957134532880978 17
1777302258155 0.9655345312208514 18
1777302259259 0.9682124959876699 19
1777302260381 0.969081719364252 20
1777302261486 0.9664517049702648 21
1777302262586 0.967620499514626 22
1777302263694 0.9674949062631356 23
1777302264796 0.9710843606702463 24
1777302265900 0.970489944544467 25
1777302267000 0.9746353211366664 26
1777302268101 0.9722754030413844 27
1777302269200 0.9724887181411972 28
1777302270321 0.9738767027465061 29
1777302271427 0.9769939958304844 30
1777302272534 0.973274553149946 31
1777302273637 0.9746122417244925 32
1777302274737 0.9746850130089035 33
1777302275844 0.9774085657458134 34
1777302276947 0.9754986144418357 35
1777302278051 0.9768704329269096 36
1777302279152 0.977170996251686 37
1777302280258 0.9777109009145551 38
1777302281382 0.9802279637193594 39
1777302282483 0.9813443133749752 40
1777302283586 0.9786044467808889 41
1777302284686 0.980619586982838 42
1777302285799 0.9811766108417558 43
1777302286904 0.9812786848429523 44
1777302288010 0.981517974103471 45
1777302289111 0.9832838853747965 46
1777302290216 0.9797384732368236 47
1777302291318 0.9792971231691322 48
1777302292435 0.9840594475894393 49
1777302293544 0.9846154075779493 50
1777302294655 0.9855829310638334 51
1777302295761 0.9863146371693974 52
1777302296864 0.9826992528364592 53
1777302297959 0.986049736630461 54
1777302299063 0.9851875857765877 55
1777302300174 0.987561114720593 56
1777302301282 0.9868198785724991 57
1777302302389 0.986994239299977 58
1777302303514 0.987261106256011 59
1777302304624 0.9876808449626078 60
1777302305735 0.9871414458975716 61
1777302306837 0.988714816708233 62
1777302307934 0.9880402380073512 63
1777302309036 0.9868528223981157 64
1777302310144 0.9900649012320087 65
1777302311248 0.9889426574107881 66
1777302312346 0.989062547312592 67
1777302313444 0.9876401606998444 68
1777302314571 0.9898449835521642 69
1777302315677 0.9889319550453965 70
1777302316780 0.9898245030346221 71
1777302317890 0.9900422664059876 72
1777302318996 0.990073269438222 73
1777302320104 0.9886981425578678 74
1777302321210 0.9906367241364056 75
1777302322315 0.9913449786182046 76
1777302323418 0.991563074626017 77
1777302324526 0.9915141756034783 78
1777302325649 0.9914939889622918 79
1777302326757 0.9906881436301701 80
1777302327860 0.9911171913412883 81
1777302328964 0.9904603529408756 82
1777302330067 0.9918877258949219 83
1777302331168 0.9906474000046581 84
1777302332275 0.991246240082266 85
1777302333379 0.9923233002039318 86
1777302334483 0.9913830943549365 87
1777302335584 0.9918183776827447 88
1777302336709 0.9926855497622732 89
1777302337807 0.9927914421927293 90
1777302338907 0.992535029511421 91
1777302340014 0.9919259063956112 92
1777302341129 0.9923873808750934 93
1777302342241 0.992261379944275 94
1777302343345 0.9914360883901303 95
1777302344447 0.9920840198775192 96
1777302345546 0.9921525560357656 97
1777302346665 0.9928524003612189 98
1777302347771 0.992532106281273 99
1777302348877 0.9931462091462399 100
1777302349980 0.9921774867275115 101
1777302351082 0.9930698109721512 102
1777302352189 0.9929546880127011 103
1777302353297 0.9927740627425543 104
1777302354422 0.9932719490039972 105
1777302357617 0.9936602697361472 106
1777302358729 0.9936867556219842 107
1777302359851 0.9929286744587621 108
1777302360956 0.9924049647819778 109
1777302362060 0.9933468628489086 110
1777302363172 0.994138775686501 111
1777302364280 0.9936110018200102 112
1777302365388 0.9940927314017524 113
1777302366501 0.9936174773029446 114
1777302367606 0.9930847814047642 115
1777302368734 0.993924431910688 116
1777302369859 0.9938087636345504 117
1777302375634 0.9934218226111348 118
1777302376762 0.9934776460376391 119
1777302377894 0.9942659081728396 120
1777302379027 0.993878500140189 121
1777302380173 0.9942512422157781 122
1777302381303 0.9941590494810676 123
1777302382440 0.9942761131439749 124
1777302383569 0.9941604038832187 125
1777302390820 0.9943386117713283 126
1777302391927 0.9943777301521927 127
1777302393033 0.9938769474218031 128
1777302394135 0.9939418380063095 129
1777302395234 0.9945183436830114 130
1777302396332 0.9945810688487793 131
1777302397432 0.9940091894143916 132
1777302398537 0.9944488887072268 133
1777302399650 0.9947096654673505 134
1777302400754 0.9943488975794426 135
1777302401874 0.9940938656624112 136
1777302402975 0.9946569155422995 137
1777302404076 0.9941376021312696 138
1777302405176 0.9940602635857306 139
1777302406276 0.994649661596363 140
1777302407384 0.9947740436097672 141
1777302408483 0.9947859250574226 142
1777302409593 0.9944154958115089 143
