1777407016794 181.4712371826172 1
1777407021776 178.66050720214844 2
1777407026697 176.36248779296875 3
1777407031051 174.13343811035156 4
1777407035397 171.75057983398438 5
1777407038372 169.1536407470703 6
1777407047024 166.27244567871094 7
1777407054678 163.13619995117188 8
1777407056999 159.6669158935547 9
1777407057327 155.85302734375 10
1777407057630 151.57113647460938 11
1777407057948 146.42196655273438 12
1777407058268 140.9779510498047 13
1777407058587 135.7191162109375 14
1777407060670 130.1729736328125 15
1777407068988 124.57610321044922 16
1777407071170 118.93850708007812 17
1777407073778 112.80021667480469 18
1777407076247 106.73445892333984 19
1777407076579 100.63855743408203 20
1777407079052 94.41753387451172 21
1777407085599 88.21581268310547 22
1777407090986 82.05804443359375 23
1777407093270 76.07946014404297 24
1777407097605 69.48738098144531 25
1777407104448 62.77132797241211 26
1777407106911 56.91881561279297 27
1777407113724 51.051883697509766 28
1777407120337 44.659908294677734 29
1777407122995 39.9755744934082 30
1777407130596 35.5338020324707 31
1777407140849 32.849876403808594 32
1777407147661 31.590612411499023 33
1777407153755 26.27621841430664 34
1777407156258 24.959571838378906 35
1777407163963 24.483278274536133 36
1777407166353 23.03582763671875 37
1777407166669 23.078332901000977 38
1777407167007 23.045879364013672 39
1777407171740 21.860042572021484 40
1777407177170 20.884613037109375 41
1777407180159 19.885744094848633 42
1777407180491 21.654300689697266 43
1777407183068 18.125837326049805 44
1777407183383 18.622875213623047 45
1777407183711 20.010435104370117 46
1777407186255 18.028034210205078 47
1777407186578 19.72068977355957 48
1777407186905 18.69912338256836 49
1777407187226 18.359779357910156 50
1777407189684 20.028947830200195 51
1777407194061 20.010168075561523 52
1777407196201 16.580799102783203 53
1777407196537 18.162715911865234 54
1777407198889 18.086849212646484 55
1777407199259 18.816287994384766 56
1777407205477 18.938032150268555 57
1777407211059 18.034151077270508 58
1777407213668 14.82864761352539 59
1777407214003 18.019575119018555 60
1777407219479 15.53339958190918 61
1777407222970 15.28466796875 62
1777407223309 17.25874900817871 63
1777407226682 16.760583877563477 64
1777407237912 16.03749656677246 65
1777407238251 15.802694320678711 66
1777407238587 14.633451461791992 67
1777407243760 16.3531436920166 68
1777407244080 16.696475982666016 69
1777407252390 14.737738609313965 70
1777407255794 16.006668090820312 71
1777407261892 14.287196159362793 72
1777407268502 13.87620735168457 73
1777407268860 13.564712524414062 74
1777407269274 15.962446212768555 75
1777407269617 15.327679634094238 76
1777407272396 15.754401206970215 77
1777407275199 14.548696517944336 78
1777407290536 14.205113410949707 79
1777407298815 15.287781715393066 80
1777407305290 14.249113082885742 81
1777407306647 12.990572929382324 82
1777407310302 13.1692476272583 83
1777407318851 13.434198379516602 84
1777407321470 15.54574966430664 85
1777407326115 12.415250778198242 86
1777407328117 14.260223388671875 87
1777407332098 14.881962776184082 88
1777407338910 13.762894630432129 89
1777407339383 12.891435623168945 90
1777407342027 14.218337059020996 91
1777407348143 13.008316993713379 92
1777407348458 13.781562805175781 93
1777407348790 12.481956481933594 94
1777407360360 12.860308647155762 95
1777407372706 12.503849029541016 96
1777407390536 12.273992538452148 97
1777407400695 12.383692741394043 98
1777407406554 11.288402557373047 99
1777407409711 12.483986854553223 100
1777407410024 13.279716491699219 101
1777407413288 13.852184295654297 102
1777407413612 12.25081729888916 103
1777407419762 14.154083251953125 104
