1777166545325 37928.58984375 1
1777166572921 35381.7046875 2
1777166574059 31413.390625 3
1777166593439 25375.0484375 4
1777166733155 18425.600390625 5
1777166864562 11755.9931640625 6
1777166953227 6458.21884765625 7
1777166958996 3060.183056640625 8
1777166970567 1510.15693359375 9
1777166971826 1040.2832763671875 10
1777166973046 859.6736694335938 11
1777166974256 690.0506591796875 12
1777166975478 632.9193115234375 13
1777166976695 585.4265258789062 14
1777167147772 553.9685668945312 15
1777167148858 544.9273071289062 16
1777167149939 486.672509765625 17
1777167151043 577.778173828125 18
1777167152128 519.1387939453125 19
1777167153210 549.0324096679688 20
1777167154292 443.7796203613281 21
1777167155377 474.97861328125 22
1777167156459 490.34332885742185 23
1777167157541 447.3710144042969 24
1777167158629 419.9034912109375 25
1777167159715 378.3637268066406 26
1777167160799 401.02215576171875 27
1777167161901 454.7296997070313 28
1777167162988 342.21143798828126 29
1777167164070 335.0044921875 30
1777167165153 366.5634521484375 31
1777167166238 349.1626342773437 32
1777167167321 357.75079956054685 33
1777167168401 347.2337951660156 34
1777167169481 358.99082641601564 35
1777167170563 313.3435363769531 36
1777167171645 328.92613525390624 37
1777167172762 323.46950073242186 38
1777167173849 303.1355285644531 39
1777167174935 264.28623657226564 40
1777167176022 259.6660095214844 41
1777167177111 264.37977294921876 42
1777167178196 288.5110656738281 43
1777167179291 256.4198364257812 44
1777167180418 277.684033203125 45
1777167181542 268.9994689941406 46
1777167182657 284.73903198242186 47
1777167183799 247.2172088623047 48
1777167184932 246.47338256835937 49
1777167186048 253.64557495117188 50
1777167187165 230.2631866455078 51
1777167188285 216.54090881347656 52
1777167189408 210.61203002929688 53
1777167190525 243.14508361816405 54
1777167191637 203.80689086914063 55
1777167192768 203.12763366699218 56
1777167193892 218.54789123535156 57
1777167195028 200.0500061035156 58
1777167196152 188.5264099121094 59
1777167197281 199.74255981445313 60
1777167198397 219.65652770996093 61
1777167199516 204.5710876464844 62
1777167200655 190.69820251464844 63
1777167201774 199.58079833984374 64
1777167202895 194.65521240234375 65
1777167204024 178.80225524902343 66
1777167205169 192.94843139648438 67
1777167206294 163.53274536132812 68
1777167208429 171.56944274902344 69
1777167209683 209.89273071289062 70
1777167210841 169.27987670898438 71
1777167212009 158.7443084716797 72
1777167213171 169.9072998046875 73
1777167214322 172.8044006347656 74
1777167215485 163.94699401855468 75
1777167216669 174.58062133789062 76
1777167217814 167.56946716308593 77
1777167218987 161.22447204589844 78
1777167220133 157.7710418701172 79
1777167221278 153.65909423828126 80
1777167222433 142.0612548828125 81
1777167223574 165.23831787109376 82
1777167224719 155.03390197753907 83
1777167225865 150.7895294189453 84
1777167227035 147.23018493652344 85
1777167228182 152.95675964355468 86
1777167229347 140.73536071777343 87
1777167230502 143.56045837402343 88
1777167231695 139.58128662109374 89
1777167232871 130.05589599609374 90
1777167279095 131.0664505004883 91
1777167307906 148.60023498535156 92
1777167359730 122.10059204101563 93
1777167366501 125.6092025756836 94
1777167367664 132.51503295898436 95
1777167380708 137.6645294189453 96
1777167381946 123.59021606445313 97
1777167383571 128.7160446166992 98
1777167384783 133.35901336669923 99
1777167393386 134.5723907470703 100
1777167412440 129.59317932128906 101
1777167415460 140.66047058105468 102
1777167534007 147.46241760253906 103
1777167687000 122.82330474853515 104
1777167806095 133.10256652832032 105
1777167807323 125.6326904296875 106
1777167808542 127.73079223632813 107
1777167809737 115.8872055053711 108
1777167810931 121.3159194946289 109
1777167812125 114.82307434082031 110
1777167813422 118.26371307373047 111
1777167814675 120.32043762207032 112
1777167815935 125.0910659790039 113
1777167817283 113.5440185546875 114
1777167818508 108.2072967529297 115
1777167819878 110.47136993408203 116
1777167821248 126.15300140380859 117
1777167822807 115.87232513427735 118
1777167824397 103.99407653808593 119
