1777402113723 -2.7771336070840476 1
1777402123878 -2.639915898544722 2
1777402136642 -2.482301838578559 3
1777402159814 -2.2813721360693218 4
1777402173561 -2.0233418979222684 5
1777402182358 -1.711303619357843 6
1777402195233 -1.3763282133003854 7
1777402213477 -1.0529915804942658 8
1777402220946 -0.7031135556850384 9
1777402231049 -0.3693672032405035 10
1777402246258 -0.03921780264472637 11
1777402256930 0.2639000821358119 12
1777402264908 0.5110035223627033 13
1777402275745 0.699744839308655 14
1777402286111 0.8268910688419786 15
1777402299025 0.871691050004563 16
1777402304836 0.9065856182474885 17
1777402314545 0.9138797944429422 18
1777402320905 0.9259777741165719 19
1777402334288 0.9347918911653691 20
1777402344297 0.9400010947053992 21
1777402358377 0.9410304669602261 22
1777402368596 0.9497793034648744 23
1777402385726 0.948263518692693 24
1777402398667 0.9510861381665418 25
1777402407337 0.958170450201069 26
1777402422057 0.9510072821916548 27
1777402424924 0.9570590052060298 28
1777402436560 0.9573408689942576 29
1777402444709 0.9607857531368392 30
1777402458431 0.9614479685499987 31
1777402473470 0.963529216860774 32
1777402481559 0.9630789543654833 33
1777402491863 0.9630908657766866 34
1777402503599 0.9644023522783912 35
1777402522801 0.9696476081102947 36
1777402532517 0.9639996568168043 37
1777402552737 0.9672751331050612 38
1777402567176 0.9627168843938447 39
1777402579299 0.9662795179230405 40
1777402586752 0.9678360480491573 41
1777402596350 0.9715638590581058 42
1777402603938 0.9677129805296004 43
1777402607052 0.9727459662994541 44
1777402608752 0.9637604159374225 45
1777402613517 0.974645710700003 46
1777402617513 0.9678724056871445 47
1777402621229 0.9750522003405355 48
1777402622590 0.9735627530912082 49
1777402626904 0.9689909110566854 50
1777402628327 0.9738267968378883 51
1777402634493 0.9735329758034775 52
1777402640532 0.9676273053896068 53
1777402653842 0.9727535870066294 54
1777402662633 0.971947467559572 55
1777402665640 0.9680999089793044 56
1777402676146 0.9721098470322881 57
1777402686811 0.970976224563639 58
1777402704179 0.9739033256667392 59
