1777402113723 188.51367949536566 1
1777402123878 183.66633018478603 2
1777402136642 178.0311786478558 3
1777402159814 170.9442761724047 4
1777402173561 162.1447463898969 5
1777402182358 151.03263269307814 6
1777402195233 138.51498880781367 7
1777402213477 125.22436869544156 8
1777402220946 110.54541471131455 9
1777402231049 95.05863815698868 10
1777402246258 79.3064410508737 11
1777402256930 63.8578523203231 12
1777402264908 49.22761420451207 13
1777402275745 37.224723775288055 14
1777402286111 28.114263381807525 15
1777402299025 24.457998262965937 16
1777402304836 20.66099194859612 17
1777402314545 20.108435869687174 18
1777402320905 18.725503306040867 19
1777402334288 17.069196454260712 20
1777402344297 16.22482865990031 21
1777402358377 16.50902004731007 22
1777402368596 14.949932377531214 23
1777402385726 15.02800385890863 24
1777402398667 14.927419426220174 25
1777402407337 13.392010090242946 26
1777402422057 14.415617477070885 27
1777402424924 13.53833319609452 28
1777402436560 13.461966700807832 29
1777402444709 12.760110463851538 30
1777402458431 12.800812244603385 31
1777402473470 12.156604116767117 32
1777402481559 12.455867871165982 33
1777402491863 12.267633196588099 34
1777402503599 12.114646034315964 35
1777402522801 11.012560774071448 36
1777402532517 12.2888370641825 37
1777402552737 11.502510047476202 38
1777402567176 12.511536673822347 39
1777402579299 11.545843582604764 40
1777402586752 11.358775499069244 41
1777402596350 10.557441701268303 42
1777402603938 11.388842221924069 43
1777402607052 10.319147947412976 44
1777402608752 12.125166159785946 45
1777402613517 9.75741580346162 46
1777402617513 11.072259122709315 47
1777402621229 9.595182287152232 48
1777402622590 9.901842481097761 49
1777402626904 10.896846497364534 50
1777402628327 9.893248743512457 51
1777402634493 9.998774432195479 52
1777402640532 11.222432356614332 53
1777402653842 10.030941306721765 54
1777402662633 10.311657914983686 55
1777402665640 11.225185448460325 56
1777402676146 10.301318459444968 57
1777402686811 10.683436541585527 58
1777402704179 9.937473673322026 59
