1777402113723 193.51368204752603 1
1777402123878 188.66558329264322 2
1777402136642 182.98777770996094 3
1777402159814 175.75711568196616 4
1777402173561 166.96866861979166 5
1777402182358 155.9449666341146 6
1777402195233 143.37354532877603 7
1777402213477 130.06112162272134 8
1777402220946 115.353759765625 9
1777402231049 99.83243052164714 10
1777402246258 84.00557200113933 11
1777402256930 68.50392659505208 12
1777402264908 53.83549245198568 13
1777402275745 41.75267664591471 14
1777402286111 32.56644821166992 15
1777402299025 28.904251098632812 16
1777402304836 25.064382553100586 17
1777402314545 24.506996154785156 18
1777402320905 23.10138702392578 19
1777402334288 21.403135935465496 20
1777402344297 20.508507410685223 21
1777402358377 20.82957649230957 22
1777402368596 19.244107564290363 23
1777402385726 19.30440394083659 24
1777402398667 19.225271224975586 25
1777402407337 17.6182861328125 26
1777402422057 18.669091542561848 27
1777402424924 17.784596125284832 28
1777402436560 17.69576644897461 29
1777402444709 16.97787602742513 30
1777402458431 17.025588353474934 31
1777402473470 16.342076619466145 32
1777402481559 16.663392384847004 33
1777402491863 16.45868968963623 34
1777402503599 16.28353214263916 35
1777402522801 15.147385597229004 36
1777402532517 16.483791987101238 37
1777402552737 15.654165585835775 38
1777402567176 16.70809491475423 39
1777402579299 15.66248861948649 40
1777402586752 15.52690855662028 41
1777402596350 14.64835294087728 42
1777402603938 15.534962972005209 43
1777402607052 14.443858782450357 44
1777402608752 16.292090098063152 45
1777402613517 13.819860776265463 46
1777402617513 15.201911290486654 47
1777402621229 13.641302108764648 48
1777402622590 13.968773206075033 49
1777402626904 14.972620328267416 50
1777402628327 13.936297098795572 51
1777402634493 14.082952817281088 52
1777402640532 15.355719566345215 53
1777402653842 14.103327433268229 54
1777402662633 14.401283582051596 55
1777402665640 15.348490397135416 56
1777402676146 14.40749486287435 57
1777402686811 14.833865483601889 58
1777402704179 14.044056256612143 59
