1777430500294 45810.45703125 1
1777430500997 44873.40625 2
1777430501357 44139.6953125 3
1777430501725 43416.54296875 4
1777430502065 42641.91015625 5
1777430502384 41814.39453125 6
1777430502769 40863.77734375 7
1777430503130 39759.765625 8
1777430503519 38376.45703125 9
1777430503995 36711.7578125 10
1777430547830 35042.0 11
1777430548654 33217.74609375 12
1777430549035 31219.77734375 13
1777430549421 29137.728515625 14
1777430549765 27104.587890625 15
1777430550299 25090.859375 16
1777430567161 23093.642578125 17
1777430567855 21049.93359375 18
1777430568442 19062.96484375 19
1777430568910 17247.0859375 20
1777430569238 15022.056640625 21
1777430569545 13183.73828125 22
1777430569852 11543.548828125 23
1777430570162 10055.01171875 24
1777430570490 8655.9326171875 25
1777430570803 7430.3134765625 26
1777430571112 6041.12890625 27
1777430571444 4973.55908203125 28
1777430571752 4145.95263671875 29
1777430572064 3375.70263671875 30
1777430572417 2811.323486328125 31
1777430572728 2236.244873046875 32
1777430573071 2027.297607421875 33
1777430573390 1702.63525390625 34
1777430573697 1346.7586669921875 35
1777430574001 1367.9197998046875 36
1777430574318 1144.8697509765625 37
1777430574643 1149.1795654296875 38
1777430574957 973.1635131835938 39
1777430575291 1120.8927001953125 40
1777430575622 793.604736328125 41
1777430575946 980.83203125 42
1777430576300 809.2855224609375 43
1777430576649 816.4929809570312 44
1777430576995 1125.1279296875 45
1777430577312 834.1566162109375 46
1777430577717 743.1566772460938 47
1777430578055 901.90625 48
1777430578387 812.80224609375 49
1777430578744 646.86865234375 50
1777430579091 593.4562377929688 51
1777430579506 603.1766967773438 52
1777430580394 743.857177734375 53
1777430605658 583.3753051757812 54
1777430605977 563.9882202148438 55
1777430606288 724.5899047851562 56
1777430606608 477.411376953125 57
1777430606945 669.8887939453125 58
1777430607288 485.50543212890625 59
1777430607642 642.78369140625 60
1777430607969 647.533447265625 61
1777430608309 560.6982421875 62
1777430608634 706.6539916992188 63
1777430608961 572.2061767578125 64
1777430609293 734.678466796875 65
1777430609617 601.8190307617188 66
1777430609925 566.198486328125 67
1777430610244 558.7313842773438 68
1777430610561 610.9202270507812 69
1777430610879 623.88671875 70
1777430611224 641.781982421875 71
1777430611572 599.4412841796875 72
1777430611889 518.21728515625 73
1777430612234 509.7464904785156 74
1777430612564 491.9854736328125 75
1777430612883 465.8871154785156 76
1777430613204 470.4958190917969 77
1777430613544 516.123779296875 78
1777430613917 487.96990966796875 79
1777430614265 444.752685546875 80
1777430614654 520.2601928710938 81
1777430615006 512.72021484375 82
1777430615374 434.7433776855469 83
1777430615733 523.414794921875 84
1777430616109 529.572998046875 85
1777430616468 497.9910888671875 86
1777430616816 500.80584716796875 87
1777430617166 687.1417236328125 88
1777430617523 446.415283203125 89
1777430617887 472.0392761230469 90
1777430618229 377.8794860839844 91
1777430618578 529.637939453125 92
1777430618935 359.6693420410156 93
1777430619294 585.2340087890625 94
1777430619655 553.1085815429688 95
1777430620024 451.1795654296875 96
1777430620357 413.3351135253906 97
1777430620694 431.3035583496094 98
1777430621025 468.3736877441406 99
1777430621378 424.061767578125 100
1777430621723 487.313232421875 101
1777430622092 401.5618896484375 102
1777430622467 461.4173278808594 103
1777430622804 444.6871337890625 104
1777430623203 422.3650207519531 105
1777430623546 450.026123046875 106
1777430623934 438.73980712890625 107
1777430624289 395.2953796386719 108
1777430624659 489.4554138183594 109
1777430625030 476.4729919433594 110
1777430625426 372.82696533203125 111
1777430625810 480.3785095214844 112
1777430626182 431.9545593261719 113
1777430626562 420.93316650390625 114
1777430626942 404.6625061035156 115
1777430627299 408.71563720703125 116
1777430627688 423.5475158691406 117
1777430628036 337.655029296875 118
1777430628411 514.7425537109375 119
1777430628792 342.3984680175781 120
1777430629160 353.274658203125 121
1777430629543 311.1228942871094 122
1777430629940 295.4188232421875 123
1777430630308 323.7459411621094 124
1777430630664 422.78326416015625 125
