1777374518028 163.03396606445312 1
1777374518693 161.4661865234375 2
1777374519130 159.76058959960938 3
1777374519547 158.21612548828125 4
1777374519962 156.5602264404297 5
1777374520383 154.29934692382812 6
1777374520804 151.6842041015625 7
1777374521226 149.2660675048828 8
1777374521646 146.837158203125 9
1777374522505 144.51431274414062 10
1777374523466 142.3622589111328 11
1777374523880 140.05763244628906 12
1777374524320 137.22364807128906 13
1777374524754 134.2281036376953 14
1777374525190 131.04544067382812 15
1777374525617 127.85475158691406 16
1777374526026 124.54841613769531 17
1777374526483 121.1517333984375 18
1777374527366 117.71110534667969 19
1777374527804 113.93638610839844 20
1777374528234 109.96175384521484 21
1777374528658 105.2921142578125 22
1777374529083 99.95915222167969 23
1777374529506 94.41680908203125 24
1777374529930 89.25988006591797 25
1777374530358 84.5855484008789 26
1777374530798 79.46820831298828 27
1777374531221 75.03480529785156 28
1777374531641 70.19866943359375 29
1777374532074 65.8716812133789 30
1777374532495 61.59323501586914 31
1777374533296 56.94727325439453 32
1777374533753 53.84431457519531 33
1777374534183 49.55801773071289 34
1777374534601 45.290096282958984 35
1777374535023 42.28598403930664 36
1777374535438 38.77523422241211 37
1777374535861 36.754093170166016 38
1777374536294 35.202789306640625 39
1777374536739 33.170448303222656 40
1777374537159 32.085453033447266 41
1777374537590 28.43980598449707 42
1777374538017 27.02219581604004 43
1777374538441 29.457351684570312 44
1777374538858 26.063968658447266 45
1777374539267 25.81468963623047 46
1777374539684 24.266191482543945 47
1777374540113 25.74146270751953 48
1777374540546 24.83048439025879 49
1777374541369 23.534523010253906 50
1777374541790 22.82593536376953 51
1777374542330 21.52682113647461 52
1777374542745 21.625198364257812 53
1777374543174 23.283485412597656 54
1777374543589 22.03558921813965 55
1777374544036 21.530317306518555 56
1777374544458 21.114791870117188 57
1777374544895 22.00777816772461 58
1777374545446 21.070755004882812 59
1777374545859 22.701433181762695 60
1777374546271 21.51740837097168 61
1777374546675 19.90828514099121 62
1777374547090 23.6698055267334 63
1777374547512 20.549070358276367 64
1777374547939 22.810504913330078 65
1777374548366 22.002887725830078 66
1777374548809 18.98635482788086 67
1777374549226 21.480146408081055 68
1777374549643 20.54409408569336 69
1777374550077 17.801782608032227 70
1777374550497 19.947246551513672 71
1777374550933 20.64293098449707 72
1777374551359 19.44585609436035 73
1777374551798 19.77499008178711 74
1777374552221 18.802900314331055 75
1777374552642 17.93792152404785 76
1777374553063 18.939199447631836 77
1777374553499 20.237184524536133 78
1777374553939 17.673995971679688 79
1777374554352 18.889488220214844 80
1777374554767 19.105979919433594 81
1777374555182 18.899362564086914 82
1777374555609 19.461156845092773 83
1777374556314 18.613086700439453 84
1777374556769 17.228557586669922 85
1777374557190 19.163604736328125 86
1777374557659 18.115285873413086 87
1777374558077 19.565889358520508 88
1777374558503 17.9228458404541 89
1777374558925 16.79309844970703 90
1777374559355 17.856353759765625 91
1777374559780 16.432100296020508 92
1777374560193 19.156068801879883 93
1777374560636 19.518543243408203 94
1777374561205 19.142362594604492 95
1777374561624 19.060035705566406 96
1777374562052 17.895360946655273 97
1777374562472 16.032005310058594 98
1777374562907 16.618837356567383 99
1777374563325 16.41793441772461 100
1777374563746 17.02674674987793 101
1777374564382 17.343421936035156 102
1777374564794 15.77147388458252 103
1777374565214 15.937732696533203 104
1777374565620 16.90660858154297 105
1777374566065 16.854400634765625 106
1777374566486 15.562825202941895 107
1777374566902 19.238468170166016 108
1777374567330 17.761451721191406 109
1777374567756 15.602405548095703 110
1777374568188 16.301733016967773 111
1777374568617 15.867984771728516 112
1777374569026 17.229394912719727 113
1777374569737 16.213909149169922 114
1777374570157 15.758923530578613 115
1777374570567 16.948951721191406 116
1777374570983 17.120946884155273 117
1777374571400 17.077178955078125 118
1777374571826 16.902395248413086 119
1777374572250 16.025320053100586 120
1777374572674 15.30459213256836 121
1777374573113 17.066980361938477 122
1777374573514 17.443796157836914 123
1777374573979 15.859179496765137 124
1777374574888 15.004801750183105 125
1777374575824 16.53556251525879 126
1777374576249 14.355243682861328 127
1777374576678 14.8466215133667 128
1777374577100 16.798757553100586 129
1777374577648 15.794332504272461 130
1777374578057 14.510433197021484 131
1777374578477 15.5863037109375 132
1777374578909 15.021859169006348 133
1777374579345 14.551445007324219 134
1777374579766 15.541924476623535 135
1777374580184 14.550652503967285 136
1777374580840 16.15200424194336 137
1777374581266 15.870828628540039 138
1777374581704 15.281774520874023 139
1777374582119 15.054527282714844 140
1777374582555 16.395078659057617 141
1777374583101 13.690091133117676 142
1777374583529 13.680281639099121 143
1777374584022 14.575904846191406 144
1777374584444 15.94132137298584 145
1777374584915 13.38200569152832 146
1777374585504 15.748909950256348 147
1777374585929 14.753814697265625 148
1777374586368 14.343101501464844 149
1777374586790 14.329060554504395 150
1777374587210 14.225446701049805 151
1777374587660 12.965940475463867 152
1777374588333 14.31287670135498 153
1777374589316 13.203706741333008 154
1777374590645 15.213537216186523 155
1777374591075 13.415782928466797 156
1777374591496 13.469010353088379 157
1777374591916 13.291203498840332 158
1777374592340 15.508048057556152 159
1777374592794 15.116933822631836 160
1777374593214 13.975372314453125 161
1777374593639 13.776299476623535 162
1777374594056 13.995882987976074 163
1777374594458 13.972750663757324 164
1777374594923 14.352133750915527 165
1777374595362 14.867151260375977 166
1777374595781 13.451569557189941 167
1777374596199 14.174616813659668 168
1777374596611 12.965818405151367 169
1777374597037 13.934330940246582 170
1777374597462 15.292452812194824 171
1777374597891 16.102542877197266 172
1777374598321 14.186354637145996 173
1777374598744 14.06425666809082 174
1777374599167 14.775099754333496 175
1777374599582 14.196476936340332 176
1777374600002 13.782991409301758 177
1777374600435 13.197566032409668 178
1777374600861 13.953399658203125 179
1777374601295 14.339415550231934 180
1777374601743 13.905656814575195 181
1777374602168 14.153246879577637 182
1777374602957 12.454647064208984 183
1777374603375 13.600139617919922 184
1777374603798 13.075690269470215 185
1777374604261 13.006524085998535 186
1777374605381 12.338836669921875 187
1777374605784 12.779510498046875 188
1777374606192 13.116715431213379 189
1777374606596 13.979511260986328 190
1777374607022 12.119697570800781 191
1777374607442 13.619521141052246 192
1777374607872 12.468159675598145 193
1777374608276 12.848898887634277 194
1777374608694 13.384196281433105 195
1777374609118 13.886037826538086 196
1777374609546 12.381855010986328 197
1777374609960 12.205666542053223 198
1777374610384 13.124974250793457 199
1777374610819 12.889634132385254 200
1777374611240 13.210210800170898 201
1777374611698 11.770798683166504 202
1777374612117 11.745205879211426 203
1777374612533 11.576654434204102 204
1777374612953 12.257920265197754 205
1777374613365 12.842994689941406 206
1777374613777 11.725118637084961 207
1777374614775 12.302189826965332 208
1777374615212 11.838252067565918 209
1777374615636 12.801557540893555 210
1777374616045 12.895301818847656 211
1777374616468 11.864288330078125 212
1777374616882 11.786126136779785 213
1777374617313 12.217427253723145 214
1777374617722 11.887906074523926 215
1777374618146 12.324996948242188 216
1777374618592 12.790596008300781 217
1777374619008 11.793896675109863 218
1777374619443 11.718547821044922 219
1777374619866 12.8341064453125 220
1777374620312 11.844144821166992 221
1777374620739 12.370589256286621 222
1777374621162 11.648268699645996 223
1777374621575 11.433433532714844 224
1777374621996 12.712860107421875 225
1777374622421 11.669842720031738 226
1777374622871 12.7085542678833 227
1777374623287 11.183928489685059 228
1777374623707 11.064533233642578 229
1777374624160 12.202982902526855 230
1777374624579 13.20639419555664 231
1777374625521 11.378445625305176 232
1777374626204 12.153467178344727 233
1777374626641 11.351187705993652 234
1777374627061 11.202767372131348 235
1777374627483 11.557387351989746 236
1777374627904 12.468438148498535 237
