1777301947712 -1.9785029317409397 1
1777301948844 -1.6455173529259794 2
1777301949966 -1.0885962799417654 3
1777301951081 -0.4365554474459975 4
1777301952207 0.16795149013021818 5
1777301953325 0.6485713772012112 6
1777301954445 0.8577507266807508 7
1777301955558 0.91891296103818 8
1777301956676 0.9440248441636727 9
1777301957811 0.952605027022333 10
1777301958932 0.9544256195008423 11
1777301960049 0.9572952680217647 12
1777301961173 0.9641467743034253 13
1777301962290 0.9665939364215331 14
1777301963403 0.9662383469406148 15
1777301964522 0.9692959044046899 16
1777301965634 0.9717030041606606 17
1777301966755 0.974527285473868 18
1777301967874 0.9745658046985408 19
1777301969004 0.9732944099440368 20
1777301970120 0.9755421277983173 21
1777301971243 0.9753173679609027 22
1777301972358 0.975936881502683 23
1777301973484 0.9775769274068272 24
1777301974596 0.9776203446326639 25
1777301975712 0.9778840957367073 26
1777301976830 0.9799796869957232 27
1777301977949 0.9793296056714034 28
1777301979080 0.9795302733088691 29
1777301980208 0.9808409438945462 30
1777301981329 0.9808426291849731 31
1777301982438 0.9830213614989237 32
1777301983552 0.9797489006798307 33
1777301984670 0.9834237783101856 34
1777301985793 0.9821657898703208 35
1777301986907 0.9846887202891235 36
1777301988029 0.9851155368266177 37
1777301989168 0.9805212909662231 38
1777301990290 0.9845235809839759 39
1777301991407 0.9845449209965409 40
1777301992524 0.9855868064906366 41
1777301993649 0.9857937550706153 42
1777301994774 0.9857255662130342 43
1777301995893 0.9854753360824526 44
1777301997010 0.9872442048963753 45
1777301998127 0.985575929864772 46
1777301999245 0.9859417494346943 47
1777302000385 0.9879881773808693 48
1777302001500 0.9881922909297168 49
1777302002621 0.9880200012482673 50
1777302003735 0.9880471645219991 51
