1777308948639 -2.477449193212269 1
1777308950481 -1.5838081532078596 2
1777308952363 -0.35346648227059885 3
1777308954222 0.6126054251756794 4
1777308956070 0.8855805317065295 5
1777308957915 0.9216691207958048 6
1777308959752 0.9391064132624766 7
1777308961609 0.9463110226961606 8
1777308963491 0.9507307366950515 9
1777308965339 0.9522212120999389 10
1777308967196 0.9566944152913013 11
1777308969029 0.9613752334991096 12
1777308970887 0.9628236028136781 13
1777308972724 0.96102314369555 14
1777308974595 0.9626527761202412 15
1777308976446 0.9629692447015381 16
1777308978283 0.9647517673239872 17
1777308980143 0.9641833804853736 18
1777308981987 0.9665250606365876 19
1777308983838 0.9657928716469986 20
1777308985704 0.9683347622273547 21
1777308987549 0.9694835228190134 22
1777308989387 0.9679574947173335 23
1777308991230 0.9695132553686634 24
1777308993073 0.9721883841007533 25
1777308994948 0.9718124789395354 26
1777308996790 0.9720968061805444 27
1777308998636 0.9730613206139828 28
1777309000490 0.9731930560138157 29
1777309002339 0.9753582187585558 30
1777309004183 0.9763590208112491 31
1777309006033 0.9760386845633815 32
1777309007883 0.9746006628781231 33
1777309009730 0.9775672223704255 34
1777309011572 0.9786375634446496 35
1777309013416 0.9789184025462102 36
1777309015271 0.9801425609951377 37
1777309017116 0.9811661310873517 38
1777309018957 0.9819152497918349 39
1777309020807 0.982163670020171 40
1777309022645 0.982427090207235 41
1777309024487 0.9828791651456331 42
1777309026327 0.9833269150104952 43
1777309028188 0.9839113012533574 44
