1777175280298 -1.7305561100974607 1
1777175281573 -1.5354077885180182 2
1777175282701 -1.2285348559196865 3
1777175283810 -0.7689548703729351 4
1777175284937 -0.24898959166189233 5
1777175286048 0.21327469663521165 6
1777175287154 0.5699055505702149 7
1777175288261 0.7915269819678595 8
1777175289367 0.8975167575201949 9
1777175290475 0.9240550724050598 10
1777175291579 0.9347818502145063 11
1777175292685 0.9427587096165084 12
1777175295259 0.9486402561723954 13
1777175410161 0.952234005932436 14
1777175411351 0.9499670805834359 15
1777175412524 0.9574167263302913 16
1777175413690 0.9601492631554944 17
1777175414870 0.959228610527654 18
1777175416026 0.9617372397299999 19
1777175417317 0.9628564507850005 20
1777175418484 0.9668469064170833 21
1777175419660 0.9643566870732643 22
1777175420846 0.9658131361002663 23
1777175422018 0.9623375367961492 24
1777175423256 0.9684072026396743 25
1777175424432 0.9671035547774384 26
1777175425568 0.9695361749656485 27
1777175426744 0.9680586982996164 28
1777175432524 0.9682498031778455 29
1777175433874 0.9673607719036449 30
1777175435124 0.9669052736659767 31
1777175436302 0.9749326481786749 32
1777175437470 0.9718534462603639 33
1777175438617 0.9715246519051515 34
1777175439768 0.9752619367982165 35
1777175440904 0.974203791229791 36
1777175442033 0.9739112432315075 37
1777175443163 0.9745590364950207 38
1777175444305 0.9768897136326344 39
1777175445439 0.9724015716446488 40
1777175446565 0.9764583000352104 41
1777175447708 0.9774534651103096 42
1777175448868 0.9760192773672065 43
1777175449997 0.9775466748526542 44
1777175451122 0.98021443318812 45
1777175452263 0.9768950224019545 46
1777175453398 0.9781202468312463 47
1777175454528 0.9788013392106955 48
1777175455675 0.9788561180595142 49
1777175456806 0.9797901170414199 50
1777175457928 0.9796928268487488 51
1777175459090 0.9809551625185875 52
1777175460222 0.9789896960937424 53
1777175461358 0.9792672170446209 54
1777175462493 0.9807008012667782 55
1777175463644 0.9819582362302748 56
1777175464773 0.9797380110245371 57
1777175465906 0.9816022971311759 58
1777175467172 0.9823522516765524 59
1777175468329 0.9835124399492855 60
1777175469476 0.9839392175178043 61
1777175470674 0.9827289776289817 62
1777175471847 0.9841994314412895 63
1777175473006 0.9843585760615596 64
1777175474185 0.9850320288594443 65
1777175475341 0.9846854994764715 66
1777175476509 0.9842878304179508 67
1777175477692 0.9856229227886988 68
1777175478867 0.9863731982547017 69
1777175480036 0.9866097170535506 70
1777175481209 0.9854056311208541 71
1777175482366 0.9877731788472601 72
1777175484475 0.9869541860396985 73
1777175485651 0.9886323061347643 74
1777175486833 0.9876826156966143 75
1777175488006 0.988425010769513 76
1777175489317 0.9890349033134583 77
1777175490488 0.9888624835438433 78
1777175491678 0.9891902098959242 79
1777175492847 0.9883992356334519 80
1777175494006 0.9887943947072697 81
1777175495170 0.9888676506370014 82
1777175496320 0.9896641615482137 83
1777175497462 0.9897316925468006 84
1777175498595 0.9890340203244904 85
1777175499739 0.9890967448344767 86
1777175500872 0.9895608510153725 87
1777175502008 0.9896973454332881 88
1777175503189 0.9899397554940041 89
1777175504323 0.9894109409484482 90
1777175505463 0.9889169971630913 91
1777175506608 0.9903775883486707 92
1777175507739 0.989980723124946 93
1777175508872 0.9902772198499912 94
1777175510010 0.9901904812818498 95
1777175511157 0.9914025171252809 96
1777175512300 0.9903239083389744 97
1777175513448 0.9912949071082073 98
1777175514621 0.990746695597247 99
1777175515766 0.990867034050938 100
1777175516904 0.9897385664973635 101
1777175518475 0.991567818062185 102
1777175519628 0.9909399398459844 103
1777175520800 0.9906778996636965 104
1777175521965 0.9910439217759892 105
1777175523172 0.9903178300362029 106
1777175524353 0.9921509680831132 107
1777175525587 0.9909987602172874 108
1777175526876 0.9909640796791266 109
1777175528070 0.991811303351844 110
1777175529327 0.9919660686955728 111
1777175530711 0.9912464790552509 112
1777175532256 0.990820155309304 113
1777175533715 0.9917852644518683 114
1777175535278 0.9915495985284297 115
1777175536951 0.9913471824486388 116
1777175538660 0.9911864610662168 117
1777175540095 0.9909348447107881 118
1777175541234 0.9918947259779062 119
1777175542381 0.9918567673497647 120
1777175543541 0.992537875122315 121
1777175544675 0.9918589666825668 122
1777175545808 0.9929400688160065 123
