1777404493340 -2.0670143281547513 1
1777404503537 -1.9459994968702605 2
1777404516890 -1.8046980261657306 3
1777404534337 -1.5897482292230447 4
1777404544729 -1.3117510436858462 5
1777404557739 -1.0058817836098473 6
1777404566254 -0.6885804282351846 7
1777404571998 -0.3833453711118979 8
1777404579488 -0.09505660607458033 9
1777404589760 0.17955304019447182 10
1777404602166 0.44134345786606743 11
1777404615449 0.6477100934500233 12
1777404625841 0.7928994653774557 13
1777404647006 0.8698763427859322 14
1777404648789 0.9030019042436079 15
1777404656753 0.9257337295537663 16
1777404661943 0.9346190649863977 17
1777404679448 0.9372643817467554 18
1777404700159 0.9457937637576093 19
1777404716554 0.9449713286673637 20
1777404728110 0.950847299378011 21
1777404739164 0.9529592826532461 22
1777404750450 0.9567583464280026 23
1777404756574 0.9560667917163239 24
1777404767863 0.9598595188257362 25
1777404779044 0.9583545498973299 26
1777404795058 0.9563387527038993 27
1777404813197 0.9647297647197031 28
1777404826929 0.965392370283955 29
1777404837063 0.9654304491024784 30
1777404854669 0.968908577149353 31
1777404867523 0.9614182842233132 32
1777404871057 0.9637437042882311 33
1777404881263 0.9697242728940422 34
1777404885357 0.9676472432857097 35
1777404888212 0.9678345586136141 36
1777404897028 0.9690695011863537 37
1777404897920 0.9728175124909567 38
1777404903242 0.9712124868473067 39
1777404906090 0.9703809876094603 40
1777404912044 0.9760543765021524 41
1777404925324 0.9741572878387534 42
1777404930722 0.9738829671782946 43
1777404934092 0.9662296108364079 44
1777404943070 0.9746772914931293 45
1777404946676 0.9766767460059228 46
1777404955915 0.9777701803219772 47
1777404963032 0.9792397548003725 48
1777404975243 0.9782777443399645 49
1777404986359 0.9798154706650395 50
1777404993920 0.9797002566727862 51
1777405000861 0.98010409778225 52
1777405003599 0.9831629018397756 53
1777405004518 0.9812839678440645 54
1777405013693 0.9834013161670748 55
1777405025134 0.985849351735534 56
1777405029027 0.9815735978492748 57
1777405034160 0.9843280227598069 58
1777405041902 0.9825868636137428 59
1777405044518 0.983263300235331 60
1777405047916 0.9823138283189627 61
1777405051056 0.9835611506739133 62
1777405053548 0.985317760549436 63
1777405059914 0.985249894087122 64
1777405067210 0.9827317167099056 65
1777405073826 0.9840737830238575 66
