1777404493340 48054.428385416664 1
1777404503537 46158.34375 2
1777404516890 43944.4140625 3
1777404534337 40576.549479166664 4
1777404544729 36220.84765625 5
1777404557739 31428.446614583332 6
1777404566254 26456.923828125 7
1777404571998 21674.455729166668 8
1777404579488 17157.504557291668 9
1777404589760 12854.881510416666 10
1777404602166 8753.111328125 11
1777404615449 5519.729329427083 12
1777404625841 3244.8811848958335 13
1777404647006 2038.7963053385417 14
1777404648789 1519.7801106770833 15
1777404656753 1163.61474609375 16
1777404661943 1024.3978474934895 17
1777404679448 982.9508056640625 18
1777404700159 849.3111775716146 19
1777404716554 862.1972045898438 20
1777404728110 770.1315511067709 21
1777404739164 737.0408325195312 22
1777404750450 677.5163777669271 23
1777404756574 688.351806640625 24
1777404767863 628.9268798828125 25
1777404779044 652.5068969726562 26
1777404795058 684.0907592773438 27
1777404813197 552.6190999348959 28
1777404826929 542.2373453776041 29
1777404837063 541.6407165527344 30
1777404854669 487.1448465983073 31
1777404867523 604.5039469401041 32
1777404871057 568.0688680013021 33
1777404881263 474.3645528157552 34
1777404885357 506.90765380859375 35
1777404888212 503.97279866536456 36
1777404897028 484.6235046386719 37
1777404897920 425.89914957682294 38
1777404903242 451.0469665527344 39
1777404906090 464.07496134440106 40
1777404912044 375.18353271484375 41
1777404925324 404.90732828776044 42
1777404930722 409.20542399088544 43
1777404934092 529.1193339029948 44
1777404943070 396.75990804036456 45
1777404946676 365.4320780436198 46
1777404955915 348.30002848307294 47
1777404963032 325.2745666503906 48
1777404975243 340.34743245442706 49
1777404986359 316.25413004557294 50
1777404993920 318.0592753092448 51
1777405000861 311.73183186848956 52
1777405003599 263.8061065673828 53
1777405004518 293.24554443359375 54
1777405013693 260.0705871582031 55
1777405025134 221.71439107259116 56
1777405029027 288.7075703938802 57
1777405034160 245.5508270263672 58
1777405041902 272.831537882487 59
1777405044518 262.23304239908856 60
1777405047916 277.10948689778644 61
1777405051056 257.5662892659505 62
1777405053548 230.0434315999349 63
1777405059914 231.10681660970053 64
1777405067210 270.5619303385417 65
1777405073826 249.5342559814453 66
