1777404493340 174.95561613331478 1
1777404503537 169.66066363966536 2
1777404516890 163.83278125530327 3
1777404534337 156.4667499927942 4
1777404544729 146.8246056835205 5
1777404557739 134.27939387963758 6
1777404566254 119.7218004052411 7
1777404571998 104.3231514403631 8
1777404579488 88.78051961961602 9
1777404589760 73.50789370556312 10
1777404602166 58.55409341273706 11
1777404615449 44.13119641349907 12
1777404625841 32.65505959949088 13
1777404647006 25.69739802167496 14
1777404648789 22.124038558430822 15
1777404656753 19.444860844822998 16
1777404661943 18.18321457369946 17
1777404679448 17.8639557446603 18
1777404700159 16.555838686156964 19
1777404716554 16.695283623901044 20
1777404728110 15.461556257570832 21
1777404739164 15.220093273405858 22
1777404750450 14.475575867159986 23
1777404756574 14.452400463541975 24
1777404767863 13.971078514843779 25
1777404779044 14.18953573664285 26
1777404795058 14.558455951957471 27
1777404813197 12.951083257791478 28
1777404826929 12.66872605937465 29
1777404837063 12.574528300829526 30
1777404854669 11.980507270323239 31
1777404867523 13.466768968925127 32
1777404871057 12.80717534812691 33
1777404881263 11.528480257041362 34
1777404885357 11.975754629536816 35
1777404888212 12.217812784693987 36
1777404897028 11.482520157891873 37
1777404897920 10.976960900836398 38
1777404903242 10.99428135856838 39
1777404906090 11.242437133402614 40
1777404912044 10.01858700206585 41
1777404925324 10.43105306835312 42
1777404930722 10.39840922531226 43
1777404934092 11.53702927490389 44
1777404943070 10.315531313175489 45
1777404946676 9.884644735586381 46
1777404955915 9.168609650353812 47
1777404963032 9.104084883659596 48
1777404975243 9.096455538177638 49
1777404986359 8.975007994142908 50
1777404993920 9.203962313415897 51
1777405000861 8.801470586158787 52
1777405003599 7.850343081817835 53
1777405004518 8.116244456746205 54
1777405013693 7.890275204876072 55
1777405025134 7.044169226237122 56
1777405029027 8.308239840587955 57
1777405034160 7.575730960503345 58
1777405041902 7.9561514108473155 59
1777405044518 7.7689873202836885 60
1777405047916 7.742728993787233 61
1777405051056 7.821733342075404 62
1777405053548 7.267939132253445 63
1777405059914 7.226169144180628 64
1777405067210 7.9438544104676625 65
1777405073826 7.342109012482995 66
