1777388755820 203.61962458125095 1
1777388760190 199.2916132843653 2
1777388766881 194.12466209848458 3
1777388780994 186.3757288840578 4
1777388792960 175.7238901467123 5
1777388800573 163.42396587639294 6
1777388809656 150.04930609190558 7
1777388814268 136.10512869191345 8
1777388823573 120.43098945168863 9
1777388826053 102.18385012348624 10
1777388833060 84.04045182061672 11
1777388842180 66.35353490594727 12
1777388851098 51.096413209423325 13
1777388858252 41.75225798608904 14
1777388865971 36.35788740788021 15
1777388876639 33.377111696039385 16
1777388887640 31.722731632886422 17
1777388893422 29.13803761762149 18
1777388896209 28.48963614139636 19
1777388907928 26.537774751260812 20
1777388908866 26.56916473840329 21
1777388914091 24.975286573883793 22
1777388917490 24.78358134043978 23
1777388920167 26.250926190721746 24
1777388922696 25.37311877940392 25
1777388938254 24.721122277560678 26
1777389031663 24.282355738113264 27
1777389219847 23.20292780303755 28
1777389376171 23.683646866303587 29
1777389393605 23.49358936261913 30
1777389398095 22.552866339092844 31
1777389406545 23.575468868724787 32
1777389409414 22.400052118145634 33
1777389416668 21.596947119046703 34
1777389423226 22.541561487795295 35
1777389427999 21.404337567361523 36
1777389430479 20.339715591411522 37
1777389439789 22.014782767819245 38
1777389462468 21.0464521894711 39
1777389503469 21.437456515127394 40
1777389544781 21.108189018847924 41
1777389577512 21.16937756118106 42
1777389615968 21.849530334421218 43
1777389657366 20.350201298701872 44
1777389683521 22.01355562545312 45
1777389700477 19.27519834411129 46
1777389726188 19.898586636625478 47
1777389780129 19.174456284131768 48
1777389819108 19.499806352394643 49
1777389853909 19.09031659318248 50
1777389875955 19.329171085280365 51
1777389902810 19.952530691696424 52
1777389927854 18.85860747202122 53
1777389972552 19.374562547134108 54
1777390004963 20.72098864912549 55
1777390042117 17.94211922308151 56
1777390090312 19.116847671896547 57
1777390119783 18.91753515579534 58
1777390154201 18.085444582800942 59
1777390202146 16.16591688522033 60
1777390230729 15.776510637664373 61
1777390240698 17.122432262117364 62
1777390247516 18.667348419963265 63
1777390260569 18.694438410705008 64
1777390285567 17.694565111171332 65
1777390306574 18.364782890758466 66
1777390329828 17.950750896765218 67
1777390354071 16.132596199809488 68
1777390373046 16.790740106077568 69
1777390388786 15.836940934763328 70
1777390410768 16.03518475715271 71
1777390434801 17.270893267270946 72
1777390460995 16.931363544149445 73
1777390486585 16.010643847368375 74
1777390506269 17.04281140517141 75
1777390515686 16.023244248581324 76
1777390533866 15.718610208551453 77
1777390562013 15.065905149907758 78
1777390584528 15.883970971980565 79
1777390604640 15.437946971976068 80
1777390623548 15.217524613285823 81
1777390635533 16.21444837784253 82
1777390655486 14.192472964438986 83
1777390665085 13.891449071977197 84
1777390732130 14.974603790735742 85
1777390867685 13.76963443182511 86
1777390893193 14.156760746463176 87
1777390896061 14.050592098817942 88
1777390919504 14.508512481815929 89
1777390942114 14.172505938044111 90
1777390963883 13.73896576946948 91
1777390984389 13.277351146002829 92
1777391007321 13.521545964297763 93
1777391026054 14.09283437385465 94
1777391042535 14.319374811018916 95
1777391059905 14.115561281968906 96
1777391082407 14.273315263830497 97
1777391105041 13.058278099000214 98
1777391128908 13.701933190330921 99
1777391143198 12.541968514943955 100
1777391169795 13.26251962524645 101
1777391179146 14.227095683165176 102
1777391186027 12.99627708529566 103
1777391189600 12.731434785076791 104
1777391223016 13.073975984949419 105
1777391246144 13.593064755487662 106
1777391257383 13.776210874462945 107
1777391270613 14.607005353226029 108
1777391287003 12.800153453773538 109
1777391304011 13.189005056344852 110
1777391318884 13.2346988998279 111
1777391348598 13.168241259597659 112
1777391365189 13.736114212164248 113
1777391389612 13.869797288783788 114
1777391409708 13.329691488756593 115
1777391421237 11.853452832209543 116
1777391436200 12.990887944515007 117
1777391463329 11.95628933640978 118
1777391482715 11.65702105233054 119
1777391502641 12.506348836983506 120
1777391527240 11.943246008674533 121
1777391549436 12.130470509929365 122
1777391577064 12.570867009067255 123
1777391604194 12.318467242835746 124
1777391629283 12.643349075093022 125
1777391650936 12.343360426836318 126
1777391666368 12.236382928589704 127
1777391681713 11.782541987414364 128
1777391700555 12.507396572777166 129
1777391715752 11.917681888061603 130
1777391742432 12.166057641776144 131
1777391766822 11.700455189622916 132
1777391793336 12.212445503104655 133
1777391813654 11.903210723206138 134
1777391838425 11.30431001916997 135
1777391858793 12.284060436885193 136
1777391884712 11.947274482091236 137
1777391907129 11.145663673438671 138
1777391925305 12.941834326902898 139
1777391941609 11.118493273573899 140
1777391995226 12.303809539307556 141
1777392052750 11.639685655780868 142
1777392138200 11.913679791441348 143
1777392209110 10.851309198312146 144
1777392243027 10.966980637411757 145
1777392255386 11.062249953937851 146
1777392258043 11.104375842262135 147
1777392260813 11.91032862286894 148
1777392271859 11.086991315545857 149
1777392280243 11.100653852363278 150
1777392290079 11.809007744376181 151
1777392305816 11.075995347150316 152
1777392314697 12.521271807898815 153
1777392324378 11.575827562217654 154
1777392337249 10.89848343475195 155
1777392338423 11.530122470510278 156
1777392346679 11.588739360114673 157
1777392352029 10.93003941889675 158
1777392363201 11.438116822807572 159
1777392366009 11.089901708685867 160
1777392373731 10.351313693890315 161
1777392376740 10.625390065704243 162
1777392384979 10.69344692881963 163
1777392402886 11.141574711536924 164
1777392412698 10.859040134721496 165
1777392433596 10.611614989016951 166
1777392461169 10.846938996104043 167
1777392493106 11.636184484559132 168
1777392520512 10.41966811100829 169
1777392545949 10.608294812457254 170
1777392579288 10.990470698952784 171
1777392599155 10.535562119346372 172
1777392608334 10.13367859450956 173
1777392626277 10.216966820979886 174
1777392639975 9.500932271716696 175
1777392645980 10.188533352987521 176
1777392660907 10.698534921806067 177
1777392664913 11.158028387287752 178
1777392681469 10.734232602428238 179
1777392711547 10.70365131810165 180
1777392735449 10.459107267362553 181
1777392756448 10.373996289207723 182
1777392770606 9.792626053740907 183
1777392784155 10.425785404037839 184
1777392804947 10.292564140754054 185
1777392826081 10.121514850932826 186
1777392848267 10.364603205816215 187
1777392866007 9.256664990204989 188
1777392881429 10.071515555835235 189
1777392898086 10.756915808484434 190
1777392922429 9.918574157727633 191
1777392940464 9.626878941327169 192
1777392956075 10.023006947108096 193
1777392973451 9.89774648709861 194
1777392988303 10.582295102752623 195
1777393065880 9.725474839582779 196
1777393089211 10.397102222986979 197
1777393188574 10.363260316708198 198
1777393246009 9.844034368479106 199
1777393246864 10.459123669343635 200
1777393247731 10.339607542101101 201
1777393250205 9.746520180935557 202
1777393256524 10.206209222607594 203
1777393311689 10.14153747735539 204
1777393391507 9.560223973437166 205
1777393395978 9.325392463829289 206
1777393399717 9.395497847146501 207
1777393402209 9.792243761916952 208
1777393408892 9.299562042133319 209
1777393413874 11.354357097348922 210
1777393417189 9.80989572831928 211
1777393424918 9.329342173600978 212
1777393427817 9.657734251318672 213
1777393433861 9.852267027906235 214
1777393446625 9.513530916990137 215
1777393449004 9.931538213608723 216
1777393461716 9.551222683067024 217
1777393472051 9.3856368607669 218
1777393480316 9.759442489656598 219
1777393491870 9.444959517927863 220
1777393502902 9.112609833310051 221
1777393511320 9.892116076821933 222
1777393513778 10.207778716401073 223
1777393522378 9.21429537396398 224
1777393528897 9.41628762692595 225
1777393539271 10.57057224180152 226
1777393547150 9.67572831609012 227
1777393557206 9.149769780078994 228
1777393567611 9.364797133060563 229
1777393573231 9.331188074746985 230
1777393580132 9.132923760940104 231
1777393588679 9.296305701220293 232
1777393598576 9.230864160152253 233
1777393609524 9.786106232012406 234
1777393615484 9.214731261678155 235
1777393621521 9.406271194508102 236
1777393635672 10.06313164538986 237
1777393641184 9.689113504232553 238
1777393650632 9.833794455351411 239
1777393653078 9.075845527886678 240
1777393655625 8.792809510754672 241
