1777124656229 38653.1953125 1
1777124656867 37560.625 2
1777124657496 36542.94921875 3
1777124658121 35276.7578125 4
1777124658752 33628.7578125 5
1777124659388 31652.158203125 6
1777124660020 29460.2734375 7
1777124687036 27138.787109375 8
1777124687710 24626.986328125 9
1777124688376 21981.4140625 10
1777124689037 19281.181640625 11
1777124689696 16543.201171875 12
1777124690360 13614.61328125 13
1777124691410 10591.37109375 14
1777124713732 8202.5205078125 15
1777124757185 5863.01123046875 16
1777124757934 4241.58984375 17
1777124758596 2949.6748046875 18
1777124759271 2079.780029296875 19
1777124759936 1700.4251708984375 20
1777124760622 1313.83349609375 21
1777124761282 1159.344970703125 22
1777124761943 941.374267578125 23
1777124762600 946.6661987304688 24
1777124763254 852.3589477539062 25
1777124763905 704.4545288085938 26
1777124764582 670.5303344726562 27
1777124765287 570.1484375 28
1777124765945 605.6502685546875 29
1777124766608 583.966552734375 30
1777124767262 536.2813110351562 31
1777124767912 451.10052490234375 32
1777124768565 481.0120544433594 33
1777124769220 478.782470703125 34
1777124769874 511.8297119140625 35
1777124770522 493.965576171875 36
1777124771174 490.57733154296875 37
1777124771820 413.5012512207031 38
1777124772471 359.14251708984375 39
1777124773120 477.328857421875 40
1777124773767 433.9629821777344 41
1777124774416 454.0777587890625 42
1777124775063 383.9342346191406 43
1777124775712 411.03656005859375 44
1777124776375 376.8149108886719 45
1777124777025 393.4110412597656 46
1777124777702 382.013916015625 47
1777124778357 336.9424743652344 48
1777124779016 349.9592590332031 49
1777124779674 329.81060791015625 50
1777124780325 386.2076416015625 51
1777124780965 351.0641174316406 52
1777124781608 379.8772888183594 53
1777124782260 329.24859619140625 54
1777124782908 319.4962463378906 55
1777124783566 304.91815185546875 56
1777124784232 246.80995178222656 57
1777124784880 304.3294982910156 58
1777124785528 276.2317199707031 59
1777124786205 253.4534454345703 60
1777124786858 266.923828125 61
1777124787511 254.60704040527344 62
1777124788158 273.8803405761719 63
1777124788809 261.39910888671875 64
1777124789455 285.9626770019531 65
1777124790108 247.47091674804688 66
1777124790766 242.39488220214844 67
1777124791411 234.7345733642578 68
1777124792064 230.65296936035156 69
1777124792722 201.37034606933594 70
1777124793375 257.2957763671875 71
1777124794067 208.8814697265625 72
1777124794724 224.1678009033203 73
1777124795382 198.94192504882812 74
1777124796040 223.55718994140625 75
1777124851749 194.55116271972656 76
1777124852724 208.662353515625 77
1777124853404 175.8912811279297 78
1777124854061 203.16143798828125 79
1777124854714 186.01126098632812 80
1777124855368 201.95034790039062 81
1777124856030 228.0083770751953 82
1777124856724 177.5796661376953 83
1777124857395 175.13768005371094 84
1777124877465 196.77410888671875 85
1777124878120 189.17489624023438 86
1777124909248 185.40487670898438 87
1777124909975 178.92100524902344 88
1777124910718 188.29983520507812 89
1777124911435 159.4028778076172 90
1777124912177 162.3433074951172 91
1777124912922 147.4962921142578 92
1777124913738 163.50335693359375 93
1777124914496 182.00119018554688 94
1777124915439 157.91357421875 95
1777124916267 167.47854614257812 96
1777124917210 163.76649475097656 97
1777124917993 146.43191528320312 98
1777124919202 143.7803192138672 99
1777124920182 135.095703125 100
1777124921069 138.5010528564453 101
1777124921916 162.72900390625 102
1777124922962 127.68926239013672 103
1777124924184 130.44891357421875 104
1777124928429 150.03347778320312 105
1777124950546 174.43646240234375 106
1777124951823 149.63035583496094 107
1777124952531 160.21861267089844 108
1777124972968 163.2177276611328 109
1777124973641 145.1631622314453 110
1777124974312 124.42839050292969 111
1777124975002 139.83453369140625 112
1777124975697 131.00599670410156 113
1777124976355 122.6349105834961 114
1777124977013 115.74151611328125 115
1777124977662 114.15272521972656 116
1777124978315 112.51992797851562 117
1777124978967 126.20204162597656 118
1777124979618 117.87429809570312 119
