1777201176143 202.55736070308578 1
1777201177334 200.3840258416324 2
1777201177733 198.4404527339373 3
1777201178126 196.32782095579321 4
1777201178523 194.04356791710464 5
1777201178917 191.32696572229435 6
1777201179310 188.21064288118777 7
1777201179703 184.66813561765332 8
1777201180114 181.15480258607553 9
1777201182430 177.50261331702978 10
1777201183483 173.86873191433818 11
1777201184007 169.62052660829409 12
1777201184615 165.40787064669868 13
1777201185228 161.06363988731286 14
1777201185745 156.6372388973165 15
1777201186608 151.63954871462457 16
1777201187393 146.81820710490916 17
1777201189094 141.86863284170676 18
1777201193887 136.57361939856833 19
1777201195799 130.8016523810957 20
1777201196786 124.55377384136139 21
1777201197217 116.52192658465616 22
1777201197643 105.01954338211293 23
1777201198059 95.92044331273965 24
1777201198467 87.51793064049075 25
1777201198870 80.16180840864152 26
1777201199280 72.09370258992806 27
1777201199681 65.73566561901538 28
1777201200084 56.06811522533886 29
1777201200520 52.64518151472887 30
1777201200968 45.02303148676033 31
1777201201392 41.481988514218436 32
1777201201876 39.98551373427319 33
1777201202371 37.51768625897075 34
1777201202849 37.1929273219175 35
1777201203274 34.12825862990046 36
1777201203701 29.33054003275905 37
1777201204114 31.005076331155536 38
1777201204814 30.166393412270985 39
1777201205341 28.420236432288657 40
1777201206045 26.104435031624654 41
1777201206636 27.337289415341182 42
1777201207607 28.942275903471312 43
1777201208286 28.74074027173252 44
1777201208791 27.172462391221444 45
1777201209260 27.247754485676772 46
1777201209705 24.335517402072274 47
1777201210140 25.22335648565321 48
1777201210567 23.360362646344985 49
1777201210980 23.827656245389253 50
1777201211390 25.55434476038884 51
1777201211810 25.15141524775184 52
1777201212215 22.368125498800254 53
1777201212621 21.438400383105268 54
1777201213060 22.513105178654417 55
1777201213465 21.067269257888526 56
1777201213872 22.119692408266623 57
1777201214276 20.352452445753084 58
1777201214676 22.31536795512582 59
1777201215077 25.20234640187608 60
1777201215490 19.760449699195945 61
1777201215903 21.79660968140494 62
1777201216317 21.680791075515586 63
1777201216733 24.642695696126165 64
1777201217164 19.184290912678154 65
1777201217577 24.139421491035673 66
1777201218378 18.301901396482346 67
1777201218793 20.226066857339767 68
1777201221596 18.221619159261238 69
1777201222297 18.51406737910308 70
1777201222940 20.57971917467762 71
1777201223955 20.532862676865864 72
1777201224454 18.91172925509375 73
1777201225074 19.573259508650285 74
1777201225622 21.01892762734378 75
1777201226143 20.06657544154388 76
1777201226667 21.422377165202818 77
1777201227202 17.142005663115878 78
1777201227863 17.74742000258198 79
1777201228326 17.82330572735544 80
1777201228783 19.973619228569735 81
1777201229210 19.261723107001128 82
1777201233602 18.25793451767101 83
1777201234143 17.77789950858931 84
1777201234680 20.094027171737267 85
1777201235176 20.038264482160905 86
1777201235643 20.213919438409267 87
1777201236102 19.790640050128495 88
1777201236551 19.262379814629522 89
1777201236996 20.498095912429434 90
1777201237570 19.452131155586542 91
1777201238550 19.367196954414798 92
1777201239465 20.01668386763004 93
1777201240009 19.196494513617015 94
1777201240683 20.260623358789303 95
1777201242092 16.100968306903837 96
1777201243235 15.939110768019503 97
1777201245221 19.584106603195167 98
1777201247297 18.538532440799994 99
1777201249292 17.338390395135892 100
1777201252346 18.761930611832117 101
1777201258827 17.587517455959265 102
1777201269289 16.761149325418717 103
1777201269703 17.46480224986682 104
1777201271081 15.022040894847956 105
1777201271491 17.15905138501525 106
1777201271898 17.75341420178982 107
1777201272315 18.942781725295458 108
1777201272723 15.774201222069406 109
1777201273131 14.884605576040531 110
1777201273532 15.047806406952903 111
1777201273934 18.893305712141057 112
1777201274336 14.430545601684805 113
1777201274739 14.674450860479945 114
1777201275140 15.655836271198863 115
1777201275540 15.638179988088249 116
1777201275949 17.548388910926857 117
1777201276377 15.262743018962569 118
1777201276783 14.487510827285105 119
1777201277187 14.652587432990984 120
1777201277588 16.06251994922156 121
1777201277988 14.255558469089348 122
1777201278391 17.4973029101876 123
1777201280339 15.280367273839902 124
1777201280877 15.83081007811957 125
1777201281319 17.15796467979594 126
1777201281750 15.303353454492417 127
1777201282177 18.03527173655357 128
1777201282601 17.113285262354015 129
1777201283031 15.310667340904123 130
1777201283458 12.807302918906878 131
1777201283876 14.870429867634702 132
1777201284296 14.600834631905197 133
1777201284714 14.507001567602517 134
1777201285133 15.881978581157442 135
1777201285549 15.209471331656356 136
1777201285962 14.58357305420533 137
1777201286379 13.625371245479824 138
1777201286788 16.12852829767267 139
1777201287232 14.970073091969399 140
1777201293810 13.51193105680269 141
1777201294589 14.5648704858817 142
1777201296426 15.39270885321501 143
1777201297726 13.42235417781861 144
1777201298260 16.028763665624293 145
1777201298773 14.312286775158434 146
1777201299236 14.474463239083178 147
1777201299680 12.657428451115859 148
1777201300127 13.607777761287327 149
1777201300546 14.450257316859014 150
1777201301972 15.543229884398475 151
1777201302381 15.228500970919267 152
1777201302790 15.197715808498936 153
1777201303216 13.639401165746106 154
1777201303636 12.090501294719635 155
1777201304043 11.94855726143884 156
1777201304446 12.830309887397133 157
1777201304848 14.480402890496306 158
1777201305258 12.255364313955479 159
1777201305673 12.000229515423927 160
1777201306083 12.470406864384227 161
1777201306489 12.039466806562828 162
1777201306896 11.910523936600603 163
1777201307299 11.755765109326745 164
1777201307722 11.469749136911055 165
1777201308162 13.701920668464068 166
1777201308572 14.706359442657472 167
1777201309011 12.508550542325912 168
1777201309415 11.988122784265475 169
1777201309820 13.189547845293305 170
1777201310271 14.647199426846235 171
1777201310681 12.61849838391414 172
1777201311088 12.244881942634747 173
1777201311522 12.85179639794752 174
1777201311927 13.925254745481768 175
1777201312350 12.323097586680849 176
1777201312734 11.771484861093818 177
1777201313119 14.134948467839441 178
1777201313506 12.428450622973699 179
1777201314050 12.821802548997109 180
1777201314456 12.652642232701831 181
1777201314852 10.831711124349082 182
1777201315247 10.8134123136158 183
1777201315639 11.452403546726352 184
1777201316030 12.80386046368194 185
1777201316418 12.187309694027022 186
1777201316810 11.263529462262955 187
1777201317200 11.779651644725906 188
1777201317594 11.919120340339719 189
1777201318019 12.626125776501018 190
1777201318413 11.933714581016753 191
1777201318809 10.858177415416824 192
1777201319199 11.156561839129136 193
1777201319591 10.980244669872066 194
1777201319992 11.787289799002316 195
1777201320384 10.457514960095683 196
1777201321414 11.032216491721636 197
1777201321805 10.891593112906365 198
1777201323348 12.15091413661823 199
1777201323750 10.883129019423503 200
1777201324150 12.01627263778035 201
1777201324939 10.968252665229786 202
1777201325337 11.016375403851043 203
1777201325729 11.354038921419178 204
1777201326127 10.286451699299022 205
1777201326522 12.369574696562049 206
1777201326917 11.48041159819051 207
