1777299476830 160.8120880126953 1
1777299477528 157.40786743164062 2
1777299478216 154.27743530273438 3
1777299478904 150.56790161132812 4
1777299479591 146.07443237304688 5
1777299480280 141.0015411376953 6
1777299480962 135.21270751953125 7
1777299481651 128.61648559570312 8
1777299482360 121.54489135742188 9
1777299483057 114.0265884399414 10
1777299483786 106.07591247558594 11
1777299484478 97.50978088378906 12
1777299485188 88.41606903076172 13
1777299485923 79.21086120605469 14
1777299486611 69.3099365234375 15
1777299487296 58.820396423339844 16
1777299487983 49.008811950683594 17
1777299488682 41.609764099121094 18
1777299489366 35.29474639892578 19
1777299490050 30.19893455505371 20
1777299490761 26.72507667541504 21
1777299491470 24.709745407104492 22
1777299492176 22.41675567626953 23
1777299492869 22.696195602416992 24
1777299493575 21.100614547729492 25
1777299494260 20.167203903198242 26
1777299494970 18.825489044189453 27
1777299495693 17.813432693481445 28
1777299496382 19.562776565551758 29
1777299497073 20.461000442504883 30
1777299497757 18.713153839111328 31
1777299498445 18.706480026245117 32
1777299499148 17.68008041381836 33
1777299499860 17.517045974731445 34
1777299500550 16.597185134887695 35
1777299501242 16.44618034362793 36
1777299501933 15.708354949951172 37
1777299502616 15.470019340515137 38
1777299503300 16.825849533081055 39
1777299503986 15.262409210205078 40
1777299504668 16.36060333251953 41
1777299505355 16.14456558227539 42
1777299506097 15.179189682006836 43
1777299506781 15.771219253540039 44
1777299507466 15.370614051818848 45
1777299508148 15.510537147521973 46
1777299508833 15.720643043518066 47
1777299509518 15.629166603088379 48
1777299510199 14.680285453796387 49
1777299510882 14.133373260498047 50
1777299511567 13.790220260620117 51
1777299512272 14.836113929748535 52
1777299512962 14.44833755493164 53
1777299513646 15.01022720336914 54
1777299514351 15.889776229858398 55
1777299515028 14.004995346069336 56
1777299515717 14.044656753540039 57
1777299516396 13.873504638671875 58
1777299517094 14.206586837768555 59
1777299517785 13.783892631530762 60
1777299518488 13.152497291564941 61
1777299519176 13.51016902923584 62
1777299519868 12.942902565002441 63
1777299520570 13.140678405761719 64
1777299521262 14.384522438049316 65
1777299521943 13.799601554870605 66
1777299522632 12.938149452209473 67
1777299523319 13.876574516296387 68
1777299524003 12.500566482543945 69
1777299524686 12.563681602478027 70
1777299525366 12.326140403747559 71
1777299526077 12.403650283813477 72
1777299526778 11.821002960205078 73
1777299527474 11.347565650939941 74
1777299528161 11.719319343566895 75
1777299528846 13.075894355773926 76
1777299529538 11.034631729125977 77
1777299530245 11.961457252502441 78
1777299530936 10.68946361541748 79
1777299531627 11.57833194732666 80
1777299532324 11.690780639648438 81
1777299533018 11.359623908996582 82
1777299533725 10.4293212890625 83
1777299534415 11.397478103637695 84
1777299535097 11.604721069335938 85
1777299535804 11.141697883605957 86
1777299536517 11.275670051574707 87
1777299537214 11.07633113861084 88
1777299537908 10.962674140930176 89
1777299538590 9.926297187805176 90
1777299539264 11.111430168151855 91
1777299539947 10.611130714416504 92
1777299540629 10.487679481506348 93
1777299541328 10.951506614685059 94
1777299542007 10.136244773864746 95
1777299542689 9.97519302368164 96
1777299543385 10.020438194274902 97
1777299544074 9.909509658813477 98
1777299544776 9.922621726989746 99
1777299545511 9.984379768371582 100
1777299546242 9.669289588928223 101
1777299546942 9.59930419921875 102
1777299547629 10.279806137084961 103
1777299548331 10.002910614013672 104
1777299549018 9.07144546508789 105
1777299549704 10.443466186523438 106
1777299550401 9.697787284851074 107
1777299551086 9.687496185302734 108
1777299551774 10.183826446533203 109
1777299552469 9.490686416625977 110
1777299553159 9.362449645996094 111
1777299553850 9.632909774780273 112
1777299554542 8.937771797180176 113
1777299555229 9.270977020263672 114
1777299555931 10.260979652404785 115
1777299556651 9.463047981262207 116
1777299557343 9.958577156066895 117
1777299558028 8.969497680664062 118
1777299558716 9.187127113342285 119
