1777174914819 -1.7879478080127331 1
1777174915930 -1.6040978852413033 2
1777174917061 -1.3210185446405767 3
1777174918165 -0.8912089496972035 4
1777174919268 -0.3930395405259255 5
1777174920375 0.08261258514336178 6
1777174921480 0.46615997425369315 7
1777174922592 0.74039339090571 8
1777174923703 0.8670992364391316 9
1777174925285 0.9187611225773198 10
1777174926389 0.9330761551164517 11
1777174927497 0.9410942844930396 12
1777174928628 0.9507253006096102 13
1777174929735 0.9488919622433498 14
1777174930838 0.9490899687229759 15
1777174931944 0.9602083689674057 16
1777174933050 0.9556981220433555 17
1777174934154 0.9582965038691404 18
1777174935254 0.9627950357315266 19
1777174936358 0.9643824730108622 20
1777174937461 0.966401708904404 21
1777174938596 0.9648093475931778 22
1777174939705 0.9654998420494744 23
1777174940808 0.9672610091142259 24
1777174941909 0.968115863458461 25
1777174943025 0.9697858327270266 26
1777174944126 0.968975818344386 27
1777174945226 0.9708256187724782 28
1777174946327 0.9708228236811721 29
1777174947425 0.973193934009197 30
1777174948526 0.9742255223014402 31
1777174949653 0.974992136645922 32
1777174950755 0.9734938308500174 33
1777174951855 0.9726285627066177 34
1777174952956 0.9763696776658245 35
1777174954058 0.9768805161112433 36
1777174955223 0.9778069727747277 37
1777174956371 0.9739754189818259 38
1777174957503 0.9751880270221149 39
1777174958635 0.9761744534491688 40
1777174959767 0.9786701067071171 41
1777174960921 0.9778514177935663 42
1777174962047 0.9775383863804231 43
1777174963174 0.9789295862081825 44
1777174964307 0.9780182118070463 45
1777174965439 0.9805694038033819 46
1777174966571 0.9810583518994982 47
1777174967714 0.9805872807871732 48
1777174968987 0.9828530426298993 49
1777174970133 0.9805691897831534 50
1777174971331 0.9812358538024438 51
1777174973987 0.9810927983653488 52
1777174975345 0.9810782449898117 53
1777174977101 0.9801992063597574 54
1777174981650 0.9833232181486642 55
1777174986536 0.9815661355742107 56
1777175019593 0.9836052555656194 57
