1777429489867 162.39178466796875 1
1777429490193 160.43399047851562 2
1777429490517 158.52783203125 3
1777429490835 156.82212829589844 4
1777429491154 155.0370330810547 5
1777429491476 153.15615844726562 6
1777429491797 151.15737915039062 7
1777429492114 149.0403594970703 8
1777429492425 146.72523498535156 9
1777429492744 144.376220703125 10
1777429493066 141.7759552001953 11
1777429493383 138.90565490722656 12
1777429493703 135.78384399414062 13
1777429494022 132.37600708007812 14
1777429494342 128.718017578125 15
1777429494662 124.31446838378906 16
1777429494973 119.77958679199219 17
1777429495287 114.93262481689453 18
1777429495610 110.3231430053711 19
1777429495940 105.37692260742188 20
1777429496272 100.40831756591797 21
1777429496612 95.22126007080078 22
1777429496951 90.30198669433594 23
1777429497288 85.2508773803711 24
1777429497622 80.86207580566406 25
1777429497959 75.88934326171875 26
1777429498305 71.08694458007812 27
1777429498655 65.4518814086914 28
1777429498994 60.805999755859375 29
1777429499339 56.41556167602539 30
1777429499677 52.665000915527344 31
1777429500013 49.23949432373047 32
1777429500350 43.987735748291016 33
1777429500691 40.9293327331543 34
1777429501011 38.59239959716797 35
1777429501337 35.50590896606445 36
1777429501680 33.09389114379883 37
1777429502019 30.087589263916016 38
1777429502356 28.522247314453125 39
1777429502695 26.062774658203125 40
1777429503041 25.38893699645996 41
1777429503389 25.21858024597168 42
1777429503739 22.903127670288086 43
1777429504083 22.550682067871094 44
1777429504430 22.730022430419922 45
1777429504767 22.826107025146484 46
1777429505099 21.12210464477539 47
1777429505436 20.31562042236328 48
1777429505763 20.529579162597656 49
1777429506088 21.1873836517334 50
1777429506419 20.28398895263672 51
1777429506744 20.016407012939453 52
1777429507076 18.60142707824707 53
1777429507434 19.221763610839844 54
1777429507784 18.823564529418945 55
1777429508133 19.301788330078125 56
1777429508501 17.575349807739258 57
1777429508859 17.942214965820312 58
1777429509211 20.66869354248047 59
1777429509566 18.03350067138672 60
1777429509925 18.138948440551758 61
1777429510278 19.45466423034668 62
1777429510623 18.443742752075195 63
1777429510982 16.781299591064453 64
1777429511338 18.220352172851562 65
1777429511701 17.99166488647461 66
1777429512064 17.529733657836914 67
1777429512416 20.423511505126953 68
1777429512772 19.956811904907227 69
1777429513128 16.913061141967773 70
1777429513486 15.787055969238281 71
1777429513905 17.85264778137207 72
1777429515404 17.324970245361328 73
1777429515780 16.536115646362305 74
1777429516158 15.900402069091797 75
1777429516546 16.788509368896484 76
1777429516944 17.33596420288086 77
1777429517317 17.256153106689453 78
1777429517687 16.88401222229004 79
1777429518059 14.78743839263916 80
1777429518446 17.53429412841797 81
1777429518826 17.155027389526367 82
1777429519248 16.894506454467773 83
1777429519619 15.891247749328613 84
1777429520041 16.31829833984375 85
1777429520528 15.007152557373047 86
1777429521122 16.789932250976562 87
1777429521479 16.039020538330078 88
1777429521946 17.741453170776367 89
1777429522388 15.956284523010254 90
1777429522757 16.18572425842285 91
1777429523169 19.106428146362305 92
1777429523550 15.51228141784668 93
1777429523938 16.10929298400879 94
1777429524382 16.012989044189453 95
1777429524798 15.620977401733398 96
1777429525200 15.545015335083008 97
1777429525817 14.78067684173584 98
1777429526290 15.858983039855957 99
1777429526682 16.456785202026367 100
1777429527082 15.489278793334961 101
1777429527565 14.981003761291504 102
1777429528126 14.880001068115234 103
1777429528725 15.494352340698242 104
1777429529181 17.054296493530273 105
1777429529630 14.66889762878418 106
1777429531064 14.95250415802002 107
1777429531452 15.189458847045898 108
1777429531945 14.727710723876953 109
1777429532444 14.942359924316406 110
1777429691679 15.544024467468262 111
1777429694012 14.453871726989746 112
1777429694360 14.831791877746582 113
1777429694707 15.122505187988281 114
1777429695046 14.706491470336914 115
1777429695382 14.681394577026367 116
1777429695663 15.434009552001953 117
1777429695943 13.175844192504883 118
1777429696224 20.043949127197266 119
1777429696513 15.35415267944336 120
1777429696831 15.197637557983398 121
1777429697180 14.057841300964355 122
1777429697535 15.181916236877441 123
1777429697895 15.188427925109863 124
1777429698223 16.252361297607422 125
1777429698549 15.4977445602417 126
1777429698889 14.141228675842285 127
1777429699230 14.888941764831543 128
1777429699567 13.910224914550781 129
1777429699908 13.651622772216797 130
1777429700247 12.992527961730957 131
1777429700588 13.578726768493652 132
1777429700929 14.089149475097656 133
1777429701274 15.409805297851562 134
1777429701615 13.263602256774902 135
1777429701956 14.343689918518066 136
1777429702292 14.416158676147461 137
1777429702629 14.941020011901855 138
1777429702964 14.265131950378418 139
1777429703310 12.742348670959473 140
1777429703647 13.465608596801758 141
1777429703988 16.790430068969727 142
1777429704328 13.359562873840332 143
1777429704665 13.161890029907227 144
1777429704996 14.192091941833496 145
1777429705332 14.208328247070312 146
1777429705671 14.318679809570312 147
1777429706008 14.206576347351074 148
1777429706350 14.377727508544922 149
1777429706684 15.79353141784668 150
1777429707034 14.216840744018555 151
1777429707383 13.606152534484863 152
1777429707732 14.25743579864502 153
1777429708077 12.680965423583984 154
1777429708420 12.50239372253418 155
1777429708760 15.933791160583496 156
1777429709100 12.575892448425293 157
1777429709449 13.761898040771484 158
1777429709771 13.069192886352539 159
1777429710059 14.494154930114746 160
1777429710348 13.514090538024902 161
1777429710639 13.917987823486328 162
1777429710926 15.087124824523926 163
1777429711222 14.868917465209961 164
1777429711544 15.130352020263672 165
1777429711843 12.453038215637207 166
1777429712137 13.631019592285156 167
1777429712443 12.347981452941895 168
1777429712741 15.302337646484375 169
1777429713037 13.932194709777832 170
1777429713333 13.785633087158203 171
1777429713630 13.588862419128418 172
1777429713920 12.284327507019043 173
1777429714215 13.376652717590332 174
1777429714509 12.597987174987793 175
1777429714803 12.286808967590332 176
1777429715100 11.531071662902832 177
1777429715401 13.310032844543457 178
1777429715705 11.623496055603027 179
1777429716004 14.155915260314941 180
1777429716309 12.678717613220215 181
1777429716614 13.173598289489746 182
1777429716918 13.388596534729004 183
1777429717218 13.971325874328613 184
1777429717528 14.295751571655273 185
1777429717831 15.040719985961914 186
1777429718132 12.285058975219727 187
1777429718440 12.66141414642334 188
1777429718761 11.494362831115723 189
1777429719063 12.304039001464844 190
1777429719366 12.930026054382324 191
1777429719678 12.165273666381836 192
1777429720036 12.108362197875977 193
1777429720392 12.927197456359863 194
1777429720703 12.0352144241333 195
1777429721014 12.802888870239258 196
1777429721333 11.694923400878906 197
1777429721694 11.994873046875 198
1777429722007 12.401820182800293 199
1777429722318 12.865631103515625 200
1777429722755 12.575820922851562 201
1777429723178 12.66489028930664 202
1777429723860 11.646498680114746 203
1777429724337 13.384642601013184 204
1777429724964 12.515400886535645 205
1777429725465 12.96060848236084 206
1777429726423 12.340978622436523 207
1777429727126 13.122879028320312 208
1777429826903 11.638099670410156 209
1777429962600 14.258965492248535 210
1777429963286 12.29157829284668 211
1777429963647 11.62773323059082 212
1777429964031 11.76600170135498 213
1777429964408 13.085649490356445 214
1777429964783 12.479475975036621 215
1777429965157 13.307437896728516 216
1777429965525 11.385551452636719 217
1777429965887 11.299220085144043 218
1777429966263 12.469393730163574 219
1777429966630 12.16853141784668 220
1777429966991 11.703252792358398 221
1777429967371 11.997584342956543 222
1777429967754 12.01015853881836 223
1777429968134 11.724872589111328 224
1777429968502 11.813451766967773 225
1777429968889 13.506620407104492 226
1777429969260 11.894859313964844 227
1777429969617 11.801137924194336 228
1777429969995 11.355606079101562 229
1777429970386 11.618860244750977 230
1777429970738 11.782533645629883 231
1777429971116 11.454364776611328 232
1777429971489 11.480843544006348 233
1777429971872 12.231730461120605 234
1777429972239 11.31972885131836 235
1777429972600 11.434027671813965 236
1777429972974 11.276944160461426 237
1777429973346 11.762272834777832 238
1777429973721 13.072149276733398 239
1777429974091 11.535990715026855 240
1777429974446 11.335808753967285 241
1777429974812 11.8164701461792 242
1777429975168 11.364806175231934 243
1777429975530 9.973807334899902 244
1777429975885 11.323960304260254 245
1777429976250 12.273642539978027 246
1777429976609 11.002283096313477 247
1777429976982 10.210917472839355 248
1777429977363 10.632359504699707 249
1777429977742 9.915177345275879 250
1777429978117 11.459553718566895 251
1777429978501 12.046869277954102 252
1777429978892 10.356115341186523 253
1777429979271 11.39689826965332 254
1777429979643 10.864151954650879 255
1777429980009 11.142786026000977 256
1777429980367 10.429954528808594 257
1777429980670 10.479581832885742 258
1777429980978 10.407119750976562 259
1777429981315 10.699947357177734 260
1777429981631 10.514013290405273 261
1777429981945 9.528757095336914 262
1777429982259 11.741044998168945 263
1777429982586 11.392208099365234 264
1777429982910 10.507537841796875 265
1777429983219 10.153382301330566 266
1777429983563 10.711402893066406 267
1777429983893 10.162748336791992 268
1777429984211 10.46743392944336 269
1777429984522 10.19931411743164 270
1777429984877 11.193126678466797 271
1777429985209 10.066922187805176 272
1777429985534 10.032164573669434 273
1777429985861 9.89835262298584 274
1777429986179 10.982609748840332 275
1777429986497 10.68478775024414 276
1777429986816 9.930092811584473 277
1777430033512 9.882622718811035 278
1777430033952 11.321763038635254 279
1777430034315 10.214376449584961 280
1777430034638 11.285956382751465 281
1777430034981 9.664223670959473 282
1777430035296 10.132033348083496 283
1777430035609 9.826457023620605 284
1777430035937 9.734989166259766 285
1777430036248 10.768038749694824 286
1777430036559 12.115899085998535 287
1777430036871 11.142807960510254 288
1777430037186 10.417616844177246 289
1777430037492 10.427722930908203 290
1777430037823 10.674134254455566 291
1777430038146 10.454397201538086 292
1777430038458 9.933099746704102 293
1777430038803 10.621826171875 294
