1777396059809 -1.7354892299571696 1
1777396063583 -1.6763733247442012 2
1777396066888 -1.631031158158109 3
1777396070738 -1.5856969520318 4
1777396077191 -1.5371136536275354 5
1777396079798 -1.4819158254859017 6
1777396082466 -1.4150442892426938 7
1777396088254 -1.3383088248126307 8
1777396092954 -1.2441561805469021 9
1777396096095 -1.1449452764315584 10
1777396098865 -1.045783053589509 11
1777396103074 -0.9293899562878907 12
1777396106684 -0.8237958350262067 13
1777396107763 -0.711494260967753 14
1777396109765 -0.6019050604949019 15
1777396110118 -0.49040259413014065 16
1777396113020 -0.3766829866297954 17
1777396118368 -0.280035197479106 18
1777396120205 -0.17746289909360224 19
1777396120642 -0.055899496745855926 20
1777396124790 0.04455163169524423 21
1777396128058 0.14910078952452477 22
1777396130163 0.24555530789680668 23
1777396134158 0.36337053368453254 24
1777396139030 0.4520428989177755 25
1777396145940 0.5423784644456779 26
1777396285465 0.6173915992043214 27
1777396288810 0.6807223382442227 28
1777396292161 0.7527636764526232 29
1777396292489 0.7964949215328294 30
1777396296410 0.8498522186566847 31
1777396297474 0.8565949385865836 32
1777396299001 0.8744376968491582 33
1777396300669 0.9068338499722761 34
1777396304567 0.9147177381700679 35
1777396307413 0.9238294411787848 36
1777396308566 0.9210018753388937 37
1777396309743 0.9452317113794466 38
1777396311297 0.9346190263638181 39
1777396312831 0.933541221250876 40
1777396314108 0.9415735787211399 41
1777396314449 0.9528969356975491 42
1777396316136 0.9473061670141203 43
1777396318448 0.94081587594297 44
1777396320496 0.9474135471104602 45
1777396320841 0.9505922773436436 46
1777396323867 0.9571940339874893 47
1777396326281 0.9529415889016495 48
1777396328683 0.9535430437369092 49
1777396329017 0.9619806694585938 50
1777396329350 0.960835877363606 51
1777396330889 0.9548699050378382 52
1777396332713 0.9586287585617042 53
1777396333043 0.9626253542787319 54
1777396333379 0.957595955879764 55
1777396333712 0.957418716051318 56
1777396336521 0.9599231537206118 57
1777396336860 0.959405979774921 58
1777396337209 0.961564390991913 59
1777396337567 0.9607151835896346 60
1777396337886 0.958916574151836 61
1777396338222 0.96575747946431 62
1777396339804 0.9616112424119213 63
1777396341275 0.9624861634388023 64
1777396343968 0.9661210533724335 65
1777396344319 0.9653080292259095 66
1777396346073 0.9683330446072018 67
1777396346425 0.9628495483816845 68
1777396346778 0.9705949848567561 69
1777396349762 0.9669652783114517 70
1777396351327 0.9639506177469878 71
1777396353649 0.9558993685365277 72
1777396355236 0.9709086384536746 73
1777396360303 0.9700091304177435 74
1777396362797 0.9694710291695741 75
1777396364284 0.965552215372995 76
1777396367400 0.9695457828622323 77
1777396367728 0.9757035190284075 78
1777396368068 0.9769688422437414 79
1777396371217 0.9687150773098422 80
1777396372683 0.9672189127206005 81
1777396373021 0.9698750846085823 82
1777396375770 0.9652480817970922 83
1777396377766 0.9629189058011238 84
1777396378096 0.9718724138073562 85
1777396378452 0.970231116736928 86
1777396380283 0.9723423823222069 87
1777396383410 0.9717065023255258 88
1777396386124 0.9679935769231476 89
1777396386451 0.9659593517491426 90
1777396391255 0.9668201314784748 91
1777396391601 0.9690099037496215 92
1777396393361 0.9719567449281921 93
1777396393689 0.9662484781361379 94
1777396397293 0.9692156103544762 95
1777396398850 0.9693617689886818 96
1777396400703 0.9664891650113632 97
1777396403537 0.9718642476385755 98
1777396403869 0.9729033220529536 99
1777396407752 0.9739785342757498 100
1777396409536 0.958885564716548 101
1777396412504 0.9702812929883964 102
1777396415076 0.9732076900414341 103
1777396417486 0.974764876051814 104
1777396421057 0.9797388741475802 105
1777396427401 0.9772448558781719 106
1777396429298 0.9710822424952 107
1777396429643 0.9723336779612833 108
1777396431287 0.9772385363064324 109
1777396431634 0.9735687954415958 110
1777396431983 0.9689320692059411 111
1777396436847 0.9757240349128926 112
1777396439338 0.9742044218899785 113
1777396439689 0.9798675116375799 114
1777396440029 0.9670009520786444 115
1777396441592 0.9663775031244805 116
1777396443420 0.97424126772006 117
1777396445098 0.9760403555508745 118
1777396446723 0.9746958032762191 119
1777396449920 0.9743629087122028 120
1777396456742 0.9789832356352738 121
1777396457123 0.9680086845745884 122
1777396459113 0.9771909170656337 123
1777396462249 0.9696443007279534 124
1777396467316 0.9708298327721719 125
1777396469212 0.9783655608848112 126
1777396469567 0.9704257605032909 127
1777396474292 0.9709058542063222 128
1777396474649 0.9788218186558274 129
1777396476267 0.9813527234187236 130
1777396477861 0.9801681098890955 131
1777396478189 0.9825707120371031 132
1777396479953 0.9753160876605831 133
1777396480298 0.9846440003928181 134
1777396483219 0.9816600407001469 135
1777396485021 0.9809889605453589 136
1777396486848 0.9800424456116894 137
1777396490100 0.9826127472354241 138
1777396490440 0.9791252848734731 139
1777396492263 0.9826234584550493 140
1777396492596 0.9808584644984926 141
1777396492926 0.9780921975476885 142
1777396494745 0.9794338603285282 143
1777396501445 0.9814859295620247 144
1777396501786 0.9817670715695853 145
1777396503362 0.9831464125843541 146
1777396503717 0.9832500133758687 147
1777396505149 0.9834277363812607 148
1777396505479 0.9799831667371116 149
1777396510170 0.9801629013851353 150
