1777229053614 -2.4604403760341533 1
1777229055819 -1.47078362366925 2
1777229058109 -0.23305541390268703 3
1777229059956 0.7220722800375783 4
1777229061795 0.9003640303843654 5
1777229063903 0.930286624961264 6
1777229066315 0.9425539601245426 7
1777229068754 0.9496037217280111 8
1777229071198 0.9547014281057479 9
1777229073630 0.9572917650367143 10
1777229076067 0.9578324898866847 11
1777229078198 0.9621610561637884 12
1777229080017 0.9616444079294828 13
1777229081831 0.9646079608212649 14
1777229083665 0.9625925815168539 15
1777229085490 0.9669121414695943 16
1777229087305 0.9672532800508691 17
1777229089399 0.9696432481247609 18
1777229091818 0.9687450640096086 19
1777229093915 0.9713964887401708 20
1777229095780 0.9689376375869067 21
1777229097589 0.9716498877969376 22
1777229099407 0.9705377269681179 23
1777229101236 0.9735941171388779 24
1777229103219 0.9740195741530033 25
1777229105092 0.9748717495038652 26
1777229106949 0.9766076245268619 27
1777229108901 0.9763155769713707 28
1777229110802 0.9778034917082357 29
1777229113476 0.9767043987937472 30
1777229128112 0.9791908744423948 31
1777229129977 0.9801924301756286 32
1777229131813 0.9795271797753281 33
1777229133657 0.9805290634087206 34
1777229135488 0.9806961394696656 35
1777229137360 0.982784507163438 36
1777229139182 0.9827337121498289 37
1777229141004 0.9820863487031942 38
1777229143243 0.9845723171995963 39
1777229145628 0.9822879668598742 40
1777229147624 0.9841441167541417 41
1777229150064 0.9840036640000951 42
1777229152523 0.9849940317799085 43
1777229154949 0.9850177947044212 44
