1777229053614 215.58468329432384 1
1777229055819 182.16640207034226 2
1777229058109 128.6853271569111 3
1777229059956 61.08522351110771 4
1777229061795 36.56037848058598 5
1777229063903 30.570847110823244 6
1777229066315 27.750949188338762 7
1777229068754 25.98595662960372 8
1777229071198 24.639538200425456 9
1777229073630 23.937585445618165 10
1777229076067 23.77777191420492 11
1777229078198 22.511635787713946 12
1777229080017 22.663173552527354 13
1777229081831 21.776124349800654 14
1777229083665 22.38636166677006 15
1777229085490 21.05057936857087 16
1777229087305 20.950316279524184 17
1777229089399 20.17442491857222 18
1777229091818 20.466948127738327 19
1777229093915 19.587693308566806 20
1777229095780 20.411171607091905 21
1777229097589 19.498288670209128 22
1777229099407 19.875689895322775 23
1777229101236 18.821206238709877 24
1777229103219 18.668817080170538 25
1777229105092 18.353112153965927 26
1777229106949 17.711132636992286 27
1777229108901 17.813102110654206 28
1777229110802 17.247096043961204 29
1777229113476 17.672566841512833 30
1777229128112 16.70165700896201 31
1777229129977 16.29621494972159 32
1777229131813 16.566476367466983 33
1777229133657 16.15651974638438 34
1777229135488 16.09421574308131 35
1777229137360 15.196700267241287 36
1777229139182 15.214699045756637 37
1777229141004 15.494579133912868 38
1777229143243 14.386341733539135 39
1777229145628 15.406398040228382 40
1777229147624 14.578939789604778 41
1777229150064 14.640659907621815 42
1777229152523 14.184964337804425 43
1777229154949 14.16725629527014 44
