1777404498609 -1.8559973324806096 1
1777404508284 -1.8168273856691335 2
1777404515630 -1.7753222802974413 3
1777404519379 -1.7409835074930462 4
1777404522599 -1.705478738079163 5
1777404537436 -1.6676941555431308 6
1777404546588 -1.6269109398869324 7
1777404556881 -1.5808212693665826 8
1777404558772 -1.5261871918063705 9
1777404564930 -1.4625396611861898 10
1777404567867 -1.3901009427248807 11
1777404571543 -1.3087735705516792 12
1777404574051 -1.2227292523736826 13
1777404579689 -1.1340571030478355 14
1777404587589 -1.0404944953281006 15
1777404596959 -0.942957241635316 16
1777404603987 -0.8459785238790825 17
1777404614880 -0.7383996538267716 18
1777404623032 -0.6441308998093962 19
1777404627129 -0.5508266792819911 20
1777404643322 -0.45025000800327764 21
1777404647053 -0.36714512478098893 22
1777404648171 -0.2611038911755681 23
1777404655974 -0.17102058155231936 24
1777404660410 -0.08767463512605334 25
1777404668106 0.021163255711732387 26
1777404679042 0.12851731459643156 27
1777404696672 0.201924527473903 28
1777404709783 0.29216855010465415 29
1777404719370 0.3621004341193571 30
1777404728166 0.44050072101437676 31
1777404735292 0.49992777266806976 32
1777404745106 0.5806067095882144 33
1777404751826 0.631826175285807 34
1777404756483 0.6933216695304611 35
1777404765411 0.7420738781959513 36
1777404768171 0.7743875874020858 37
1777404776784 0.8087504060089687 38
1777404789663 0.8503634926806879 39
1777404794771 0.868715259930269 40
1777404812216 0.8874289731597048 41
1777404825714 0.9078275651583696 42
1777404829761 0.9114309914244432 43
1777404836990 0.918626441534169 44
1777404850478 0.924103596942712 45
1777404859543 0.9280973763277798 46
1777404867116 0.9405206752536139 47
1777404870471 0.9372417099533076 48
1777404880654 0.9464157816000872 49
1777404881067 0.9413435200968594 50
1777404881511 0.9458173921244589 51
1777404884826 0.9513484893229083 52
1777404887701 0.9502125319816367 53
1777404888060 0.9526816914864191 54
1777404888426 0.9514223093194702 55
1777404896535 0.9512669727935323 56
1777404896924 0.9553868262813967 57
1777404897304 0.9583341771245825 58
1777404897753 0.9522918543689907 59
1777404902765 0.9511499011118549 60
1777404905557 0.9593776471514986 61
1777404911506 0.9498227363943382 62
1777404921779 0.9600606970412834 63
1777404927700 0.9589567511872727 64
1777404933520 0.956505368382387 65
1777404942512 0.9643259503432813 66
1777404946140 0.9621953314094294 67
1777404946538 0.9606741000144167 68
1777404953543 0.9516896077754012 69
1777404956109 0.9642952764688372 70
1777404961790 0.958593146101001 71
1777404965077 0.9593670855228442 72
1777404974773 0.9692094600388647 73
1777404984952 0.9624707183454186 74
1777404986260 0.9647852530143398 75
1777404993325 0.9599246307071911 76
1777404994600 0.9604924047996645 77
1777405000315 0.9667618509656629 78
1777405003044 0.9674481905615862 79
1777405003390 0.9537711893517921 80
1777405003712 0.9630082778169649 81
1777405004067 0.9708890939966066 82
1777405012937 0.9650237436562785 83
1777405017252 0.9657299722025487 84
1777405024602 0.9647000540841676 85
1777405028365 0.974658066710286 86
1777405033595 0.9748036499262079 87
1777405033923 0.9779996778905591 88
1777405038736 0.9715125358304039 89
1777405043940 0.9728307161116948 90
1777405044275 0.9660722563903199 91
1777405047335 0.978428374802301 92
1777405047689 0.9704823904860195 93
1777405048006 0.9704929992003917 94
1777405052959 0.9724803613956421 95
1777405053266 0.9706657148761326 96
1777405059331 0.9710324291008524 97
1777405066629 0.977360606564946 98
1777405070073 0.9743146658039672 99
1777405082624 0.9711187676593656 100
1777405086040 0.9771071421865632 101
1777405086453 0.9699077011606876 102
1777405086807 0.9684312469897784 103
1777405087156 0.9706818741638824 104
1777405087486 0.9677363871442544 105
1777405089578 0.9743596227373926 106
1777405094606 0.9715485415870085 107
1777405101267 0.9762025733864583 108
1777405110962 0.9765592363038742 109
1777405111300 0.9774969063283377 110
1777405111721 0.9759437730184155 111
1777405112237 0.9706191116555498 112
1777405119240 0.977545821728282 113
1777405122393 0.9744283321781037 114
1777405122704 0.9726773252039217 115
1777405132237 0.9755422108146041 116
1777405138593 0.9778469007172735 117
1777405138953 0.9749467602192862 118
1777405144791 0.9786930359974836 119
1777405154923 0.9737420736078524 120
1777405171142 0.9765450687040913 121
1777405177830 0.9747146988915191 122
1777405187545 0.977334511104053 123
1777405197442 0.9770837853536218 124
1777405210526 0.9759384185335347 125
1777405213496 0.9780295080843895 126
1777405217012 0.978738375195208 127
1777405219367 0.9764879913967464 128
