1777304783125 -1.6835587295480519 1
1777304784245 -1.3778959264763126 2
1777304785361 -0.8528442993801371 3
1777304786489 -0.23565010915109186 4
1777304787597 0.33780272428968017 5
1777304788706 0.7030349614707752 6
1777304789817 0.8774971957255011 7
1777304790940 0.9255933852632843 8
1777304792057 0.9388090646257332 9
1777304793172 0.9475176220206857 10
1777304794279 0.9505254020639928 11
1777304795388 0.9575927274472491 12
1777304796498 0.9601234828959389 13
1777304797608 0.9635437374276866 14
1777304798716 0.961753800285519 15
1777304799826 0.96599992518471 16
1777304800932 0.967001356985053 17
1777304802046 0.968002295618201 18
1777304803157 0.9687640481618234 19
1777304804262 0.964400788950613 20
1777304805365 0.9712683471185267 21
1777304806465 0.9707839757533516 22
1777304807568 0.9757887582168555 23
1777304808672 0.9726785658155691 24
1777304809774 0.9733259989562228 25
1777304810877 0.9750206635025168 26
1777304811980 0.9744813922781269 27
1777304813111 0.9729467574423354 28
1777304814220 0.9784552645317985 29
1777304815336 0.9783245326057632 30
1777304816450 0.9756344192092933 31
1777304817563 0.9801393493225904 32
1777304818670 0.9788625698974186 33
1777304819779 0.9766367825476711 34
1777304820890 0.9775107641147942 35
1777304821999 0.9821638656014753 36
1777304823109 0.9823366953346042 37
1777304824235 0.9825654802641551 38
1777304825343 0.9831438070831895 39
1777304826453 0.982407025441485 40
1777304827558 0.9830524108220576 41
1777304828666 0.9830654158236417 42
1777304829770 0.9827841623694418 43
1777304830881 0.9843622811571587 44
1777304831988 0.9842576465025605 45
1777304833092 0.9856694411021825 46
1777304834201 0.9851665637902309 47
1777304835327 0.9872002188834311 48
1777304836433 0.9855687182984821 49
1777304837539 0.9873150101439012 50
1777304838647 0.9878053969311573 51
1777304839755 0.9863389236872352 52
1777304840866 0.9861838114422192 53
1777304841969 0.9869110544591666 54
1777304843076 0.9888076750307606 55
1777304844189 0.9869024473724441 56
1777304845330 0.9888256756333744 57
1777304846443 0.9894263979256421 58
1777304847551 0.9894117916527958 59
1777304848664 0.9901418069594066 60
1777304849763 0.9892805868545119 61
1777304850870 0.990391713854311 62
1777304851973 0.9895848446303339 63
1777304853079 0.9898282581571721 64
1777304854193 0.9899668584338848 65
1777304855303 0.9905158773209788 66
1777304856429 0.9897288595987173 67
1777304857530 0.99107696662738 68
1777304858634 0.9897254946966221 69
1777304859742 0.9906743077897134 70
1777304860857 0.9901077753787166 71
1777304861961 0.9907161306002848 72
1777304863068 0.9905109192655996 73
1777304864170 0.9911201883364399 74
1777304865277 0.9911321901909881 75
1777304866384 0.9905209764262346 76
1777304867520 0.9920107670413254 77
1777304868634 0.9918316915384752 78
1777304869738 0.991600107428457 79
1777304870843 0.9918232219500138 80
1777304871953 0.9924608363956513 81
1777304873060 0.9905261140918885 82
1777304874165 0.9911523146597314 83
1777304875428 0.9913310258682957 84
1777304876536 0.9925594393922115 85
1777304877648 0.9909772666889727 86
1777304878780 0.9923435924909219 87
1777304879889 0.991487471491283 88
1777304880996 0.9929739185139722 89
1777304882102 0.9917358461177423 90
1777304883212 0.9921754138521094 91
1777304884322 0.9920181812925796 92
1777304885431 0.9922634233940788 93
1777304886540 0.9928906681369083 94
1777304887646 0.9920268391166678 95
1777304888755 0.9925797607219338 96
1777304889885 0.9928910897644175 97
1777304891009 0.9923402265740793 98
1777304892129 0.9931753169356229 99
1777304911050 0.9936272762568222 100
1777304912339 0.9926234293578705 101
1777304913462 0.9929010835033455 102
1777304914581 0.9930735966353123 103
1777304915697 0.9927629682758492 104
1777304916805 0.9931986403952754 105
1777304917912 0.993103860459223 106
1777304919025 0.9930375203387833 107
1777304920133 0.9923415822764916 108
1777304921270 0.9934822658213232 109
1777304922379 0.9930167251220652 110
1777304923487 0.9934701842397955 111
1777304924589 0.9930146103886616 112
1777304925696 0.9934759388718166 113
1777304926806 0.9923051244349724 114
1777304927922 0.9922024482426914 115
1777304929029 0.9940454191237623 116
1777304930144 0.9933563224878655 117
1777304931254 0.9939039410236654 118
1777304932378 0.9938483399740562 119
1777304933490 0.9938682848325248 120
1777304934597 0.9939782939799738 121
1777304935704 0.9938333166400635 122
1777304936815 0.9938915418262282 123
