1777304783125 157.15830993652344 1
1777304784245 143.87574768066406 2
1777304785361 123.89118194580078 3
1777304786489 95.82847595214844 4
1777304787597 65.63744354248047 5
1777304788706 42.185203552246094 6
1777304789817 28.032968521118164 7
1777304790940 22.861082077026367 8
1777304792057 21.512197494506836 9
1777304793172 19.7115478515625 10
1777304794279 19.33946418762207 11
1777304795388 18.0059814453125 12
1777304796498 17.30225372314453 13
1777304797608 16.765714645385742 14
1777304798716 17.025922775268555 15
1777304799826 15.838493347167969 16
1777304800932 15.623735427856445 17
1777304802046 15.233736991882324 18
1777304803157 15.242053985595703 19
1777304804262 16.091449737548828 20
1777304805365 14.53986644744873 21
1777304806465 14.917398452758789 22
1777304807568 13.545865058898926 23
1777304808672 14.424527168273926 24
1777304809774 14.113850593566895 25
1777304810877 13.826414108276367 26
1777304811980 13.82761001586914 27
1777304813111 14.370624542236328 28
1777304814220 12.777922630310059 29
1777304815336 12.837642669677734 30
1777304816450 13.219137191772461 31
1777304817563 12.224695205688477 32
1777304818670 12.561136245727539 33
1777304819779 12.91942310333252 34
1777304820890 12.882665634155273 35
1777304821999 11.62817096710205 36
1777304823109 11.60083293914795 37
1777304824235 11.554032325744629 38
1777304825343 11.292757987976074 39
1777304826453 11.539280891418457 40
1777304827558 11.454019546508789 41
1777304828666 11.243993759155273 42
1777304829770 11.565428733825684 43
1777304830881 10.992036819458008 44
1777304831988 10.986863136291504 45
1777304833092 10.588634490966797 46
1777304834201 10.74140453338623 47
1777304835327 9.993764877319336 48
1777304836433 10.567585945129395 49
1777304837539 9.998344421386719 50
1777304838647 9.702666282653809 51
1777304839755 10.291350364685059 52
1777304840866 10.145977973937988 53
1777304841969 10.097079277038574 54
1777304843076 9.409173965454102 55
1777304844189 10.072874069213867 56
1777304845330 9.452960014343262 57
1777304846443 9.174571990966797 58
1777304847551 9.130481719970703 59
1777304848664 8.899433135986328 60
1777304849763 9.185768127441406 61
1777304850870 8.813451766967773 62
1777304851973 9.064062118530273 63
1777304853079 8.999643325805664 64
1777304854193 8.888593673706055 65
1777304855303 8.733447074890137 66
1777304856429 9.05406379699707 67
1777304857530 8.434648513793945 68
1777304858634 9.008325576782227 69
1777304859742 8.637008666992188 70
1777304860857 8.773320198059082 71
1777304861961 8.590176582336426 72
1777304863068 8.655007362365723 73
1777304864170 8.350475311279297 74
1777304865277 8.349480628967285 75
1777304866384 8.709444046020508 76
1777304867520 7.946423053741455 77
1777304868634 8.065882682800293 78
1777304869738 8.150680541992188 79
1777304870843 8.058591842651367 80
1777304871953 7.798066139221191 81
1777304873060 8.592254638671875 82
1777304874165 8.316097259521484 83
1777304875428 8.263408660888672 84
1777304876536 7.7871317863464355 85
1777304877648 8.33590030670166 86
1777304878780 7.748623371124268 87
1777304879889 8.244813919067383 88
1777304880996 7.622995376586914 89
1777304882102 8.05738639831543 90
1777304883212 7.888487815856934 91
1777304884322 8.037596702575684 92
1777304885431 7.8086700439453125 93
1777304886540 7.478481292724609 94
1777304887646 7.949347019195557 95
1777304888755 7.666914463043213 96
1777304889885 7.550318241119385 97
1777304891009 7.78110933303833 98
1777304892129 7.377811431884766 99
1777304911050 7.158560276031494 100
1777304912339 7.59113073348999 101
1777304913462 7.4858293533325195 102
1777304914581 7.344783306121826 103
1777304915697 7.585208415985107 104
1777304916805 7.2452287673950195 105
1777304917912 7.425126075744629 106
1777304919025 7.397214889526367 107
1777304920133 7.749378681182861 108
1777304921270 7.257315635681152 109
1777304922379 7.393178939819336 110
1777304923487 7.181957721710205 111
1777304924589 7.403689861297607 112
1777304925696 7.148787975311279 113
1777304926806 7.663918495178223 114
1777304927922 7.793160438537598 115
1777304929029 6.849433422088623 116
1777304930144 7.112237453460693 117
1777304931254 6.950400352478027 118
1777304932378 6.949772357940674 119
1777304933490 6.967973232269287 120
1777304934597 6.918054103851318 121
1777304935704 7.003870964050293 122
1777304936815 6.940157413482666 123
