1777206608659 188.2618089122885 1
1777206609320 183.5288517878606 2
1777206609953 178.65048869657798 3
1777206610576 172.61932522926105 4
1777206611206 165.19693208051152 5
1777206611829 156.51446262337046 6
1777206612454 147.31158853564742 7
1777206613073 137.56297351001987 8
1777206613708 127.12760811529216 9
1777206614339 115.89361337515024 10
1777206615088 103.48254416200537 11
1777206615747 90.2247520401633 12
1777206616378 76.87689383241552 13
1777206617023 63.57923439522467 14
1777206617647 51.244868852965226 15
1777206618270 40.489981212277385 16
1777206619953 32.50224024981436 17
1777206620608 26.05823607811561 18
1777206621263 22.56508461991711 19
1777206621915 19.65426738897019 20
1777206622600 19.204698540049897 21
1777206623634 18.66000265764767 22
1777206624317 16.406369156244942 23
1777206624998 16.325931173245582 24
1777206626444 15.407843369704027 25
1777206627155 15.266543611831214 26
1777206627883 13.095021716236364 27
1777206628634 13.599508023685253 28
1777206629344 14.062610197349413 29
1777206630036 12.666069419567402 30
1777206630768 13.420183470686512 31
1777206631548 11.6264179839185 32
1777206632565 12.952927286949384 33
1777206633241 12.757027705040203 34
1777206633980 12.969988164958163 35
1777206634604 12.052700954076101 36
1777206635233 12.475214749398317 37
1777206635888 12.92836140965569 38
1777206636524 12.093220052775546 39
1777206637154 12.073736655782666 40
1777206637776 11.910009029772155 41
1777206638399 10.631195025472246 42
1777206639018 11.36088110906838 43
1777206639641 10.146718759931757 44
1777206640253 9.982494649943515 45
1777206640864 10.582240895829962 46
1777206641479 10.60026500408466 47
1777206642094 9.746359229228906 48
1777206642700 10.170666703669983 49
1777206643307 9.080019262415417 50
1777206643916 9.42084817942783 51
1777206644522 9.614377433731711 52
1777206645128 10.307000872369349 53
1777206645814 10.181327744207438 54
1777206646421 9.353150620545156 55
1777206647026 9.133725498131746 56
1777206647627 9.406606121740397 57
1777206648231 9.972843514955962 58
1777206648837 8.55501238693147 59
1777206649587 9.68726194934732 60
1777206650196 9.623529473141101 61
1777206651733 8.312672428266536 62
1777206823582 8.10079017221575 63
