1777128216515 193.57823181152344 1
1777128219734 189.9163360595703 2
1777128220476 186.31756591796875 3
1777128221181 182.07875061035156 4
1777128221868 176.84988403320312 5
1777128222574 170.83216857910156 6
1777128223317 164.0018768310547 7
1777128224040 156.47344970703125 8
1777128224707 148.47055053710938 9
1777128225370 139.9973602294922 10
1777128226040 130.88320922851562 11
1777128226718 120.85395050048828 12
1777128227377 110.14773559570312 13
1777128228026 99.02335357666016 14
1777128228671 88.30189514160156 15
1777128229313 76.8759536743164 16
1777128235142 65.6916732788086 17
1777128263397 55.149940490722656 18
1777128264412 46.4081916809082 19
1777128265234 39.04557800292969 20
1777128265957 33.92792892456055 21
1777128266671 29.906469345092773 22
1777128267371 26.783273696899414 23
1777128268067 25.462060928344727 24
1777128268769 23.689014434814453 25
1777128269486 22.714981079101562 26
1777128270173 22.48779296875 27
1777128270855 22.136981964111328 28
1777128271537 21.657779693603516 29
1777128272221 21.084144592285156 30
1777128272897 20.02764892578125 31
1777128273565 20.068817138671875 32
1777128274277 18.631879806518555 33
1777128274979 18.74248504638672 34
1777128275644 19.00775909423828 35
1777128276305 18.997365951538086 36
1777128276976 18.08925437927246 37
1777128277636 17.678918838500977 38
1777128278287 18.34766960144043 39
1777128278962 17.46866226196289 40
1777128279612 17.45954132080078 41
1777128280260 18.816612243652344 42
1777128280905 17.11456871032715 43
1777128281542 16.900524139404297 44
1777128282184 17.66187858581543 45
1777128282820 17.304880142211914 46
1777128283453 14.53463077545166 47
1777128284094 16.110172271728516 48
1777128284733 17.821800231933594 49
1777128285369 15.777287483215332 50
1777128286007 16.78463363647461 51
1777128286645 15.752208709716797 52
1777128287281 17.292118072509766 53
1777128287914 15.261870384216309 54
1777128288544 15.315431594848633 55
1777128289409 15.373795509338379 56
1777128295975 16.457021713256836 57
1777128296619 13.64989948272705 58
1777128406773 15.591763496398926 59
1777128407399 15.520301818847656 60
1777128408024 14.64046573638916 61
1777128408651 16.0068416595459 62
1777128409276 15.421875 63
1777128409898 13.580836296081543 64
1777128410523 13.642725944519043 65
1777128411148 15.765357971191406 66
