1777128216515 50909.5859375 1
1777128219734 49506.42578125 2
1777128220476 48155.0390625 3
1777128221181 46511.9921875 4
1777128221868 44379.5390625 5
1777128222574 41961.88671875 6
1777128223317 39339.44140625 7
1777128224040 36634.56640625 8
1777128224707 33703.828125 9
1777128225370 30744.17578125 10
1777128226040 27620.326171875 11
1777128226718 24466.4609375 12
1777128227377 21169.33203125 13
1777128228026 17955.17578125 14
1777128228671 14796.10546875 15
1777128229313 11634.1865234375 16
1777128235142 8970.8095703125 17
1777128263397 6565.1064453125 18
1777128264412 4816.8701171875 19
1777128265234 3344.42626953125 20
1777128265957 2457.248291015625 21
1777128266671 1854.5614013671875 22
1777128267371 1421.7420654296875 23
1777128268067 1276.710205078125 24
1777128268769 1067.3045654296875 25
1777128269486 984.5789794921875 26
1777128270173 929.6185913085938 27
1777128270855 903.1824951171875 28
1777128271537 844.90283203125 29
1777128272221 824.3057861328125 30
1777128272897 727.6593017578125 31
1777128273565 733.377685546875 32
1777128274277 648.4700317382812 33
1777128274979 642.9189453125 34
1777128275644 645.388671875 35
1777128276305 647.680419921875 36
1777128276976 587.7824096679688 37
1777128277636 548.0380249023438 38
1777128278287 584.32177734375 39
1777128278962 550.0314331054688 40
1777128279612 534.11376953125 41
1777128280260 622.541748046875 42
1777128280905 525.081298828125 43
1777128281542 525.9722290039062 44
1777128282184 562.7073364257812 45
1777128282820 529.6915283203125 46
1777128283453 371.66796875 47
1777128284094 469.3871154785156 48
1777128284733 547.5391235351562 49
1777128285369 450.9700622558594 50
1777128286007 496.6905517578125 51
1777128286645 428.7560119628906 52
1777128287281 503.09521484375 53
1777128287914 411.3016662597656 54
1777128288544 423.96502685546875 55
1777128289409 427.2470703125 56
1777128295975 483.4536437988281 57
1777128296619 330.9453125 58
1777128406773 430.6087646484375 59
1777128407399 423.86956787109375 60
1777128408024 383.9678955078125 61
1777128408651 473.3875427246094 62
1777128409276 428.0259094238281 63
1777128409898 336.90325927734375 64
1777128410523 332.6891174316406 65
1777128411148 438.59747314453125 66
