1777303706103 -1.7479548514963237 1
1777303707226 -1.4677983020177288 2
1777303708350 -0.9849342992938585 3
1777303709467 -0.3890319344765856 4
1777303710589 0.19488118282721684 5
1777303711704 0.6145262688106833 6
1777303712819 0.834401357879256 7
1777303713932 0.9118145931803561 8
1777303715070 0.933171082811368 9
1777303716191 0.9475256327437629 10
1777303717306 0.9496396573733927 11
1777303718429 0.9561052578238307 12
1777303719548 0.9580131263893403 13
1777303720666 0.9626269218567971 14
1777303721784 0.9648575816756957 15
1777303722900 0.9623271615730531 16
1777303724016 0.9655056456195215 17
1777303725127 0.9630676311996759 18
1777303726261 0.9667636078191061 19
1777303727375 0.9685839166908068 20
1777303728489 0.9715574152903808 21
1777303729606 0.9701355557172022 22
1777303730715 0.969859573981074 23
1777303731832 0.9686779228367429 24
1777303732946 0.9736545199993814 25
1777303734056 0.9696631882985225 26
1777303735165 0.9737070471286937 27
1777303736281 0.9765388338137664 28
1777303737404 0.973294940792249 29
1777303738520 0.9783519745254775 30
1777303739630 0.9761065099168071 31
1777303740742 0.9780453436703802 32
1777303741861 0.9795429215775917 33
1777303742976 0.980312133645838 34
1777303744089 0.9774720114592548 35
1777303745200 0.9793756866552537 36
1777303746317 0.9795008953879215 37
1777303747445 0.9813433885893641 38
1777303748567 0.9802006475386467 39
1777303749680 0.9819922059124678 40
1777303750795 0.9837212952314409 41
1777303751906 0.9835288930756014 42
1777303753021 0.9836810643738216 43
1777303754131 0.983806157799156 44
1777303755251 0.9840412336437773 45
1777303759821 0.985137143581323 46
1777303760946 0.9867384975375186 47
1777303762065 0.9858332650047457 48
1777303763186 0.9869185184737639 49
1777303764307 0.9862329365375772 50
1777303765427 0.9879314868183322 51
1777303766536 0.9858296262462215 52
1777303767655 0.98869587815735 53
1777303768788 0.9875677637749982 54
1777303769907 0.9887276900723629 55
1777303771029 0.9890862990035396 56
1777303772150 0.9892081252518106 57
1777303773258 0.9871056040770391 58
