1777387717092 42055.4609375 1
1777387717928 41186.83203125 2
1777387719565 40464.0859375 3
1777387722226 39749.05078125 4
1777387722735 38975.54296875 5
1777387723933 38049.4375 6
1777387725070 36954.34375 7
1777387725565 35668.6171875 8
1777387726405 34221.19921875 9
1777387727414 32830.20703125 10
1777387730519 31345.78125 11
1777387731766 29877.591796875 12
1777387732732 28318.814453125 13
1777387734700 26719.3046875 14
1777387736100 25143.505859375 15
1777387738325 23508.5 16
1777387739339 21784.982421875 17
1777387739700 20220.162109375 18
1777387741050 18473.65625 19
1777387742327 16766.81640625 20
1777387744257 15112.1279296875 21
1777387745421 13386.3779296875 22
1777387746288 11721.4560546875 23
1777387746645 10023.9443359375 24
1777387747025 8272.154296875 25
1777387748357 6798.3427734375 26
1777387749083 5698.90771484375 27
1777387749764 4716.755859375 28
1777387750628 3841.7783203125 29
1777387750985 3052.834228515625 30
1777387753413 2268.64453125 31
1777387753764 1893.613525390625 32
1777387754110 1618.10888671875 33
1777387756187 1553.9356689453125 34
1777387757447 1461.3516845703125 35
1777387759394 1264.0267333984375 36
1777387761008 1038.37255859375 37
1777387764709 1032.15625 38
1777387765677 906.691162109375 39
1777387766529 757.9605102539062 40
1777387766997 801.7318115234375 41
1777387768254 721.0540161132812 42
1777387770749 833.1559448242188 43
1777387771322 846.6605224609375 44
1777387773412 648.8759765625 45
1777387775480 751.9835815429688 46
1777387776524 675.9598999023438 47
1777387777877 724.73583984375 48
1777387780056 630.9815673828125 49
1777387782020 552.2822265625 50
1777387783077 614.4644165039062 51
1777387783536 668.9823608398438 52
1777387784690 660.7316284179688 53
1777387785055 690.0587158203125 54
1777387787055 626.0347290039062 55
1777387789795 763.9769287109375 56
1777387792244 580.669677734375 57
1777387794829 771.561279296875 58
1777387796354 523.92041015625 59
1777387798609 593.759765625 60
1777387801128 640.6064453125 61
1777387802923 518.9051513671875 62
1777387804790 553.2026977539062 63
1777387806417 500.1665954589844 64
1777387808699 625.419189453125 65
1777387810883 445.3931884765625 66
1777387812404 639.2501220703125 67
1777387813100 472.9974365234375 68
1777387813456 485.0314636230469 69
1777387815698 590.8136596679688 70
1777387816081 467.5769348144531 71
1777387816677 721.7174072265625 72
1777387817464 533.048828125 73
1777387820436 550.5607299804688 74
1777387821658 532.4217529296875 75
1777387824669 479.0920715332031 76
1777387825994 483.9935302734375 77
1777387827167 598.52490234375 78
1777387829641 416.2498779296875 79
1777387830467 387.4547119140625 80
1777387831501 432.4271240234375 81
1777387831900 495.24053955078125 82
1777387834744 396.66046142578125 83
1777387838909 384.42822265625 84
1777387839734 381.6637268066406 85
1777387840080 335.5828552246094 86
1777387843009 404.2621154785156 87
1777387843885 405.3001403808594 88
1777387844736 392.64825439453125 89
1777387846007 417.4791564941406 90
1777387846886 508.9674987792969 91
1777387847368 447.0205078125 92
1777387849359 338.9183044433594 93
1777387850330 357.37939453125 94
1777387850704 406.3634338378906 95
1777387851047 292.549072265625 96
1777387853100 347.50323486328125 97
1777387853821 309.0805969238281 98
1777387855552 371.0126953125 99
1777387858200 386.9075012207031 100
1777387860502 301.4754638671875 101
1777387861025 462.7070007324219 102
1777387861964 374.6666259765625 103
1777387863778 327.9644470214844 104
1777387866889 361.7709655761719 105
1777387868013 416.3708801269531 106
1777387869867 269.9393310546875 107
1777387871582 392.10687255859375 108
1777387872397 350.4688720703125 109
1777387872848 209.42919921875 110
1777387874806 400.0034484863281 111
1777387880448 374.0714416503906 112
1777387882552 286.4632568359375 113
1777387883960 260.8726501464844 114
1777387884789 254.92367553710938 115
1777387886962 299.480712890625 116
1777387896367 324.90325927734375 117
1777387908753 367.7890625 118
1777387909400 332.7789306640625 119
1777387918990 283.7237854003906 120
1777387920817 233.08143615722656 121
1777387921560 333.2060852050781 122
1777387921914 329.3162536621094 123
1777387924018 427.8382873535156 124
1777387924374 303.33038330078125 125
1777387924737 249.0547637939453 126
1777387925931 309.40582275390625 127
1777387926600 249.63961791992188 128
1777387926978 294.345703125 129
1777387928067 288.9764404296875 130
1777387930868 224.16778564453125 131
1777387931931 327.44757080078125 132
1777387934075 273.8217468261719 133
1777387935055 288.7723388671875 134
1777387935414 317.1961364746094 135
1777387939107 300.20550537109375 136
1777387940960 325.1111755371094 137
1777387947943 279.8038635253906 138
1777387948334 281.33441162109375 139
1777387948697 238.71554565429688 140
1777387950311 365.3688049316406 141
1777387951391 224.2529754638672 142
1777387951769 222.37608337402344 143
1777387955438 224.84645080566406 144
1777387957054 259.5862731933594 145
1777387958577 203.91812133789062 146
1777387959979 272.3182373046875 147
1777387961487 256.6919860839844 148
1777387962169 246.05963134765625 149
1777387962940 236.1129608154297 150
1777387964400 247.40219116210938 151
1777387967131 253.2054901123047 152
1777387967496 257.41412353515625 153
1777387970153 208.00999450683594 154
1777387970504 290.1498718261719 155
1777387972111 287.45062255859375 156
1777387972479 214.5245819091797 157
1777387977122 237.99029541015625 158
1777387980953 266.8358154296875 159
1777387982598 318.1202697753906 160
1777387983774 201.34825134277344 161
1777387987031 215.7220001220703 162
1777387988077 240.2548828125 163
1777387989748 249.0498046875 164
1777387992966 258.6001892089844 165
1777387997091 176.56854248046875 166
1777387997884 284.8321838378906 167
1777388002200 214.93710327148438 168
1777388003405 176.5160369873047 169
1777388004781 211.80848693847656 170
1777388008376 217.5834503173828 171
1777388009995 230.15377807617188 172
1777388011755 204.45948791503906 173
1777388014177 252.8256378173828 174
1777388015534 200.41078186035156 175
1777388016825 224.9951934814453 176
1777388018122 226.7172088623047 177
1777388019647 247.4513702392578 178
1777388022087 216.5683135986328 179
1777388116776 216.2859649658203 180
1777388118235 233.13601684570312 181
1777388123433 179.06478881835938 182
1777388124709 265.15972900390625 183
1777388129557 199.90516662597656 184
1777388131402 230.10459899902344 185
1777388133164 208.1427459716797 186
1777388143005 180.56321716308594 187
1777388143351 194.66893005371094 188
