1777205488226 42300.86328125 1
1777205489895 42095.8515625 2
1777205491476 41800.25390625 3
1777205492022 41453.546875 4
1777205492433 41078.11328125 5
1777205493250 40641.12890625 6
1777205543994 40186.234375 7
1777205544355 39744.94140625 8
1777205544716 39294.9140625 9
1777205545074 38845.61328125 10
1777205547235 38379.6796875 11
1777205547603 37891.66015625 12
1777205548684 37389.8203125 13
1777205549218 36844.734375 14
1777205550437 36154.796875 15
1777205550803 35442.90625 16
1777205552338 34787.2890625 17
1777205555482 34070.828125 18
1777205560651 33373.09765625 19
1777205563854 32625.05859375 20
1777205565378 31895.52734375 21
1777205567610 31087.458984375 22
1777205567988 30247.8984375 23
1777205568376 29377.830078125 24
1777205568751 28559.955078125 25
1777205569126 27649.205078125 26
1777205569502 26724.6796875 27
1777205569878 25799.15625 28
1777205571215 25066.5 29
1777205574994 24071.12109375 30
1777205575401 23107.873046875 31
1777205575803 22165.041015625 32
1777205581147 21085.07421875 33
1777205582408 19969.845703125 34
1777205582788 18983.427734375 35
1777205583174 17740.34375 36
1777205583551 16546.44921875 37
1777205583945 15260.1220703125 38
1777205584345 14180.140625 39
1777205584748 13096.052734375 40
1777205585646 12140.392578125 41
1777205661269 11253.3388671875 42
1777205661655 10327.0703125 43
1777205662047 9556.7451171875 44
1777205663791 8533.9599609375 45
1777205664211 7439.57373046875 46
1777205664614 6962.04443359375 47
1777205665016 6113.15478515625 48
1777205665790 5818.84228515625 49
1777205666229 5281.33935546875 50
1777205667640 4375.291015625 51
1777205670096 3981.228515625 52
1777205671929 3652.8837890625 53
1777205758215 3070.096923828125 54
1777205758605 2617.719970703125 55
1777205758996 2429.94384765625 56
1777205760602 2349.696044921875 57
1777205762171 2203.96337890625 58
1777205762839 1793.1636962890625 59
1777205763755 1661.5875244140625 60
1777205764384 1616.494140625 61
1777205765461 1476.6285400390625 62
1777205766141 1323.3994140625 63
1777205767396 1268.7642822265625 64
1777205767942 1212.954833984375 65
1777205768595 1317.08935546875 66
1777205769647 1133.8421630859375 67
1777205770778 1151.3768310546875 68
1777205771155 984.9616088867188 69
1777205771518 1076.3687744140625 70
1777205771879 936.8826904296875 71
1777205772238 887.6801147460938 72
1777205773143 870.868408203125 73
1777205774162 1028.84765625 74
1777205774527 796.6867065429688 75
1777205775031 874.5173950195312 76
1777205775645 646.0115966796875 77
1777205776019 813.95654296875 78
1777205777201 798.2817993164062 79
1777205777572 752.1757202148438 80
1777205778322 872.6687622070312 81
1777205780240 914.2545776367188 82
1777205780612 815.7888793945312 83
1777205780985 735.168212890625 84
1777205781853 701.1971435546875 85
1777205782564 728.6664428710938 86
1777205785222 733.468017578125 87
1777205793204 642.426513671875 88
1777205796069 740.4922485351562 89
1777205796562 788.9488525390625 90
1777205796941 599.9703369140625 91
1777205798215 756.0715942382812 92
1777205798754 714.70361328125 93
1777205800088 756.6699829101562 94
1777205802784 587.2260131835938 95
1777205804323 696.301513671875 96
1777205806070 583.22314453125 97
1777205808373 613.1502685546875 98
1777205814420 667.57275390625 99
1777205814874 628.3490600585938 100
1777205815798 604.0302124023438 101
1777205816625 645.7584838867188 102
1777205818626 756.5137939453125 103
1777205819028 613.878662109375 104
1777205820202 473.69873046875 105
1777205820663 584.6754150390625 106
1777205821064 559.7311401367188 107
1777205822117 537.3876342773438 108
1777205824644 555.1785278320312 109
1777205825304 610.84326171875 110
1777205826841 535.914794921875 111
1777205827397 602.852294921875 112
1777205830700 503.1293640136719 113
1777205831537 701.1843872070312 114
1777205831916 477.4896545410156 115
1777205832297 522.6220703125 116
1777205834563 577.1495971679688 117
1777205834934 536.7484130859375 118
1777205835916 443.122802734375 119
1777205836292 466.563720703125 120
1777205836692 518.1166381835938 121
1777205839415 460.97857666015625 122
1777205839855 442.2942199707031 123
1777205842194 504.6861572265625 124
1777205844074 630.8277587890625 125
1777205845625 555.596435546875 126
1777205846005 522.880126953125 127
1777205846388 550.1779174804688 128
1777205848017 718.057373046875 129
1777205849206 729.8341674804688 130
1777205850918 580.986328125 131
1777205852476 399.6263122558594 132
1777205853646 496.01123046875 133
1777205857094 480.14453125 134
1777205858651 419.6275634765625 135
1777205862666 368.7110900878906 136
1777205863995 376.7817687988281 137
1777205866185 451.3501281738281 138
1777205866742 472.01812744140625 139
1777205868434 443.2523498535156 140
1777205870084 498.3924560546875 141
1777205871488 523.5419921875 142
1777205873208 463.4456787109375 143
1777205874342 507.1972351074219 144
1777205883615 367.4835510253906 145
1777205899260 556.4308471679688 146
1777205899625 393.652099609375 147
1777205900460 333.0433349609375 148
1777205901447 623.844970703125 149
1777205901817 439.3276672363281 150
1777205902572 504.26177978515625 151
1777205903834 513.6630249023438 152
1777205904291 387.1947021484375 153
1777205905296 399.7494201660156 154
1777205905665 412.0611572265625 155
1777205906426 369.5881652832031 156
1777205907389 467.9197082519531 157
1777205908734 396.3077697753906 158
1777205909138 447.9466857910156 159
1777205909522 352.8289794921875 160
1777205909910 335.8044738769531 161
1777205911223 359.3939514160156 162
1777205915979 359.0497741699219 163
1777205917959 368.46453857421875 164
1777205918628 339.04461669921875 165
1777205919055 346.5835876464844 166
1777205920288 317.1444396972656 167
1777205920693 385.08984375 168
1777205922377 325.8946838378906 169
1777205923879 315.91552734375 170
1777205928106 356.5785827636719 171
1777205930731 368.4667053222656 172
1777205933756 437.4632873535156 173
1777205934222 279.98114013671875 174
1777205937176 327.1121520996094 175
1777205937626 278.2540283203125 176
1777205938018 331.9533996582031 177
1777205940358 350.3365783691406 178
1777205942198 379.518310546875 179
1777205942970 279.6620788574219 180
1777205946647 315.06103515625 181
1777205948367 412.0209045410156 182
1777205950503 345.4166259765625 183
1777205951351 278.2911071777344 184
1777205951903 254.64453125 185
1777205952390 237.4004669189453 186
1777205953621 321.84014892578125 187
1777205955070 251.497314453125 188
1777205956231 298.1959533691406 189
1777205956839 312.58447265625 190
1777205957916 288.9141845703125 191
1777205960766 270.8721618652344 192
1777205964793 304.23974609375 193
1777205978365 274.5385437011719 194
1777206000901 294.0310363769531 195
1777206002014 256.1739807128906 196
1777206007347 199.37460327148438 197
1777206009854 266.1606750488281 198
1777206011961 283.3609313964844 199
1777206012389 282.1356506347656 200
1777206012808 291.2100830078125 201
1777206013177 281.2101135253906 202
1777206015499 238.5199432373047 203
1777206016248 268.6452331542969 204
1777206018129 237.1026153564453 205
1777206019524 262.66424560546875 206
1777206019889 269.3387756347656 207
1777206020280 240.57009887695312 208
1777206022346 302.88818359375 209
1777206030973 260.2264099121094 210
1777206032588 240.26104736328125 211
1777206032965 263.1156921386719 212
1777206033346 285.1244812011719 213
1777206033731 232.712890625 214
1777206035374 225.45806884765625 215
1777206035741 276.51153564453125 216
1777206036283 217.50572204589844 217
1777206036643 275.1293640136719 218
1777206038154 265.324462890625 219
1777206038540 238.98484802246094 220
1777206041538 262.52728271484375 221
1777206043429 262.98760986328125 222
1777206043806 228.74034118652344 223
1777206052643 282.4311828613281 224
1777206053543 226.88656616210938 225
1777206054371 240.36520385742188 226
1777206054755 270.8954162597656 227
1777206056789 286.725341796875 228
1777206138365 219.79855346679688 229
1777206142179 287.7572326660156 230
1777206143112 276.4373474121094 231
1777206143758 259.49365234375 232
1777206145194 221.71246337890625 233
1777206146151 218.5699462890625 234
1777206147498 247.2414093017578 235
1777206147916 202.40695190429688 236
1777206148332 215.3507537841797 237
1777206148916 250.47218322753906 238
1777206150089 232.63449096679688 239
1777206150475 229.43125915527344 240
1777206150858 271.8489074707031 241
1777206152028 205.52108764648438 242
1777206153191 215.78831481933594 243
1777206154346 224.14837646484375 244
1777206156787 237.5695343017578 245
1777206157482 189.43746948242188 246
1777206158559 238.55377197265625 247
1777206191130 213.2395782470703 248
1777206191737 187.9982452392578 249
1777206192871 176.3623504638672 250
1777206193232 259.8158264160156 251
1777206194018 219.07656860351562 252
1777206195157 208.4375762939453 253
1777206195525 192.10047912597656 254
1777206195897 189.1737518310547 255
1777206197568 210.3294677734375 256
1777206198075 230.69041442871094 257
1777206198655 202.93026733398438 258
1777206204656 224.39840698242188 259
1777206206417 180.93170166015625 260
1777206206788 192.97439575195312 261
1777206208302 208.82777404785156 262
1777206208667 188.53831481933594 263
1777206209053 218.9381103515625 264
1777206213269 236.7005615234375 265
1777206213650 204.61293029785156 266
1777206214176 190.74790954589844 267
1777206214557 206.10377502441406 268
1777206216062 194.83091735839844 269
1777206218302 205.4042205810547 270
1777206218663 162.398193359375 271
1777206219025 210.67198181152344 272
1777206220879 185.57321166992188 273
1777206222000 196.9044189453125 274
