1777380368213 -1.7975413134714922 1
1777380369414 -1.7340173793998628 2
1777380370266 -1.6633275439523554 3
1777380371441 -1.578726741722964 4
1777380372287 -1.4714884712808676 5
1777380374162 -1.3274004265077304 6
1777380375033 -1.1499158869258777 7
1777380376748 -0.9434436660445409 8
1777380377945 -0.7241677529424155 9
1777380379209 -0.513859985881213 10
1777380380370 -0.30826375504748804 11
1777380382844 -0.10860718973653705 12
1777380384094 0.09254711187244513 13
1777380385813 0.2732718611189344 14
1777380386671 0.435047301833126 15
1777380387523 0.5796244277096241 16
1777380388377 0.6912578254600134 17
1777380389300 0.7808797220793758 18
1777380390195 0.8393405338361141 19
1777380391055 0.8835460532390031 20
1777380392643 0.905953446855869 21
1777380393778 0.9243785336204428 22
1777380394967 0.9272145965245963 23
1777380396812 0.9387178996215291 24
1777380400263 0.9364670820329235 25
1777380402001 0.9500954363105064 26
1777380403730 0.9484208415712768 27
1777380405296 0.9478374972155336 28
1777380406428 0.951949594609836 29
1777380407273 0.950229964747407 30
1777380408444 0.9516094359541812 31
1777380410083 0.9564799897778412 32
1777380410931 0.9511148804535763 33
1777380412380 0.9530849276320161 34
1777380413244 0.9584266788032239 35
1777380414440 0.9587782504305505 36
1777380416106 0.954352923765794 37
1777380417460 0.9610466445204624 38
1777380418574 0.9593191851757483 39
1777380419448 0.9565147076667165 40
1777380420293 0.9556238136250639 41
1777380421137 0.9609905053213885 42
1777380422020 0.9596638542560885 43
1777380423225 0.9589278174229791 44
1777380424062 0.9574928429193853 45
1777380425641 0.962377059314492 46
1777380426525 0.9650484486380358 47
1777380427388 0.9631006749503964 48
1777380428239 0.9645222518642665 49
1777380429091 0.9621881356378005 50
1777380430453 0.9630334891479955 51
1777380431963 0.9652144680672814 52
1777380432903 0.9690330840338427 53
1777380433767 0.9698664081072413 54
1777380434857 0.974153361549079 55
1777380435943 0.9686476424472391 56
1777380436800 0.9675550911681381 57
1777380438167 0.9648000046651317 58
1777380439645 0.9711705036198605 59
1777380440811 0.970985921099317 60
1777380442143 0.9709361342178826 61
1777380443084 0.9702654574973484 62
1777380443984 0.9711513857821087 63
1777380445316 0.9702509499929265 64
1777380446728 0.9697572719221661 65
1777380448030 0.9734617915291165 66
1777380449154 0.9731794397739608 67
1777380450186 0.9741861892102754 68
1777380451555 0.9731567343253213 69
1777380452734 0.9718806203466398 70
1777380453648 0.9704416007225217 71
1777380454502 0.9713591518942922 72
1777380455398 0.9755872991639348 73
1777380456816 0.9738765368143799 74
1777380457660 0.9725911277511015 75
1777380458754 0.9745695685803518 76
1777380460161 0.978282304779119 77
1777380460995 0.9755160791298264 78
1777380462123 0.9744439976098506 79
1777380463249 0.9727891539811537 80
1777380464435 0.9758732506297116 81
1777380465290 0.9785581486213561 82
1777380466145 0.9792302214129741 83
1777380468114 0.9761148983807774 84
1777380469188 0.9795879333403616 85
1777380470262 0.9798315296853374 86
1777380471743 0.9791027015114808 87
1777380473169 0.9766535008400483 88
1777380474009 0.9788687475598709 89
1777380475476 0.9803812944236089 90
1777380476660 0.9783958702272915 91
1777380477526 0.9782102380905477 92
1777380478884 0.9809679591263064 93
1777380480125 0.9806127887335011 94
1777380481283 0.9794579712805428 95
1777380482126 0.9787965285957392 96
1777380483576 0.9806118974470905 97
1777380484420 0.9795786078133479 98
1777380485523 0.9771943053008014 99
1777380486617 0.9805111803914446 100
1777380487770 0.9815257129398307 101
1777380489160 0.9814782822716137 102
1777380490301 0.9809246983873257 103
1777380491174 0.9825169756405437 104
1777380492030 0.982860484526429 105
1777380492870 0.9837209548224793 106
1777380494415 0.98213430765494 107
1777380495252 0.981267463461523 108
1777380496899 0.9840877893274352 109
1777380497845 0.9848201848777643 110
1777380498804 0.9831319701634008 111
1777380499683 0.9820286690747118 112
1777380500653 0.9823665581689912 113
1777380501488 0.9835277621717171 114
1777380502864 0.9866104991335953 115
1777380503956 0.9819199033814412 116
1777380505054 0.983970021146791 117
1777380506134 0.9854977401306215 118
1777380506987 0.9849949987839268 119
1777380507838 0.9839313609206783 120
1777380508707 0.9862035713180123 121
1777380510697 0.9849582006630115 122
1777380512336 0.9845356158996782 123
1777380513471 0.9844003872871154 124
1777380515200 0.985955732639921 125
1777380516392 0.9856913505399484 126
1777380517244 0.9843920020916243 127
1777380518689 0.987315414435215 128
1777380519834 0.9875131123973779 129
1777380521674 0.9842969236486786 130
1777380522795 0.9864663638182556 131
1777380527821 0.9856332089000539 132
1777380529574 0.9870165189483344 133
1777380531480 0.9862697886554603 134
1777380532986 0.9867611842813094 135
1777380537003 0.9861110642260309 136
1777380553867 0.9857169746014425 137
1777380556499 0.9866781125869354 138
1777380557619 0.9849985909894983 139
1777380559700 0.9852683429652248 140
1777380561288 0.9851228095934592 141
1777380563184 0.9872276906918607 142
1777380568983 0.9868891935400597 143
1777380570736 0.9877350073397343 144
1777380572840 0.9865265019735348 145
1777380585399 0.9863242347128195 146
1777380586478 0.9878805292364673 147
1777380587316 0.9873735910639131 148
1777380588318 0.9868929483773405 149
1777380591113 0.9877759236391618 150
1777380592010 0.989284276050645 151
1777380594218 0.9885368745787445 152
1777380596029 0.9887633458893208 153
1777380597925 0.987741997621324 154
1777380599023 0.9887342623850318 155
1777380600289 0.9891056776682957 156
1777380601932 0.9888470265443803 157
1777380612547 0.9886503960545324 158
1777380626714 0.9871719951359241 159
1777380628325 0.9881667146348956 160
1777380629799 0.9874445833009516 161
1777380631282 0.9880147342515019 162
1777380633059 0.9868903286379667 163
1777380635283 0.9893594671289008 164
1777380641999 0.9883169496530593 165
1777380650687 0.98710895256914 166
1777380659206 0.9883278941297597 167
1777380727343 0.9875819843035651 168
1777380730793 0.9863146546533764 169
1777380731662 0.9889224278292752 170
1777380732499 0.9886476900616349 171
1777380733340 0.9882183771074541 172
1777380734487 0.9884096616245179 173
1777380735870 0.9879043757988768 174
1777380736697 0.9877226213832777 175
1777380737564 0.9882410520526959 176
1777380738396 0.9889700967792843 177
1777380739517 0.9890543948747736 178
