1777429027153 157.73447585332963 1
1777429027444 155.9257758730934 2
1777429027741 154.1604466029576 3
1777429028037 152.64837646484375 4
1777429028371 151.10296412876673 5
1777429028650 149.45858372279577 6
1777429029065 147.71932910737536 7
1777429029348 145.88533993675594 8
1777429029647 143.91986955915178 9
1777429029935 141.80013878231958 10
1777429030214 139.53038882300967 11
1777429030493 136.9806880405971 12
1777429030772 134.21158817836218 13
1777429031053 131.1885213216146 14
1777429031333 128.02670208158946 15
1777429031610 124.48958449590774 16
1777429031899 120.30641544886998 17
1777429032176 115.74303123837426 18
1777429032455 111.20754067557199 19
1777429032734 106.46099991571336 20
1777429033013 101.76210516066779 21
1777429033290 96.98047645205543 22
1777429033570 92.56987740652902 23
1777429033847 87.58799423944383 24
1777429034133 82.74170677548364 25
1777429034420 78.02082377842494 26
1777429034704 73.45934273856027 27
1777429034992 68.79878300258092 28
1777429035281 64.27114483061291 29
1777429035565 60.36212194533575 30
1777429035847 55.6128856295631 31
1777429036142 51.22739948091053 32
1777429036428 47.13919953845796 33
1777429036717 43.56272212437221 34
1777429037019 39.416386050269715 35
1777429037310 37.40448760986328 36
1777429037599 34.6045415242513 37
1777429037886 30.354554348900205 38
1777429038172 29.025915327526274 39
1777429038460 27.923206329345703 40
1777429038750 23.946954926990326 41
1777429039032 22.855959065755208 42
1777429039321 21.60182931082589 43
1777429039610 20.4496211823963 44
1777429039908 20.037862759544737 45
1777429040194 19.160260863531203 46
1777429040483 18.40716363816034 47
1777429040769 18.492931820097425 48
1777429041059 19.263738686697824 49
1777429041352 16.50465496608189 50
1777429041642 17.664303280058363 51
1777429041934 15.780559376307897 52
1777429042222 16.81892365955171 53
1777429042513 15.546892129807246 54
1777429042804 13.692302304222471 55
1777429043095 16.9091494787307 56
1777429043382 14.469580695742653 57
1777429043680 14.5026611328125 58
1777429043982 14.829350771222796 59
1777429044268 13.879026939755395 60
1777429044554 15.507863735017322 61
1777429044838 14.751296978905087 62
1777429045124 14.647127060663133 63
1777429045417 12.686684199741908 64
1777429045707 14.043096778506325 65
1777429045995 15.14558323451451 66
1777429046304 13.42720227922712 67
1777429046594 13.930229949951173 68
1777429046886 13.837976328531902 69
1777429047181 12.979741414388021 70
1777429047471 15.103617459251767 71
1777429047770 14.109220504760742 72
1777429048070 13.436544509161086 73
1777429048361 14.883520871117002 74
1777429048656 13.435644930884951 75
1777429048949 15.873705237252372 76
1777429049242 12.658900624229794 77
1777429049539 10.978367451259068 78
1777429049833 11.935390526907785 79
1777429050134 14.09955582391648 80
1777429050444 11.561795157477968 81
1777429050733 12.08129363287063 82
1777429051054 12.64464870634533 83
1777429051369 11.570255770002092 84
1777429051674 12.3275972366333 85
1777429052003 11.967288044520787 86
1777429052353 12.345436604817708 87
1777429052675 11.46202492486863 88
1777429052986 12.49246833437965 89
1777429053304 12.160645130702427 90
1777429053647 11.799455751691546 91
1777429053957 11.590565354483468 92
1777429054264 11.781958679925827 93
1777429054570 11.612016005743117 94
1777429054869 14.148637989589146 95
1777429055165 12.48787959870838 96
1777429055463 11.682385126749674 97
1777429055821 12.398917170933315 98
1777429056136 12.983497365315754 99
1777429056443 11.833104197184245 100
1777429056767 13.48265731448219 101
1777429057088 11.727491633097332 102
1777429057391 13.041470718383788 103
1777429057703 12.5646238781157 104
1777429058009 12.586589767819358 105
1777429058312 12.018319447835287 106
1777429058619 11.510168784005302 107
1777429058927 11.003146416800362 108
1777429059239 11.746471459524972 109
1777429059797 12.46502921694801 110
1777429060160 11.959503591628302 111
1777429060510 10.022429493495396 112
1777429060846 9.756928816295805 113
1777429061177 14.230946132114955 114
1777429061511 11.099324362618583 115
1777429062113 10.94660823458717 116
1777429062552 11.351188895815895 117
1777429063055 9.626326497395834 118
1777429063427 11.176519775390625 119
1777429063782 11.057148013796125 120
1777429064277 11.990752174740745 121
1777429064657 9.523213495526996 122
1777429076597 12.039335232689266 123
1777429076879 10.963479832240514 124
1777429077155 11.17359748113723 125
1777429077436 11.312984575544085 126
1777429077716 10.01814824058896 127
1777429077991 10.360282888866607 128
1777429078270 9.676253754752024 129
1777429078546 11.636171822320847 130
1777429078821 10.799507640656971 131
1777429079096 9.90602118174235 132
1777429079372 10.473418017796108 133
1777429079672 10.006623022896903 134
1777429079967 9.813695725940523 135
1777429080263 10.947255220867339 136
1777429080552 10.673938406081426 137
1777429080853 11.438674640655517 138
1777429081144 11.753562182471866 139
1777429081449 12.193811961582728 140
1777429081743 11.580304100399925 141
1777429082042 9.921012369791667 142
1777429082341 12.572263608660016 143
1777429082631 8.97171638125465 144
1777429082918 10.275911258515858 145
1777429083227 8.4502895627703 146
1777429083525 12.285297175816128 147
1777429083811 9.99589396885463 148
1777429084111 10.774582908267067 149
1777429084396 8.917212568010603 150
1777429084703 9.931932394845145 151
1777429084997 8.019482946395874 152
1777429085289 9.842030570620583 153
1777429085593 10.117794817969912 154
1777429085895 7.789168366931734 155
1777429086207 11.399672753470284 156
1777429086510 9.752518808274042 157
1777429086806 11.713923081897555 158
1777429087111 10.886867577689035 159
1777429087423 10.672062764848981 160
1777429087721 9.234378306070964 161
1777429088032 11.165840167091007 162
1777429088341 9.776811781383696 163
1777429088653 10.64204105195545 164
1777429088960 10.041871134440104 165
1777429089266 9.69388574872698 166
1777429089567 8.211455953688848 167
1777429089870 9.873976298740931 168
1777429090174 9.149971153622582 169
1777429090479 9.944339824858165 170
1777429090784 8.50410657610212 171
1777429091091 9.282496643066406 172
1777429091401 8.426094363984607 173
1777429091706 10.203153119768416 174
1777429092020 11.433858998616536 175
1777429092322 10.215422693888346 176
1777429092624 9.143729500543504 177
1777429092927 8.30415771575201 178
1777429093248 7.893542716616676 179
1777429093620 7.662166804359073 180
1777429093930 9.237485013689314 181
1777429094236 9.793373380388532 182
1777429094549 8.054003452119373 183
1777429094844 8.68269959404355 184
1777429095145 9.329939687819708 185
1777429095452 8.796915054321289 186
1777429095753 9.039348965599423 187
1777429096060 9.242433003016881 188
1777429096361 7.906950124104818 189
1777429096670 7.887727592104957 190
1777429096969 8.604932258242652 191
1777429097276 8.351681436811175 192
1777429097590 7.223696867624919 193
1777429097886 9.632803290230887 194
1777429098196 9.246436001005627 195
1777429098505 7.642887569609142 196
1777429098803 8.377603966849192 197
1777429099123 8.984077035813105 198
1777429099434 9.212103698367164 199
1777429099744 8.778035604386103 200
1777429100052 7.887259397052583 201
1777429100361 7.184398210616338 202
1777429100664 8.654945918491908 203
1777429100972 8.488183166867211 204
1777429101287 7.893151401338123 205
1777429101593 7.706783875964937 206
1777429101902 8.334422656467982 207
1777429102204 7.749339694068546 208
1777429102500 8.313563419523692 209
1777429102785 7.865610665366763 210
1777429103080 7.935315559023903 211
1777429103377 9.782241512480237 212
1777429103663 10.345914695376441 213
1777429103952 8.823366001674108 214
1777429104247 7.850349698747907 215
1777429104553 7.810723668053036 216
1777429104845 7.763206445603144 217
1777429105173 8.437639572506859 218
1777429105485 7.126945386614119 219
1777429105801 7.44512361344837 220
1777429106101 7.44384651184082 221
1777429106415 7.650617563156855 222
1777429106716 8.131313528333392 223
1777429107036 8.634312121073405 224
1777429107356 6.612470293045044 225
1777429107676 6.731333305722191 226
1777429107995 6.898884164719354 227
1777429108303 7.044398280552455 228
1777429108617 6.589557593209403 229
1777429108939 8.26306563786098 230
1777429109251 7.520086706252325 231
1777429109560 7.944070416405087 232
1777429109870 7.191583896818615 233
1777429110227 7.670025562104724 234
1777429110552 7.881883276076544 235
1777429110883 6.757284291585287 236
1777429111203 7.175930250258673 237
1777429111525 7.7728312356131415 238
1777429111846 8.55606553213937 239
1777429112172 6.921018491472517 240
1777429112496 7.366817901248024 241
1777429112808 6.608641742524647 242
1777429113101 5.530712772551037 243
1777429113413 7.543885149274554 244
1777429113712 7.220509211222331 245
1777429114011 7.7818177541097 246
1777429114314 6.265421821957543 247
1777429114618 7.615531839643206 248
1777429114925 8.573779206048874 249
1777429115229 7.141700417654855 250
1777429115539 7.0589068912324455 251
1777429115854 6.765699186779204 252
1777429116156 6.35924768447876 253
1777429116456 6.8274365924653555 254
