1777429027153 202.8453459535121 1
1777429027444 201.41279324126856 2
1777429027741 199.99427726187568 3
1777429028037 198.77924313167108 4
1777429028371 197.55921778355471 5
1777429028650 196.24212762872807 6
1777429029065 194.82962308450428 7
1777429029348 193.29575784274212 8
1777429029647 191.6035029527122 9
1777429029935 189.63426971409993 10
1777429030214 187.27606419067547 11
1777429030493 184.51740263454826 12
1777429030772 181.32350880056893 13
1777429031053 177.96382510744985 14
1777429031333 174.46949724450403 15
1777429031610 170.46245118977083 16
1777429031899 165.51426132851816 17
1777429032176 160.39340672819128 18
1777429032455 155.3657793422509 19
1777429032734 150.39963690531303 20
1777429033013 145.38680895717465 21
1777429033290 140.0588325044158 22
1777429033570 135.24755225372843 23
1777429033847 129.6596732194517 24
1777429034133 124.0463150651804 25
1777429034420 118.21855174448086 26
1777429034704 113.22207506157976 27
1777429034992 107.4025630368056 28
1777429035281 102.99226779988146 29
1777429035565 96.88986781070041 30
1777429035847 91.4221834403445 31
1777429036142 85.10857323608033 32
1777429036428 78.44381199702752 33
1777429036717 74.29088928306587 34
1777429037019 67.94433110205921 35
1777429037310 65.91980657160259 36
1777429037599 60.657874060560964 37
1777429037886 53.681622113479165 38
1777429038172 51.99309787426116 39
1777429038460 49.404745292551354 40
1777429038750 43.40069118248219 41
1777429039032 41.32541047323366 42
1777429039321 39.080731682853475 43
1777429039610 35.94368153358111 44
1777429039908 35.24566407286859 45
1777429040194 34.30312265133908 46
1777429040483 32.31970158203139 47
1777429040769 32.7741852194204 48
1777429041059 33.34776583713106 49
1777429041352 29.37293044571396 50
1777429041642 31.141652995137097 51
1777429041934 28.582686555030566 52
1777429042222 30.35743890185217 53
1777429042513 28.0885505999275 54
1777429042804 25.16232457713317 55
1777429043095 29.91342794443189 56
1777429043382 25.943362242269096 57
1777429043680 26.16798711794026 58
1777429043982 26.230330009405975 59
1777429044268 25.02623623320135 60
1777429044554 27.638638681102424 61
1777429044838 27.354356201940785 62
1777429045124 26.076431612560246 63
1777429045417 23.08447409701892 64
1777429045707 25.229699160445065 65
1777429045995 27.44030608337339 66
1777429046304 24.442743153563875 67
1777429046594 25.109333676848387 68
1777429046886 24.639666377199337 69
1777429047181 23.49923380150537 70
1777429047471 27.403282291927983 71
1777429047770 25.387570729760533 72
1777429048070 24.467888165298028 73
1777429048361 27.106830752367568 74
1777429048656 23.993273746168814 75
1777429048949 27.83169544753562 76
1777429049242 23.5256687957039 77
1777429049539 21.033875526819454 78
1777429049833 22.056186021088845 79
1777429050134 24.932141791990865 80
1777429050444 21.380199848379355 81
1777429050733 22.13892473733516 82
1777429051054 23.764600261437966 83
1777429051369 21.205459409997758 84
1777429051674 22.570896604591415 85
1777429052003 22.1832673669642 86
1777429052353 22.30562402258922 87
1777429052675 21.921495647777935 88
1777429052986 23.17441800568773 89
1777429053304 22.41493999349785 90
1777429053647 22.59918392362149 91
1777429053957 22.13678871360481 92
1777429054264 21.56138824692802 93
1777429054570 21.811910976556334 94
1777429054869 25.70889705326373 95
1777429055165 22.886734417664034 96
1777429055463 22.249415014913524 97
1777429055821 22.81244648966327 98
1777429056136 23.813162566651688 99
1777429056443 21.88823330193824 100
1777429056767 25.07424035333623 101
1777429057088 22.45309917578543 102
1777429057391 23.810732638235457 103
1777429057703 23.133663389872723 104
1777429058009 23.184200247437506 105
1777429058312 22.260681331657604 106
1777429058619 21.72982589097191 107
1777429058927 20.879559961117998 108
1777429059239 22.60803328344402 109
1777429059797 22.895338678497968 110
1777429060160 22.027227026313366 111
1777429060510 19.298775051952376 112
1777429060846 19.871525682719593 113
1777429061177 25.675280558122072 114
1777429061511 21.139851242307145 115
1777429062113 20.722629373804438 116
1777429062552 21.548757934179395 117
1777429063055 18.663162356642314 118
1777429063427 21.335046381518897 119
1777429063782 21.089970726256947 120
1777429064277 22.59131521610372 121
1777429064657 18.77893681808366 122
1777429076597 23.040520840161957 123
1777429076879 21.902850574325935 124
1777429077155 21.144831811899465 125
1777429077436 21.789899337416994 126
1777429077716 19.345899422432925 127
1777429077991 19.839480347749788 128
1777429078270 18.90749527794591 129
1777429078546 21.4121463423527 130
1777429078821 20.572367888909643 131
1777429079096 19.39276293235161 132
1777429079372 20.611513109334066 133
1777429079672 19.499895144449656 134
1777429079967 19.500052427563737 135
1777429080263 21.094089985686008 136
1777429080552 20.991429351074974 137
1777429080853 21.42145117765462 138
1777429081144 21.987004690137777 139
1777429081449 24.308568327662265 140
1777429081743 22.446839325462392 141
1777429082042 20.217769640306905 142
1777429082341 23.554070783800434 143
1777429082631 18.64905689299185 144
1777429082918 19.814677121854885 145
1777429083227 16.737722879397303 146
1777429083525 23.21679547838496 147
1777429083811 20.191478419899074 148
1777429084111 20.774690576629233 149
1777429084396 17.636539225968928 150
1777429084703 19.443038298610894 151
1777429084997 16.35469951692976 152
1777429085289 19.270383669444108 153
1777429085593 19.555200939623774 154
1777429085895 15.808356786431327 155
1777429086207 22.228030212963933 156
1777429086510 19.323172080381806 157
1777429086806 22.020683276032997 158
1777429087111 21.08173558308975 159
1777429087423 20.170089725413966 160
1777429087721 18.71343276681135 161
1777429088032 22.370791247190848 162
1777429088341 19.56295161594319 163
1777429088653 20.273648993357348 164
1777429088960 19.471500012688818 165
1777429089266 18.82545364866741 166
1777429089567 16.800189534889274 167
1777429089870 19.6893026828458 168
1777429090174 18.395955080671353 169
1777429090479 19.310316042573266 170
1777429090784 17.270612260471907 171
1777429091091 18.53309187331584 172
1777429091401 16.840025424530335 173
1777429091706 20.08807055476661 174
1777429092020 22.013686344513257 175
1777429092322 20.824136316311236 176
1777429092624 17.981139580550348 177
1777429092927 16.802464549625043 178
1777429093248 16.346927720475108 179
1777429093620 16.031533638450853 180
1777429093930 19.41532707777825 181
1777429094236 19.49111579593901 182
1777429094549 16.701274087695936 183
1777429094844 17.55992460543147 184
1777429095145 18.80131162572591 185
1777429095452 18.032467700163 186
1777429095753 18.558331878940688 187
1777429096060 18.105730428934216 188
1777429096361 16.927345751171018 189
1777429096670 16.215063480955177 190
1777429096969 17.312952139007898 191
1777429097276 17.45168501361554 192
1777429097590 15.350803595268484 193
1777429097886 19.028485277423556 194
1777429098196 18.83691849244498 195
1777429098505 15.835186391443512 196
1777429098803 16.96768348110147 197
1777429099123 17.743142966071517 198
1777429099434 18.03335786395893 199
1777429099744 17.570210892047246 200
1777429100052 16.33026114914329 201
1777429100361 15.229092132900858 202
1777429100664 17.572447867962666 203
1777429100972 17.093674124317435 204
1777429101287 16.179462101580643 205
1777429101593 15.822109272966836 206
1777429101902 17.074147702751976 207
1777429102204 15.731669097640474 208
1777429102500 17.166862610127687 209
1777429102785 16.27585833230079 210
1777429103080 16.581403201445475 211
1777429103377 19.26972961014365 212
1777429103663 20.546528930070373 213
1777429103952 17.42766509725808 214
1777429104247 16.361411010779964 215
1777429104553 16.297727948376636 216
1777429104845 16.063314098107313 217
1777429105173 17.191113789122184 218
1777429105485 15.183017901351938 219
1777429105801 15.864412877483542 220
1777429106101 15.560956640966237 221
1777429106415 16.265359515424663 222
1777429106716 16.833000758949108 223
1777429107036 17.396950009381133 224
1777429107356 14.281863810831302 225
1777429107676 14.465503039930626 226
1777429107995 14.736598764289148 227
1777429108303 14.71934193840232 228
1777429108617 14.092648888180918 229
1777429108939 16.79420036844937 230
1777429109251 15.807317193485703 231
1777429109560 16.434213520075655 232
1777429109870 15.268680825000638 233
1777429110227 15.862127416637424 234
1777429110552 16.18217516184861 235
1777429110883 14.484741601347691 236
1777429111203 14.838277671378497 237
1777429111525 16.115988882356863 238
1777429111846 17.25194593870138 239
1777429112172 14.834114368464324 240
1777429112496 15.364546036324787 241
1777429112808 14.291432963574497 242
1777429113101 12.482254249236318 243
1777429113413 16.033728335478855 244
1777429113712 15.477911191865692 245
1777429114011 16.19937181549942 246
1777429114314 13.591738918228566 247
1777429114618 15.60454618283613 248
1777429114925 16.815011102841172 249
1777429115229 15.181339474410835 250
1777429115539 14.9119240380182 251
1777429115854 14.585492887907598 252
1777429116156 13.994806143674282 253
1777429116456 14.787247519703739 254
