1777148155717 -1.7453453354272153 1
1777148156691 -1.6645542303074672 2
1777148157416 -1.5862850205957897 3
1777148237358 -1.4893034800221427 4
1777148238014 -1.366302976209416 5
1777148255670 -1.219675945941315 6
1777148256367 -1.063978538971982 7
1777148257074 -0.9016783062659217 8
1777148257761 -0.7312191838468097 9
1777148258461 -0.5561384216960412 10
1777148259143 -0.3701407062896369 11
1777148259816 -0.1914584518828183 12
1777148260481 -0.011983258116349815 13
1777148261323 0.19083495946171497 14
1777148261990 0.36912790414328406 15
1777148262645 0.5131200436283551 16
1777148263302 0.6527973503022085 17
1777148263976 0.7451671386493173 18
1777148264624 0.82564837366365 19
1777148265306 0.8750609548615227 20
1777148265950 0.9017911661039258 21
1777148266593 0.9091756250476783 22
1777148267231 0.9273839189313862 23
1777148267870 0.9278596335902595 24
1777148268509 0.9378971315036579 25
1777148269146 0.9421464129228172 26
1777148269785 0.9496468592297926 27
1777148270430 0.9530419803192128 28
1777148271071 0.9506898038858719 29
1777148271714 0.953778032588128 30
1777148274279 0.951239985152986 31
1777148275025 0.9523864152279082 32
1777148275745 0.9519396514799652 33
1777148276466 0.9509811225068752 34
1777148277163 0.9625185924996923 35
1777148277861 0.956501563950843 36
1777148278561 0.9657386433755462 37
1777148279264 0.9611943684053996 38
1777148279966 0.9598923362619118 39
1777148391859 0.9608412775585261 40
1777148513508 0.9695093665941299 41
1777148514743 0.9651736766595953 42
1777148539537 0.9659407965699058 43
1777148649575 0.9640119271707801 44
1777148657715 0.9676392946184276 45
1777148658351 0.9710522145500253 46
1777148658982 0.9716669819035755 47
1777148659610 0.966300755726786 48
1777148660269 0.9667470633225026 49
1777148660902 0.9694541816746556 50
1777148661535 0.9719837286525945 51
1777148662175 0.9727427316310594 52
1777148662840 0.9644159334555561 53
1777148663497 0.973209054368457 54
1777148664153 0.9774704639117541 55
1777148664817 0.9681099800969797 56
1777148665456 0.9738686389669557 57
1777148666091 0.9738528290747082 58
1777148666725 0.9737761935770619 59
1777148667356 0.9731315507761278 60
1777148667987 0.9743511182868232 61
1777148668616 0.9733110125317559 62
1777148669251 0.9739353632841785 63
1777148669881 0.9760743289205813 64
1777148670509 0.97565538442856 65
1777148672222 0.9782471982715566 66
1777148672886 0.9784886904701717 67
1777148673545 0.980722240147853 68
1777148674195 0.9779304853679056 69
1777148674859 0.9776591180219143 70
1777148675503 0.979125900402407 71
1777148676148 0.980766852279179 72
1777148676808 0.9822957674400254 73
1777148685016 0.9841709030534146 74
1777148685696 0.9795877669416524 75
1777148686400 0.9835028677057522 76
1777148687062 0.9790728965246662 77
1777148713213 0.9823367886632755 78
1777148731752 0.9841950593270358 79
1777148732399 0.9847097980289781 80
1777148733045 0.9827939962991912 81
1777148733690 0.9841451960627746 82
1777148734330 0.9832472020182332 83
1777148734959 0.9845914268439646 84
1777148735587 0.9845946905660361 85
1777148736212 0.9863549654072469 86
1777148736840 0.9853046689911482 87
1777148737467 0.986237868553105 88
1777148747785 0.9828268298744827 89
1777148748553 0.9845553931485922 90
1777148749682 0.9841891524330956 91
1777148750442 0.9814758584177599 92
1777148751137 0.9869112934296562 93
1777148751821 0.9861552409355221 94
1777148752500 0.987467418442922 95
1777148753182 0.9864431190924583 96
1777148753858 0.9855936994125853 97
1777148754542 0.987561874977042 98
1777148755222 0.9850897815019126 99
1777148755903 0.9868871975782237 100
1777148756587 0.986452995292028 101
1777148805751 0.9870353637582574 102
