1777429100257 40787.46484375 1
1777429100614 39901.453125 2
1777429100932 39219.66015625 3
1777429101242 38544.8671875 4
1777429101549 37821.16015625 5
1777429101854 37044.02734375 6
1777429102162 36177.80078125 7
1777429102475 35138.8984375 8
1777429102765 33876.109375 9
1777429103056 32526.716796875 10
1777429103351 30993.708984375 11
1777429103636 29512.56640625 12
1777429103926 27677.10546875 13
1777429104228 25759.458984375 14
1777429104530 23939.3046875 15
1777429104825 22262.4140625 16
1777429105149 20495.666015625 17
1777429105487 18670.517578125 18
1777429105833 17041.333984375 19
1777429106148 15306.7353515625 20
1777429106477 13676.4453125 21
1777429106787 12019.9345703125 22
1777429107109 10635.4794921875 23
1777429107425 9160.6240234375 24
1777429107740 7891.37939453125 25
1777429108058 6671.3994140625 26
1777429108369 5770.13818359375 27
1777429108694 4723.58251953125 28
1777429109007 3831.025634765625 29
1777429109340 3192.216064453125 30
1777429109667 2844.4189453125 31
1777429110019 2436.264892578125 32
1777429110390 1962.1605224609375 33
1777429110719 1791.6099853515625 34
1777429111041 1395.7576904296875 35
1777429111363 1264.8184814453125 36
1777429111706 1131.8895263671875 37
1777429112033 1126.139404296875 38
1777429112371 966.6033935546875 39
1777429112708 917.8179321289062 40
1777429113007 936.9072875976562 41
1777429113310 874.2427368164062 42
1777429113640 836.9022827148438 43
1777429113976 855.015625 44
1777429114294 880.2470092773438 45
1777429114617 852.2116088867188 46
1777429114935 750.0588989257812 47
1777429115239 778.5216064453125 48
1777429115557 815.6660766601562 49
1777429115872 663.34716796875 50
1777429116171 641.4246826171875 51
1777429116495 665.3291625976562 52
1777429116804 625.9558715820312 53
1777429117117 666.7544555664062 54
1777429117420 683.7479248046875 55
1777429117725 570.6453247070312 56
1777429118044 558.2788696289062 57
1777429118351 680.95751953125 58
1777429118664 576.5916137695312 59
1777429118964 683.9669799804688 60
1777429119264 790.614013671875 61
1777429119567 645.8473510742188 62
1777429119883 463.02313232421875 63
1777429120206 562.328369140625 64
1777429120521 485.97369384765625 65
1777429120817 543.3241577148438 66
1777429121142 649.1128540039062 67
1777429121443 513.4552001953125 68
1777429121754 521.0987548828125 69
1777429122059 465.14556884765625 70
1777429122363 411.0146179199219 71
1777429122690 519.8676147460938 72
1777429123001 505.2665100097656 73
1777429123315 521.1342163085938 74
1777429123616 546.103759765625 75
1777429123926 456.5013427734375 76
1777429124246 416.90576171875 77
1777429124561 434.94281005859375 78
1777429124873 494.5296936035156 79
1777429125172 532.825927734375 80
1777429125523 400.2330017089844 81
1777429125812 645.9176635742188 82
1777429126092 467.2493591308594 83
1777429126372 347.0758972167969 84
1777429126678 462.05450439453125 85
1777429126963 438.4300537109375 86
1777429127243 369.55804443359375 87
1777429127526 329.5842590332031 88
1777429127812 573.2350463867188 89
1777429128095 465.87872314453125 90
1777429128378 480.3315124511719 91
1777429128659 409.3106384277344 92
1777429128940 398.3722839355469 93
1777429129217 588.1198120117188 94
1777429129500 578.2472534179688 95
1777429129798 559.2557373046875 96
1777429130102 442.30975341796875 97
1777429130399 500.1650390625 98
1777429130699 424.0918273925781 99
1777429130997 449.5182800292969 100
1777429131303 456.3580017089844 101
1777429131588 448.7689208984375 102
1777429131871 555.477783203125 103
1777429132162 397.01397705078125 104
1777429132458 309.5168762207031 105
1777429132763 402.4002380371094 106
1777429133046 579.49755859375 107
1777429133346 460.0564880371094 108
1777429133641 446.6145935058594 109
1777429133918 435.5950927734375 110
1777429134198 473.34356689453125 111
1777429134494 436.7711181640625 112
1777429134799 479.74993896484375 113
1777429135090 354.4300231933594 114
1777429135392 526.3134765625 115
1777429135705 461.0229187011719 116
1777429136024 517.6795654296875 117
1777429136346 426.8553466796875 118
1777429136672 378.5059509277344 119
1777429136981 375.5299072265625 120
1777429137289 336.7610778808594 121
1777429137585 468.7112731933594 122
1777429137884 467.1163635253906 123
1777429138178 427.157958984375 124
1777429138484 395.13006591796875 125
1777429138805 391.1595458984375 126
1777429139132 413.0159912109375 127
1777429139440 408.5239562988281 128
1777429139755 428.85638427734375 129
1777429140074 353.1708679199219 130
1777429140406 351.73590087890625 131
1777429140706 335.05670166015625 132
1777429141003 406.8059997558594 133
1777429141310 294.07122802734375 134
1777429141829 265.1685485839844 135
1777429142122 311.37908935546875 136
1777429142423 376.15325927734375 137
1777429142715 325.7294921875 138
1777429143019 286.62835693359375 139
1777429143313 298.4739074707031 140
1777429143617 326.08355712890625 141
1777429143923 435.41693115234375 142
1777429144236 308.1769714355469 143
1777429144563 348.2180480957031 144
1777429144887 402.45147705078125 145
1777429145209 292.0351867675781 146
1777429145502 292.4132080078125 147
1777429145807 259.4869689941406 148
1777429146118 313.714111328125 149
1777429146420 304.5028381347656 150
1777429146715 253.09957885742188 151
1777429147015 297.2979736328125 152
1777429147332 268.3216552734375 153
1777429147641 304.023681640625 154
1777429147945 251.01516723632812 155
1777429148251 282.1185302734375 156
1777429148554 294.4937438964844 157
1777429148853 431.21734619140625 158
1777429149148 284.9788818359375 159
1777429149447 260.22430419921875 160
1777429149743 285.79632568359375 161
1777429150050 287.6878356933594 162
1777429150351 261.6572265625 163
1777429150658 350.8636169433594 164
1777429150967 208.68162536621094 165
1777429151265 298.3028564453125 166
1777429151565 261.6667785644531 167
1777429151863 240.5472869873047 168
1777429152176 286.1832580566406 169
1777429152485 237.10784912109375 170
1777429152780 227.0198974609375 171
1777429153117 212.4652557373047 172
1777429153421 199.63894653320312 173
1777429153725 206.9302978515625 174
1777429154020 304.6477966308594 175
1777429154315 339.8873596191406 176
1777429154622 261.94525146484375 177
1777429154996 258.4677734375 178
1777429155297 226.46600341796875 179
1777429155603 245.85662841796875 180
1777429155909 286.8492126464844 181
1777429156224 240.81979370117188 182
1777429156520 250.98927307128906 183
1777429156817 191.88729858398438 184
1777429157131 263.8923645019531 185
1777429157432 218.85284423828125 186
1777429157728 215.30032348632812 187
1777429158031 216.27157592773438 188
1777429158333 226.73587036132812 189
1777429158643 225.14859008789062 190
1777429158956 215.51531982421875 191
1777429159272 213.10272216796875 192
1777429159590 168.21815490722656 193
1777429159902 222.3690643310547 194
1777429160216 215.53482055664062 195
1777429160516 224.9120330810547 196
1777429160813 213.34140014648438 197
1777429161119 450.2028503417969 198
1777429161424 270.1036071777344 199
1777429161702 225.1739959716797 200
1777429161999 255.40260314941406 201
1777429162308 265.9418640136719 202
1777429162609 224.80349731445312 203
1777429162909 221.25721740722656 204
1777429163214 198.355224609375 205
1777429163521 199.77369689941406 206
1777429163838 196.41294860839844 207
1777429164132 247.34054565429688 208
1777429164426 268.60321044921875 209
1777429164718 182.9900360107422 210
1777429165009 161.92037963867188 211
1777429165294 205.16024780273438 212
1777429165574 169.43780517578125 213
1777429165852 216.9243927001953 214
1777429166149 208.42388916015625 215
1777429166471 213.82418823242188 216
1777429166788 169.95997619628906 217
1777429167101 210.6705322265625 218
1777429167410 260.2518310546875 219
1777429167717 258.5507507324219 220
1777429168030 240.85792541503906 221
1777429168338 192.00022888183594 222
1777429168648 186.46923828125 223
1777429168955 248.95660400390625 224
1777429169261 251.86245727539062 225
1777429169574 181.34259033203125 226
1777429169878 160.43472290039062 227
1777429170198 218.85655212402344 228
1777429170476 176.05572509765625 229
