1777374193090 40948.8984375 1
1777374194061 40407.38671875 2
1777374194496 39824.65625 3
1777374194921 39340.44921875 4
1777374195627 38844.27734375 5
1777374196057 38161.1171875 6
1777374196494 37303.44140625 7
1777374196913 36571.00390625 8
1777374197329 35850.00390625 9
1777374197756 35124.35546875 10
1777374198227 34390.0078125 11
1777374198633 33609.8203125 12
1777374199039 32666.9609375 13
1777374199480 31494.568359375 14
1777374199917 30251.173828125 15
1777374200335 29051.111328125 16
1777374200749 27915.01953125 17
1777374201157 26752.197265625 18
1777374201571 25497.19140625 19
1777374201984 24390.474609375 20
1777374202402 23118.642578125 21
1777374202824 21809.521484375 22
1777374203230 20450.642578125 23
1777374203648 18791.560546875 24
1777374204069 16919.919921875 25
1777374204473 15335.0380859375 26
1777374204896 13787.51171875 27
1777374205309 12574.1904296875 28
1777374205740 11062.501953125 29
1777374206157 10115.251953125 30
1777374206620 9015.2080078125 31
1777374207047 8034.083984375 32
1777374207747 6983.93408203125 33
1777374208167 6347.41748046875 34
1777374208595 5463.3095703125 35
1777374209009 4928.48583984375 36
1777374209427 4601.013671875 37
1777374209946 3749.6015625 38
1777374210411 3328.27001953125 39
1777374210839 2898.86865234375 40
1777374211259 2613.213623046875 41
1777374211688 2395.40380859375 42
1777374212110 2076.999755859375 43
1777374212546 1802.6732177734375 44
1777374212971 1776.1502685546875 45
1777374213401 1800.7799072265625 46
1777374213816 1602.190673828125 47
1777374214229 1559.2073974609375 48
1777374214638 1435.1845703125 49
1777374215054 1383.7166748046875 50
1777374215473 1467.4339599609375 51
1777374215895 1191.09375 52
1777374216336 1283.179443359375 53
1777374216758 1249.21630859375 54
1777374217179 1256.324462890625 55
1777374217604 1195.7274169921875 56
1777374218027 1219.4788818359375 57
1777374218441 932.4558715820312 58
1777374218868 1014.7937622070312 59
1777374219286 997.2166748046875 60
1777374220496 1115.6265869140625 61
1777374221309 975.900146484375 62
1777374221728 979.932861328125 63
1777374222166 903.8648071289062 64
1777374222598 1059.85791015625 65
1777374223039 952.3937377929688 66
1777374223459 926.6641845703125 67
1777374224106 955.7626342773438 68
1777374224760 972.7929077148438 69
1777374225183 820.0841674804688 70
1777374225613 941.3508911132812 71
1777374226039 926.6305541992188 72
1777374226450 761.2701416015625 73
1777374226875 860.4458618164062 74
1777374227281 864.6694946289062 75
1777374227701 874.8197021484375 76
1777374228100 781.6012573242188 77
1777374228524 811.6286010742188 78
1777374228945 823.498779296875 79
1777374229354 734.9942016601562 80
1777374229781 679.0615844726562 81
1777374230329 878.6218872070312 82
1777374230793 712.7659912109375 83
1777374231746 721.2310791015625 84
1777374232172 697.5695190429688 85
1777374232613 735.8693237304688 86
1777374233044 734.9258422851562 87
1777374233473 696.694580078125 88
1777374233900 740.710693359375 89
1777374234340 622.9673461914062 90
1777374234761 670.4727783203125 91
1777374235187 718.6771850585938 92
1777374235615 568.67041015625 93
1777374236053 689.09228515625 94
1777374236487 633.3107299804688 95
1777374236907 561.6521606445312 96
1777374237344 558.2459106445312 97
1777374237807 595.562744140625 98
1777374238228 573.1929931640625 99
1777374238653 653.3553466796875 100
1777374239419 620.0064086914062 101
1777374239850 494.4505920410156 102
1777374240309 565.4014892578125 103
1777374240745 460.12188720703125 104
1777374241183 522.06591796875 105
1777374241628 616.275634765625 106
1777374242075 572.1432495117188 107
1777374242504 472.5462646484375 108
1777374242925 709.615966796875 109
1777374243379 442.83172607421875 110
1777374243999 516.73876953125 111
1777374244421 592.3616333007812 112
1777374244841 547.0872192382812 113
1777374245278 534.9898681640625 114
1777374245690 619.5177612304688 115
1777374246142 558.8577880859375 116
1777374246565 528.367431640625 117
1777374246992 498.06390380859375 118
1777374247426 546.3156127929688 119
1777374247856 476.66217041015625 120
1777374248463 407.7967224121094 121
1777374248911 449.76629638671875 122
1777374249353 513.9940185546875 123
1777374249784 474.1777038574219 124
1777374250250 424.7043151855469 125
1777374250679 494.89056396484375 126
1777374251120 456.4604187011719 127
1777374251537 567.2740478515625 128
1777374251972 614.4566040039062 129
1777374252394 452.2311096191406 130
1777374252813 438.5892028808594 131
1777374253248 542.0859375 132
1777374253704 440.5912170410156 133
1777374254130 425.02325439453125 134
1777374254563 397.2832946777344 135
1777374254975 515.5811157226562 136
1777374255396 423.7784729003906 137
1777374255835 471.4435729980469 138
1777374256252 552.1044921875 139
1777374256884 452.201416015625 140
1777374257303 444.3660583496094 141
1777374257750 358.6695556640625 142
1777374258181 349.8415832519531 143
1777374258630 406.26055908203125 144
1777374259074 383.5657653808594 145
1777374259521 396.45257568359375 146
1777374259964 501.9082336425781 147
1777374260513 498.6719055175781 148
1777374260933 448.6438903808594 149
1777374261349 405.5473327636719 150
1777374261765 372.0950012207031 151
1777374262178 373.9841613769531 152
1777374262603 373.8325500488281 153
1777374263475 407.0942077636719 154
1777374263886 474.4327087402344 155
1777374264315 453.7215270996094 156
1777374264739 442.64300537109375 157
1777374265173 382.39459228515625 158
1777374265593 414.959716796875 159
1777374266025 326.799560546875 160
1777374266454 513.7656860351562 161
1777374266880 370.0338134765625 162
1777374267282 372.5445556640625 163
1777374267698 312.86309814453125 164
1777374268140 415.8949279785156 165
1777374268552 394.6663818359375 166
1777374268993 419.9078063964844 167
1777374269417 406.1268310546875 168
1777374270065 376.6853942871094 169
1777374270565 351.59625244140625 170
1777374270981 402.8041687011719 171
1777374271399 392.5091247558594 172
1777374271799 342.52032470703125 173
1777374272209 336.61956787109375 174
1777374272635 280.274169921875 175
1777374273049 432.5033874511719 176
1777374273471 392.001220703125 177
1777374273890 293.7477722167969 178
1777374274321 404.1290283203125 179
1777374274750 327.2092590332031 180
1777374275180 416.161376953125 181
1777374275616 397.9500427246094 182
1777374276025 362.2013244628906 183
1777374276445 354.3961181640625 184
1777374276866 322.6055908203125 185
1777374277281 440.3887634277344 186
1777374278668 346.2199401855469 187
1777374279087 338.7400207519531 188
1777374279514 335.15008544921875 189
1777374279944 392.090576171875 190
1777374280374 382.9913330078125 191
1777374280787 305.7090148925781 192
1777374281211 367.598388671875 193
1777374281642 345.8948669433594 194
1777374282061 347.8671875 195
1777374282472 320.6509704589844 196
1777374282908 328.1552734375 197
1777374283339 321.7126159667969 198
1777374283759 328.0654296875 199
1777374284207 277.27642822265625 200
1777374284641 372.4794921875 201
1777374285088 324.5966796875 202
1777374285503 359.61724853515625 203
1777374285934 303.34844970703125 204
1777374286346 322.6146240234375 205
1777374286767 286.2468566894531 206
1777374287197 285.24407958984375 207
1777374287642 265.2906494140625 208
1777374288055 317.40325927734375 209
1777374288494 288.5274353027344 210
1777374288910 347.6766052246094 211
1777374289328 348.5260009765625 212
1777374289786 350.3563537597656 213
1777374290225 302.389404296875 214
1777374291016 273.9836730957031 215
1777374291449 273.4674987792969 216
1777374291862 268.20867919921875 217
1777374292292 292.7679748535156 218
1777374292719 361.02044677734375 219
1777374293170 313.59881591796875 220
1777374293597 377.1252746582031 221
1777374294032 301.6022033691406 222
1777374294987 286.8172302246094 223
1777374295407 363.47967529296875 224
1777374295849 306.0034484863281 225
1777374296278 314.7768249511719 226
1777374296717 305.8448791503906 227
1777374297131 302.29046630859375 228
1777374297574 254.00192260742188 229
1777374297992 329.13671875 230
1777374298422 310.3941650390625 231
1777374298844 297.61810302734375 232
1777374299280 322.1880187988281 233
1777374299699 264.37249755859375 234
1777374300132 254.94313049316406 235
1777374301402 318.71038818359375 236
1777374302051 283.7317810058594 237
1777374302467 320.548583984375 238
1777374302893 308.7019348144531 239
1777374303316 239.1500701904297 240
1777374303766 236.27572631835938 241
1777374304183 261.55560302734375 242
1777374304616 273.1322021484375 243
1777374305047 281.0251770019531 244
1777374305476 295.84124755859375 245
1777374306256 343.56103515625 246
1777374306677 318.7963562011719 247
1777374307101 276.8273010253906 248
1777374307533 252.40052795410156 249
1777374307935 294.0546569824219 250
1777374308367 215.9868621826172 251
1777374308791 254.21914672851562 252
1777374309221 206.1514892578125 253
1777374309646 252.82571411132812 254
1777374310062 253.31744384765625 255
1777374310493 221.4398651123047 256
1777374311014 221.6688690185547 257
1777374311436 220.572998046875 258
1777374311863 215.91600036621094 259
1777374312290 263.69183349609375 260
1777374312712 249.61093139648438 261
1777374313147 250.25296020507812 262
1777374313588 230.95498657226562 263
1777374313998 211.4580841064453 264
1777374314439 243.95364379882812 265
1777374314888 249.377197265625 266
1777374315637 240.3359375 267
1777374316085 223.92575073242188 268
1777374316498 273.937744140625 269
1777374316912 257.8284912109375 270
1777374317338 202.69932556152344 271
1777374317755 199.43284606933594 272
