1777227470769 143.79085709931235 1
1777227472721 113.08702359253292 2
1777227474583 65.95509067705194 3
1777227476436 26.450008138775473 4
1777227478278 18.02506335385829 5
1777227480126 14.730350186718677 6
1777227481942 13.30981647842362 7
1777227483788 13.256376382561749 8
1777227485928 12.665756456052515 9
1777227487790 11.434477023003009 10
1777227489645 11.023474317148814 11
1777227491790 10.518828117868667 12
1777227494214 10.55887324732206 13
1777227496638 10.236449808635768 14
1777227498540 10.235563119044997 15
1777227500342 9.65657875649653 16
1777227502144 9.594577908162194 17
1777227503974 8.626168375779331 18
1777227505778 9.020709556273962 19
1777227507609 8.583783025996267 20
1777227509432 8.151772096277345 21
1777227511229 7.857692643570263 22
1777227513028 7.510696452788854 23
1777227514827 7.147495755838004 24
1777227516620 6.9529684132426 25
1777227518419 7.135799551943997 26
1777227520235 6.673392140193226 27
1777227522070 6.468617607082741 28
1777227524262 6.295327003490324 29
1777227526094 6.065394855465309 30
1777227527931 5.88645517886923 31
1777227529775 5.870975892947053 32
1777227531613 5.752435333467025 33
1777227533456 5.9008725169150695 34
1777227539644 5.9174183122765065 35
1777227543894 5.5814632674423805 36
1777227566030 5.361609831394003 37
1777227576301 5.274557733167881 38
1777227578518 5.2824535596264575 39
1777227580889 5.221864570708233 40
1777227583152 4.859165814340291 41
1777227585078 4.960726924183107 42
1777227586930 4.978072316880042 43
1777227588728 5.091467984677776 44
1777227590551 4.713418547180357 45
1777227592371 4.689259820196678 46
1777227594198 4.586387052790701 47
1777227596037 4.48375487398323 48
1777227597882 4.506522333275317 49
1777227599702 4.476025702366136 50
1777227601585 4.6044610095377845 51
1777227603398 4.3254997458868285 52
1777227605251 4.601212018972334 53
1777227607052 4.325968362768609 54
1777227608854 4.3767744007167195 55
1777227610665 4.297494024056002 56
1777227612481 4.018431142303285 57
1777227614296 4.101574683486531 58
1777227616149 4.108194617489326 59
1777227617958 4.040477127392143 60
1777227619764 4.101483748404846 61
1777227622073 3.8832073686526156 62
1777227624418 3.8500416728226297 63
1777227626269 3.81182130428733 64
1777227628064 4.2107217750775705 65
1777227629881 3.8258025459719693 66
1777227631686 3.828788251254254 67
1777227633497 4.082790365190817 68
1777227635299 3.798816917940134 69
1777227637162 3.869030952623407 70
1777227638966 3.680676772912815 71
1777227640780 3.655166677650429 72
1777227642606 3.702283713004002 73
1777227644835 3.6479772288721466 74
1777227648037 3.694437195186445 75
1777227650028 3.6028628683231703 76
1777227651878 3.6144484178673264 77
1777227653807 3.432228799474699 78
1777227655711 3.7434353698821026 79
1777227657609 3.461216586478032 80
1777227659455 3.518935830996369 81
1777227661278 3.543422650640018 82
1777227663187 3.4600030204308845 83
1777227664984 3.40910828058373 84
