1777379051110 194.57754516601562 1
1777379051896 192.8002471923828 2
1777379052362 191.1773223876953 3
1777379053148 189.7181854248047 4
1777379053571 188.12107849121094 5
1777379054044 186.0933074951172 6
1777379054551 183.43765258789062 7
1777379055921 180.91749572753906 8
1777379057565 178.45516967773438 9
1777379058044 175.98748779296875 10
1777379059394 173.48495483398438 11
1777379059850 170.87832641601562 12
1777379061195 168.02708435058594 13
1777379061634 164.91375732421875 14
1777379062094 161.7173309326172 15
1777379062579 158.36337280273438 16
1777379063034 154.9604949951172 17
1777379063528 151.42552185058594 18
1777379063976 147.57992553710938 19
1777379065156 143.69102478027344 20
1777379066431 139.58604431152344 21
1777379066972 135.40817260742188 22
1777379067411 130.92727661132812 23
1777379068192 126.40616607666016 24
1777379068966 121.58617401123047 25
1777379069794 116.82831573486328 26
1777379070322 111.8848876953125 27
1777379071126 106.95236206054688 28
1777379071564 101.4585952758789 29
1777379071997 96.29615020751953 30
1777379072645 90.78315734863281 31
1777379073081 86.10033416748047 32
1777379073850 81.22120666503906 33
1777379074810 75.87191772460938 34
1777379075240 71.67889404296875 35
1777379075676 66.89216613769531 36
1777379076125 62.07148742675781 37
1777379076819 58.168949127197266 38
1777379077455 53.674747467041016 39
1777379078057 50.79158020019531 40
1777379079034 47.992706298828125 41
1777379080121 44.94679260253906 42
1777379081283 41.737548828125 43
1777379082321 39.96022033691406 44
1777379083154 37.65437316894531 45
1777379084712 34.60438919067383 46
1777379085184 33.250732421875 47
1777379086582 32.17353057861328 48
1777379088132 30.808412551879883 49
1777379088620 30.035552978515625 50
1777379089902 28.93705177307129 51
1777379091122 28.573162078857422 52
1777379092712 27.804140090942383 53
1777379093355 27.98456573486328 54
1777379093827 26.34929084777832 55
1777379095089 27.732250213623047 56
1777379095922 26.964935302734375 57
1777379097223 27.038681030273438 58
1777379097677 26.596424102783203 59
1777379099032 26.56283187866211 60
1777379100025 26.32117462158203 61
1777379100596 24.128887176513672 62
1777379101708 24.191707611083984 63
1777379102144 24.90167236328125 64
1777379102561 25.855878829956055 65
1777379103332 26.36524200439453 66
1777379103970 25.509620666503906 67
1777379104392 25.30044937133789 68
1777379104807 22.941274642944336 69
1777379105738 22.296077728271484 70
1777379106944 23.065715789794922 71
1777379107388 25.057300567626953 72
1777379108259 24.309391021728516 73
1777379108806 22.68830108642578 74
1777379109632 20.898588180541992 75
1777379110060 24.75334358215332 76
1777379110493 22.424577713012695 77
1777379111537 21.84011459350586 78
1777379112234 22.777355194091797 79
1777379112987 23.78519058227539 80
1777379113419 22.558990478515625 81
1777379113837 22.464868545532227 82
1777379115228 21.754629135131836 83
1777379116336 21.454748153686523 84
1777379116754 21.196908950805664 85
1777379117245 22.566373825073242 86
1777379117667 22.158323287963867 87
1777379119012 20.719745635986328 88
1777379119437 20.51997947692871 89
1777379119872 21.051565170288086 90
1777379120299 20.0559024810791 91
1777379120723 21.39666748046875 92
1777379121153 20.803489685058594 93
1777379121575 21.552581787109375 94
1777379121998 21.02573585510254 95
1777379122728 20.786376953125 96
1777379123155 20.890727996826172 97
1777379123573 21.178834915161133 98
1777379124319 21.40557861328125 99
