1777377150608 -1.845424421303082 1
1777377152208 -1.7787382882939493 2
1777377154014 -1.7104245358372472 3
1777377156772 -1.6332546346400159 4
1777377158660 -1.5370007999354296 5
1777377159773 -1.4050285379837757 6
1777377160974 -1.229945303143172 7
1777377162340 -1.0304589270512798 8
1777377163716 -0.8213516937261369 9
1777377164982 -0.613939865794238 10
1777377166208 -0.40993128212027025 11
1777377167519 -0.20105103233465535 12
1777377168353 -0.0007506414428392431 13
1777377170024 0.18288401700633275 14
1777377170894 0.3522402354357534 15
1777377172663 0.5087410778442539 16
1777377173738 0.6372886909911151 17
1777377174598 0.7424753249502034 18
1777377175939 0.8156050799165321 19
1777377176972 0.8647535358798165 20
1777377178269 0.8979629476190075 21
1777377180382 0.9211619928094281 22
1777377181633 0.9267692986843913 23
1777377183583 0.9356285338818081 24
1777377184463 0.940436263156399 25
1777377186284 0.9423645959339991 26
1777377187275 0.9439985805905318 27
1777377189506 0.9485981522060344 28
1777377190348 0.9505453672849761 29
1777377192707 0.9566309642552642 30
1777377193684 0.9503844569980923 31
1777377194774 0.9570557539489131 32
1777377196567 0.9523057937093581 33
1777377198047 0.9533898848837126 34
1777377200236 0.9639075306041974 35
1777377201292 0.9595891764753278 36
1777377202258 0.9607465084850274 37
1777377203779 0.9600280708216326 38
1777377205026 0.9618584069125298 39
1777377209029 0.9664119189515631 40
1777377210956 0.9637983857750236 41
1777377212199 0.9635507264660038 42
1777377214573 0.9629339299849188 43
1777377216402 0.9653619833714461 44
1777377217265 0.9667080370442273 45
1777377219092 0.9666362077957222 46
1777377220303 0.9680745960622916 47
1777377221894 0.9690065740145842 48
1777377224401 0.9678824417792994 49
1777377227552 0.9640243921041195 50
1777377229701 0.9679346256318543 51
1777377230560 0.9640531139464095 52
1777377232313 0.9685527813931182 53
1777377234117 0.963913999408883 54
1777377236576 0.9720921971672087 55
1777377238623 0.9680211164057787 56
1777377240269 0.9710647298620168 57
1777377241688 0.9714599112069969 58
1777377243782 0.9730563898048196 59
1777377244626 0.9689005815175485 60
1777377246159 0.9713030042471514 61
1777377248029 0.9699629438730247 62
1777377249939 0.971002206892111 63
1777377252116 0.9737357700340151 64
1777377253479 0.9722075103296235 65
1777377255079 0.9744778003767954 66
1777377256743 0.9770211500129425 67
1777377257594 0.9769177246879711 68
1777377258434 0.9798804968278844 69
1777377259736 0.978194451181858 70
1777377260609 0.9743344245347553 71
1777377262379 0.9795583406755797 72
1777377263215 0.9772990531373268 73
