1777377150608 -1.8454240247656282 1
1777377152208 -1.7787382297262768 2
1777377154014 -1.7104247926413678 3
1777377156772 -1.6332545387157693 4
1777377158660 -1.5370009215939202 5
1777377159773 -1.4050286338693825 6
1777377160974 -1.2299451427218693 7
1777377162340 -1.0304590243689078 8
1777377163716 -0.8213517810704147 9
1777377164982 -0.613940009684026 10
1777377166208 -0.40993126797050583 11
1777377167519 -0.20105116189128558 12
1777377168353 -0.0007506654890319098 13
1777377170024 0.1828840035847007 14
1777377170894 0.3522401887847929 15
1777377172663 0.5087410420840761 16
1777377173738 0.63728867030342 17
1777377174598 0.7424752882762664 18
1777377175939 0.8156050799315826 19
1777377176972 0.8647535263820647 20
1777377178269 0.8979629445961677 21
1777377180382 0.9211619948786696 22
1777377181633 0.9267692951053463 23
1777377183583 0.9356285279167758 24
1777377184463 0.9404362617280692 25
1777377186284 0.9423645960506516 26
1777377187275 0.9439985776107159 27
1777377189506 0.9485981531961744 28
1777377190348 0.9505453667268529 29
1777377192707 0.9566309632152808 30
1777377193684 0.950384457643277 31
1777377194774 0.957055751420375 32
1777377196567 0.9523057910830609 33
1777377198047 0.9533898875114432 34
1777377200236 0.9639075348257053 35
1777377201292 0.959589175506282 36
1777377202258 0.9607465064223816 37
1777377203779 0.9600280698631114 38
1777377205026 0.9618584044991586 39
1777377209029 0.9664119188385384 40
1777377210956 0.9637983840405026 41
1777377212199 0.963550723059876 42
1777377214573 0.9629339251306614 43
1777377216402 0.9653619817185233 44
1777377217265 0.9667080371181351 45
1777377219092 0.9666362084496196 46
1777377220303 0.9680745952967249 47
1777377221894 0.9690065724955244 48
1777377224401 0.9678824386959715 49
1777377227552 0.9640243912089456 50
1777377229701 0.9679346248629311 51
1777377230560 0.9640531130844083 52
1777377232313 0.9685527806516306 53
1777377234117 0.963913996933072 54
1777377236576 0.9720921957694542 55
1777377238623 0.968021117214891 56
1777377240269 0.9710647247793277 57
1777377241688 0.971459909849161 58
1777377243782 0.9730563869106038 59
1777377244626 0.9689005815211594 60
1777377246159 0.9713030063929338 61
1777377248029 0.9699629432053358 62
1777377249939 0.9710022032933746 63
1777377252116 0.9737357722703823 64
1777377253479 0.9722075119112753 65
1777377255079 0.9744777990154062 66
1777377256743 0.977021150762713 67
1777377257594 0.9769177241344614 68
1777377258434 0.9798804970947922 69
1777377259736 0.9781944522645427 70
1777377260609 0.9743344234417121 71
1777377262379 0.9795583396863972 72
1777377263215 0.9772990518435907 73
