1777229364354 162.25909729003905 1
1777229365962 157.19893798828124 2
1777229367357 151.1050567626953 3
1777229368747 143.67102966308593 4
1777229370176 134.0995361328125 5
1777229371626 121.94966430664063 6
1777229373132 106.6786392211914 7
1777229374582 90.58610687255859 8
1777229376027 75.07899627685546 9
1777229378179 60.91336212158203 10
1777229379878 47.74496841430664 11
1777229381635 37.20765991210938 12
1777229383664 29.930093002319335 13
1777229386496 26.18526496887207 14
1777229388829 23.682473754882814 15
1777229409208 22.926106262207032 16
1777229410655 22.31380729675293 17
1777229412005 21.079047775268556 18
1777229413217 21.98813819885254 19
1777229414543 20.908529663085936 20
1777229415871 21.196297454833985 21
1777229417178 19.45115852355957 22
1777229418486 19.111107635498048 23
1777229419783 19.146436309814455 24
1777229421091 18.790472412109374 25
1777229422373 18.877108764648437 26
1777229423674 18.925617218017578 27
1777229424941 18.48838996887207 28
1777229426333 18.861578750610352 29
1777229427722 17.634339141845704 30
1777229428984 17.6452693939209 31
1777229430311 18.05325813293457 32
1777229431601 17.886829376220703 33
1777229432907 17.650836563110353 34
1777229434274 17.801941299438475 35
1777229435611 17.731436920166015 36
1777229436936 17.864093399047853 37
1777229438226 18.297412490844728 38
1777229439539 16.62520408630371 39
1777229440844 17.930405044555663 40
1777229442218 17.09371566772461 41
1777229443560 17.591490936279296 42
1777229444696 16.811954498291016 43
1777229445888 16.397153472900392 44
1777229447242 17.36276969909668 45
1777229448629 16.92548599243164 46
1777229449976 16.020755195617674 47
1777229451345 16.463216018676757 48
1777229452628 16.109369659423827 49
1777229453935 16.244759559631348 50
1777229455220 16.465489387512207 51
1777229456514 15.713347625732421 52
1777229457822 16.00608386993408 53
1777229459176 15.855792045593262 54
1777229460551 16.202429389953615 55
1777229461928 16.413551330566406 56
1777229463170 16.462194442749023 57
1777229464342 16.04289894104004 58
1777229465636 15.503714752197265 59
1777229466910 15.373438453674316 60
1777229468167 15.523120498657226 61
1777229469468 15.358983039855957 62
1777229470787 15.54151210784912 63
1777229472214 15.788438034057616 64
1777229473589 15.068987846374512 65
1777229474953 14.540365409851074 66
1777229476307 15.492596244812011 67
1777229477638 14.766937828063964 68
1777229478933 15.679968070983886 69
1777229480295 14.760684776306153 70
1777229481753 14.63318328857422 71
1777229483121 15.49612045288086 72
1777229484437 14.319020462036132 73
1777229485742 15.039740180969238 74
1777229487117 14.411511611938476 75
1777229488460 14.442093086242675 76
1777229491612 14.577481651306153 77
1777229493142 14.184583473205567 78
1777229494702 13.967925071716309 79
1777229496285 14.438586235046387 80
1777229498259 13.533443641662597 81
1777229501603 13.317416763305664 82
1777229503534 13.508793830871582 83
1777229507361 14.20970630645752 84
1777229531362 14.085524940490723 85
1777229532711 13.474958038330078 86
1777229533981 13.448354530334473 87
1777229535408 13.54260482788086 88
1777229536699 13.343282890319824 89
1777229538098 13.554805946350097 90
1777229539451 13.32090129852295 91
1777229540772 12.64706916809082 92
1777229542049 13.034821891784668 93
1777229543400 13.096103096008301 94
1777229544696 12.869414520263671 95
1777229546020 12.920449447631835 96
1777229547415 13.306321334838866 97
1777229548727 12.781303977966308 98
1777229549997 13.074957275390625 99
1777229551367 12.842758750915527 100
1777229552775 12.398461532592773 101
1777229554085 12.606177711486817 102
1777229555441 12.571467781066895 103
1777229556820 12.231196784973145 104
1777229558223 12.361195945739746 105
1777229559553 11.7984769821167 106
1777229560853 11.954281234741211 107
1777229562177 12.100953483581543 108
1777229563449 12.52244300842285 109
1777229564805 11.554402351379395 110
1777229566169 12.156850051879882 111
1777229567564 11.724310684204102 112
1777229568731 11.725762939453125 113
