1777229364354 41667.72890625 1
1777229365962 40066.96484375 2
1777229367357 38131.1421875 3
1777229368747 35508.93046875 4
1777229370176 31787.998046875 5
1777229371626 27173.86328125 6
1777229373132 22232.65078125 7
1777229374582 17528.758984375 8
1777229376027 12917.9966796875 9
1777229378179 8989.8267578125 10
1777229379878 5769.08076171875 11
1777229381635 3456.8173828125 12
1777229383664 2102.1703369140623 13
1777229386496 1473.918798828125 14
1777229388829 1175.38369140625 15
1777229409208 1066.027099609375 16
1777229410655 1002.890087890625 17
1777229412005 884.6204223632812 18
1777229413217 951.3598754882812 19
1777229414543 850.9716064453125 20
1777229415871 883.0065551757813 21
1777229417178 722.9252075195312 22
1777229418486 708.5192749023438 23
1777229419783 698.229833984375 24
1777229421091 679.5286010742187 25
1777229422373 700.4580688476562 26
1777229423674 710.4720581054687 27
1777229424941 675.5408813476563 28
1777229426333 697.5611694335937 29
1777229427722 610.3290893554688 30
1777229428984 618.6508422851563 31
1777229430311 629.1660278320312 32
1777229431601 633.3710205078125 33
1777229432907 601.1906982421875 34
1777229434274 620.38037109375 35
1777229435611 618.169091796875 36
1777229436936 628.4873779296875 37
1777229438226 654.8099853515625 38
1777229439539 547.7135009765625 39
1777229440844 653.522412109375 40
1777229442218 572.7135009765625 41
1777229443560 610.1903930664063 42
1777229444696 576.2257080078125 43
1777229445888 528.4002380371094 44
1777229447242 598.5864990234375 45
1777229448629 586.3137451171875 46
1777229449976 514.5920593261719 47
1777229451345 548.5021118164062 48
1777229452628 525.2577941894531 49
1777229453935 540.1779052734375 50
1777229455220 548.6393981933594 51
1777229456514 498.24390869140626 52
1777229457822 518.6378540039062 53
1777229459176 500.6135192871094 54
1777229460551 549.2439575195312 55
1777229461928 545.2357360839844 56
1777229463170 581.5708984375 57
1777229464342 519.1693237304687 58
1777229465636 486.8962036132813 59
1777229466910 480.8719116210938 60
1777229468167 489.3142517089844 61
1777229469468 484.072412109375 62
1777229470787 496.73325805664064 63
1777229472214 514.911669921875 64
1777229473589 453.3756591796875 65
1777229474953 437.0592041015625 66
1777229476307 497.1221496582031 67
1777229477638 437.3383850097656 68
1777229478933 490.6026672363281 69
1777229480295 446.07273559570314 70
1777229481753 426.72858276367185 71
1777229483121 484.1449951171875 72
1777229484437 411.09271240234375 73
1777229485742 464.94447631835936 74
1777229487117 422.7590087890625 75
1777229488460 426.61870727539065 76
1777229491612 430.112890625 77
1777229493142 405.0898742675781 78
1777229494702 389.1305358886719 79
1777229496285 410.6157531738281 80
1777229498259 364.4637756347656 81
1777229501603 358.6343627929688 82
1777229503534 362.89495849609375 83
1777229507361 414.54761962890626 84
1777229531362 399.234033203125 85
1777229532711 366.85590209960935 86
1777229533981 356.44463500976565 87
1777229535408 364.40791015625 88
1777229536699 357.99627685546875 89
1777229538098 359.7616333007812 90
1777229539451 358.2630676269531 91
1777229540772 316.87872924804685 92
1777229542049 328.61920166015625 93
1777229543400 331.9033569335937 94
1777229544696 321.2388916015625 95
1777229546020 337.7966247558594 96
1777229547415 348.69227294921876 97
1777229548727 316.59246826171875 98
1777229549997 345.0511962890625 99
1777229551367 318.1047424316406 100
1777229552775 298.42951049804685 101
1777229554085 298.8759765625 102
1777229555441 304.5477233886719 103
1777229556820 291.69150695800784 104
1777229558223 297.7460632324219 105
1777229559553 262.95350341796876 106
1777229560853 271.20619506835936 107
1777229562177 275.2306793212891 108
1777229563449 300.99920043945315 109
1777229564805 256.51398315429685 110
1777229566169 283.92518615722656 111
1777229567564 258.48651733398435 112
1777229568731 256.7339111328125 113
