1777219547098 49530.99921875 1
1777219548490 44840.275 2
1777219549683 37724.50859375 3
1777219550863 29097.671875 4
1777219552106 19387.85 5
1777219553342 10460.37109375 6
1777219554505 4600.3306640625 7
1777219555740 2092.7281005859377 8
1777219556961 1257.466748046875 9
1777219558220 976.325732421875 10
1777219559586 854.109912109375 11
1777219561168 730.5807250976562 12
1777219562769 640.206884765625 13
1777219564302 696.1986328125 14
1777219565634 588.1113891601562 15
1777219567151 578.8319946289063 16
1777219568697 533.7220092773438 17
1777219570237 530.7084594726563 18
1777219571735 453.1108764648437 19
1777219573083 459.19727783203126 20
1777219574340 469.01825561523435 21
1777219580748 478.6279052734375 22
1777219583992 454.94312744140626 23
1777219593170 458.32526245117185 24
1777219594294 433.9415283203125 25
1777219595423 448.25563354492186 26
1777219596999 448.3743957519531 27
1777219603318 384.1945495605469 28
1777219605010 439.8350891113281 29
1777219606490 383.7277770996094 30
1777219623843 370.398779296875 31
1777219626386 422.0414672851563 32
1777219627756 372.521728515625 33
1777219629022 425.4279052734375 34
1777219630298 361.06683959960935 35
1777219631609 373.23639526367185 36
1777219632837 411.9373352050781 37
1777219634020 370.1787109375 38
1777219635295 382.9561401367188 39
1777219636486 333.0874267578125 40
1777219637648 350.2355102539062 41
1777219638836 315.2299011230469 42
1777219640005 353.97813110351564 43
1777219641188 356.84019165039064 44
1777219644361 310.64435424804685 45
1777219646030 316.1298461914063 46
1777219647332 347.2612365722656 47
1777219648567 302.0125 48
