1777201134622 -1.8175991613153628 1
1777201135093 -1.8048855292004489 2
1777201135493 -1.789769853692925 3
1777201136330 -1.771396595871943 4
1777201136859 -1.7470699375191687 5
1777201137670 -1.7242681602014818 6
1777201138096 -1.7003253198605202 7
1777201138486 -1.678094561133166 8
1777201138890 -1.6502164496541658 9
1777201139293 -1.6156554561175378 10
1777201139700 -1.5813703114819546 11
1777201140102 -1.543588266534008 12
1777201140493 -1.5000280070249739 13
1777201143498 -1.4440373368550206 14
1777201143973 -1.3915878911586939 15
1777201144566 -1.3379420178274049 16
1777201145975 -1.2825465578229789 17
1777201146440 -1.181169570115709 18
1777201146926 -1.1063151538787133 19
1777201148084 -1.0492413830502136 20
1777201150249 -0.9844818351306808 21
1777201150887 -0.9204600490748021 22
1777201151391 -0.8748483764611752 23
1777201151987 -0.8192842248686472 24
1777201152379 -0.7778836722941034 25
1777201153140 -0.7317037194225162 26
1777201153899 -0.6566445895542077 27
1777201154294 -0.583897925190882 28
1777201154789 -0.5411853449710504 29
1777201158906 -0.4636484240000558 30
1777201159291 -0.40675730768225393 31
1777201159680 -0.33758880459360663 32
1777201160066 -0.26290819427101275 33
1777201160599 -0.19107334122509068 34
1777201161693 -0.11456642933486649 35
1777201162083 -0.045146350100151444 36
1777201164052 0.02813788678310336 37
1777201164793 0.08979019734642779 38
1777201165243 0.18480554639802438 39
1777201167220 0.2317563457018309 40
1777201169123 0.3083407842843734 41
1777201169506 0.3855378055059051 42
1777201169998 0.4348262728299873 43
1777201170947 0.4882373336403012 44
1777201171323 0.5550677822826247 45
1777201171698 0.5994205143583493 46
1777201172258 0.6489272335277697 47
1777201173702 0.6945066777677313 48
1777201174855 0.7442943804594419 49
1777201175521 0.7701612425312571 50
1777201175900 0.7817348817673293 51
1777201176280 0.8240417720346505 52
1777201177312 0.8426164004429818 53
1777201179679 0.8670557261864384 54
1777201181698 0.8739953290772935 55
1777201183452 0.8892570065052607 56
1777201183979 0.8995816846395999 57
1777201184565 0.9129617871339462 58
1777201185177 0.9140905108302759 59
1777201185704 0.9124612427423244 60
1777201186699 0.9239158318273131 61
1777201187409 0.9264379151635553 62
1777201189084 0.9275228466310023 63
1777201194147 0.9192633626792835 64
1777201195894 0.939799742059359 65
1777201196967 0.9386272320178258 66
1777201197393 0.9463926363280502 67
1777201197811 0.9427176935313839 68
1777201198468 0.9355299645536598 69
1777201198871 0.9413848229769308 70
1777201199585 0.9410329644307536 71
1777201199996 0.9362340520287721 72
1777201200440 0.9462517995528292 73
1777201200879 0.9480167596472836 74
1777201201666 0.9363237607622067 75
1777201204063 0.9479753275157736 76
1777201205080 0.9553238127578574 77
1777201205486 0.9518311540891312 78
1777201206082 0.9437491486270307 79
1777201207098 0.9550745502355918 80
1777201208004 0.9505710409147727 81
1777201209050 0.9566396101892967 82
1777201209708 0.9571177032973117 83
1777201210133 0.9560816818388974 84
1777201210912 0.9484138251848585 85
1777201211403 0.9609868630197405 86
1777201213717 0.9588236355423921 87
1777201214709 0.9564336418598028 88
1777201215106 0.9546167419257371 89
1777201215519 0.9610490270684243 90
1777201215936 0.9646770530245232 91
1777201216339 0.9567463108659626 92
1777201216738 0.9558999659694352 93
1777201217571 0.9645761567023083 94
1777201218032 0.9618698662920274 95
1777201218440 0.9667608314936642 96
1777201219676 0.9604115012643346 97
1777201222505 0.9515109607318779 98
1777201223182 0.9605962519050866 99
1777201223670 0.9582865095112668 100
1777201224866 0.9568712008876522 101
1777201225839 0.9554478047282028 102
1777201226375 0.9662155595787354 103
1777201227283 0.9619878509584654 104
1777201227818 0.9681362250329549 105
1777201228281 0.9666961591125361 106
1777201228719 0.9686454810299896 107
1777201229900 0.9639925932987063 108
1777201233741 0.9618710687675561 109
1777201234608 0.9673084422840518 110
1777201235821 0.9699203486298232 111
1777201236258 0.9592375255898969 112
1777201236693 0.9552027077435283 113
1777201237215 0.9603183582882691 114
1777201237635 0.9695649333944238 115
1777201238447 0.9698696087288724 116
1777201238892 0.9589434670488828 117
1777201239293 0.9615471766564613 118
1777201239806 0.9697338127107732 119
1777201240459 0.9726696744723192 120
1777201240877 0.9650077312580642 121
1777201242063 0.9595972154482204 122
1777201243213 0.9642802208788231 123
1777201245176 0.9674928955513317 124
1777201247269 0.9560263628908381 125
1777201250530 0.9698169813979776 126
1777201257307 0.9615972874140976 127
1777201269280 0.971229205189856 128
1777201270062 0.9713305000098633 129
1777201270813 0.9682652146336624 130
1777201271213 0.9711269135901288 131
1777201271672 0.9680297222320089 132
1777201272429 0.9648098327063277 133
1777201272823 0.9705570213692789 134
1777201273223 0.9683491875080875 135
1777201273616 0.9614928642559463 136
1777201274000 0.9656105926180951 137
1777201275210 0.9596232259579174 138
1777201275976 0.9697388382466856 139
1777201276356 0.9738837840786638 140
1777201276993 0.9775936189606098 141
1777201277370 0.9751039694843574 142
1777201278109 0.9746323606114721 143
1777201278791 0.9753410245968247 144
1777201280819 0.9725276504427789 145
1777201281990 0.9751008313783889 146
1777201282784 0.9724314929903694 147
1777201283195 0.9796888425106536 148
1777201284369 0.9744522632639241 149
1777201284762 0.9774526477313742 150
1777201286296 0.9789687955976691 151
1777201287074 0.9766448232825583 152
1777201287471 0.9762552237164805 153
1777201288280 0.9722430797888482 154
1777201288961 0.9796562665860443 155
1777201290128 0.9725155292864995 156
1777201290531 0.9786722699523264 157
1777201294536 0.9789688027693998 158
1777201297405 0.9806645029954528 159
1777201297941 0.9784985452177071 160
1777201298445 0.9797082292574696 161
1777201300154 0.9792742205766719 162
1777201300571 0.9743535461114965 163
1777201300975 0.9739434182395384 164
