1777208862316 41480.568359375 1
1777208863619 39972.67578125 2
1777208864348 38337.294921875 3
1777208865049 36065.435546875 4
1777208865733 33249.865234375 5
1777208866425 30165.884765625 6
1777208867102 26802.7314453125 7
1777208867794 23350.1181640625 8
1777208872504 20003.4794921875 9
1777208873183 16392.45556640625 10
1777208876026 12808.54541015625 11
1777208876821 9659.61572265625 12
1777208877572 6934.959228515625 13
1777208878404 4811.75634765625 14
1777208879112 3201.133056640625 15
1777208880227 2169.28076171875 16
1777208881350 1728.8595581054688 17
1777208882311 1299.371337890625 18
1777208883065 1074.0689086914062 19
1777208883795 990.3446044921875 20
1777208884545 934.97021484375 21
1777208885275 813.774658203125 22
1777208886234 820.8433837890625 23
1777208887155 711.6621704101562 24
1777208888022 651.8489685058594 25
1777208888780 570.7153625488281 26
1777208889532 543.7908325195312 27
1777208890456 561.7385864257812 28
1777208891206 633.5622253417969 29
1777208892107 609.4481201171875 30
1777208892850 553.3984680175781 31
1777208893714 606.0217590332031 32
1777208894455 585.1388854980469 33
1777208895341 687.5080871582031 34
1777208896123 504.8340148925781 35
1777208896859 472.3136901855469 36
1777208897605 536.2806091308594 37
1777208898342 526.1971740722656 38
1777208899452 581.998779296875 39
1777208900207 506.9427490234375 40
1777208900976 413.82476806640625 41
1777208902849 505.76263427734375 42
1777208903966 373.6833038330078 43
1777208905455 424.8630828857422 44
1777208907898 525.0910034179688 45
1777208929011 515.5972900390625 46
1777208929612 494.25450134277344 47
1777208930216 447.7074279785156 48
1777208930819 564.8912963867188 49
1777208931424 461.79078674316406 50
1777208932025 491.32708740234375 51
1777208932625 437.62127685546875 52
1777208933227 461.2624206542969 53
1777208933825 419.5643768310547 54
1777208934426 394.0222473144531 55
1777208935070 414.3232879638672 56
1777208935666 385.0345001220703 57
1777208939354 348.7724151611328 58
1777208939953 433.4054718017578 59
1777208940889 434.97300720214844 60
1777208941484 299.1905975341797 61
1777208942078 346.0857696533203 62
1777208942687 282.89544677734375 63
1777208943293 324.2684631347656 64
1777208943892 368.9120178222656 65
1777208944487 345.1658935546875 66
1777208945084 379.7945556640625 67
1777208946235 263.609619140625 68
1777208946878 277.3122100830078 69
1777208947520 290.1641845703125 70
1777208948121 282.2191619873047 71
1777208948719 285.9555969238281 72
1777208949317 310.2712707519531 73
1777208949917 272.36875915527344 74
1777208950515 288.9783172607422 75
1777208951113 274.1226348876953 76
1777208951708 272.35145568847656 77
1777208952304 234.07752990722656 78
1777208952903 264.1439437866211 79
1777208953500 210.33323669433594 80
1777208954094 233.5369415283203 81
1777208954689 263.6112289428711 82
1777208955288 215.96682739257812 83
1777208955889 227.6091766357422 84
1777208956515 231.54561614990234 85
1777208957112 246.15177154541016 86
1777208957712 241.2180938720703 87
1777208958321 181.01370239257812 88
1777208958964 193.46753692626953 89
1777208959605 204.98336791992188 90
1777208960248 185.7739715576172 91
1777208960889 183.50467681884766 92
1777208961531 260.42501068115234 93
1777208962176 218.38065338134766 94
1777208962827 236.85055541992188 95
1777208963482 174.32615661621094 96
1777208964133 232.12018585205078 97
1777208964783 211.76396942138672 98
1777208965433 241.0050048828125 99
1777208966099 182.00741577148438 100
1777208966756 154.6640853881836 101
1777208967411 170.33879852294922 102
1777208968069 207.07948303222656 103
