1777201505330 -2.814509256074189 1
1777201505725 -2.7359123042254314 2
1777201506116 -2.6709990382387834 3
1777201506504 -2.5989985749085625 4
1777201506890 -2.5142684647623326 5
1777201507278 -2.427609266287701 6
1777201507668 -2.339771634362254 7
1777201508058 -2.249701994425997 8
1777201508447 -2.1519870548344295 9
1777201508942 -2.0374792027912134 10
1777201509321 -1.9251616390657578 11
1777201509702 -1.8096506068923879 12
1777201510082 -1.6950437706655808 13
1777201510464 -1.574203162035427 14
1777201510847 -1.4518892991779397 15
1777201511226 -1.3294772792687808 16
1777201511605 -1.2086223297085934 17
1777201511983 -1.0864051190969275 18
1777201512388 -0.9644215041383812 19
1777201512770 -0.8447933266407857 20
1777201513150 -0.7222566989827797 21
1777201513529 -0.5926950023517519 22
1777201513910 -0.49057456457489446 23
1777201514290 -0.3587460599380823 24
1777201514669 -0.234543374026831 25
1777201515050 -0.09399180045911804 26
1777201515425 0.04082105976257833 27
1777201515804 0.15858063362332708 28
1777201516184 0.29076875960883697 29
1777201516563 0.3915703296664724 30
1777201516947 0.5073257948570346 31
1777201517342 0.6094497769828623 32
1777201517729 0.6813493351913343 33
1777201518118 0.7495386880734589 34
1777201518508 0.7937420145738415 35
1777201518897 0.8379171727028298 36
1777201519290 0.8586693866841703 37
1777201519688 0.8821593074968234 38
1777201520081 0.8953428073248296 39
1777201520471 0.9140396152569363 40
1777201520861 0.9258069064722317 41
1777201521260 0.9155652519007069 42
1777201521655 0.9243412133109157 43
1777201522051 0.9371534730899913 44
1777201522465 0.9403068992326971 45
1777201522850 0.9417410729955703 46
1777201523237 0.9320880693784355 47
1777201523624 0.9344499182151959 48
1777201524032 0.9430178801150604 49
1777201524420 0.947050240615808 50
1777201524809 0.9487599006121575 51
1777201525195 0.9476624529649624 52
1777201525580 0.954276357500509 53
1777201525966 0.9604948792357859 54
1777201526354 0.9547292013652446 55
1777201526741 0.9613552930997763 56
1777201527128 0.9570213779072216 57
1777201527517 0.9556602274661804 58
1777201527902 0.9529287318265741 59
1777201528292 0.9538286059902982 60
1777201528677 0.9554381519968831 61
1777201529061 0.9590124857841864 62
1777201529446 0.9668860885539885 63
1777201529827 0.9680040838654026 64
1777201530207 0.9704371214600869 65
1777201530589 0.962344410333317 66
1777201530972 0.9629758430986612 67
1777201531354 0.9639101598971899 68
1777201531743 0.9658113028442158 69
1777201532133 0.9625804356181598 70
1777201532540 0.9733100814469592 71
1777201532925 0.9641996069152036 72
1777201533309 0.968538224414168 73
1777201533692 0.9712747054606274 74
1777201534076 0.9736264820205058 75
1777201534458 0.9658145770883205 76
1777201534839 0.9780673209268184 77
