1777202655304 -1.7589698307759334 1
1777202657710 -1.7473469471483645 2
1777202857747 -1.729901293360395 3
1777202946633 -1.7082666006969078 4
1777203004777 -1.6851175836452965 5
1777203005539 -1.6612236512608298 6
1777203005903 -1.6331535392051113 7
1777203007089 -1.6019436381077008 8
1777203007459 -1.5698513506603966 9
1777203008593 -1.5376072021341378 10
1777203009004 -1.5033848793515778 11
1777203009447 -1.46765144698196 12
1777203009837 -1.4283189682754247 13
1777203010783 -1.384739125016878 14
1777203329083 -1.340414060253945 15
1777203329472 -1.292677019959016 16
1777203329859 -1.2460137232203246 17
1777203331007 -1.197901760738755 18
1777203331379 -1.1469260531458665 19
1777203331751 -1.0992274373779716 20
1777203332124 -1.043502841118714 21
1777203334086 -0.989503368346089 22
1777203335095 -0.9330053828016716 23
1777203336068 -0.8776085431654401 24
1777203337157 -0.8217596412649415 25
1777203338378 -0.7603708716979019 26
1777203342687 -0.6993384857919571 27
1777203346979 -0.6423193963032237 28
1777203395395 -0.5791653947791018 29
1777203396551 -0.4979016534181142 30
1777203397723 -0.412316453994819 31
1777203404551 -0.33250075088567765 32
1777203406103 -0.2582066216941512 33
1777203407065 -0.18773535022808252 34
1777203408505 -0.11844735518316263 35
1777203412408 -0.05815299575064525 36
1777203417925 0.019580205153295505 37
1777203418662 0.06317895450382915 38
1777203419128 0.1427370142703488 39
1777203419687 0.21035101647417154 40
1777203420383 0.2644389728190101 41
1777203420932 0.332621382468557 42
1777203421447 0.36971463741789623 43
1777203423588 0.4294816546611707 44
1777203429477 0.4871548413526291 45
1777203429928 0.5361931871935797 46
1777203430439 0.5738034510430192 47
1777203430868 0.6299575676876364 48
1777203431873 0.6710738017288282 49
1777203433026 0.7051638775460842 50
1777203434779 0.7294480829528898 51
1777203435614 0.7691049695313401 52
1777203437386 0.7981061300745252 53
1777203438587 0.8261833223468782 54
1777203439063 0.8438593893470065 55
1777203439555 0.8535566836785775 56
1777203440024 0.8729424316387862 57
1777203440872 0.8966005641057357 58
1777203444953 0.8994291010834492 59
1777203450806 0.882728343492615 60
1777203452706 0.9041173239352962 61
1777203460056 0.9146994348532811 62
1777203472935 0.9200142377415809 63
1777203479198 0.9236778814874302 64
1777203479622 0.931071191999248 65
1777203480436 0.9265736470356626 66
1777203480908 0.9333130373501711 67
1777203481362 0.9362434769203708 68
1777203482941 0.9351188035474871 69
1777203498135 0.9207339848178724 70
1777203498572 0.9331755854688543 71
1777203499910 0.9313814729254046 72
1777203500825 0.9420943382224845 73
1777203501461 0.9408496744095406 74
1777203502253 0.9473175144964565 75
1777203502650 0.9454731563345512 76
1777203503125 0.9477801731660249 77
1777203503520 0.9521430170081346 78
1777203506798 0.9524469113875296 79
1777203507179 0.9515613867794521 80
1777203508338 0.9605973793094791 81
1777203510165 0.9556946258935999 82
1777203511084 0.9475616097488689 83
1777203517057 0.950728418428097 84
1777203517458 0.9512139777713345 85
1777203520824 0.9457421854309502 86
1777203522874 0.9605660373910451 87
1777203523247 0.9596365652085656 88
1777203523851 0.9565943683421088 89
1777203525928 0.9627858551355528 90
1777203526765 0.956177606698482 91
1777203528590 0.9551433449178435 92
1777203528987 0.9575137153364075 93
1777203529711 0.9543508951651156 94
1777203530073 0.9547599990263745 95
1777203531219 0.9633778664926795 96
1777203531605 0.9613015810047203 97
1777203531999 0.9584591251822103 98
1777203534278 0.9490408105217684 99
1777203535735 0.9641767110702134 100
1777203536510 0.9617325557048482 101
1777203536876 0.960217135796718 102
1777203541109 0.9471342708356615 103
1777203541906 0.966108428580745 104
1777203543745 0.9593506105672654 105
1777203545359 0.9551476217514052 106
1777203545770 0.9582949981063291 107
1777203546520 0.9673204851257278 108
1777203546988 0.9668818417855556 109
1777203547792 0.95519029440842 110
1777203548955 0.9667667739134508 111
1777203549360 0.9628453552669004 112
1777203550570 0.962928200977422 113
1777203552501 0.9659363171254289 114
1777203553871 0.9682543106846516 115
1777203554743 0.9698015126327905 116
1777203555168 0.9644414609410855 117
1777203562275 0.970488140560594 118
1777203563335 0.9640407398152806 119
1777203563895 0.9686117611621721 120
1777203564838 0.9658344194130508 121
1777203565431 0.9775079194136631 122
1777203566648 0.9687476558742223 123
1777203567821 0.9669270929809258 124
1777203569854 0.9752895870794696 125
1777203575421 0.9680113420477915 126
1777203585546 0.9724649561807306 127
1777203586013 0.9735003326170961 128
1777203589866 0.9706418697642755 129
1777203591157 0.9651315787459398 130
1777203594323 0.9710806925018286 131
1777203597404 0.9753130833524435 132
1777203598703 0.978187739808851 133
1777203599665 0.9691056062452251 134
1777203600154 0.9632734332973174 135
1777203600625 0.9680988496982527 136
1777203601634 0.9722771032032278 137
1777203602443 0.9658771901406338 138
1777203602935 0.9745316785923029 139
1777203603384 0.9743354800486385 140
1777203613512 0.9690242005249005 141
1777203622283 0.9674360935819405 142
1777203625189 0.9703896107350474 143
1777203625559 0.9732239888914845 144
1777203625925 0.9750541650924347 145
1777203630128 0.9781199084631322 146
1777203632891 0.9745829479718127 147
1777203633888 0.9703344400604934 148
1777203634334 0.969765393960093 149
1777203634730 0.9730090612612491 150
1777203635116 0.9690214210614784 151
1777203635502 0.9723860883081359 152
1777203635887 0.977113013154966 153
1777203636274 0.9693282408141652 154
1777203637043 0.9760806577704957 155
1777203637426 0.9723929484639834 156
1777203637811 0.9786686611317998 157
1777203638188 0.9771193709981467 158
1777203638958 0.9790991789665976 159
1777203640470 0.9792201478165531 160
1777203640848 0.976822387005866 161
1777203642945 0.9794447054981977 162
1777203644769 0.9743897154648464 163
1777203645149 0.9802844502866225 164
1777203645595 0.97951203931518 165
1777203646889 0.977990711253304 166
1777203647268 0.9771871042732972 167
1777203647656 0.9756161429360257 168
1777203649187 0.980928941357589 169
1777203650549 0.9776424220020372 170
1777203650964 0.9756873876159127 171
1777203651455 0.9798533344605549 172
1777203651869 0.9811599716967383 173
1777203652690 0.9830948394252793 174
1777203653887 0.9764097275823502 175
1777203654983 0.9830806144089527 176
1777203656060 0.9741893285903281 177
1777203661869 0.9759207477290492 178
1777203664633 0.980077044190579 179
1777203665156 0.9808967718192375 180
1777203666426 0.9793034647441952 181
1777203668792 0.9781121386439495 182
1777203670232 0.9758372203084801 183
1777203670918 0.9808945927390503 184
1777203672543 0.9811997883474484 185
1777203681515 0.9847194704790176 186
1777203683042 0.9769246028495997 187
1777203683416 0.9838896248380735 188
1777203683787 0.9825264965626123 189
1777203684940 0.9820208925520101 190
1777203687007 0.9849600734624142 191
1777203690928 0.9817297007031689 192
1777203693247 0.9844654999987753 193
1777203693710 0.9814947989685388 194
1777203695141 0.9834632068314216 195
1777203695920 0.9829097611272685 196
1777203696813 0.9837168137329719 197
1777203697219 0.9843596794636671 198
1777203698005 0.9803449382995478 199
1777203698404 0.9789603804089411 200
1777203700608 0.984080092233408 201
1777203704152 0.9827878905064781 202
1777203707347 0.9850316015901631 203
1777203709364 0.9847798580294096 204
1777203714282 0.9866775510326706 205
1777203714810 0.9840588635433293 206
1777203717983 0.986716049710622 207
1777203718406 0.9863421712169369 208
1777203718983 0.9839650829644476 209
1777203719368 0.9782087603979679 210
1777203720181 0.9855558294408726 211
1777203721051 0.9845123011875169 212
1777203722033 0.9860955524413658 213
1777203722421 0.9871590272915178 214
1777203730127 0.9829408052460502 215
1777203730547 0.9780722700866129 216
1777203731443 0.9850223949165728 217
1777203733387 0.9839141711837173 218
1777203735404 0.9820705415515685 219
1777203736262 0.9831391529703384 220
1777203736819 0.9871439315999024 221
1777203738795 0.9853707152633856 222
1777203740324 0.986324829470112 223
1777203740879 0.9826103803859783 224
1777203742929 0.9859429761648526 225
1777203743906 0.9858070144777801 226
1777203745379 0.9837202928461797 227
1777203746599 0.9866496798555666 228
1777203748507 0.9881350255867548 229
1777203750218 0.9857857283805394 230
1777203751713 0.986942760160838 231
1777203756675 0.9878132488764271 232
1777203760564 0.9861023755217546 233
1777203761016 0.9862272970940036 234
1777203762194 0.9867403161963515 235
1777203762616 0.9875074528847941 236
1777203763670 0.9874837401389804 237
1777203765212 0.9870136663776663 238
