1777202655304 205.744740971671 1
1777202657710 205.31091133327521 2
1777202857747 204.6580035999081 3
1777202946633 203.84542435691316 4
1777203004777 202.972365729919 5
1777203005539 202.06726525466712 6
1777203005903 200.99874649795706 7
1777203007089 199.80401530312147 8
1777203007459 198.56799842874983 9
1777203008593 197.31835000830512 10
1777203009004 195.98330804241976 11
1777203009447 194.579544707942 12
1777203009837 193.0225861136463 13
1777203010783 191.28270757899156 14
1777203329083 189.49668120444747 15
1777203329472 187.55415884485205 16
1777203329859 185.63568992787998 17
1777203331007 183.63667849179805 18
1777203331379 181.49464093327936 19
1777203331751 179.46716926432532 20
1777203332124 177.06914587774742 21
1777203334086 174.71395707520048 22
1777203335095 172.21532783299227 23
1777203336068 169.72967938018382 24
1777203337157 167.18634345394364 25
1777203338378 164.3453276450231 26
1777203342687 161.47125082735317 27
1777203346979 158.73916055513837 28
1777203395395 155.65715029352168 29
1777203396551 151.5992030301446 30
1777203397723 147.20456376671888 31
1777203404551 142.98451074329694 32
1777203406103 138.94126738032153 33
1777203407065 134.99419837070778 34
1777203408505 130.99751011469647 35
1777203412408 127.4176242776583 36
1777203417925 122.64823620317578 37
1777203418662 119.89017190876199 38
1777203419128 114.68649948473666 39
1777203419687 110.07084898770881 40
1777203420383 106.23426813680462 41
1777203420932 101.19088745102002 42
1777203421447 98.33856635528352 43
1777203423588 93.55996886188825 44
1777203429477 88.70506124582182 45
1777203429928 84.35752423187424 46
1777203430439 80.8649318742757 47
1777203430868 75.3496148173632 48
1777203431873 71.04025459862528 49
1777203433026 67.25825852520826 50
1777203434779 64.42887990960459 51
1777203435614 59.519950535251205 52
1777203437386 55.656620664824096 53
1777203438587 51.6417549044315 54
1777203439063 48.94554880729069 55
1777203439555 47.40127744603119 56
1777203440024 44.152524668135484 57
1777203440872 39.830371528442335 58
1777203444953 39.281804702229024 59
1777203450806 42.4181570654375 60
1777203452706 38.355296690022975 61
1777203460056 36.176889501232345 62
1777203472935 35.031732615431146 63
1777203479198 34.22003778969458 64
1777203479622 32.52038310633521 65
1777203480436 33.564582177614135 66
1777203480908 31.987163830235772 67
1777203481362 31.27646047717786 68
1777203482941 31.551113741361217 69
1777203498135 34.87376089868642 70
1777203498572 32.02011239293594 71
1777203499910 32.447106146243996 72
1777203500825 29.806829461040152 73
1777203501461 30.125470043013436 74
1777203502253 28.430755553240665 75
1777203502650 28.924139312362218 76
1777203503125 28.305640596015156 77
1777203503520 27.09741946388184 78
1777203506798 27.011247340879248 79
1777203507179 27.2615863771145 80
1777203508338 24.58769506348971 81
1777203510165 26.072548225980785 82
1777203511084 28.364814173645996 83
1777203517057 27.49498689214488 84
1777203517458 27.359173105694254 85
1777203520824 28.852697437398508 86
1777203522874 24.59747231996105 87
1777203523247 24.885668743054957 88
1777203523851 25.806451934076122 89
1777203525928 23.895123534121716 90
1777203526765 25.93004763986115 91
1777203528590 26.2342540199712 92
1777203528987 25.531694648820807 93
1777203529711 26.464970306431717 94
1777203530073 26.346114264088477 95
1777203531219 23.704297875975335 96
1777203531605 24.366989619267063 97
1777203531999 25.246029381107018 98
1777203534278 27.961890307529504 99
1777203535735 23.444338845993958 100
1777203536510 24.230925618879198 101
1777203536876 24.70604895527548 102
1777203541109 28.480156666185472 103
1777203541906 22.803479059708465 104
1777203543745 24.973665328920735 105
1777203545359 26.2330023092335 106
1777203545770 25.2958531777104 107
1777203546520 22.392009726895328 108
1777203546988 22.541787909312728 109
1777203547792 26.22052032350152 110
1777203548955 22.58091394431472 111
1777203549360 23.87601360945554 112
1777203550570 23.849380888190787 113
1777203552501 22.8613080180657 114
1777203553871 22.069762161280053 115
1777203554743 21.525233165793974 116
1777203555168 23.3575459150116 117
1777203562275 21.279114648284683 118
1777203563335 23.48879023282303 119
1777203563895 21.94515953132874 120
1777203564838 22.895475968501263 121
1777203565431 18.576764826154474 122
1777203566648 21.89760271999683 123
1777203567821 22.526382237911964 124
1777203569854 19.471314287385045 125
1777203575421 22.154057102340193 126
1777203585546 20.554085444670044 127
1777203586013 20.163943692743754 128
1777203589866 21.22362002861766 129
1777203591157 23.129775425422288 130
1777203594323 21.0644059493271 131
1777203597404 19.462054771470928 132
1777203598703 18.293870843788604 133
1777203599665 21.771839621131726 134
1777203600154 23.738071377322207 135
1777203600625 22.123734432598415 136
1777203601634 20.624079643291054 137
1777203602443 22.88114004642729 138
1777203602935 19.76766756985618 139
1777203603384 19.84366310881567 140
1777203613512 21.80050373020369 141
1777203622283 22.352366673317558 142
1777203625189 21.314606951159618 143
1777203625559 20.268808178107992 144
1777203625925 19.563848576969157 145
1777203630128 18.322293836089838 146
1777203632891 19.747760887214373 147
1777203633888 21.334454189101603 148
1777203634334 21.538101855617843 149
1777203634730 20.34999319165465 150
1777203635116 21.801481508082556 151
1777203635502 20.583500211505118 152
1777203635887 18.73913666420953 153
1777203636274 21.693249558699492 154
1777203637043 19.157105468765533 155
1777203637426 20.580943268715313 156
1777203637811 18.091073109949317 157
1777203638188 18.73653324984791 158
1777203638958 17.90758185900903 159
1777203640470 17.855684528202865 160
1777203640848 18.85773896435244 161
1777203642945 17.758943265801847 162
1777203644769 19.822684284825286 163
1777203645149 17.39240781517542 164
1777203645595 17.729832327061164 165
1777203646889 18.376308680013107 166
1777203647268 18.708780375395015 167
1777203647656 19.34222672339306 168
1777203649187 17.10577159542942 169
1777203650549 18.521136607149767 170
1777203650964 19.313948987410143 171
1777203651455 17.581537863133946 172
1777203651869 17.001844418269652 173
1777203652690 16.105155621652845 174
1777203653887 19.024872411232405 175
1777203654983 16.11192939404925 176
1777203656060 19.900084590252845 177
1777203661869 19.22103486163905 178
1777203664633 17.483652381179898 179
1777203665156 17.12019314095474 180
1777203666426 17.81985182712317 181
1777203668792 18.32554729315744 182
1777203670232 19.254343310747448 183
1777203670918 17.12116905855557 184
1777203672543 16.983869192387836 185
1777203681515 15.311737166107095 186
1777203683042 18.816110663678945 187
1777203683416 15.722010856318951 188
1777203683787 16.373641329010898 189
1777203684940 16.60884123524981 190
1777203687007 15.190711666912305 191
1777203690928 16.742799947967374 192
1777203693247 15.438457752742115 193
1777203693710 16.85008831057626 194
1777203695141 15.928721444928252 195
1777203695920 16.193075626396226 196
1777203696813 15.806108592808549 197
1777203697219 15.49095135795763 198
1777203698005 17.365706998018123 199
1777203698404 17.966943693177985 200
1777203700608 15.628796901954388 201
1777203704152 16.25070893135079 202
1777203707347 15.154545953657715 203
1777203709364 15.281451701761886 204
1777203714282 14.297078315664981 205
1777203714810 15.639213262024343 206
1777203717983 14.276405898574732 207
1777203718406 14.475917416820039 208
1777203718983 15.685148389635426 209
1777203719368 18.28505319013362 210
1777203720181 14.88680741166854 211
1777203721051 15.415184045930879 212
1777203722033 14.606028192849434 213
1777203722421 14.03635101371697 214
1777203730127 16.178361470891065 215
1777203730547 18.342228529055824 216
1777203731443 15.159206078507676 217
1777203733387 15.710028896681582 218
1777203735404 16.585893340732547 219
1777203736262 16.08403358845689 220
1777203736819 14.044599609751863 221
1777203738795 14.981897238769424 222
1777203740324 14.485105033180313 223
1777203740879 16.33429159869659 224
1777203742929 14.685947287440882 225
1777203743906 14.756798680601586 226
1777203745379 15.804420065396757 227
1777203746599 14.312025570398285 228
1777203748507 13.49238315036198 229
1777203750218 14.767860073893894 230
1777203751713 14.154057415052185 231
1777203756675 13.674115329838013 232
1777203760564 14.602443939921656 233
1777203761016 14.536667336966373 234
1777203762194 14.263360436016976 235
1777203762616 13.844611354234711 236
1777203763670 13.857744363980087 237
1777203765212 14.115574215199489 238
