1777412319571 155.4728978717138 1
1777412325101 150.19398173983134 2
1777412331769 144.26866803850447 3
1777412332623 136.55746518089657 4
1777412335471 126.37417999751985 5
1777412336330 113.55364675370474 6
1777412340014 100.33569018651569 7
1777412340861 86.47269417898995 8
1777412344332 71.8501239594959 9
1777412349440 57.6393547905816 10
1777412350300 44.62798131306966 11
1777412354374 33.3521601964557 12
1777412357798 26.106938013954768 13
1777412361464 21.636218264746287 14
1777412367507 19.181975089179144 15
1777412377298 17.53227602338034 16
1777412380630 17.248445404900444 17
1777412381502 16.689995145040847 18
1777412387731 15.02313616919139 19
1777412390987 15.096983567495196 20
1777412394222 13.747008417523096 21
1777412397182 14.033494537595718 22
1777412400333 14.79979631333124 23
1777412403414 14.81461980002267 24
1777412411865 13.069334254189144 25
1777412414703 12.74154428754534 26
1777412420518 12.157704047551231 27
1777412432813 12.108966403537327 28
1777412436542 12.68738911341107 29
1777412443549 12.795037413400317 30
1777412452113 11.9572020031157 31
1777412461868 11.676314254034134 32
1777412467224 11.49069219316755 33
1777412481824 11.236147374955435 34
1777412492102 11.434263102213542 35
1777412495397 10.266030045161171 36
1777412505648 11.984962850903708 37
1777412510903 11.370616022745768 38
1777412517642 11.12142220754472 39
1777412523928 11.80707400639852 40
1777412525696 10.570086477673243 41
1777412530263 10.174986972506083 42
1777412533577 10.080428623017811 43
1777412534418 11.454215349469866 44
1777412539268 10.39363523362175 45
1777412540119 10.672606077648345 46
1777412555644 10.37899642217727 47
1777412562684 11.04781984601702 48
1777412569704 10.78205195230151 49
1777412572803 9.882369568234399 50
1777412573680 9.23784443688771 51
1777412579370 10.192947502741738 52
1777412580226 8.428092335897778 53
1777412589951 8.261177131107875 54
1777412596868 8.68634168231298 55
1777412602876 8.952929390801323 56
1777412606744 9.310580613878038 57
1777412610045 9.67298456222292 58
1777412615962 8.99932936713809 59
1777412619145 8.547060152084109 60
1777412620014 8.254202539958651 61
1777412623489 8.149742404998294 62
1777412628355 8.29556897027152 63
1777412631768 8.342476436070033 64
1777412634915 8.238479590037512 65
1777412635743 7.765972425067235 66
1777412639093 7.793947256179083 67
1777412642076 8.142267723689004 68
1777412644468 7.959381606086852 69
1777412645313 7.221654227423289 70
1777412648132 7.247867072574676 71
1777412651005 7.547619916522314 72
1777412660987 7.38428705609034 73
1777412666153 6.841362226577032 74
1777412674552 6.936361393095955 75
1777412682585 6.54295271010626 76
1777412686150 6.976736646985251 77
1777412687020 8.615336805676657 78
1777412696021 6.787993724762448 79
1777412699211 6.746861279199994 80
1777412700037 7.127623827495272 81
1777412703812 6.471239802950905 82
1777412706987 6.838343347821917 83
1777412713980 7.0586369363088455 84
1777412719409 6.62160306203933 85
1777412726373 7.007018149845184 86
1777412739726 6.506403586978004 87
1777412743816 6.275997293563116 88
1777412744749 6.745628114730593 89
1777412747757 5.633600719391354 90
1777412751340 5.99871041131398 91
1777412757071 6.03105527181474 92
1777412757931 5.927554955558171 93
1777412758808 5.462350503225175 94
1777412761015 5.937660202147469 95
1777412768496 5.994401822771345 96
1777412774901 6.80508778889974 97
1777412778220 5.605015383826362 98
1777412783774 5.806606995113312 99
1777412790291 5.5580771794394845 100
1777412794315 5.574621492718894 101
1777412797803 5.873554039001465 102
1777412803839 5.818358660501147 103
1777412809026 5.5301670468042765 104
1777412815486 5.992649817088294 105
1777412818511 5.982707053895981 106
1777412822182 5.776838411603655 107
1777412828633 5.039592276679145 108
1777412830018 5.621021064879402 109
1777412834599 5.109532842181978 110
1777412842104 4.948206562466091 111
1777412851375 5.296528331817142 112
1777412871928 5.4336973054068425 113
1777412889491 5.47252017127143 114
