1777369751653 224.37213789843835 1
1777369752834 216.72270836913867 2
1777369754060 205.35856726473062 3
1777369755275 188.89927844759382 4
1777369756484 167.3989737111481 5
1777369757637 141.87944878543584 6
1777369758797 112.93070633704504 7
1777369759975 83.80519363395757 8
1777369761195 63.839448280963765 9
1777369762416 45.33679960318865 10
1777369763616 35.12958189180647 11
1777369764822 34.41905767646008 12
1777369766044 28.334112838268528 13
1777369767249 26.22723294285687 14
1777369768443 24.97577532433586 15
1777369770345 25.235707680920928 16
1777369771542 24.7043666445343 17
1777369772744 24.323887543514594 18
1777369773958 23.555050336068227 19
1777369775166 24.618079625077304 20
1777369776357 24.790063560300975 21
1777369777561 22.992466573128233 22
1777369778719 23.07917676843572 23
1777369779868 22.810845822527607 24
1777369781486 22.071191498506895 25
1777369782707 20.18998401373528 26
1777369783927 20.0339281796062 27
1777369785148 20.359340957911098 28
1777369786376 20.009147488346326 29
1777369787605 20.456021235434303 30
1777369788824 20.45412034522203 31
1777369790027 22.0600940375167 32
1777369791242 20.522605973556487 33
1777369792457 19.62710832192248 34
1777369793691 18.49214696735124 35
1777369794891 18.948731667077332 36
1777369796088 18.567129083184856 37
1777369797315 17.976588818499017 38
1777369798579 17.994891358029026 39
1777369799805 18.684105014311946 40
1777369801024 18.91540195613016 41
1777369802259 17.847445414972338 42
1777369803452 18.420204712570996 43
1777369804648 17.935887197526736 44
1777369805854 18.287941203777088 45
1777369807051 17.505374764763147 46
1777369808248 17.51643927743718 47
1777369809476 17.685096085711102 48
