1777369751653 -2.7329424979115045 1
1777369752834 -2.482749654257373 2
1777369754060 -2.1270826497150943 3
1777369755275 -1.6459071680235564 4
1777369756484 -1.0778852134478085 5
1777369757637 -0.49264803751570757 6
1777369758797 0.05428596249833271 7
1777369759975 0.47918440718302246 8
1777369761195 0.6978002871243341 9
1777369762416 0.8475615886961467 10
1777369763616 0.90840548540861 11
1777369764822 0.9121009151649385 12
1777369766044 0.9404563912367407 13
1777369767249 0.9489796292656216 14
1777369768443 0.9536834812904097 15
1777369770345 0.9527470129241051 16
1777369771542 0.954730267002815 17
1777369772744 0.956115044104123 18
1777369773958 0.9588334076665357 19
1777369775166 0.9550216255576043 20
1777369776357 0.9544199333787302 21
1777369777561 0.9607491119504097 22
1777369778719 0.960473159716223 23
1777369779868 0.9613877294054982 24
1777369781486 0.9638593888209298 25
1777369782707 0.9697453460760844 26
1777369783927 0.9702188994066345 27
1777369785148 0.9692429294974623 28
1777369786376 0.9703087184400163 29
1777369787605 0.9689448071036948 30
1777369788824 0.9689548289232135 31
1777369790027 0.9639035499826252 32
1777369791242 0.9687388620855476 33
1777369792457 0.9714256442747127 34
1777369793691 0.9746268255693344 35
1777369794891 0.973360407093614 36
1777369796088 0.9744148864928782 37
1777369797315 0.976024093610255 38
1777369798579 0.9759731459332244 39
1777369799805 0.9741005097509952 40
1777369801024 0.9734635886505156 41
1777369802259 0.9763649424215674 42
1777369803452 0.9748348157560354 43
1777369804648 0.9761309620310537 44
1777369805854 0.9751815412047989 45
1777369807051 0.9772595406468936 46
1777369808248 0.9772321852052869 47
1777369809476 0.9767853559130766 48
