1777161719813 159.13238525390625 1
1777161720472 155.40623474121094 2
1777161721113 152.0275115966797 3
1777161721740 148.0610809326172 4
1777161722380 143.32411193847656 5
1777161723018 137.91549682617188 6
1777161723655 131.42588806152344 7
1777161724294 123.94850158691406 8
1777161724984 116.21049499511719 9
1777161790051 108.33905792236328 10
1777161823570 99.8739242553711 11
1777161824271 90.86849212646484 12
1777161824947 81.59602355957031 13
1777161825620 71.98580932617188 14
1777161828566 61.95595169067383 15
1777161829305 51.950653076171875 16
1777161830036 41.939788818359375 17
1777161830957 35.15734100341797 18
1777161831709 29.970577239990234 19
1777161832455 25.44297981262207 20
1777161833206 23.955535888671875 21
1777161833943 21.54461097717285 22
1777161834700 20.683210372924805 23
1777161835449 20.753250122070312 24
1777161836210 19.34357452392578 25
1777161836960 18.652841567993164 26
1777161837727 16.907394409179688 27
1777161838529 16.8252010345459 28
1777161839334 17.959009170532227 29
1777161840106 17.495777130126953 30
1777161840860 17.483234405517578 31
1777162038028 16.651676177978516 32
1777162038643 15.82638168334961 33
1777162039254 15.576560974121094 34
1777162039866 16.348691940307617 35
1777162040485 13.77380657196045 36
1777162041102 15.49977970123291 37
1777162041728 16.305593490600586 38
1777162143535 15.33206844329834 39
1777162144229 14.774140357971191 40
1777162289347 16.52911376953125 41
1777162290018 15.337249755859375 42
1777162301675 15.353208541870117 43
1777162302677 14.95642375946045 44
1777162303634 14.773873329162598 45
1777162304356 13.669953346252441 46
1777162305056 14.249542236328125 47
1777162305751 14.750089645385742 48
1777162306435 13.841421127319336 49
1777162307105 13.68250846862793 50
1777162307767 14.454853057861328 51
1777162308434 14.247902870178223 52
1777162309110 13.87222957611084 53
1777162309807 12.305259704589844 54
1777162310466 13.400467872619629 55
1777162311122 13.161285400390625 56
1777162311775 11.958112716674805 57
1777162312437 12.383528709411621 58
1777162313095 12.507017135620117 59
1777162313746 12.902447700500488 60
1777162345245 13.878778457641602 61
1777162345912 12.495368003845215 62
1777162505053 11.928618431091309 63
1777162505785 12.827792167663574 64
1777162506480 12.773029327392578 65
1777162507162 12.73763656616211 66
1777162507852 12.28447437286377 67
1777162508525 11.723640441894531 68
1777162509204 10.937058448791504 69
1777162509860 11.567148208618164 70
1777162510518 10.926608085632324 71
1777162511170 10.33456039428711 72
1777162511823 11.647486686706543 73
1777162512464 11.268960952758789 74
1777162513106 10.114344596862793 75
1777162513755 10.727418899536133 76
1777162514401 10.801486015319824 77
1777162515040 11.288825035095215 78
1777162515682 11.766337394714355 79
1777162516350 11.171968460083008 80
1777162517000 10.256623268127441 81
1777162519358 9.670679092407227 82
1777162520075 10.633598327636719 83
1777162520834 10.219550132751465 84
1777162528378 9.974831581115723 85
1777162529149 9.820379257202148 86
1777162529911 9.97786808013916 87
1777162608857 10.523955345153809 88
1777162609541 10.835668563842773 89
1777162951606 9.86018180847168 90
1777162952242 8.897326469421387 91
1777162952919 9.565583229064941 92
1777162953571 9.352782249450684 93
1777162954221 9.600242614746094 94
1777162954868 9.32394027709961 95
1777162955516 9.349947929382324 96
1777162956169 10.142606735229492 97
1777162956819 9.51515007019043 98
1777162957475 9.367158889770508 99
1777162958126 9.809545516967773 100
1777162958781 9.841948509216309 101
1777162959443 9.294897079467773 102
1777162977668 10.02984619140625 103
1777163088418 9.777640342712402 104
1777163089085 9.39123249053955 105
1777163091837 9.1200532913208 106
1777163092965 8.990741729736328 107
1777163093782 8.962443351745605 108
1777163094525 8.846198081970215 109
1777163095236 9.816969871520996 110
1777163095988 9.137681007385254 111
1777163096683 8.752023696899414 112
1777163097392 8.41434383392334 113
1777163098072 8.84077262878418 114
1777163098757 8.64272403717041 115
1777163099439 9.068777084350586 116
1777163100117 8.955195426940918 117
1777163100831 8.256784439086914 118
1777163101496 8.1074857711792 119
1777163102165 8.189189910888672 120
1777163102829 8.688224792480469 121
1777163103488 8.564093589782715 122
1777163104142 8.283618927001953 123
1777163104806 8.788431167602539 124
1777163105466 8.767040252685547 125
1777163106122 8.620065689086914 126
1777163106772 8.147804260253906 127
1777163107427 8.27644157409668 128
1777163108109 8.127750396728516 129
1777163108770 9.097789764404297 130
1777163109426 7.748854637145996 131
1777163110081 7.555589199066162 132
1777163110743 7.9223408699035645 133
1777163111407 8.272619247436523 134
1777163112068 8.780485153198242 135
1777163112725 8.5941162109375 136
1777163161287 8.242912292480469 137
1777163161941 8.71196460723877 138
1777163162595 7.936418533325195 139
1777163163237 8.27922248840332 140
1777163163923 8.683215141296387 141
1777163164560 8.356588363647461 142
1777163165194 7.656033039093018 143
1777163165864 8.621023178100586 144
1777163166671 7.611624717712402 145
1777163167798 7.866199970245361 146
1777163168470 7.833681106567383 147
1777163169142 8.135684967041016 148
1777163169809 8.679527282714844 149
1777163170460 7.884477138519287 150
1777163171118 7.7074785232543945 151
1777163171768 7.865174293518066 152
1777163172416 8.020427703857422 153
1777163173066 8.215807914733887 154
1777163173715 7.670565128326416 155
1777163174364 7.16322660446167 156
1777163175007 7.958729267120361 157
1777163175647 7.469191074371338 158
1777163176296 7.600618362426758 159
1777163176943 8.065616607666016 160
1777163177582 7.6014628410339355 161
1777163179423 8.502335548400879 162
1777163180258 8.439443588256836 163
1777163181256 7.315950870513916 164
1777163184989 7.616560459136963 165
1777163320690 7.730186939239502 166
1777163545773 7.194960117340088 167
1777163546402 7.664625644683838 168
1777163547057 7.479409217834473 169
1777163548608 7.374395370483398 170
1777163562215 7.25840950012207 171
1777163562976 7.368448734283447 172
1777163580265 7.997915744781494 173
