1777271020210 -1.7761473267027692 1
1777271022634 -1.4993391343102611 2
1777271025093 -1.0589952838718268 3
1777271027336 -0.4477359005056143 4
1777271029579 0.13968798717472952 5
1777271031988 0.555817396415936 6
1777271034342 0.8004404227469042 7
1777271036662 0.8874997237520412 8
1777271038996 0.9091597035882764 9
1777271041246 0.927196232887592 10
1777271043525 0.932820495724717 11
1777271045832 0.9374859717833428 12
1777271048129 0.9407465462102929 13
1777271050432 0.9437203055026177 14
1777271052741 0.9440424732436555 15
1777271055116 0.9492489322442106 16
1777271057555 0.9496351246039583 17
1777271059854 0.9498712612572482 18
1777271062221 0.9533606614504145 19
1777271065070 0.952427930800585 20
1777271069179 0.9554028907676562 21
1777271071562 0.9560794988965621 22
1777271074036 0.9574946114382539 23
1777271076391 0.9545539231411418 24
1777271078659 0.9598361258261109 25
1777271081042 0.9598361951947133 26
1777271083348 0.9599803574752179 27
1777271085698 0.9610281312824835 28
1777271088028 0.9598683871274436 29
1777271090712 0.962612338678386 30
1777271096863 0.9647378041418087 31
1777271099602 0.961650945424108 32
1777271102908 0.9632008655308962 33
1777271115668 0.9646603755798185 34
1777271119118 0.9664608288451673 35
1777271121475 0.9667256168300385 36
1777271123874 0.9679214683453795 37
1777271126190 0.9704169929606257 38
1777271128509 0.9693012693478603 39
1777271130922 0.9712480297189856 40
1777271133255 0.9696684885989001 41
1777271136075 0.972377725603363 42
1777271140863 0.9714013470309333 43
1777271148446 0.9708653885277906 44
1777271150826 0.9718132157771655 45
1777271153184 0.9727936262574606 46
1777271155508 0.9722089589630204 47
1777271157795 0.972906465275574 48
1777271159975 0.9732073327545938 49
1777271162168 0.9747675438172426 50
1777271164520 0.9754393874857603 51
1777271166844 0.9757522023292997 52
1777271169133 0.9757843791016347 53
1777271171414 0.9754779121509722 54
