1777305564499 154.89627479270652 1
1777305566367 119.51962314181857 2
1777305568220 66.32211995301424 3
1777305570089 29.31775439227069 4
1777305573205 20.53414630183467 5
1777305575048 17.59724486315692 6
1777305576893 16.206827347366897 7
1777305578741 15.00370809060556 8
1777305589064 14.642490913249828 9
1777305590913 14.301166499102557 10
1777305592789 13.188191756495723 11
1777305594640 12.791255509411847 12
1777305596487 12.886638787940697 13
1777305598347 12.463845154091164 14
1777305600193 11.698658745377152 15
1777305602036 11.403251446617974 16
1777305603895 11.320919752120972 17
1777305605741 10.364021774574562 18
1777305607593 10.856193606058756 19
1777305609447 10.192795043521457 20
1777305611322 9.590619200247305 21
1777305613172 9.418687359491985 22
1777305615052 9.186544455422295 23
1777305616898 8.935786632255272 24
1777305618745 8.442007928424411 25
1777305620592 7.917291533505475 26
1777305622438 7.5551534741013135 27
1777305624275 7.703983742219431 28
1777305626133 7.269794231873972 29
1777305627985 7.3321673534534595 30
1777305629822 7.365638367335001 31
1777305631656 7.156475415053191 32
1777305633490 6.946666023466322 33
1777305635337 6.718847598852935 34
1777305637196 6.293939227528043 35
1777305639026 6.5121908567569875 36
1777305640876 6.395966621681496 37
1777305642720 6.040577283612004 38
1777305644549 6.4105892552269825 39
1777305646389 5.934799333854958 40
1777305648241 5.886972815019113 41
1777305650066 6.0197136976100785 42
1777305651906 5.765251297420925 43
1777305653743 5.924268037301522 44
1777305655578 5.729603509549741 45
1777305657431 5.368235588956762 46
1777305659286 5.532424043726038 47
1777305661131 5.684596609186243 48
1777305662970 5.46763211356269 49
1777305664824 5.35545817039631 50
1777305666675 5.294418583975898 51
