1777385160743 160.01617431640625 1
1777385161825 155.09368896484375 2
1777385162699 149.43504333496094 3
1777385163557 142.3731689453125 4
1777385164415 133.44920349121094 5
1777385165272 122.20084381103516 6
1777385166132 109.61695098876953 7
1777385167003 96.61898803710938 8
1777385167879 82.81632232666016 9
1777385168779 69.25714111328125 10
1777385169808 55.87224578857422 11
1777385181112 43.77238082885742 12
1777385181973 34.76079559326172 13
1777385182828 27.7435245513916 14
1777385183690 24.40563201904297 15
1777385184538 22.42519187927246 16
1777385185389 21.1846981048584 17
1777385186257 19.919946670532227 18
1777385187110 19.092775344848633 19
1777385187959 19.112770080566406 20
1777385188834 19.3316593170166 21
1777385189710 18.18540382385254 22
1777385190567 17.986225128173828 23
1777385191417 16.700159072875977 24
1777385192274 16.63895034790039 25
1777385193115 16.964889526367188 26
1777385193970 16.803123474121094 27
1777385194819 16.118709564208984 28
1777385195682 16.673431396484375 29
1777385196538 15.927724838256836 30
1777385197368 15.651369094848633 31
1777385198245 15.3357515335083 32
1777385199103 15.376441955566406 33
1777385199980 15.872005462646484 34
1777385200858 15.476208686828613 35
1777385201734 14.69662094116211 36
1777385202587 16.149152755737305 37
1777385203437 15.721288681030273 38
1777385204285 14.103453636169434 39
1777385205146 13.812289237976074 40
1777385206008 14.029172897338867 41
1777385206863 13.381863594055176 42
1777385207706 15.260563850402832 43
1777385208532 13.470643043518066 44
1777385209378 13.025425910949707 45
1777385211441 13.891707420349121 46
1777385212280 13.506439208984375 47
1777385226178 13.443480491638184 48
1777385228075 12.8021821975708 49
1777385228928 12.832613945007324 50
1777385230208 12.55371379852295 51
1777385369366 11.519132614135742 52
1777385373661 13.278679847717285 53
1777385378329 12.8624906539917 54
1777385379741 13.017226219177246 55
1777385380682 12.519791603088379 56
1777385381520 11.753046035766602 57
1777385382374 11.21924877166748 58
1777385383214 11.627902030944824 59
1777385384064 11.779207229614258 60
1777385384914 11.83052921295166 61
1777385385756 11.81271743774414 62
1777385386589 12.629131317138672 63
1777385387419 11.427583694458008 64
1777385388251 11.225523948669434 65
1777385389082 11.487557411193848 66
1777385389905 10.860615730285645 67
1777385390755 11.711556434631348 68
1777385391596 11.569409370422363 69
1777385392436 11.277019500732422 70
1777385393272 10.404041290283203 71
1777385394108 10.162712097167969 72
1777385394961 10.949437141418457 73
1777385395807 10.127716064453125 74
1777385396636 12.35716724395752 75
1777385397459 10.876928329467773 76
1777385444469 10.985991477966309 77
1777385465617 10.641640663146973 78
1777385519093 9.612772941589355 79
1777385519956 9.72635269165039 80
1777385520822 9.751274108886719 81
1777385521684 9.887447357177734 82
1777385522535 9.774094581604004 83
1777385523397 9.716609001159668 84
1777385524248 9.722343444824219 85
1777385525105 9.988224029541016 86
1777385525966 9.717632293701172 87
1777385526826 10.20423698425293 88
1777385527711 10.214306831359863 89
1777385528559 10.048765182495117 90
1777385529421 9.81200122833252 91
1777385530280 9.313070297241211 92
1777385531139 9.070964813232422 93
1777385532001 9.483614921569824 94
1777385532855 9.320966720581055 95
1777385533716 9.402189254760742 96
1777385534559 8.852396011352539 97
1777385535434 9.341561317443848 98
1777385536274 9.018105506896973 99
1777385537149 9.02515983581543 100
1777385538027 9.062580108642578 101
1777385538878 9.78150463104248 102
1777385539748 9.726495742797852 103
1777385540848 9.765494346618652 104
1777385541719 9.053695678710938 105
1777385542612 9.209482192993164 106
1777385546308 9.528534889221191 107
1777385547403 9.76888370513916 108
1777385548277 9.933440208435059 109
