1777385160743 155.0161683097718 1
1777385161825 150.10079428052146 2
1777385162699 144.52084050254217 3
1777385163557 137.51954350547186 4
1777385164415 128.53561338394408 5
1777385165272 117.3237562875899 6
1777385166132 104.77512376573351 7
1777385167003 91.83904985700335 8
1777385167879 78.13644443088107 9
1777385168779 64.66273596627371 10
1777385169808 51.326319933694506 11
1777385181112 39.325091988699775 12
1777385181973 30.390942304096523 13
1777385182828 23.44550548735119 14
1777385183690 20.13168464539543 15
1777385184538 18.171110307602657 16
1777385185389 16.949154360332187 17
1777385186257 15.651928704882424 18
1777385187110 14.8954435530163 19
1777385187959 14.887919483487568 20
1777385188834 15.145540948898073 21
1777385189710 13.95555427187965 22
1777385190567 13.81145641387455 23
1777385191417 12.553077516101656 24
1777385192274 12.494674520643931 25
1777385193115 12.854306865873792 26
1777385193970 12.694978683713883 27
1777385194819 12.02690797230554 28
1777385195682 12.565843091692244 29
1777385196538 11.814697392781575 30
1777385197368 11.572825000399636 31
1777385198245 11.271126910618372 32
1777385199103 11.259677808246915 33
1777385199980 11.81123069884285 34
1777385200858 11.392852713569763 35
1777385201734 10.644143013727097 36
1777385202587 12.031324344211155 37
1777385203437 11.60535831451416 38
1777385204285 10.063898461962504 39
1777385205146 9.806948135012671 40
1777385206008 10.02290422348749 41
1777385206863 9.377988427782816 42
1777385207706 11.1673766302684 43
1777385208532 9.485015148586697 44
1777385209378 9.036940633682978 45
1777385211441 9.85010394747295 46
1777385212280 9.51606574285598 47
1777385226178 9.452943676237076 48
1777385228075 8.846069472176689 49
1777385228928 8.86976814875527 50
1777385230208 8.576824097406297 51
1777385369366 7.63585140591576 52
1777385373661 9.295339015173534 53
1777385378329 8.918477603367396 54
1777385379741 9.047831713964069 55
1777385380682 8.526223942590137 56
1777385381520 7.8651510904705715 57
1777385382374 7.315693334549192 58
1777385383214 7.751870249188135 59
1777385384064 7.8580688839867 60
1777385384914 7.9488783427647185 61
1777385385756 7.910547416929215 62
1777385386589 8.643855049496604 63
1777385387419 7.561743775625078 64
1777385388251 7.347455527290466 65
1777385389082 7.580619693937756 66
1777385389905 6.981032916477749 67
1777385390755 7.809949738638742 68
1777385391596 7.647910923428006 69
1777385392436 7.387695439656576 70
1777385393272 6.597327671353779 71
1777385394108 6.346156159658281 72
1777385394961 7.068968511006188 73
1777385395807 6.326977552686419 74
1777385396636 8.41251948523143 75
1777385397459 7.028086895412869 76
1777385444469 7.1235934060717385 77
1777385465617 6.815716914525107 78
1777385519093 5.82379526410784 79
1777385519956 5.94479443686349 80
1777385520822 5.966381997910757 81
1777385521684 6.098538424476745 82
1777385522535 5.985102435520717 83
1777385523397 5.934212368253678 84
1777385524248 5.941547272697328 85
1777385525105 6.191298113928901 86
1777385525966 5.970435225774372 87
1777385526826 6.3866146602327865 88
1777385527711 6.390037182399205 89
1777385528559 6.271690559387207 90
1777385529421 6.037172995673286 91
1777385530280 5.618247955564469 92
1777385531139 5.360857541220529 93
1777385532001 5.731508482070196 94
1777385532855 5.587566284906297 95
1777385533716 5.6910446212405255 96
1777385534559 5.181378858051603 97
1777385535434 5.629480596572634 98
1777385536274 5.326988235352531 99
1777385537149 5.324273551456512 100
1777385538027 5.380211251879495 101
1777385538878 6.039085433596656 102
1777385539748 5.991285148499504 103
1777385540848 6.0440135728745235 104
1777385541719 5.347746824839758 105
1777385542612 5.4887834488399445 106
1777385546308 5.831416505480569 107
1777385547403 6.03935126955547 108
1777385548277 6.146886392623659 109
