1777385160743 40373.645833333336 1
1777385161825 38834.3359375 2
1777385162699 36981.10546875 3
1777385163557 34320.388020833336 4
1777385164415 30802.025390625 5
1777385165272 26822.505208333332 6
1777385166132 22747.078125 7
1777385167003 18665.374348958332 8
1777385167879 14866.975260416666 9
1777385168779 11054.081705729166 10
1777385169808 7661.799479166667 11
1777385181112 4905.340006510417 12
1777385181973 3046.1595052083335 13
1777385182828 1861.4365641276042 14
1777385183690 1345.9938151041667 15
1777385184538 1070.481221516927 16
1777385185389 940.1991984049479 17
1777385186257 806.3188883463541 18
1777385187110 731.3394775390625 19
1777385187959 737.8985595703125 20
1777385188834 760.4816080729166 21
1777385189710 640.9290771484375 22
1777385190567 647.6459350585938 23
1777385191417 544.7883707682291 24
1777385192274 554.0223388671875 25
1777385193115 578.7831827799479 26
1777385193970 554.4237467447916 27
1777385194819 513.3941548665365 28
1777385195682 566.844482421875 29
1777385196538 498.05739339192706 30
1777385197368 482.31163533528644 31
1777385198245 472.56275431315106 32
1777385199103 452.55784098307294 33
1777385199980 504.1140848795573 34
1777385200858 468.93218994140625 35
1777385201734 429.43613688151044 36
1777385202587 501.81944783528644 37
1777385203437 472.1052958170573 38
1777385204285 386.87461344401044 39
1777385205146 377.7235514322917 40
1777385206008 401.64113362630206 41
1777385206863 350.94532267252606 42
1777385207706 458.2330729166667 43
1777385208532 351.3417460123698 44
1777385209378 328.26678466796875 45
1777385211441 379.444580078125 46
1777385212280 354.4711100260417 47
1777385226178 348.7797037760417 48
1777385228075 316.01096598307294 49
1777385228928 325.2071024576823 50
1777385230208 296.0675557454427 51
1777385369366 256.93102010091144 52
1777385373661 349.00770060221356 53
1777385378329 322.3911641438802 54
1777385379741 324.47191365559894 55
1777385380682 298.15305582682294 56
1777385381520 261.6310221354167 57
1777385382374 236.38643900553384 58
1777385383214 265.78859456380206 59
1777385384064 258.7729899088542 60
1777385384914 278.06358846028644 61
1777385385756 273.13917541503906 62
1777385386589 306.44704182942706 63
1777385387419 250.40343221028647 64
1777385388251 238.2940216064453 65
1777385389082 245.6881866455078 66
1777385389905 220.10064697265625 67
1777385390755 256.880132039388 68
1777385391596 247.6873524983724 69
1777385392436 239.95580546061197 70
1777385393272 203.6785430908203 71
1777385394108 189.85809834798178 72
1777385394961 219.83463033040366 73
1777385395807 191.80733744303384 74
1777385396636 294.73133341471356 75
1777385397459 223.31816609700522 76
1777385444469 229.30923461914062 77
1777385465617 214.95233154296875 78
1777385519093 165.44532775878906 79
1777385519956 175.43002319335938 80
1777385520822 173.3882598876953 81
1777385521684 180.1358642578125 82
1777385522535 175.6388142903646 83
1777385523397 173.22322591145834 84
1777385524248 175.47960917154947 85
1777385525105 182.62243143717447 86
1777385525966 176.9457244873047 87
1777385526826 192.97077433268228 88
1777385527711 191.11662801106772 89
1777385528559 186.0434315999349 90
1777385529421 176.62422688802084 91
1777385530280 161.97132873535156 92
1777385531139 148.6747029622396 93
1777385532001 164.76922098795572 94
1777385532855 157.56168619791666 95
1777385533716 166.5316416422526 96
1777385534559 144.91631571451822 97
1777385535434 161.0187784830729 98
1777385536274 151.6958465576172 99
1777385537149 148.02383931477866 100
1777385538027 153.4408416748047 101
1777385538878 182.64983113606772 102
1777385539748 177.22312927246094 103
1777385540848 183.29877726236978 104
1777385541719 151.2563222249349 105
1777385542612 156.53693644205728 106
1777385546308 174.52013142903647 107
1777385547403 178.88873799641928 108
1777385548277 183.87921142578125 109
