1777383205836 -2.7985264837234443 1
1777383207837 -2.714772680373068 2
1777383210052 -2.6298280602324318 3
1777383212293 -2.5263100092266733 4
1777383214130 -2.397444605567296 5
1777383215789 -2.2308013728319827 6
1777383217542 -2.0402065636926094 7
1777383219902 -1.8383121693454796 8
1777383221992 -1.6230888812874347 9
1777383223477 -1.3980366329474547 10
1777383226079 -1.1649226458750568 11
1777383228612 -0.9232693808522163 12
1777383231810 -0.6846211386185825 13
1777383233727 -0.44076286890079475 14
1777383236651 -0.19006760397728617 15
1777383237976 0.03359755382400953 16
1777383239327 0.24145739932794752 17
1777383241346 0.4222723311958323 18
1777383243008 0.5698293263642453 19
1777383244394 0.6899346951128944 20
1777383247054 0.7710093647119504 21
1777383249068 0.8319680590852185 22
1777383251185 0.8704498533688783 23
1777383256236 0.8882718536566143 24
1777383258931 0.9058656135737725 25
1777383264872 0.9107841961100607 26
1777383375319 0.9187230087162566 27
1777383376988 0.9285075203099901 28
1777383379406 0.9381274114506349 29
1777383381375 0.9261117651626279 30
1777383383361 0.9400801661967055 31
1777383385632 0.9356852547874589 32
1777383386858 0.9400650244960363 33
1777383388287 0.9381128162502306 34
1777383389169 0.9426584415024951 35
1777383391125 0.9492281507153878 36
1777383392934 0.9477571359527106 37
1777383394109 0.9476977459472706 38
1777383395525 0.9517694898899491 39
1777383397821 0.9523595134358037 40
1777383400032 0.9497604273999318 41
1777383402611 0.949179537695169 42
1777383403897 0.9561394043770853 43
1777383405285 0.9583004485907347 44
1777383407552 0.9545432957038026 45
1777383409578 0.9558571042003166 46
1777383412121 0.9552960014484735 47
1777383413959 0.9589890826443641 48
1777383415672 0.9602846526053752 49
1777383418104 0.9614470040185111 50
1777383419939 0.9566084400509903 51
1777383421217 0.9621240449798573 52
1777383422147 0.955203140123484 53
1777383423086 0.9583088136881207 54
1777383424480 0.9608410190215902 55
1777383425992 0.9591230845092853 56
1777383427610 0.959371742129755 57
1777383429515 0.960056736491621 58
1777383431245 0.9654901587106721 59
1777383433049 0.9646493024732941 60
1777383435019 0.9642951775883943 61
1777383437003 0.9679052781840825 62
1777383439313 0.9660956336406793 63
