1777383205836 188.88187392767358 1
1777383207837 185.9663269287874 2
1777383210052 182.94616180736506 3
1777383212293 179.35109186088485 4
1777383214130 175.0673850853398 5
1777383215789 169.91593858439248 6
1777383217542 163.80159485197785 7
1777383219902 156.70106938814413 8
1777383221992 148.5055388373903 9
1777383223477 139.90583636406512 10
1777383226079 131.0030377743225 11
1777383228612 121.2666209249446 12
1777383231810 111.02043095258473 13
1777383233727 100.69160249224379 14
1777383236651 88.9197209810506 15
1777383237976 77.74017758835177 16
1777383239327 67.18269136391126 17
1777383241346 56.737105204742186 18
1777383243008 47.66770145015302 19
1777383244394 39.680189137543735 20
1777383247054 33.815102313077716 21
1777383249068 28.61573204328739 22
1777383251185 25.0019101189363 23
1777383256236 23.498965044408003 24
1777383258931 21.40019046240624 25
1777383264872 21.124939428520985 26
1777383375319 20.05884025194426 27
1777383376988 18.64148775101828 28
1777383379406 17.01637098947414 29
1777383381375 19.038189782907782 30
1777383383361 16.863657116959953 31
1777383385632 17.843780219286568 32
1777383386858 16.911130451927402 33
1777383388287 17.348810832825723 34
1777383389169 16.46235961525798 35
1777383391125 15.32071107911793 36
1777383392934 15.659902230847207 37
1777383394109 15.672193368369292 38
1777383395525 14.883381713087672 39
1777383397821 14.7886787880468 40
1777383400032 14.988513287790463 41
1777383402611 15.432144988980818 42
1777383403897 14.0378508971941 43
1777383405285 13.553725047175911 44
1777383407552 14.292632829841976 45
1777383409578 14.111110903787901 46
1777383412121 14.223224321814474 47
1777383413959 13.405808137246694 48
1777383415672 13.259870850799555 49
1777383418104 12.883043985820418 50
1777383419939 14.116135581922428 51
1777383421217 12.63258959967508 52
1777383422147 14.305114801346754 53
1777383423086 13.38518165678725 54
1777383424480 13.077520779654293 55
1777383425992 13.425225232020356 56
1777383427610 13.371550413091768 57
1777383429515 13.158046845238044 58
1777383431245 12.030102541078488 59
1777383433049 12.231677684048472 60
1777383435019 12.235093143453428 61
1777383437003 11.52990015343132 62
1777383439313 11.915956393593 63
