1777243009762 -1.768006379867052 1
1777243013736 -1.4756130891764165 2
1777243020246 -1.0059509566425635 3
1777243028871 -0.3462217534999202 4
1777243032077 0.2737710842745237 5
1777243035363 0.6578132120783405 6
1777243041270 0.8337877070863359 7
1777243044278 0.8908208132300001 8
1777243047606 0.9119635744712677 9
1777243051692 0.9221590726707319 10
1777243054158 0.927824914655979 11
1777243056955 0.9333409211116379 12
1777243060580 0.9386444640527204 13
1777243110006 0.9433400748147504 14
1777243113439 0.9458832350428252 15
1777243117288 0.9448007754793533 16
1777243122304 0.945526439873295 17
1777243125165 0.9499288354310123 18
1777243130042 0.9517011243516842 19
1777243136677 0.9516222938755678 20
1777243141012 0.9549055318046132 21
1777243145356 0.957942464389966 22
1777243160217 0.9562065378157627 23
1777243162608 0.9548027602602358 24
1777243166408 0.9570540496719115 25
1777243179033 0.9595340969956115 26
1777243209893 0.9618355271385386 27
1777243212152 0.9604923265475926 28
1777243214282 0.9623337782975128 29
1777243222476 0.964941280252722 30
1777243238887 0.9660177520630576 31
1777243241217 0.9663679010839399 32
1777243244926 0.9667527384731807 33
1777243249769 0.9668772865046634 34
1777243253024 0.9683907093281103 35
1777243256778 0.9704274997820729 36
1777243299436 0.9700888262614772 37
1777243307584 0.9700114033370909 38
1777243312671 0.9722039050187176 39
1777243315092 0.9724978490477569 40
1777243318715 0.972022785197753 41
1777243322932 0.9736424432426615 42
1777243327904 0.9732538994704687 43
1777243345016 0.9736167870210565 44
1777243347437 0.9721781447357613 45
1777243349780 0.9757902758461048 46
1777243353410 0.9758377683519834 47
1777243362031 0.9748701364111879 48
1777243391581 0.9755898269992145 49
1777243393537 0.9755968354582796 50
1777243395647 0.976572654886696 51
1777243397746 0.9762070414991433 52
1777243400281 0.9769459414259606 53
1777243403872 0.9775153565753563 54
