1777243009762 44533.36328125 1
1777243013736 39829.16171875 2
1777243020246 32272.953515625 3
1777243028871 21658.8314453125 4
1777243032077 11684.01064453125 5
1777243035363 5505.308203125 6
1777243041270 2674.123974609375 7
1777243044278 1756.5408569335937 8
1777243047606 1416.3832641601562 9
1777243051692 1252.3519897460938 10
1777243054158 1161.1964782714845 11
1777243056955 1072.4516296386719 12
1777243060580 987.1249877929688 13
1777243110006 911.5791931152344 14
1777243113439 870.66328125 15
1777243117288 888.0785278320312 16
1777243122304 876.4036071777343 17
1777243125165 805.5751892089844 18
1777243130042 777.0615539550781 19
1777243136677 778.3298645019531 20
1777243141012 725.5071166992187 21
1777243145356 676.6470886230469 22
1777243160217 704.5757446289062 23
1777243162608 727.1605651855468 24
1777243166408 690.9404541015625 25
1777243179033 651.0399230957031 26
1777243209893 614.0131530761719 27
1777243212152 635.6233703613282 28
1777243214282 605.9969909667968 29
1777243222476 564.0459167480469 30
1777243238887 546.7269775390625 31
1777243241217 541.0935668945312 32
1777243244926 534.9020843505859 33
1777243249769 532.8982574462891 34
1777243253024 508.5494140625 35
1777243256778 475.7802795410156 36
1777243299436 481.2290802001953 37
1777243307584 482.47470703125 38
1777243312671 447.2004089355469 39
1777243315092 442.47124633789065 40
1777243318715 450.11437072753904 41
1777243322932 424.05633544921875 42
1777243327904 430.3074584960938 43
1777243345016 424.46909484863284 44
1777243347437 447.61485595703124 45
1777243349780 389.5007049560547 46
1777243353410 388.7366088867187 47
1777243362031 404.30445251464846 48
1777243391581 392.725634765625 49
1777243393537 392.6128814697266 50
1777243395647 376.9133056640625 51
1777243397746 382.79552307128904 52
1777243400281 370.90764770507815 53
1777243403872 361.7465545654297 54
