1777207271606 -1.7701143924402574 1
1777207272237 -1.674985727543602 2
1777207272852 -1.5716035718454875 3
1777207273476 -1.4338090089750744 4
1777207274097 -1.250929305560539 5
1777207274707 -1.0526181394478855 6
1777207275319 -0.8440816447803267 7
1777207275940 -0.6349208797485505 8
1777207276555 -0.4226029517943086 9
1777207277181 -0.20367983083432195 10
1777207277831 0.02015706177245663 11
1777207278447 0.22438672327387021 12
1777207279070 0.432126415917472 13
1777207279698 0.615421358674431 14
1777207280472 0.7537569090083418 15
1777207281077 0.8356650146042885 16
1777207281673 0.8916855808794986 17
1777207282269 0.907519154572638 18
1777207282863 0.9215747997010635 19
1777207283477 0.9383765589968387 20
1777207284321 0.9491926614816057 21
1777207284925 0.9451061777773917 22
1777207285563 0.9473720475724892 23
1777207286187 0.9521508096303251 24
1777207287032 0.9565052837547857 25
1777207290065 0.9583031057030583 26
1777207290669 0.9585378747041368 27
1777207291269 0.9595066188109143 28
1777207291890 0.9578980059038809 29
1777207292510 0.9600381802216338 30
1777207293495 0.964007811971063 31
1777207294086 0.9591042651715678 32
1777207294677 0.9622139468002908 33
1777207295268 0.9698665378499112 34
1777207295866 0.9685188342270686 35
1777207297265 0.9656614098935262 36
1777207297884 0.9614378021207082 37
1777207298503 0.9688283004857325 38
1777207299123 0.9721948792929695 39
1777207299866 0.9749844043490283 40
1777207300478 0.9704124630084026 41
1777207301088 0.9669113933096576 42
1777207301710 0.9675537956094402 43
1777207302332 0.9732928320464174 44
1777207302956 0.9719743848561389 45
1777207303583 0.9695610481807693 46
1777207304546 0.9681009625649175 47
1777207305168 0.9762656991044572 48
1777207305794 0.9747144143451008 49
1777207306415 0.9730820578526523 50
1777207307429 0.9749101641694684 51
1777207308067 0.9759800464762374 52
1777207308680 0.9761615340275611 53
1777207309298 0.9728623318543459 54
1777207309918 0.9700461367028572 55
1777207310534 0.97673098990708 56
1777207311153 0.9758861341521884 57
1777207311775 0.9784543884897459 58
1777207312400 0.9792160664737188 59
1777207313021 0.9760618871129368 60
1777207315168 0.9798598684549058 61
1777207315769 0.9770944191091363 62
1777207316370 0.974467037984345 63
1777207316971 0.9811370960625267 64
1777207319495 0.9779659500331944 65
1777207320092 0.9740391281342589 66
1777207320715 0.9791192475366451 67
1777207321321 0.980536623692724 68
1777207321926 0.9777726381391711 69
1777207322538 0.9811098322972389 70
1777207323148 0.979740743663025 71
1777207323749 0.9790841641187715 72
1777207324353 0.9792842989198299 73
1777207324963 0.9854381006238423 74
1777207325632 0.982433700928242 75
1777207326932 0.9798370006875117 76
1777207327570 0.984645891860574 77
1777207328214 0.9843819700453909 78
1777207328863 0.983027434610385 79
1777207329562 0.9821738533233948 80
1777207330211 0.9844978503796535 81
1777207330861 0.9843840471062331 82
1777207331508 0.9860468050255643 83
1777207332139 0.9879141296547067 84
1777207332781 0.9806763844176869 85
1777207333408 0.9882543680760749 86
1777207334027 0.9850029649393449 87
1777207334642 0.9864821227303553 88
1777207337204 0.9823872318449128 89
1777207341115 0.9841730025034627 90
1777207341852 0.989637011350476 91
1777207343341 0.9850695710482615 92
1777207343992 0.9860950220110862 93
1777207344623 0.9848141788181977 94
1777207345262 0.9861915194038351 95
1777207345898 0.9889761235697949 96
1777207346523 0.9886632649327369 97
1777207347224 0.985360574565741 98
1777207347853 0.9894458167900775 99
1777207348487 0.9886779952579642 100
1777207349110 0.98987868673416 101
1777207349731 0.9874012522783107 102
1777207350354 0.9890815234672892 103
1777207350973 0.9905611309181888 104
1777207351610 0.9906546534448606 105
1777207352230 0.9886790317339207 106
1777207352876 0.9911504454020096 107
1777207353491 0.9905883657839027 108
1777207354113 0.989259749443339 109
1777207354732 0.9895173526681318 110
1777207355346 0.9879810344798543 111
1777207357125 0.9884994295445944 112
1777207359268 0.9901822895512646 113
1777207360231 0.9902847745591528 114
1777207360894 0.9907945982647983 115
1777207361539 0.9914685188887697 116
1777207362180 0.9893161590417068 117
1777207362819 0.9880453341100777 118
1777207363441 0.9896874334002022 119
1777207364064 0.9909267288254511 120
1777207364690 0.9910927116725283 121
1777207365325 0.9912151802535172 122
1777207365948 0.9915335597172548 123
1777207366582 0.9914378633594897 124
1777207367663 0.9918466064324181 125
1777207368525 0.9908368320466608 126
1777207369183 0.992540337143087 127
1777207369838 0.9911722707133868 128
1777207370487 0.9921365634917632 129
1777207371164 0.9930369332164575 130
1777207371814 0.99253013385917 131
1777207372462 0.9926091576208373 132
1777207379399 0.9921304226851666 133
1777207380297 0.9924292895427532 134
1777207381027 0.991935228418772 135
1777207381965 0.9934665749957503 136
1777207383165 0.9923008266593066 137
1777207383855 0.9896539386035681 138
1777207384533 0.9922822545642926 139
1777207385203 0.9926636952134897 140
1777207385920 0.9912408517742004 141
1777207386662 0.9939213733114809 142
1777207387448 0.9938784881887069 143
1777207388124 0.9936353471294179 144
1777207388893 0.993040039928682 145
1777207389583 0.9912878868962477 146
1777207390455 0.9915910397926653 147
1777207391175 0.9929538739316943 148
1777207391867 0.9929095244017496 149
1777207392663 0.9925629447611967 150
1777207393353 0.9938721561656694 151
1777207394087 0.9925445486614144 152
1777207394776 0.9922875775540109 153
1777207395677 0.9933576818307388 154
