1777207271606 -1.770114280027062 1
1777207272237 -1.6749855378217418 2
1777207272852 -1.5716037342050528 3
1777207273476 -1.4338090089750746 4
1777207274097 -1.2509294882905055 5
1777207274707 -1.052618137284429 6
1777207275319 -0.8440815636005441 7
1777207275940 -0.6349208797485506 8
1777207276555 -0.4226029517943086 9
1777207277181 -0.20367983083432195 10
1777207277831 0.02015702118256535 11
1777207278447 0.22438676386376144 12
1777207279070 0.4321263956225263 13
1777207279698 0.615421374214606 14
1777207280472 0.753756878870906 15
1777207281077 0.8356650061071551 16
1777207281673 0.8916855707320257 17
1777207282269 0.9075191521387993 18
1777207282863 0.9215747997010636 19
1777207283477 0.9383765589968387 20
1777207284321 0.9491926640184739 21
1777207284925 0.94510618031426 22
1777207285563 0.9473720501093573 23
1777207286187 0.9521508096303252 24
1777207287032 0.9565052830178876 25
1777207290065 0.9583031031661902 26
1777207290669 0.9585378750972737 27
1777207291269 0.9595066213477824 28
1777207291890 0.9578979999491815 29
1777207292510 0.9600381789531997 30
1777207293495 0.964007811971063 31
1777207294086 0.9591042639031336 32
1777207294677 0.962213943732827 33
1777207295268 0.9698665365814771 34
1777207295866 0.9685188329586345 35
1777207297265 0.9656614086250921 36
1777207297884 0.9614378021207082 37
1777207298503 0.9688283029739888 38
1777207299123 0.9721948792929695 39
1777207299866 0.9749844043490282 40
1777207300478 0.9704124630084026 41
1777207301088 0.9669113946215796 42
1777207301710 0.9675537956094402 43
1777207302332 0.9732928333148514 44
1777207302956 0.9719743848561389 45
1777207303583 0.9695610469123351 46
1777207304546 0.9681009625649174 47
1777207305168 0.9762656959092774 48
1777207305794 0.9747144156135349 49
1777207306415 0.9730820576201108 50
1777207307429 0.9749101629010342 51
1777207308067 0.9759800490131055 52
1777207308680 0.9761615340275612 53
1777207309298 0.9728623318543459 54
1777207309918 0.9700461367028571 55
1777207310534 0.9767309924439482 56
1777207311153 0.9758861341521884 57
1777207311775 0.9784543859528777 58
1777207312400 0.9792160679468286 59
1777207313021 0.976061888381371 60
1777207315168 0.9798598692859377 61
1777207315769 0.9770944191091363 62
1777207316370 0.974467037984345 63
1777207316971 0.9811370946419147 64
1777207319495 0.9779659474963263 65
1777207320092 0.9740391292031442 66
1777207320715 0.9791192496402518 67
1777207321321 0.9805366245430187 68
1777207321926 0.977772638139171 69
1777207322538 0.9811098324506115 70
1777207323148 0.979740744297242 71
1777207323749 0.9790841647529885 72
1777207324353 0.9792842995540469 73
1777207324963 0.9854381012580593 74
1777207325632 0.9824337021966763 75
1777207326932 0.9798370019559457 76
1777207327570 0.9846458906141308 77
1777207328214 0.9843819700453909 78
1777207328863 0.9830274346364745 79
1777207329562 0.9821738533233948 80
1777207330211 0.9844978503796535 81
1777207330861 0.9843840464720159 82
1777207331508 0.9860468062939984 83
1777207332139 0.9879141290204896 84
1777207332781 0.9806763844176869 85
1777207333408 0.9882543674418578 86
1777207334027 0.9850029649393449 87
1777207334642 0.9864821227303553 88
1777207337204 0.9823872318449128 89
1777207341115 0.9841730018692457 90
1777207341852 0.989637010716259 91
1777207343341 0.9850695692019954 92
1777207343992 0.9860950220110862 93
1777207344623 0.9848141788181977 94
1777207345262 0.9861915194038352 95
1777207345898 0.9889761229355778 96
1777207346523 0.9886632649327368 97
1777207347224 0.9853605745657409 98
1777207347853 0.989445817107186 99
1777207348487 0.9886779943388462 100
1777207349110 0.9898786867341601 101
1777207349731 0.9874012529125277 102
1777207350354 0.989081522198855 103
1777207350973 0.9905611302839717 104
1777207351610 0.9906546531987513 105
1777207352230 0.9886790328370597 106
1777207352876 0.9911504454020096 107
1777207353491 0.9905883654667943 108
1777207354113 0.9892597498745367 109
1777207354732 0.9895173523510233 110
1777207355346 0.9879810351140714 111
1777207357125 0.9884994301788115 112
1777207359268 0.9901822902417924 113
1777207360231 0.9902847752777201 114
1777207360894 0.9907945981517229 115
1777207361539 0.9914685185716612 116
1777207362180 0.9893161596759238 117
1777207362819 0.9880453345755734 118
1777207363441 0.9896874341429014 119
1777207364064 0.9909267297767768 120
1777207364690 0.9910927113554199 121
1777207365325 0.9912151793021916 122
1777207365948 0.9915335600671129 123
1777207366582 0.9914378636296441 124
1777207367663 0.991846605798201 125
1777207368525 0.9908368320466608 126
1777207369183 0.992540337143087 127
1777207369838 0.9911722707133869 128
1777207370487 0.9921365634917633 129
1777207371164 0.9930369335335659 130
1777207371814 0.99253013385917 131
1777207372462 0.9926091579379458 132
1777207379399 0.9921304230022752 133
1777207380297 0.9924292889085362 134
1777207381027 0.9919352293862613 135
1777207381965 0.9934665744653681 136
1777207383165 0.9923008263513979 137
1777207383855 0.9896539386035681 138
1777207384533 0.9922822545642926 139
1777207385203 0.9926636955305984 140
1777207385920 0.9912408524084174 141
1777207386662 0.9939213733114808 142
1777207387448 0.993878488822924 143
1777207388124 0.9936353471294179 144
1777207388893 0.993040040562899 145
1777207389583 0.9912878865061088 146
1777207390455 0.9915910391584482 147
1777207391175 0.9929538739316943 148
1777207391867 0.9929095244017496 149
1777207392663 0.9925629450783052 150
1777207393353 0.9938721567998865 151
1777207394087 0.992544548978523 152
1777207394776 0.992287578182219 153
1777207395677 0.9933576819257339 154
