1777436885864 157.28933334350586 1
1777436886910 147.42786407470703 2
1777436887981 134.31575393676758 3
1777436889008 114.69009017944336 4
1777436890025 91.46161079406738 5
1777436891044 68.3436450958252 6
1777436892067 46.49352264404297 7
1777436893108 34.28512763977051 8
1777436894128 25.244863033294678 9
1777436895145 22.469077110290527 10
1777436896166 21.050771713256836 11
1777436897190 19.439218521118164 12
1777436898217 18.224594116210938 13
1777436899330 18.426722526550293 14
1777436900382 17.845876216888428 15
1777436901408 16.826834678649902 16
1777436902420 17.187386989593506 17
1777436903462 16.621643543243408 18
1777436904488 16.454037189483643 19
1777436905513 17.05264377593994 20
1777436906540 16.432891130447388 21
1777436907563 15.126689910888672 22
1777436908578 14.604303121566772 23
1777436909599 14.634918928146362 24
1777436910605 15.014878988265991 25
1777436911625 14.821762561798096 26
1777436912637 14.614967823028564 27
1777436913647 14.397823095321655 28
1777436914664 14.56892991065979 29
1777436915673 14.005926132202148 30
1777436916668 14.044184923171997 31
1777436917675 13.749903440475464 32
1777436918705 12.841370820999146 33
1777436919730 12.937141418457031 34
1777436920740 12.812869548797607 35
1777436921762 12.968569040298462 36
1777436922888 11.963011741638184 37
1777436923911 12.633999109268188 38
1777436924931 11.978767156600952 39
1777436925946 11.417812824249268 40
1777436926961 11.361691236495972 41
1777436927966 12.028220653533936 42
1777436928973 11.49462366104126 43
1777436929986 10.923608541488647 44
1777436931002 11.310723781585693 45
1777436932023 11.087370157241821 46
1777436933070 11.039879083633423 47
1777436934090 10.641982316970825 48
1777436935087 10.063022375106812 49
1777436936083 10.573340892791748 50
1777436937079 11.087766885757446 51
1777436938070 9.696806192398071 52
1777436939239 10.225193738937378 53
1777436940242 9.758667945861816 54
1777436941259 9.95821762084961 55
1777436942275 9.958931684494019 56
1777436943307 9.612780809402466 57
1777436944296 9.411086082458496 58
1777436945301 10.380292177200317 59
1777436946327 9.849996566772461 60
1777436947365 9.792327404022217 61
1777436948399 9.772721767425537 62
1777436949423 9.262934923171997 63
1777436950435 8.892445802688599 64
1777436951444 8.91821837425232 65
1777436952478 8.750664234161377 66
1777436953510 9.008589744567871 67
1777436954522 9.193988561630249 68
1777436955524 9.563802242279053 69
1777436956536 9.003480434417725 70
1777436957540 9.27016019821167 71
1777436958564 8.738318681716919 72
1777436959573 8.886449098587036 73
1777436960620 8.833270788192749 74
1777436961703 8.508719801902771 75
1777436962719 8.674584150314331 76
1777436963715 8.750231742858887 77
1777436964719 8.472893714904785 78
1777436965745 8.355206727981567 79
1777436966756 7.728842377662659 80
1777436967791 8.01769769191742 81
1777436968823 8.061302900314331 82
