1777436770508 223.6369426612086 1
1777436771549 215.63093348067395 2
1777436772590 203.67053002044418 3
1777436773612 187.29880765758443 4
1777436774626 167.88164702486333 5
1777436775628 146.8618204005675 6
1777436776664 122.94085499387756 7
1777436777673 96.37803960153389 8
1777436778679 66.72804938700376 9
1777436779713 48.1333742447282 10
1777436780751 39.34841669038967 11
1777436781770 35.6425761883839 12
1777436782813 31.099916009403263 13
1777436783839 30.121908744421344 14
1777436784854 28.417586997249106 15
1777436785889 27.3430501347898 16
1777436786919 27.00196416307321 17
1777436787934 24.996878498306977 18
1777436788957 25.578077131750014 19
1777436789959 23.608715880393962 20
1777436790965 24.1947448926964 21
1777436791968 23.32980958390604 22
1777436792992 23.307974007401373 23
1777436794026 23.22619107862044 24
1777436795032 22.064784958989453 25
1777436796049 21.884484307193958 26
1777436797049 23.277259224191518 27
1777436798076 21.065845531941743 28
1777436799107 21.244263609833297 29
1777436800119 22.375040817875373 30
1777436801162 21.719853102445427 31
1777436802155 21.502757071796466 32
1777436803157 20.64443492127927 33
1777436804167 21.197175452725272 34
1777436805192 20.993946221188697 35
1777436806212 20.185538853667648 36
1777436807237 21.2572247744172 37
1777436808264 18.46269959370081 38
1777436809500 20.3067075417537 39
1777436810547 20.71263603046658 40
1777436811561 19.80766460636505 41
1777436812604 19.826135409334054 42
1777436813620 20.239554131948466 43
1777436814631 20.58552306059329 44
1777436815651 20.45823684927258 45
1777436816697 19.197040623886956 46
1777436817706 20.302279348860736 47
1777436818734 20.71766141740531 48
1777436819753 18.70036514176373 49
1777436820799 19.43364739154698 50
