1777212915300 -1.6876800648814823 1
1777212916439 -1.3975331216770677 2
1777212917534 -0.9046583038932137 3
1777212918629 -0.29089029026124424 4
1777212919720 0.2856756255811661 5
1777212920813 0.6816886720169124 6
1777212921909 0.8688522629871744 7
1777212923004 0.9240260958589087 8
1777212924096 0.938770122682788 9
1777212925192 0.9478174960881085 10
1777212926324 0.9585129814919182 11
1777212927473 0.960909051559035 12
1777212928562 0.958313076270941 13
1777212929653 0.965880538133652 14
1777212930745 0.9611829115643007 15
1777212931835 0.9647856257811931 16
1777212932931 0.9642612124869836 17
1777212934022 0.9643230917782283 18
1777212945317 0.9691827450807973 19
1777212946425 0.9692608887420003 20
1777212947530 0.9614977551841086 21
1777212948647 0.9686133155662173 22
1777212949743 0.9707784229243126 23
1777212950838 0.971720348044366 24
1777212951934 0.9698335837134388 25
1777212953032 0.9705155832066171 26
1777212954127 0.970923010341915 27
1777212955219 0.9740778090056568 28
1777212956318 0.973859165460768 29
1777212957418 0.9783219206461755 30
1777212958517 0.9759569383777889 31
1777212959634 0.9764050183200045 32
1777212960733 0.9789689702123442 33
1777212961832 0.9799009486474863 34
1777212962931 0.9780245956240069 35
1777212964023 0.9784076627352704 36
1777212965127 0.9794835303101289 37
1777212966226 0.9822702293854976 38
1777212967347 0.9786400764012183 39
1777212968471 0.9834395886746926 40
1777212969585 0.9844858307017011 41
1777212970710 0.9843706355717999 42
1777212971813 0.9857461326599785 43
1777212972920 0.9861160415428134 44
1777212974037 0.9853390018308964 45
1777212975155 0.9862691516913775 46
1777212976280 0.986285635246756 47
1777212977424 0.9866020101202617 48
1777212978546 0.9877313964832397 49
1777212979675 0.9873692960809907 50
1777212980825 0.9875143927700114 51
1777212981933 0.9884296451251668 52
1777212983037 0.9877012767534477 53
1777212984140 0.9893127634771107 54
1777212985257 0.9886500451976572 55
1777212986349 0.9890456231285624 56
1777212987445 0.9897101912923705 57
1777212988541 0.989614386968904 58
1777212989652 0.9890680348377527 59
1777212990745 0.989427055481902 60
1777212991857 0.9910814964593924 61
1777212992959 0.9905827633754737 62
1777212994068 0.989866901764407 63
1777212995162 0.9894444949292508 64
1777212996281 0.9906929426093989 65
1777212997380 0.9914052921800097 66
1777212998509 0.9906534801010811 67
1777212999611 0.9904858996558107 68
1777213000711 0.9919891311064571 69
1777213001801 0.9911606051452917 70
1777213002931 0.9918812441867156 71
1777213004064 0.990869066212311 72
1777213005188 0.9916263508235073 73
1777213006332 0.9903205810823045 74
1777213007450 0.9910693976271603 75
1777213008571 0.991611648149666 76
1777213009696 0.9920740274036652 77
1777213010793 0.9913996674356449 78
1777213011887 0.9925243265982578 79
1777213012990 0.9921105674397168 80
1777213014113 0.9924490298106459 81
1777213015254 0.9925467337410854 82
1777213016365 0.9930799134373456 83
1777213017494 0.9921725700227602 84
1777213018594 0.992064919539143 85
1777213019707 0.9927054919732026 86
1777213020822 0.9920030341594145 87
1777213021928 0.9924200973352119 88
1777213023032 0.9930622720552812 89
1777213024165 0.992877719961174 90
1777213025289 0.9925078547124735 91
1777213026407 0.992663799557661 92
1777213027532 0.993412504987686 93
1777213028670 0.9935862906127853 94
1777213029796 0.9932447682713291 95
1777213030923 0.9926549869846074 96
1777213032044 0.9929607100555516 97
1777213033167 0.99258113415686 98
1777213034286 0.992971652075845 99
1777213035429 0.993624288840728 100
1777213036580 0.9933680620995482 101
1777213037715 0.9931000632747717 102
