1777372263846 -1.6880898004315275 1
1777372265521 -1.4812436079943652 2
1777372266705 -1.1618390312159272 3
1777372267873 -0.7479202581922226 4
1777372269078 -0.2973730830427461 5
1777372270341 0.1083199274415978 6
1777372271546 0.4822951352124675 7
1777372272845 0.7533081345745956 8
1777372274062 0.8934280503647801 9
1777372275345 0.9363207857228936 10
1777372276581 0.950733670090107 11
1777372277821 0.9575543545191211 12
1777372279073 0.960824940083506 13
1777372280373 0.9601719445488074 14
1777372281602 0.9666805691773336 15
1777372282886 0.965193044208996 16
1777372284120 0.9694499185754342 17
1777372285357 0.9715550692637203 18
1777372286608 0.9692915623404416 19
1777372288049 0.967646569454478 20
1777372289214 0.9676234946686729 21
1777372290404 0.9692935540872425 22
1777372291580 0.9747564895572269 23
1777372292811 0.973290218754638 24
1777372294571 0.9761202961849806 25
1777372295780 0.9726871509852372 26
1777372297065 0.9756514987886848 27
1777372298305 0.9713519509124932 28
1777372299581 0.9765215994207803 29
1777372300850 0.9788735144850974 30
1777372302126 0.9785419323625111 31
1777372303374 0.9805339302320036 32
1777372304608 0.9796156000059288 33
1777372305887 0.9801002075504638 34
1777372307152 0.9779655939826638 35
1777372308389 0.9818926281607199 36
1777372309641 0.9821455142929264 37
1777372310927 0.9804995830173178 38
1777372312182 0.9796665749418557 39
1777372313451 0.9804755777551065 40
1777372314728 0.9845470444253949 41
1777372316003 0.983964065959114 42
1777372317957 0.9856074013636664 43
1777372319247 0.9853608792660898 44
1777372320423 0.9874981822861013 45
1777372321637 0.9848108586602292 46
1777372322828 0.9880952288410516 47
1777372324080 0.9878355823096995 48
1777372325318 0.9883827057133362 49
1777372326567 0.9875939800034542 50
1777372327802 0.9881507921237092 51
1777372328955 0.9886453853827599 52
1777372330380 0.9884862427686156 53
1777372331556 0.9860612397760944 54
1777372332744 0.9894668030906663 55
1777372333984 0.9890766652192622 56
1777372335194 0.9899252294435998 57
1777372336457 0.990708445070579 58
1777372338038 0.9901697182510429 59
1777372339294 0.9902974224196647 60
1777372340581 0.990527925693881 61
1777372341810 0.9896114408370819 62
1777372342996 0.9911102839274931 63
1777372344171 0.9903051486099729 64
1777372345377 0.9909472531245668 65
1777372346587 0.9908855221428083 66
1777372347763 0.991296705902865 67
