1777372263846 199.3136850394881 1
1777372265521 191.4916440415716 2
1777372266705 178.7420328694762 3
1777372267873 160.72196588513975 4
1777372269078 138.4673806647201 5
1777372270341 114.79391123430426 6
1777372271546 87.46713352639632 7
1777372272845 60.377953540977295 8
1777372274062 39.68101240301865 9
1777372275345 30.675561204444126 10
1777372276581 26.9718109076908 11
1777372277821 25.036200805727287 12
1777372279073 24.056526227866044 13
1777372280373 24.256843209824744 14
1777372281602 22.18179897826422 15
1777372282886 22.675545005974556 16
1777372284120 21.24264220995588 17
1777372285357 20.492053550535847 18
1777372286608 21.29250765645155 19
1777372288049 21.86177572028486 20
1777372289214 21.867565748633986 21
1777372290404 21.29181437501517 22
1777372291580 19.31312155428813 23
1777372292811 19.865117487592535 24
1777372294571 18.78426079526847 25
1777372295780 20.083766127609607 26
1777372297065 18.963168358324477 27
1777372298305 20.56503095073121 28
1777372299581 18.617365135284796 29
1777372300850 17.662313120624322 30
1777372302126 17.804631008743332 31
1777372303374 16.95270066951813 32
1777372304608 17.344021506242825 33
1777372305887 17.142412622331015 34
1777372307152 18.042765858047098 35
1777372308389 16.35224359911977 36
1777372309641 16.240263069737665 37
1777372310927 16.965662790057443 38
1777372312182 17.327608517134927 39
1777372313451 16.98300187095408 40
1777372314728 15.104875354702802 41
1777372316003 15.393058921234417 42
1777372317957 14.580865171390943 43
1777372319247 14.706139921241965 44
1777372320423 13.589586228394145 45
1777372321637 14.975944991296291 46
1777372322828 13.257806177388824 47
1777372324080 13.405945092122654 48
1777372325318 13.102012817701041 49
1777372326567 13.531988889907046 50
1777372327802 13.23083210281211 51
1777372328955 12.951607284458822 52
1777372330380 13.042393167225825 53
1777372331556 14.349954568514988 54
1777372332744 12.471981794755585 55
1777372333984 12.69518681135781 56
1777372335194 12.19924716441009 57
1777372336457 11.716407736017981 58
1777372338038 12.047980334083332 59
1777372339294 11.97160023425209 60
1777372340581 11.828015992753725 61
1777372341810 12.385621629603424 62
1777372342996 11.46048142247076 63
1777372344171 11.967796371715506 64
1777372345377 11.563255429729438 65
1777372346587 11.603612989335172 66
1777372347763 11.336225949313462 67
