1777372263846 -1.688090059265131 1
1777372265521 -1.4812433990328642 2
1777372266705 -1.1618391009029936 3
1777372267873 -0.7479202902346778 4
1777372269078 -0.2973728317474541 5
1777372270341 0.10831986465377141 6
1777372271546 0.4822951681708119 7
1777372272845 0.7533081225956785 8
1777372274062 0.8934280448741079 9
1777372275345 0.9363207908237087 10
1777372276581 0.9507336725027111 11
1777372277821 0.9575543515688658 12
1777372279073 0.9608249425999279 13
1777372280373 0.9601719435418751 14
1777372281602 0.9666805701388613 15
1777372282886 0.9651930428237907 16
1777372284120 0.9694499210781501 17
1777372285357 0.9715550717208066 18
1777372286608 0.9692915613422043 19
1777372288049 0.9676465714684429 20
1777372289214 0.9676234931427091 21
1777372290404 0.9692935561218314 22
1777372291580 0.9747564912999375 23
1777372292811 0.9732902169117349 24
1777372294571 0.9761202958053188 25
1777372295780 0.972687151100943 26
1777372297065 0.9756514982265104 27
1777372298305 0.9713519494230081 28
1777372299581 0.9765215998034297 29
1777372300850 0.9788735138788285 30
1777372302126 0.9785419313555789 31
1777372303374 0.9805339321915693 32
1777372304608 0.9796155997541958 33
1777372305887 0.9801002068541612 34
1777372307152 0.977965592277274 35
1777372308389 0.9818926292859521 36
1777372309641 0.9821455129708949 37
1777372310927 0.9804995832434115 38
1777372312182 0.9796665744217334 39
1777372313451 0.9804755760330088 40
1777372314728 0.98454704417512 41
1777372316003 0.9839640644378417 42
1777372317957 0.9856074003757472 43
1777372319247 0.9853608789960455 44
1777372320423 0.9874981813757829 45
1777372321637 0.9848108591146115 46
1777372322828 0.9880952297233382 47
1777372324080 0.9878355827528115 48
1777372325318 0.9883827053467249 49
1777372326567 0.9875939802137254 50
1777372327802 0.9881507912356859 51
1777372328955 0.9886453855636015 52
1777372330380 0.9884862430680184 53
1777372331556 0.9860612390603043 54
1777372332744 0.9894668042391789 55
1777372333984 0.9890766652180828 56
1777372335194 0.9899252295281442 57
1777372336457 0.9907084442200642 58
1777372338038 0.9901697180614046 59
1777372339294 0.9902974218446265 60
1777372340581 0.9905279258684054 61
1777372341810 0.9896114407194055 62
1777372342996 0.991110284332736 63
1777372344171 0.990305148584629 64
1777372345377 0.9909472526787406 65
1777372346587 0.9908855220589041 66
1777372347763 0.9912967050902598 67
