1777381698432 196.94562225396126 1
1777381699520 194.6443672123599 2
1777381700478 192.69744338599824 3
1777381701996 190.7783092525196 4
1777381702953 188.61223242077912 5
1777381703976 186.0590254126362 6
1777381704705 183.1212776925445 7
1777381705063 179.63246439779476 8
1777381705662 175.27253332310798 9
1777381706215 170.8884184563132 10
1777381706569 166.42009038687306 11
1777381707042 161.65275525412488 12
1777381707399 156.83837968988968 13
1777381708711 151.82137685039615 14
1777381709061 146.9015933371725 15
1777381709970 141.2325901881361 16
1777381711652 135.0581978144052 17
1777381713363 129.18028070055817 18
1777381713706 122.87229778310488 19
1777381714431 115.9435518973026 20
1777381715495 108.41052438243715 21
1777381715843 100.27361980164574 22
1777381716207 92.6049288729412 23
1777381717308 83.98820776138011 24
1777381718231 73.15992088184281 25
1777381718578 63.470440570173096 26
1777381719791 56.535462719622934 27
1777381720573 51.319075020283634 28
1777381722309 45.693970771248914 29
1777381723669 40.42428783386295 30
1777381725165 38.208954373758225 31
1777381725822 33.54959125298232 32
1777381726189 32.948534975492464 33
1777381727126 31.02689105840287 34
1777381728139 30.755120572129936 35
1777381728926 30.60264649758661 36
1777381729283 28.360680281600374 37
1777381729628 27.328470061071958 38
1777381729993 26.95014589514371 39
1777381730923 25.90612159761605 40
1777381731274 27.105995376513338 41
1777381731674 25.06690510304997 42
1777381732809 26.387794031106978 43
1777381734359 25.16625383387941 44
1777381735959 26.55471967856244 45
1777381736353 26.074781419490726 46
1777381736704 24.218090968855932 47
1777381737451 22.750987272533912 48
1777381737913 22.079695184787425 49
1777381738642 21.52440163448583 50
1777381739136 23.213597173854808 51
1777381739479 23.147668893331623 52
1777381739822 19.544366689333 53
1777381740161 22.366574198062203 54
1777381741149 20.27540332472991 55
1777381741758 21.31237255964464 56
1777381742442 23.062212851786224 57
1777381742942 23.52575830256992 58
1777381743330 17.783727275533295 59
1777381743950 19.433622408898465 60
1777381744529 20.25369492717625 61
1777381745247 20.606300708915466 62
1777381746577 18.844569452538906 63
1777381747290 21.469746440212823 64
1777381748095 22.332908892038184 65
1777381748457 21.917003479123377 66
1777381748960 18.839457008652328 67
1777381749329 20.180358946436787 68
1777381749953 22.648752800495853 69
1777381750304 18.65499285834551 70
1777381751473 18.133054009324468 71
1777381751833 20.41759396477819 72
1777381752740 18.63086746268432 73
1777381754262 22.172901089496822 74
1777381755325 21.97288437381579 75
1777381755960 18.960093299861505 76
1777381756458 16.497433549516213 77
1777381757542 19.749664690092683 78
1777381758546 20.68069982410759 79
1777381759499 17.998747888036807 80
1777381759889 19.07273834939627 81
1777381760649 22.21061117527604 82
1777381761250 17.475010932187658 83
1777381762132 20.358770916306717 84
1777381762917 16.618036862695963 85
1777381763270 20.00995693310817 86
1777381764062 19.03526967760685 87
1777381765321 18.056830654928934 88
1777381766650 20.22221597152073 89
1777381766999 16.875434926397546 90
1777381767351 16.914506345215745 91
1777381767873 18.874897331312244 92
1777381768285 17.480956260660037 93
1777381769844 16.55501194231391 94
1777381771226 19.225974410703234 95
1777381772359 17.027539554248122 96
1777381773118 16.02746703964888 97
1777381774171 18.36545693809228 98
1777381775957 16.808281011063414 99
1777381776687 18.3926817230875 100
1777381777355 17.74901997184457 101
1777381777910 16.13346037591353 102
1777381778265 15.940872613434133 103
1777381779369 15.551355745636576 104
1777381779738 13.80183599670286 105
1777381780441 14.479956618607591 106
1777381781483 15.49997735790937 107
1777381782930 17.403128051209556 108
1777381783718 18.43154366182639 109
1777381784083 16.603838998328726 110
1777381784443 15.926060060105447 111
1777381785926 15.182713888675853 112
1777381786987 15.74219476969435 113
1777381788021 14.859720027540055 114
1777381788616 15.140493984856265 115
1777381789601 14.770754420720241 116
1777381790070 14.493064010724071 117
1777381790916 14.743982154276537 118
1777381791496 13.484333696887786 119
1777381792359 13.680382397755851 120
1777381792716 16.055606535435 121
1777381793082 13.131251998676074 122
1777381793427 15.71647005629042 123
1777381793799 16.19238961504177 124
1777381794161 15.72042443398923 125
1777381795560 17.972391784486508 126
1777381796689 14.77642833950939 127
1777381797066 14.649999916675554 128
1777381797638 14.806167472200352 129
1777381799019 13.560404391490033 130
1777381800248 14.230752360439016 131
1777381802118 14.595133223727675 132
1777381802635 15.174081408178594 133
1777381803971 14.26180648254308 134
1777381805064 12.118284272977885 135
1777381805401 13.440371468269698 136
1777381806694 13.312651870649272 137
1777381807236 14.245060650263568 138
1777381808596 14.025371994008305 139
1777381810360 13.192088119962046 140
1777381810970 13.345205616229865 141
1777381811655 13.87784306721481 142
1777381812976 13.157412081248395 143
1777381813794 13.715437852056814 144
1777381814550 12.520266164077182 145
1777381815329 12.551073029988375 146
1777381816604 12.162350729548736 147
1777381818445 11.615648671829861 148
1777381819144 13.130658192577876 149
1777381820106 12.306221382568935 150
1777381821466 14.159207403554586 151
1777381822298 13.211280534059117 152
1777381823243 13.709008722953516 153
1777381824284 13.339530331237595 154
1777381824636 14.694753860328012 155
1777381825922 13.418235987149576 156
1777381826442 13.386165343645725 157
1777381827351 12.375372370502383 158
1777381828031 12.647831280832238 159
1777381829293 13.135015825916248 160
1777381830001 13.325930129576673 161
1777381830348 12.840036862519492 162
1777381831032 12.704699053962585 163
1777381831589 12.434600031931126 164
1777381832670 11.287669545333458 165
1777381833704 11.007815965444806 166
1777381834058 11.418970993901784 167
1777381834762 13.164168559476314 168
1777381835102 12.924623134881378 169
1777381835650 12.35433066110764 170
1777381836291 11.540308095432287 171
1777381837081 11.591307678441163 172
1777381838483 12.266204703657577 173
1777381838845 12.82701040948053 174
1777381840022 12.946156429944516 175
1777381840383 12.554967643304145 176
1777381841090 11.851105431611511 177
1777381841465 12.78800774514325 178
1777381841984 13.87823173758492 179
1777381843768 13.78051534411591 180
1777381846193 11.545153002941456 181
1777381847075 14.081791238419276 182
1777381850418 11.38164217344989 183
1777381855277 10.99772308366156 184
1777381856491 12.393240384441937 185
1777381859103 12.248320172411335 186
1777381868307 14.23234883699696 187
1777381871638 13.055411573838057 188
1777381889495 11.033360957392507 189
1777381890678 11.833630267075762 190
1777381891571 12.797260730412132 191
1777381892933 12.2720076944061 192
1777381893873 11.6633050344305 193
1777381894337 11.71676155004885 194
1777381894891 10.694820284053543 195
1777381900349 10.932542124086321 196
1777381902743 11.13738221728107 197
1777381904679 12.021880229317162 198
1777381905629 13.925340762668801 199
