1777131459272 -1.7811754490123328 1
1777131460493 -1.5841687341143018 2
1777131461707 -1.2682402210812413 3
1777131462943 -0.8114135974754624 4
1777131464161 -0.30678901228348066 5
1777131465380 0.18583844766142865 6
1777131466592 0.5492289401505344 7
1777131467804 0.785050571217472 8
1777131469017 0.8837468890447644 9
1777131470202 0.9234366840253978 10
1777131471397 0.9344607472944678 11
1777131472588 0.9427154973165961 12
1777131473796 0.9447596884475521 13
1777131474992 0.9543902606134753 14
1777131476181 0.9580687180034363 15
1777131477413 0.9561270185812434 16
1777131479755 0.9618287476747691 17
1777131481004 0.9599195937152208 18
1777131482234 0.9591518725813196 19
1777131483452 0.960639888685885 20
1777131484711 0.9609337258701725 21
1777131485941 0.9616191904759822 22
1777131487167 0.9698309694133656 23
1777131488410 0.9618763564927371 24
1777131489635 0.9669875558049716 25
1777131490857 0.969010104718695 26
1777131492081 0.9707903825309079 27
1777131493315 0.9700271217975088 28
1777131494547 0.9709939481410066 29
1777131495772 0.9708372943262007 30
1777131496996 0.9712973910567255 31
1777131510261 0.9731390728911317 32
1777131596273 0.9732426892560377 33
1777131599887 0.9724507190907022 34
1777131611890 0.9750302509499764 35
1777131774848 0.9734463411936237 36
1777131797005 0.9750772149014595 37
1777131799101 0.9761859700321576 38
1777131800336 0.9766950225844216 39
1777131864487 0.9761806159288505 40
1777131865677 0.9774001760735427 41
1777131866900 0.9780853321599702 42
1777131868092 0.9770494140607465 43
1777131869278 0.9761956495027652 44
1777131870469 0.9803496423336694 45
1777131871663 0.9790799363179393 46
1777131872850 0.9812545437034055 47
1777131876646 0.9809453546143251 48
1777131877863 0.9802872059714226 49
1777131879587 0.9801996079034763 50
1777131880815 0.9811683133347077 51
1777131882037 0.9833927352772212 52
1777131883289 0.9829620942046977 53
1777131884518 0.9820431956559548 54
1777131904188 0.9844260537161854 55
1777131977373 0.9841509531677932 56
1777131980888 0.9824712469038647 57
1777131983514 0.9832955970708278 58
1777131984755 0.98257867246914 59
