1777122741709 204.79200576438524 1
1777122742353 202.18460198850457 2
1777122742997 199.65571930200247 3
1777122743636 196.58344483005175 4
1777122744275 192.6300595539284 5
1777122744914 187.5334449338304 6
1777122745553 181.68101768621838 7
1777122746194 175.1112035072285 8
1777122746836 167.96468309030027 9
1777122747480 160.28853987614025 10
1777122748121 151.6156221337366 11
1777122748758 143.1651417507069 12
1777122749401 132.74817559951623 13
1777122750045 121.90152355615783 14
1777122750693 109.40986944170074 15
1777122751330 97.02038485867287 16
1777122751998 85.07028918231381 17
1777122752638 74.49380283054592 18
1777122753286 62.153015328728216 19
1777122753924 52.44507683266729 20
1777122754565 44.3453975314977 21
1777122755209 41.168773602353944 22
1777122755850 38.78904597809316 23
1777122756487 34.52622807091281 24
1777122757133 32.64286134033558 25
1777122757778 32.77840490513533 26
1777122758424 29.371058163048662 27
1777122759064 29.454753767961634 28
1777122759710 28.680610045431827 29
1777122760353 28.881456850454885 30
1777122760996 27.152661541892975 31
1777122761635 26.292934800249217 32
1777122762295 25.92152887427143 33
1777122762939 24.724369225396835 34
1777122763582 25.816294836818905 35
1777122764221 26.58914564282999 36
1777122764864 24.552512431505228 37
1777122765506 23.997563556340985 38
1777122766146 22.88999172545517 39
1777122766786 25.282883184654914 40
1777122767431 21.983468520313025 41
1777122768071 25.164301409530278 42
1777122768713 24.45367286726513 43
1777122769354 22.61739799124849 44
1777122770003 23.432115266849177 45
1777122770643 23.07816070367922 46
1777122771280 23.011454508010107 47
1777122771919 25.00849587085669 48
1777122772581 21.544532963950868 49
1777122773229 21.70616134155339 50
1777122773883 21.37988582341509 51
1777122774554 22.00309107479454 52
1777122780440 20.59529110318667 53
1777122781260 22.9437895838667 54
1777122782563 21.039300383913226 55
1777122783984 19.761280556394002 56
1777122800982 21.06591986447134 57
1777122801658 19.428686959059405 58
1777122802324 20.081222402136344 59
1777122802985 20.627967944599813 60
1777122803648 20.92989454918117 61
1777122804313 20.479740459466505 62
1777122804999 19.848373907636457 63
1777122815987 19.64986171528155 64
1777122816647 19.06095744911449 65
1777122817306 18.80055846338497 66
1777122817964 17.915113562166233 67
1777122818620 18.63018112315714 68
1777122819282 19.012106802722442 69
1777122819942 17.964978374549936 70
1777122820605 17.153111016060524 71
1777122821269 19.729507824674855 72
1777122821930 16.25729816581906 73
1777122822593 16.75502781350273 74
1777122823249 18.030837875760326 75
1777122823909 17.410815751335523 76
1777122826711 17.35199691317976 77
1777122827401 16.717392796839707 78
1777122839556 18.58805716422846 79
1777122840238 15.790703387644342 80
1777122840921 16.710637999887414 81
1777122860322 15.506476741118583 82
1777122861099 18.585424376849137 83
1777122861793 15.681045481023569 84
1777122862483 16.322006554012248 85
1777122863224 16.19825652359836 86
1777122863915 16.07416036972995 87
1777122864603 15.844800203266853 88
1777122865270 17.269450403424194 89
1777122865935 15.831184053942545 90
