1777416920371 189.7216422899235 1
1777416923022 186.90080840883877 2
1777416931095 184.63490824501895 3
1777416931429 182.36215524165587 4
1777416938506 179.94044249043662 5
1777416940741 177.35394267245863 6
1777416943049 174.55917280750162 7
1777416952894 171.51648870163416 8
1777416962988 168.13288548937916 9
1777416972274 164.38764652049048 10
1777416976132 160.07414698854706 11
1777416978734 155.4085210676024 12
1777416981087 150.31775140705898 13
1777416981423 145.08651063456338 14
1777416981753 139.65571778427216 15
1777416986848 134.230286421014 16
1777416989705 128.4721296321711 17
1777416990019 122.526035611305 18
1777416990335 116.44429443178798 19
1777416993177 110.32460346109063 20
1777416998252 103.95005177153638 21
1777417008278 97.62699507312662 22
1777417011633 90.99896168003421 23
1777417017034 84.68339719151604 24
1777417022406 78.15975277691903 25
1777417027793 72.09514669384477 26
1777417034466 66.26367283206014 27
1777417037033 59.71666290463781 28
1777417039477 53.82191893447786 29
1777417042557 48.70166226900541 30
1777417048230 44.63732897515833 31
1777417053507 38.20421718619984 32
1777417053849 34.65152344336877 33
1777417055949 30.950775042652378 34
1777417058836 27.962018454286472 35
1777417063405 25.469067624334752 36
1777417067990 23.286047187218298 37
1777417077914 22.29033276484563 38
1777417080612 20.700562312334952 39
1777417083047 20.785405835033167 40
1777417085889 19.73800926434218 41
1777417088478 17.52434996429985 42
1777417090945 17.311064924431975 43
1777417093220 17.78593485002687 44
1777417106597 16.846485823004908 45
1777417109185 16.812380507429676 46
1777417114746 16.998759555252345 47
1777417119870 15.076604257391754 48
1777417127330 16.23546931701299 49
1777417132002 15.958004566621499 50
1777417137318 14.384061246792946 51
1777417142152 14.51748109174198 52
1777417142504 14.003272146868282 53
1777417147578 17.746586509569156 54
1777417153218 13.398937509751178 55
1777417162650 14.212113600510817 56
1777417173832 12.85816573870958 57
1777417174147 12.848093721288196 58
1777417176817 12.007437181190626 59
1777417179756 15.24224403539353 60
1777417184578 12.675059707912467 61
1777417186780 12.592376833131327 62
1777417189631 13.442908475525986 63
1777417197019 11.758346923286393 64
1777417199390 13.823250359755296 65
1777417201887 10.558442888880622 66
1777417204096 11.578678280079858 67
1777417204450 13.055133720262516 68
1777417206976 12.808168815296783 69
1777417211561 11.549377330802601 70
1777417218522 10.154789329844819 71
1777417221258 14.058134439005654 72
1777417228199 12.05638473104443 73
1777417228523 12.92232868826601 74
1777417234982 11.458821193988507 75
1777417237073 12.139077278001775 76
1777417241951 13.683210459827672 77
1777417244088 11.039384814832337 78
1777417246304 11.836577400794397 79
1777417259517 10.630140326008995 80
1777417263767 9.807836818130765 81
1777417266387 11.555106909035226 82
1777417268564 10.630798360723011 83
1777417270667 13.216142805652506 84
1777417270989 10.129452577850522 85
1777417271337 12.34284464367748 86
