1777229171059 -2.0811438573690637 1
1777229172424 -1.96146163541592 2
1777229173773 -1.813273075144631 3
1777229175098 -1.6095051619005083 4
1777229176414 -1.3122891316710308 5
1777229177780 -0.949938174852158 6
1777229179131 -0.5387926587824111 7
1777229180403 -0.17203266007697698 8
1777229181707 0.164849936063431 9
1777229182963 0.4639776357946652 10
1777229184283 0.6778294320949778 11
1777229185671 0.8171120795202722 12
1777229186953 0.8847660958375385 13
1777229188250 0.9156850278176123 14
1777229189380 0.9240290282867225 15
1777229190511 0.9380306436882213 16
1777229191806 0.93795416613297 17
1777229193145 0.9405944827650197 18
1777229194538 0.94283716554578 19
1777229195872 0.9470811736124318 20
1777229197060 0.9501332542101265 21
1777229198355 0.9486871566969022 22
1777229199588 0.9501848100856917 23
1777229200882 0.9536209458107514 24
1777229202187 0.9576908681210776 25
1777229203470 0.9586982403406814 26
1777229204854 0.9566064618820305 27
1777229206199 0.9573683430273319 28
1777229207483 0.9612014519404453 29
1777229208722 0.9595882656284305 30
1777229209958 0.9585110622512609 31
1777229211131 0.9625652574762465 32
1777229212436 0.964945912304605 33
1777229213728 0.9650380073513528 34
1777229214953 0.9693628746001257 35
1777229216096 0.9692872424258929 36
1777229217318 0.9688786542378484 37
1777229218521 0.970562213082291 38
1777229219823 0.969336788860059 39
1777229221225 0.9664359268960308 40
1777229222528 0.973898782204517 41
1777229223931 0.973386404385435 42
1777229225262 0.9709547931059166 43
1777229226571 0.9735826266474523 44
1777229227891 0.9731366403870247 45
1777229229281 0.9745482609429981 46
1777229230571 0.9755540726239094 47
1777229231907 0.9749029142925212 48
1777229239115 0.9743652570840649 49
1777229240702 0.9764611739447145 50
1777229242074 0.9776870800705479 51
1777229243365 0.9740722436977087 52
1777229244724 0.9778037502971108 53
1777229246085 0.9781627594411798 54
1777229247490 0.9778116093244973 55
1777229248838 0.9782883433776336 56
