1777384152006 -1.8622730531262959 1
1777384152399 -1.8255259466637086 2
1777384152778 -1.7899490344090578 3
1777384153275 -1.7575946428038307 4
1777384153781 -1.7239916679585816 5
1777384154121 -1.6878598732208894 6
1777384154477 -1.6464527960540276 7
1777384154813 -1.6008820511123476 8
1777384155170 -1.5498065760544506 9
1777384155518 -1.4901250345759576 10
1777384155858 -1.4239121387599272 11
1777384156206 -1.350297955729106 12
1777384156543 -1.2752651045037333 13
1777384156887 -1.2013886495898904 14
1777384157245 -1.1204705768603787 15
1777384157620 -1.0430256171048122 16
1777384157996 -0.9619723097387118 17
1777384158352 -0.8818002675576431 18
1777384158955 -0.794944892851768 19
1777384159316 -0.7152997128531919 20
1777384159679 -0.630594344571541 21
1777384160062 -0.5426612822293786 22
1777384160431 -0.45371461786957434 23
1777384160919 -0.37405966884056063 24
1777384162402 -0.27704570069324563 25
1777384164327 -0.2013590104855525 26
1777384165090 -0.10029707446932878 27
1777384165474 -0.012830926534947773 28
1777384165868 0.07556338577848154 29
1777384166250 0.17357111470936848 30
1777384166654 0.27191763206577 31
1777384167066 0.35430067360619777 32
1777384167836 0.4530286740349576 33
1777384168229 0.5241682796118572 34
1777384168685 0.5932973539545723 35
1777384169625 0.6509620550429782 36
1777384180457 0.717603795848166 37
1777384180797 0.7647063732347378 38
1777384181135 0.7984442527654472 39
1777384181471 0.8276492197613692 40
1777384181814 0.8535533833001632 41
1777384182156 0.8847672269200763 42
1777384182492 0.8775121568886998 43
1777384182837 0.9161108495308281 44
1777384183664 0.9152988495783082 45
1777384184025 0.920528209125463 46
1777384184372 0.9193595687366439 47
1777384184712 0.9288316770445497 48
1777384185056 0.9400526453799867 49
1777384185391 0.9488522887142068 50
1777384185749 0.9470321418821047 51
1777384186095 0.9505531074118982 52
1777384186450 0.9534299428382577 53
1777384186785 0.9566918910791692 54
1777384187132 0.951080523403562 55
1777384187879 0.9524541701719227 56
1777384188610 0.949937772268805 57
1777384188962 0.9539414736360186 58
1777384189308 0.9605031552696996 59
1777384189642 0.9579763856551051 60
1777384190770 0.9540956245341013 61
1777384191670 0.9630567650895954 62
1777384192050 0.9609351658980523 63
1777384192414 0.9619522565825609 64
1777384192855 0.9674483635725336 65
1777384193220 0.9541379181163688 66
1777384193582 0.9548827546813778 67
1777384194037 0.9718726788246944 68
1777384194385 0.9668595156812084 69
1777384194745 0.9596446104130375 70
1777384195278 0.9658800673786047 71
1777384195635 0.9667212861845238 72
1777384195978 0.958140502303685 73
1777384196534 0.9724833806096231 74
1777384196878 0.9669882448038946 75
1777384197607 0.9634909136721519 76
1777384197961 0.9626923551793436 77
1777384198311 0.9687445168556219 78
1777384198664 0.9587662237227219 79
1777384199020 0.9586856738813666 80
1777384199513 0.9667081750512839 81
1777384199865 0.975267489319671 82
1777384200216 0.9593127486636325 83
1777384200569 0.9628638164087693 84
1777384200926 0.9627663203015995 85
1777384201282 0.9700753945670079 86
1777384201637 0.9679190417217154 87
1777384202656 0.9765551149536752 88
1777384203016 0.9679136057876826 89
1777384203364 0.9753339255159237 90
1777384203711 0.970096722307131 91
1777384204063 0.9744655523261878 92
1777384204407 0.9703841771065975 93
1777384204932 0.965604071430668 94
1777384205274 0.9701146308629138 95
1777384205609 0.9691063953921264 96
1777384205952 0.9722194185771719 97
1777384206297 0.9697537661266042 98
1777384206657 0.9734148002543783 99
1777384206987 0.9670875799860092 100
1777384207327 0.9714844297415154 101
1777384207665 0.9716458038905641 102
1777384208008 0.9828015376454393 103
1777384208354 0.9740971358697549 104
1777384208996 0.9751474446523898 105
1777384209333 0.9796837967980415 106
1777384209682 0.9648128547610405 107
1777384210013 0.9745957823557562 108
1777384210362 0.9777647187468415 109
1777384210705 0.9676080267118831 110
1777384211054 0.9760636833251394 111
1777384211399 0.9767891641736607 112
1777384211738 0.9754537903342708 113
1777384212078 0.9754454403658386 114
1777384212422 0.9747781518435774 115
1777384212760 0.9732475744673504 116
1777384213095 0.9783481531852505 117
1777384213443 0.9772914237956686 118
1777384213770 0.9783694196296896 119
1777384214105 0.9797714461760699 120
1777384214441 0.9774123722038437 121
1777384214786 0.9754009714289085 122
1777384215130 0.9683498181367578 123
1777384215467 0.9787050184327173 124
