1777425685784 -1.8805325921935232 1
1777425697073 -1.7199439656310087 2
1777425711141 -1.5068764998704087 3
1777425719808 -1.191546743617558 4
1777425729561 -0.8265565143494242 5
1777425730618 -0.4573005057331172 6
1777425743003 -0.07438047171357831 7
1777425746307 0.3163503092501776 8
1777425748908 0.622758728482348 9
1777425757693 0.8087967379841364 10
1777425761215 0.881976409562974 11
1777425770466 0.9146372956055359 12
1777425774417 0.9308010651251352 13
1777425781240 0.9304724133371051 14
1777425787006 0.941470400657014 15
1777425799673 0.9476573282194735 16
1777425807523 0.9545208963146916 17
1777425811132 0.9494607469028077 18
1777425823125 0.9504139521502973 19
1777425834113 0.9581999229904553 20
1777425844695 0.9586843130713603 21
1777425861724 0.9607842978827315 22
1777425872313 0.9625619306036092 23
1777425881810 0.9653366964709824 24
1777425891440 0.9682747052710335 25
1777425905691 0.9660385315703672 26
1777425922711 0.9637480968686346 27
1777425939444 0.9654045303840718 28
1777425952046 0.96786075544496 29
1777425956177 0.9703609005772394 30
1777425966243 0.9712534863247908 31
1777425967452 0.9697552206555076 32
1777425970376 0.973002742241836 33
1777425980886 0.9718542144142153 34
1777425994578 0.9749386192721907 35
1777426009022 0.9745301990218226 36
1777426014505 0.9790118579257392 37
1777426035728 0.9765978807203131 38
1777426055812 0.978094237254485 39
1777426066108 0.9759975257608957 40
1777426086846 0.9784938917551758 41
1777426099689 0.976763166091489 42
1777426116439 0.9760245538397535 43
1777426123670 0.9788384997606132 44
1777426129963 0.9781378143516789 45
1777426135294 0.9793063921647771 46
1777426141085 0.9777992779838977 47
1777426148856 0.9791009686656978 48
1777426161802 0.9787610808951241 49
1777426168905 0.9808361255989045 50
1777426187316 0.9787571279614403 51
1777426194660 0.9796321290499699 52
1777426207134 0.9801268699817101 53
1777426221834 0.9820159302063457 54
1777426234868 0.9789329390379354 55
1777426239013 0.9827855922741949 56
1777426257692 0.9834823734282417 57
1777426273605 0.9828948913211906 58
1777426277125 0.9831310377490444 59
1777426283565 0.982807034767592 60
1777426298710 0.981805904284076 61
1777426307845 0.9831454790038099 62
1777426311308 0.9811718890134177 63
1777426314415 0.9831177188027628 64
1777426322051 0.9837923420114665 65
1777426335440 0.981720153109227 66
1777426338490 0.9855216467473971 67
1777426343419 0.9849004259652161 68
1777426347044 0.9836161503549864 69
1777426350723 0.9835838366642493 70
1777426353583 0.9838867116924424 71
1777426364856 0.9849881550569994 72
1777426368624 0.9831932215194186 73
1777426381020 0.9858851146511243 74
1777426384575 0.9854875151709611 75
1777426391467 0.9871734023615305 76
1777426403827 0.9858966675172908 77
1777426406317 0.9859724089805095 78
