1777425685784 157.64529418945312 1
1777425697073 150.89852905273438 2
1777425711141 142.33876037597656 3
1777425719808 130.6945037841797 4
1777425729561 116.54154205322266 5
1777425730618 101.09457397460938 6
1777425743003 83.7193374633789 7
1777425746307 64.24048614501953 8
1777425748908 46.80119323730469 9
1777425757693 33.01018524169922 10
1777425761215 26.451112747192383 11
1777425770466 23.228233337402344 12
1777425774417 20.96685218811035 13
1777425781240 21.307884216308594 14
1777425787006 19.62914276123047 15
1777425799673 18.836090087890625 16
1777425807523 17.6436710357666 17
1777425811132 18.79707145690918 18
1777425823125 18.4014949798584 19
1777425834113 16.95011329650879 20
1777425844695 16.895540237426758 21
1777425861724 16.314054489135742 22
1777425872313 16.062625885009766 23
1777425881810 15.688079833984375 24
1777425891440 14.89926528930664 25
1777425905691 15.211484909057617 26
1777425922711 15.805109024047852 27
1777425939444 15.519336700439453 28
1777425952046 15.039621353149414 29
1777425956177 14.39184284210205 30
1777425966243 14.143717765808105 31
1777425967452 14.642407417297363 32
1777425970376 13.831729888916016 33
1777425980886 14.025447845458984 34
1777425994578 13.22136116027832 35
1777426009022 13.339943885803223 36
1777426014505 12.229541778564453 37
1777426035728 12.873880386352539 38
1777426055812 12.460271835327148 39
1777426066108 13.022757530212402 40
1777426086846 12.345947265625 41
1777426099689 12.708479881286621 42
1777426116439 13.059515953063965 43
1777426123670 12.210639953613281 44
1777426129963 12.374504089355469 45
1777426135294 12.077118873596191 46
1777426141085 12.43210506439209 47
1777426148856 12.235196113586426 48
1777426161802 12.176247596740723 49
1777426168905 11.6586332321167 50
1777426187316 12.127301216125488 51
1777426194660 11.994647026062012 52
1777426207134 11.791614532470703 53
1777426221834 11.209673881530762 54
1777426234868 12.188833236694336 55
1777426239013 10.932250022888184 56
1777426257692 10.816325187683105 57
1777426273605 11.035526275634766 58
1777426277125 10.929161071777344 59
1777426283565 10.915091514587402 60
1777426298710 11.202844619750977 61
1777426307845 10.797115325927734 62
1777426311308 11.48002815246582 63
1777426314415 10.8798246383667 64
1777426322051 10.877260208129883 65
1777426335440 11.327577590942383 66
1777426338490 10.269461631774902 67
1777426343419 10.363537788391113 68
1777426347044 10.823395729064941 69
1777426350723 10.841419219970703 70
1777426353583 10.725397109985352 71
1777426364856 10.303454399108887 72
1777426368624 10.842011451721191 73
1777426381020 9.83487606048584 74
1777426384575 10.219364166259766 75
1777426391467 9.666533470153809 76
1777426403827 10.001672744750977 77
1777426406317 9.988862991333008 78
