1777176551595 42956.119921875 1
1777176553531 34233.494921875 2
1777176555452 20485.430859375 3
1777176557356 7220.809765625 4
1777176559258 2093.500280761719 5
1777176561154 1139.1925537109375 6
1777176563069 1003.01376953125 7
1777176564972 863.7997680664063 8
1777176566877 807.17353515625 9
1777176568783 708.5123107910156 10
1777176570682 701.4302673339844 11
1777176572585 678.4657104492187 12
1777176574505 615.2768493652344 13
1777176576405 648.0870971679688 14
1777176578321 605.2702270507813 15
1777176580225 590.0085144042969 16
1777176582134 537.2660614013672 17
1777176584103 519.1630401611328 18
1777176586108 511.79115295410156 19
1777176588097 489.87671813964846 20
1777176596611 473.9096618652344 21
1777176598627 444.0363006591797 22
1777176600592 443.66261596679686 23
1777176602535 455.3642181396484 24
1777176604461 410.3699462890625 25
1777176606413 433.0935302734375 26
1777176608374 394.02178955078125 27
1777176610293 384.52259521484376 28
1777176612204 375.31431884765624 29
1777176614117 355.8301177978516 30
1777176616021 357.2340087890625 31
1777176617955 324.08929748535155 32
1777176619873 351.4902374267578 33
1777176621783 346.0235168457031 34
1777176623690 309.09425354003906 35
1777176625602 300.6453887939453 36
1777176627507 292.9385162353516 37
1777176629428 283.75865478515624 38
1777176631344 281.1525848388672 39
1777176633252 277.3144866943359 40
1777176635173 267.0751251220703 41
1777176637089 276.0451858520508 42
1777176639006 247.39132385253907 43
1777176640955 271.8007781982422 44
1777176642879 254.72989501953126 45
1777176645336 257.55641479492186 46
1777176647299 235.6642105102539 47
1777176665239 233.4691604614258 48
1777176667192 234.37684173583983 49
1777176669135 235.24477844238282 50
1777176671087 227.1841079711914 51
