1777176551595 -1.6699715130802835 1
1777176553531 -1.1278100316453545 2
1777176555452 -0.27328807701148516 3
1777176557356 0.5511848620262305 4
1777176559258 0.8698768377251579 5
1777176561154 0.9291925836170918 6
1777176563069 0.9376568786259702 7
1777176564972 0.9463098423579512 8
1777176566877 0.9498294895444176 9
1777176568783 0.9559618546415303 10
1777176570682 0.9564020507612531 11
1777176572585 0.9578294254030947 12
1777176574505 0.9617569807571427 13
1777176576405 0.959717629519446 14
1777176578321 0.9623789479866471 15
1777176580225 0.963327550494104 16
1777176582134 0.9666058014718721 17
1777176584103 0.9677310046126508 18
1777176586108 0.9681892166436633 19
1777176588097 0.969551320603519 20
1777176596611 0.9705437666885439 21
1777176598627 0.9724005736116209 22
1777176600592 0.972423799302635 23
1777176602535 0.9716964743763874 24
1777176604461 0.9744931291801213 25
1777176606413 0.9730807280992633 26
1777176608374 0.9755092641911166 27
1777176610293 0.9760996965963262 28
1777176612204 0.9766720432864437 29
1777176614117 0.9778830974319644 30
1777176616021 0.9777958383273785 31
1777176617955 0.9798559759850771 32
1777176619873 0.9781528499635352 33
1777176621783 0.9784926342366527 34
1777176623690 0.9807880033985401 35
1777176625602 0.9813131471253058 36
1777176627507 0.9817921754040817 37
1777176629428 0.982362756632915 38
1777176631344 0.9825247375730719 39
1777176633252 0.982763296389773 40
1777176635173 0.9833997331991459 41
1777176637089 0.9828421925190441 42
1777176639006 0.9846231969209402 43
1777176640955 0.983106007521196 44
1777176642879 0.9841670604399525 45
1777176645336 0.983991376833639 46
1777176647299 0.9853521031709126 47
1777176665239 0.9854885400548605 48
1777176667192 0.9854321197682372 49
1777176669135 0.9853781722765343 50
1777176671087 0.9858791917174646 51
