1777228007383 44167.701171875 1
1777228009299 31088.751953125 2
1777228011213 14003.9923828125 3
1777228013034 2984.9992919921874 4
1777228014875 1176.09287109375 5
1777228016701 837.3809509277344 6
1777228018510 732.9963989257812 7
1777228020335 631.36201171875 8
1777228022176 594.1681457519531 9
1777228024002 551.6514770507813 10
1777228025851 499.27861938476565 11
1777228027668 462.91025695800784 12
1777228029504 445.57628173828124 13
1777228031318 417.4242279052734 14
1777228033152 389.03435974121095 15
1777228035341 400.8489990234375 16
1777228037788 383.5511932373047 17
1777228040215 354.1377685546875 18
1777228042650 334.4890655517578 19
1777228044612 314.1007843017578 20
1777228046423 330.60087890625 21
1777228048279 277.4823303222656 22
1777228050098 343.8548614501953 23
1777228051906 338.75869140625 24
1777228053755 276.8785598754883 25
1777228055572 243.92818450927734 26
1777228057393 307.1135543823242 27
1777228059221 257.32456665039064 28
1777228061026 229.7748291015625 29
1777228062834 226.9576400756836 30
1777228064945 284.8617431640625 31
1777228066794 232.90401306152344 32
1777228068657 224.26248168945312 33
1777228070490 258.1364685058594 34
1777228072309 188.1678894042969 35
1777228074131 194.1539291381836 36
1777228075945 176.7980514526367 37
1777228077758 200.40473480224608 38
1777228079608 175.5146026611328 39
1777228081424 188.99363403320314 40
1777228083237 182.43319549560547 41
1777228085057 167.95557708740233 42
1777228086875 155.9002685546875 43
1777228088688 159.20602569580078 44
1777228090507 151.82288513183593 45
1777228092326 174.49339447021484 46
1777228094141 246.39412536621094 47
1777228095970 157.5936721801758 48
