1777228007383 169.12928161621093 1
1777228009299 134.8617172241211 2
1777228011213 80.82288818359375 3
1777228013034 35.222220230102536 4
1777228014875 24.11541404724121 5
1777228016701 20.754918479919432 6
1777228018510 19.46582794189453 7
1777228020335 18.21621799468994 8
1777228022176 17.570293426513672 9
1777228024002 16.94839220046997 10
1777228025851 16.179160499572752 11
1777228027668 15.464493083953858 12
1777228029504 15.23692283630371 13
1777228031318 14.789747714996338 14
1777228033152 14.169930934906006 15
1777228035341 14.361882305145263 16
1777228037788 14.17996826171875 17
1777228040215 13.560860538482666 18
1777228042650 13.183494567871094 19
1777228044612 12.799712753295898 20
1777228046423 12.837963104248047 21
1777228048279 12.098718929290772 22
1777228050098 12.731247806549073 23
1777228051906 12.609509468078613 24
1777228053755 11.93082914352417 25
1777228055572 11.315481662750244 26
1777228057393 12.141535091400147 27
1777228059221 11.321318054199219 28
1777228061026 10.84423189163208 29
1777228062834 10.781688976287843 30
1777228064945 11.365906715393066 31
1777228066794 10.690024280548096 32
1777228068657 10.610113430023194 33
1777228070490 11.21917428970337 34
1777228072309 9.986252784729004 35
1777228074131 10.128212165832519 36
1777228075945 9.82750654220581 37
1777228077758 10.242199802398682 38
1777228079608 9.575133895874023 39
1777228081424 9.926860332489014 40
1777228083237 9.785015106201172 41
1777228085057 9.430860328674317 42
1777228086875 9.232384204864502 43
1777228088688 9.252842426300049 44
1777228090507 8.986103725433349 45
1777228092326 9.212561798095702 46
1777228094141 10.286908435821534 47
1777228095970 9.172549819946289 48
