1777387495076 214.51061672444095 1
1777387495389 213.07404082853452 2
1777387495695 211.6432637570825 3
1777387496003 210.39607366227156 4
1777387496338 209.09412130067167 5
1777387496631 207.68665362451677 6
1777387496932 206.1104736391385 7
1777387497231 204.32252766765586 8
1777387497527 202.28653872662906 9
1777387497822 199.8383526440808 10
1777387498118 196.90030591329716 11
1777387498413 193.77059366361553 12
1777387498710 190.31465516021092 13
1777387499006 186.71846495794142 14
1777387499302 182.5943570287702 15
1777387499599 178.6236496187585 16
1777387499894 174.56215315038938 17
1777387500194 169.85855788714326 18
1777387500488 165.2132322466182 19
1777387500788 160.80596566592297 20
1777387501093 155.6791321516792 21
1777387501387 150.88168610910006 22
1777387501681 146.5864985682515 23
1777387501981 140.46824596683766 24
1777387502294 135.71108299204968 25
1777387502610 130.5231211557937 26
1777387502921 124.32674157989905 27
1777387503235 119.2453033993897 28
1777387503549 112.84357691761858 29
1777387503871 106.68041496685322 30
1777387504180 101.132435604261 31
1777387504490 93.79617612808104 32
1777387504803 88.50643294063433 33
1777387505120 82.79278951752833 34
1777387505466 76.14697189071276 35
1777387505778 71.35788501564666 36
1777387506096 65.73999225761477 37
1777387506417 60.27355851008591 38
1777387506728 56.11787433886373 39
1777387507046 50.45037881578542 40
1777387507363 45.713353556257225 41
1777387507681 44.66649555534117 42
1777387507989 41.78614786409861 43
1777387508304 38.194763591627485 44
1777387508617 34.99890832560889 45
1777387508955 36.543705105154565 46
1777387509300 31.941296137223066 47
1777387509652 31.794983243786373 48
1777387509986 32.713658793838505 49
1777387510323 32.09617657574263 50
1777387510667 28.238466862458868 51
1777387511028 29.357388545424662 52
1777387511427 28.449450184850892 53
1777387511830 27.98985106597233 54
1777387512345 29.592235103451863 55
1777387558727 26.602820959586456 56
1777387559092 28.643299367091295 57
1777387559437 28.5676761669904 58
1777387559779 28.410355777949835 59
1777387560130 27.05892617676917 60
1777387560486 25.862367651606746 61
1777387560887 27.715084620605865 62
1777387561300 26.986750990141555 63
1777387561786 25.059852669565167 64
1777387563090 22.637391127309286 65
1777387637880 25.730600104511385 66
1777387638178 24.41431374870718 67
1777387638485 24.401366698964708 68
1777387638779 26.373317574450365 69
1777387639078 22.382147132344258 70
1777387639370 22.948334091991434 71
1777387639667 24.39452092924121 72
1777387639975 23.178979176909273 73
1777387640279 24.299610477041345 74
1777387640573 25.16053680477997 75
1777387640867 22.37282717932836 76
1777387641161 23.529569163076488 77
1777387641458 24.474299438550073 78
1777387641752 22.84782154208033 79
1777387642046 24.266224889960867 80
1777387642343 23.43500898220638 81
1777387642638 24.097780041524313 82
1777387642945 25.154463009123127 83
1777387643240 22.130548331064773 84
1777387643540 23.11471477354847 85
1777387643839 22.156334020027575 86
1777387644135 23.172844298674796 87
1777387644441 22.74660189894787 88
1777387644777 22.557219587475274 89
1777387645112 22.6647061266762 90
1777387645411 21.103880669129907 91
1777387645706 22.04763699626653 92
1777387646001 23.533340503089974 93
1777387646319 23.944348981430487 94
1777387646612 22.979824339192767 95
1777387646915 22.644239812360393 96
1777387647236 23.27967958210148 97
1777387647553 24.993520888938022 98
1777387647846 19.464825327981448 99
1777387648142 20.03038691954013 100
1777387648440 21.166850332028986 101
1777387648733 22.921871005878998 102
1777387649037 19.960551457861907 103
1777387649331 21.58657156709894 104
1777387649623 21.160368615673306 105
1777387649935 22.222785679773377 106
1777387650237 25.349215029990944 107
1777387650553 22.928746520300397 108
1777387650868 21.38947363820651 109
1777387651160 22.79840103699709 110
1777387651463 22.950016276035896 111
1777387651756 22.123321297102834 112
1777387652050 18.71679025112713 113
1777387652349 20.10359294909471 114
1777387652642 22.355922984311533 115
1777387652936 20.752305235983346 116
1777387653229 19.073090359952324 117
1777387653522 19.71578836341615 118
1777387653818 20.847185255008423 119
1777387654110 19.679519246749987 120
1777387654405 19.26539531239805 121
1777387654696 20.07741897469759 122
1777387655020 19.777489182632376 123
1777387655432 20.478124344288865 124
1777387655887 19.65310813647114 125
1777387656405 19.250075302967566 126
1777387656925 19.93517785017151 127
1777387657461 18.45470926200986 128
1777387657996 19.351344871606308 129
