1777387495076 46014.8046875 1
1777387495389 45400.546875 2
1777387495695 44792.87109375 3
1777387496003 44266.5078125 4
1777387496338 43720.3515625 5
1777387496631 43133.74609375 6
1777387496932 42481.52734375 7
1777387497231 41747.6953125 8
1777387497527 40919.84375 9
1777387497822 39935.3671875 10
1777387498118 38769.73046875 11
1777387498413 37547.04296875 12
1777387498710 36219.66796875 13
1777387499006 34863.78515625 14
1777387499302 33340.69921875 15
1777387499599 31906.408203125 16
1777387499894 30471.9453125 17
1777387500194 28851.9296875 18
1777387500488 27295.412109375 19
1777387500788 25858.55859375 20
1777387501093 24235.9921875 21
1777387501387 22765.283203125 22
1777387501681 21487.6015625 23
1777387501981 19731.328125 24
1777387502294 18417.498046875 25
1777387502610 17036.28515625 26
1777387502921 15457.138671875 27
1777387503235 14219.4423828125 28
1777387503549 12733.6728515625 29
1777387503871 11380.7109375 30
1777387504180 10227.76953125 31
1777387504490 8797.72265625 32
1777387504803 7833.388671875 33
1777387505120 6854.64599609375 34
1777387505466 5798.361328125 35
1777387505778 5091.94775390625 36
1777387506096 4321.74658203125 37
1777387506417 3632.90185546875 38
1777387506728 3149.2158203125 39
1777387507046 2545.24072265625 40
1777387507363 2089.710693359375 41
1777387507681 1995.0958251953125 42
1777387507989 1746.0821533203125 43
1777387508304 1458.8399658203125 44
1777387508617 1224.923583984375 45
1777387508955 1335.4423828125 46
1777387509300 1020.2463989257812 47
1777387509652 1010.9209594726562 48
1777387509986 1070.1834716796875 49
1777387510323 1030.16455078125 50
1777387510667 797.4110107421875 51
1777387511028 861.8562622070312 52
1777387511427 809.3712158203125 53
1777387511830 783.4317626953125 54
1777387512345 875.7003784179688 55
1777387558727 707.7100830078125 56
1777387559092 820.4385986328125 57
1777387559437 816.1121215820312 58
1777387559779 807.1483154296875 59
1777387560130 732.1854858398438 60
1777387560486 668.862060546875 61
1777387560887 768.1259155273438 62
1777387561300 728.2847290039062 63
1777387561786 627.9962158203125 64
1777387563090 512.4514770507812 65
1777387637880 662.0637817382812 66
1777387638178 596.0587158203125 67
1777387638485 595.4266967773438 68
1777387638779 695.5518798828125 69
1777387639078 500.96051025390625 70
1777387639370 526.6260375976562 71
1777387639667 595.0926513671875 72
1777387639975 537.2650756835938 73
1777387640279 590.4710693359375 74
1777387640573 633.0526123046875 75
1777387640867 500.54339599609375 76
1777387641161 553.640625 77
1777387641458 598.9913330078125 78
1777387641752 522.02294921875 79
1777387642046 588.8496704101562 80
1777387642343 549.1996459960938 81
1777387642638 580.7030029296875 82
1777387642945 632.7470092773438 83
1777387643240 489.76116943359375 84
1777387643540 534.2900390625 85
1777387643839 490.90313720703125 86
1777387644135 536.980712890625 87
1777387644441 517.4078979492188 88
1777387644777 508.8281555175781 89
1777387645112 513.6889038085938 90
1777387645411 445.373779296875 91
1777387645706 486.0982971191406 92
1777387646001 553.818115234375 93
1777387646319 573.3318481445312 94
1777387646612 528.0723266601562 95
1777387646915 512.7615966796875 96
1777387647236 541.9434814453125 97
1777387647553 624.6760864257812 98
1777387647846 378.8794250488281 99
1777387648142 401.2164001464844 100
1777387648440 448.0355529785156 101
1777387648733 525.4121704101562 102
1777387649037 398.4236145019531 103
1777387649331 465.9800720214844 104
1777387649623 447.7611999511719 105
1777387649935 493.8522033691406 106
1777387650237 642.5827026367188 107
1777387650553 525.7274169921875 108
1777387650868 457.50958251953125 109
1777387651160 519.76708984375 110
1777387651463 526.7032470703125 111
1777387651756 489.44134521484375 112
1777387652050 350.3182373046875 113
1777387652349 404.1544494628906 114
1777387652642 499.78729248046875 115
1777387652936 430.6581726074219 116
1777387653229 363.78277587890625 117
1777387653522 388.7123107910156 118
1777387653818 434.6051330566406 119
1777387654110 387.2834777832031 120
1777387654405 371.15545654296875 121
1777387654696 403.1027526855469 122
1777387655020 391.1490783691406 123
1777387655432 419.35357666015625 124
1777387655887 386.2446594238281 125
1777387656405 370.5653991699219 126
1777387656925 397.41131591796875 127
1777387657461 340.5762939453125 128
1777387657996 374.47454833984375 129
