1777374323032 220.9103413293502 1
1777374323445 219.5128662231442 2
1777374323871 218.10346419474863 3
1777374324283 216.8765489858228 4
1777374324692 215.5534482732763 5
1777374325125 213.6918323632188 6
1777374325553 211.48802234110093 7
1777374325965 209.49337138976497 8
1777374326412 207.4647372145445 9
1777374326822 205.35709180899985 10
1777374327241 203.26021461109895 11
1777374327660 200.9230360268578 12
1777374328079 197.890199984739 13
1777374328517 194.50457899494293 14
1777374328928 190.9088153576204 15
1777374329363 187.18250202008733 16
1777374329781 183.51829566490093 17
1777374330207 179.55408634134452 18
1777374330630 175.64669572397312 19
1777374331054 171.31501389071246 20
1777374331472 166.70301882202074 21
1777374331977 161.24474918776426 22
1777374332410 155.78636212775496 23
1777374332814 148.9742532285361 24
1777374333219 142.98435365670258 25
1777374333643 136.65225883149535 26
1777374334066 130.28381728700998 27
1777374334501 124.25669624812983 28
1777374334942 118.24432630416142 29
1777374335354 111.3943805037422 30
1777374336825 106.44639936371732 31
1777374337248 100.17885372859384 32
1777374337670 93.03193756044212 33
1777374338083 85.55585711977878 34
1777374338498 79.84179302885488 35
1777374339017 73.03527815698897 36
1777374339432 68.64261144120866 37
1777374339846 61.12393156338706 38
1777374340271 54.282030344851464 39
1777374340733 51.9689942868582 40
1777374341170 48.30589985640988 41
1777374341580 44.9916930266716 42
1777374342002 43.71814828258183 43
1777374342421 40.55089244307315 44
1777374342857 41.428605403792254 45
1777374343295 41.17824162112574 46
1777374343897 38.40693652763131 47
1777374345335 34.94696386244626 48
1777374346012 35.65184535404076 49
1777374346478 35.271842952607926 50
1777374346929 33.07056442586538 51
1777374347422 37.36551242194716 52
1777374347851 34.85294861763851 53
1777374348283 34.995884244615105 54
1777374348706 34.143780246073916 55
1777374349134 33.40719822964338 56
1777374349573 31.70983172037302 57
1777374349998 32.47752377847255 58
1777374350421 32.58931162853666 59
1777374350850 30.71279666370762 60
1777374351300 32.302509940212076 61
1777374351740 30.684941140451432 62
1777374352170 30.128535272981868 63
1777374352928 29.55899510968753 64
1777374353351 32.04834909457116 65
1777374353762 28.61924559211369 66
1777374354178 29.413118344740646 67
1777374354581 28.49487044367043 68
1777374354996 31.632283815661037 69
1777374355431 31.342142476536782 70
1777374355855 30.011951354770215 71
1777374356395 27.038062499566582 72
1777374356821 27.848737584648138 73
1777374357251 29.514523826401447 74
1777374357673 26.609467896564208 75
1777374358070 29.798053816154987 76
1777374358482 25.868662182367853 77
1777374358878 26.51623038127427 78
1777374359293 27.115099809798092 79
1777374359715 26.50857232553804 80
1777374360126 25.69968988253737 81
1777374360685 29.63249736188875 82
1777374361128 27.972655977255272 83
1777374361537 28.426050450920563 84
1777374361962 26.21589348637697 85
1777374362379 25.243803869248044 86
1777374362799 26.08811690693677 87
1777374363209 25.88542871813938 88
1777374363624 24.787630700455974 89
1777374364047 23.623718549902343 90
1777374364467 24.011529060683145 91
1777374364892 26.400189994359533 92
1777374365321 24.028055958494253 93
1777374365735 25.080576934262673 94
1777374366193 23.13340218979906 95
1777374366610 25.351613058501204 96
1777374367317 24.221966772258735 97
1777374367740 22.37036357558603 98
1777374368158 22.50130204565949 99
1777374368577 25.119817854105502 100
1777374368983 23.632209444785044 101
1777374369395 22.610288779478388 102
1777374369808 22.883097898527502 103
1777374370225 23.979185615308904 104
1777374370617 24.414929984588195 105
1777374371053 24.752515260448785 106
1777374371483 21.834219101660057 107
1777374371884 23.472974455427593 108
1777374373005 20.60696195715214 109
1777374373433 22.56726936801428 110
1777374373853 22.547936132340915 111
1777374374271 22.449011779648842 112
1777374374695 23.469456079175412 113
1777374375112 20.505986525852336 114
1777374375536 20.557634421494427 115
1777374375958 21.339463704171212 116
