1777431590072 -1.7906232230924886 1
1777431591866 -1.6337492911553841 2
1777431593533 -1.4139080876964525 3
1777431595045 -1.1055827412546417 4
1777431597281 -0.7682728439805184 5
1777431599535 -0.422246843675111 6
1777431600517 -0.08338755978658319 7
1777431601535 0.2381493457910936 8
1777431602443 0.5163031384071388 9
1777431604213 0.7276847034209475 10
1777431605436 0.849493092170135 11
1777431607451 0.912109766171441 12
1777431608467 0.9265431350653058 13
1777431609346 0.9385858199807087 14
1777431611075 0.9509314664278145 15
1777431612014 0.9556405231215713 16
1777431612967 0.9536539687001458 17
1777431614714 0.9585437925408643 18
1777431615632 0.9624369785339981 19
1777431617931 0.9628683012505208 20
1777431620082 0.9661735320681688 21
1777431621906 0.9656547518103834 22
1777431622792 0.9634075483174964 23
1777431624489 0.9697405360131433 24
1777431625378 0.9650557889008937 25
1777431626749 0.9673537337742686 26
1777431627651 0.9702144229784212 27
1777431629482 0.973004452532158 28
1777431631419 0.9724217929289345 29
1777431633207 0.970349801269321 30
1777431634450 0.9714020074834424 31
1777431635919 0.9783412719454072 32
1777431637491 0.9703532663588676 33
1777431639100 0.976312411058705 34
1777431641585 0.9731883150993687 35
1777431643645 0.9744683089864232 36
1777431644900 0.9785741043810626 37
1777431646207 0.9782893975166075 38
1777431647095 0.9770302586127019 39
1777431648414 0.9724266724774654 40
1777431649351 0.9734764390936534 41
1777431650608 0.9820372740401918 42
1777431651752 0.9797248288461583 43
1777431652864 0.983020665554257 44
1777431653867 0.977969093166729 45
1777431656271 0.9809856748162376 46
1777431658009 0.979226349037295 47
1777431659476 0.9811975233770048 48
1777431661405 0.9843237700298961 49
1777431662923 0.9841484457910361 50
1777431664111 0.9854020408514155 51
1777431665631 0.983112055792306 52
1777431666541 0.9849852124605867 53
1777431667603 0.9846176431952451 54
1777431669400 0.9834445095524246 55
1777431670850 0.9878191671200458 56
1777431672450 0.986457972936044 57
1777431673671 0.9880528898079463 58
1777431674564 0.9847081192011906 59
1777431677175 0.9871701792283397 60
1777431678433 0.9860303566063935 61
1777431680546 0.98666757188634 62
1777431682260 0.9851645188546913 63
1777431683163 0.9865943463910697 64
1777431684087 0.9873011212454256 65
1777431686934 0.9874621122732656 66
1777431687813 0.9868331078467276 67
1777431688708 0.987097918922372 68
1777431689938 0.986490284296569 69
1777431691749 0.9873587538377365 70
1777431693151 0.9887379509004725 71
