1777431590072 44897.235677083336 1
1777431591866 42373.348958333336 2
1777431593533 38836.412760416664 3
1777431595045 33875.889322916664 4
1777431597281 28449.04296875 5
1777431599535 22881.968098958332 6
1777431600517 17430.194010416668 7
1777431601535 12257.113932291666 8
1777431602443 7782.00732421875 9
1777431604213 4381.173502604167 10
1777431605436 2421.4461263020835 11
1777431607451 1414.03125 12
1777431608467 1181.8184814453125 13
1777431609346 988.0684204101562 14
1777431611075 789.4443562825521 15
1777431612014 713.6821492513021 16
1777431612967 745.6430257161459 17
1777431614714 666.9725952148438 18
1777431615632 604.3366292317709 19
1777431617931 597.397216796875 20
1777431620082 544.220703125 21
1777431621906 552.567138671875 22
1777431622792 588.7215372721354 23
1777431624489 486.8325703938802 24
1777431625378 562.2036336263021 25
1777431626749 525.2328898111979 26
1777431627651 479.20836385091144 27
1777431629482 434.3207194010417 28
1777431631419 443.6948649088542 29
1777431633207 477.0303243001302 30
1777431634450 460.10179646809894 31
1777431635919 348.4587097167969 32
1777431637491 476.97458902994794 33
1777431639100 381.1002502441406 34
1777431641585 431.36260986328125 35
1777431643645 410.76930745442706 36
1777431644900 344.7127990722656 37
1777431646207 349.2932840983073 38
1777431647095 369.5511067708333 39
1777431648414 443.61643473307294 40
1777431649351 426.72711181640625 41
1777431650608 288.9952087402344 42
1777431651752 326.19922892252606 43
1777431652864 273.1737874348958 44
1777431653867 354.4466044108073 45
1777431656271 305.9139709472656 46
1777431658009 334.2190450032552 47
1777431659476 302.50559488932294 48
1777431661405 252.20867411295572 49
1777431662923 255.02940368652344 50
1777431664111 234.86080932617188 51
1777431665631 271.70348103841144 52
1777431666541 241.56696573893228 53
1777431667603 247.48067220052084 54
1777431669400 266.354736328125 55
1777431670850 195.97260538736978 56
1777431672450 217.87232462565103 57
1777431673671 192.21233113606772 58
1777431674564 246.02502950032553 59
1777431677175 206.4138946533203 60
1777431678433 224.7521006266276 61
1777431680546 214.5001678466797 62
1777431682260 238.68218994140625 63
1777431683163 215.67825826009116 64
1777431684087 204.30724080403647 65
1777431686934 201.71713256835938 66
1777431687813 211.8369344075521 67
1777431688708 207.5765126546224 68
1777431689938 217.35247802734375 69
1777431691749 203.38001505533853 70
1777431693151 181.19066365559897 71
