1777212568293 -1.742466592335542 1
1777212570085 -1.4514507672951515 2
1777212571459 -0.9570256292096232 3
1777212572898 -0.3384037592275706 4
1777212574400 0.2414646719262576 5
1777212576308 0.6472021851239141 6
1777212578764 0.8531073240159506 7
1777212590977 0.9253335744322637 8
1777212610879 0.9408371636233349 9
1777212616877 0.9465309155197396 10
1777212618137 0.953985668608382 11
1777212619385 0.9569430423397117 12
1777212620535 0.9577825909264492 13
1777212621672 0.9641069839477632 14
1777212622895 0.9598383086142963 15
1777212624066 0.9677952481735286 16
1777212625201 0.961472830581225 17
1777212626385 0.9646997948781564 18
1777212627531 0.9676593422106194 19
1777212628655 0.9699839938062267 20
1777212629799 0.9662322692117777 21
1777212630959 0.9700758090302128 22
1777212633352 0.9677887681988562 23
1777212634627 0.9703462811334749 24
1777212635804 0.9686170111553102 25
1777212637042 0.9742525444000286 26
1777212638670 0.9740895357553448 27
1777212660941 0.977223794618402 28
1777212680438 0.9761889167951651 29
1777212692929 0.9736713546003832 30
1777212694585 0.9741621685054644 31
1777212695927 0.9799374439204136 32
1777212697156 0.978094489299461 33
1777212698382 0.9780047476936751 34
1777212699657 0.9791184265468666 35
1777212700850 0.9815829944323511 36
1777212702039 0.9809035003458495 37
1777212703272 0.9828525628478385 38
1777212704458 0.9832946119789945 39
1777212705602 0.9821600860019591 40
1777212706738 0.9816729075946702 41
1777212707875 0.9854857684028537 42
1777212709004 0.9846118464443396 43
1777212710137 0.9838136195601838 44
1777212712849 0.9853709806699295 45
1777212714072 0.9859499080862445 46
1777212715249 0.98627715129282 47
1777212716497 0.9864572659810303 48
1777212717660 0.9854458695464418 49
1777212718892 0.9863645726831896 50
1777212720051 0.9873129714474385 51
1777212721191 0.9858697682651044 52
1777212722332 0.9877359233343246 53
1777212723483 0.9892148488796307 54
1777212724693 0.9885174398802036 55
1777212725832 0.9876482496423611 56
1777212726968 0.9883033339707852 57
1777212728095 0.9890639024308966 58
1777212729217 0.9896268207150763 59
