1777208722289 182.2974090576172 1
1777208723062 181.568603515625 2
1777208724046 180.53919982910156 3
1777208725088 179.3905029296875 4
1777208725554 178.3266143798828 5
1777208726065 177.2198944091797 6
1777208726541 176.0514373779297 7
1777208727020 174.82603454589844 8
1777208727590 173.51687622070312 9
1777208728143 172.14505004882812 10
1777208730130 170.67945861816406 11
1777208731917 169.2164306640625 12
1777208733187 167.6249237060547 13
1777208734719 165.866943359375 14
1777208735544 164.20880126953125 15
1777208736387 162.41868591308594 16
1777208737616 160.57781982421875 17
1777208738243 158.63519287109375 18
1777208738753 156.51220703125 19
1777208739342 154.05149841308594 20
1777208739791 151.5094451904297 21
1777208740249 149.22706604003906 22
1777208740729 146.63082885742188 23
1777208741154 144.27835083007812 24
1777208741592 141.5740966796875 25
1777208741997 138.7529754638672 26
1777208742406 136.00836181640625 27
1777208742818 133.12600708007812 28
1777208743227 130.4016876220703 29
1777208743637 127.08901977539062 30
1777208744036 123.84667205810547 31
1777208744452 120.4698715209961 32
1777208744858 117.14883422851562 33
1777208747513 113.59172058105469 34
1777208755463 109.98738861083984 35
1777208756082 106.31622314453125 36
1777208756795 102.62747192382812 37
1777208757444 99.24359893798828 38
1777208757909 95.56045532226562 39
1777208758503 92.10242462158203 40
1777208759297 88.39067077636719 41
1777208759855 84.5487289428711 42
1777208760415 81.19082641601562 43
1777208763904 77.81505584716797 44
1777208764757 74.37317657470703 45
1777208765259 70.56430053710938 46
1777208766205 67.43109130859375 47
1777208766664 64.34596252441406 48
1777208767865 60.49034118652344 49
1777208768311 57.5928840637207 50
1777208768752 54.10826110839844 51
1777208770126 51.339603424072266 52
1777208770575 48.59817123413086 53
1777208780728 45.40279006958008 54
1777208781221 42.3040657043457 55
1777208781784 39.94855880737305 56
1777208782816 38.73775863647461 57
1777208783257 37.4809684753418 58
1777208783717 34.07467269897461 59
1777208784156 31.496131896972656 60
1777208784594 30.849132537841797 61
1777208785250 29.24277687072754 62
1777208785674 29.363489151000977 63
1777208786114 27.75761604309082 64
1777208786947 26.193235397338867 65
1777208787363 25.991655349731445 66
1777208787775 26.452953338623047 67
1777208788432 23.11980438232422 68
1777208788859 23.472124099731445 69
1777208789291 23.79588508605957 70
1777208789713 24.304746627807617 71
1777208790643 23.226612091064453 72
1777208791172 22.114185333251953 73
1777208791591 21.257123947143555 74
1777208792003 20.544580459594727 75
1777208792412 21.538787841796875 76
1777208794481 20.267240524291992 77
1777208794879 21.272720336914062 78
1777208795276 23.169116973876953 79
1777208795684 21.201766967773438 80
1777208796099 19.593276977539062 81
1777208796497 21.098634719848633 82
1777208796900 22.107913970947266 83
1777208797297 19.442903518676758 84
1777208798088 20.523847579956055 85
1777208798484 20.660757064819336 86
1777208798879 19.997798919677734 87
1777208799281 19.348905563354492 88
1777208800130 19.457727432250977 89
1777208800532 20.121877670288086 90
1777208800932 18.156421661376953 91
1777208802699 18.45736312866211 92
1777208803121 20.05352783203125 93
1777208805099 19.475074768066406 94
1777208805740 20.756662368774414 95
1777208806142 19.285167694091797 96
1777208806556 18.11046600341797 97
1777208808863 18.48421287536621 98
1777208809385 18.584653854370117 99
1777208809839 18.857820510864258 100
1777208810882 19.381437301635742 101
1777208811351 18.329479217529297 102
1777208811849 18.335485458374023 103
1777208812311 18.008686065673828 104
1777208812749 17.947284698486328 105
1777208817736 17.637754440307617 106
1777208842686 17.878765106201172 107
1777208851861 16.554302215576172 108
1777208852282 19.160669326782227 109
1777208852738 16.9072265625 110
1777208853923 16.76186180114746 111
1777208861038 17.523149490356445 112
1777208863228 19.308473587036133 113
1777208863690 15.780282020568848 114
1777208864201 15.778804779052734 115
1777208864650 17.25156021118164 116
1777208865099 16.34718894958496 117
1777208865563 16.081241607666016 118
