1777429139370 -2.053312203476877 1
1777429140365 -1.9006603801315092 2
1777429141348 -1.6947251504726388 3
1777429142682 -1.4096508396163623 4
1777429143684 -1.0700426093572277 5
1777429144678 -0.7298212830135977 6
1777429145674 -0.38989031563332355 7
1777429146653 0.022671424813516028 8
1777429147629 0.430622336542153 9
1777429148624 0.7112263540597807 10
1777429149608 0.8510350528621918 11
1777429150603 0.9025504177901414 12
1777429151592 0.9293423775581451 13
1777429152577 0.9254876708227588 14
1777429153578 0.938925538853864 15
1777429154569 0.9456644247900903 16
1777429155666 0.9440830893656552 17
1777429156664 0.9514184357215558 18
1777429157642 0.9482587106942966 19
1777429158625 0.9572578195862191 20
1777429159612 0.963486749537343 21
1777429160583 0.9582608990175989 22
1777429161550 0.9599380137281908 23
1777429162511 0.9583062815938828 24
1777429163480 0.963370929080793 25
1777429164451 0.9670643168231089 26
1777429165420 0.9693453636343154 27
1777429166398 0.9679433110680032 28
1777429167369 0.9652955876814687 29
1777429168337 0.9684592749888337 30
1777429169313 0.9707982681863412 31
1777429170284 0.9713318923063679 32
1777429171252 0.9730424885732707 33
1777429172214 0.9758270800840161 34
1777429173183 0.9751592181107015 35
1777429174159 0.9749225693830774 36
1777429175128 0.9756999436440963 37
1777429176096 0.9750827419594174 38
1777429177069 0.977584257254759 39
1777429178060 0.9804915397888019 40
1777429179050 0.9772291169632688 41
1777429180087 0.9786808178924087 42
1777429181048 0.9781484021266035 43
1777429182013 0.9813061204304833 44
1777429182980 0.9818300949828925 45
1777429183968 0.9812420868416509 46
1777429184977 0.9825242810071965 47
1777429185951 0.9813221160051202 48
1777429186920 0.9790961246515805 49
1777429187894 0.9816537916240242 50
1777429188885 0.9812885357924521 51
1777429189848 0.9825831832362013 52
1777429190811 0.983692506943959 53
1777429191779 0.9823735248727665 54
1777429192737 0.9833368345169514 55
1777429193705 0.9810612711034342 56
1777429194673 0.9822625303657135 57
1777429195639 0.9838498714161893 58
