1777179377428 38248.225390625 1
1777179379248 30641.8349609375 2
1777179381071 18123.5005859375 3
1777179382928 6623.898291015625 4
1777179384760 2325.887548828125 5
1777179386588 1233.0698120117188 6
1777179388414 935.2629760742187 7
1777179390239 829.8854797363281 8
1777179392064 777.8153564453125 9
1777179393917 688.4185607910156 10
1777179395738 649.5767395019532 11
1777179397556 641.67255859375 12
1777179399371 621.0202514648438 13
1777179401188 555.4650085449218 14
1777179403014 555.7118835449219 15
1777179404862 575.9558898925782 16
1777179406687 568.8152099609375 17
1777179408517 476.15277709960935 18
1777179410342 503.8094512939453 19
1777179412175 527.422802734375 20
1777179414013 486.95322265625 21
1777179415873 445.59443359375 22
1777179417706 434.61834716796875 23
1777179419538 413.80877075195315 24
1777179421375 418.3448822021484 25
1777179423222 421.1012420654297 26
1777179425070 385.64735107421876 27
1777179426945 377.1890045166016 28
1777179428808 355.87213439941405 29
1777179430676 331.9864074707031 30
1777179432528 317.8140441894531 31
1777179434368 340.0303527832031 32
1777179436224 325.70965881347655 33
1777179438061 325.8301666259766 34
1777179439894 302.0869506835937 35
1777179441725 279.4857772827148 36
1777179443558 275.68785095214844 37
1777179445383 263.1198501586914 38
1777179447236 250.86497650146484 39
1777179449082 258.4051849365234 40
1777179450918 249.10165710449218 41
1777179452759 257.41927947998045 42
1777179454598 231.22068786621094 43
1777179456431 222.25362396240234 44
1777179458290 228.38142852783204 45
1777179460124 227.49274597167968 46
1777179461953 232.35819549560546 47
1777179463780 217.16244201660157 48
1777179465604 209.07892913818358 49
1777179467432 215.3668212890625 50
1777179469522 209.50727233886718 51
1777179472114 199.25102996826172 52
1777179474033 194.7416763305664 53
1777179475963 196.17496795654296 54
1777179477841 185.21861114501954 55
1777179479750 206.98570404052734 56
1777179481632 194.76177215576172 57
1777179483577 195.20696411132812 58
1777179493302 181.66713256835936 59
