1777237898729 158.6935577392578 1
1777237914572 153.48993225097655 2
1777237926080 146.93792114257812 3
1777237953000 138.6690673828125 4
1777237956697 127.669580078125 5
1777237989422 113.4212417602539 6
1777238020571 95.86928253173828 7
1777238034007 77.94403381347657 8
1777238036027 61.154039764404295 9
1777238041354 45.724308013916016 10
1777238046748 33.52889404296875 11
1777238052527 26.921416091918946 12
1777238063483 22.96924743652344 13
1777238070438 21.54994354248047 14
1777238137575 20.71010398864746 15
1777238138902 19.430739212036134 16
1777238140252 19.161536026000977 17
1777238141569 17.52582130432129 18
1777238142941 18.814033889770506 19
1777238144471 18.06323356628418 20
1777238145957 17.593750762939454 21
1777238147674 17.769760131835938 22
1777238150089 17.296602630615233 23
1777238151453 16.081940841674804 24
1777238152780 17.77829933166504 25
1777238154075 16.41388702392578 26
1777238155344 16.708292388916014 27
1777238156673 17.06744499206543 28
1777238157987 16.21448802947998 29
1777238161428 16.70955410003662 30
1777238162697 16.654154205322264 31
1777238164033 16.300574493408202 32
1777238165405 16.07522201538086 33
1777238166734 16.015017700195312 34
1777238168087 14.769595909118653 35
1777238169460 14.734639930725098 36
1777238170817 15.4011474609375 37
1777238172044 15.020237159729003 38
1777238173318 15.902737236022949 39
1777238174504 14.68557014465332 40
1777238175735 15.301332473754883 41
1777238177124 14.037680435180665 42
1777238178459 14.559170341491699 43
1777238179795 14.543939590454102 44
1777238181158 14.878072357177734 45
1777238182505 14.70268726348877 46
1777238186871 13.802676773071289 47
1777238188461 14.315280723571778 48
1777238189833 14.477859687805175 49
1777238191241 13.312094116210938 50
1777238192713 13.666129112243652 51
1777238194345 13.559275245666504 52
1777238198616 13.0723295211792 53
1777238200651 13.140472221374512 54
1777238209658 13.189377212524414 55
1777238231553 13.620167922973632 56
1777238234726 13.208990859985352 57
1777238236143 12.857013511657716 58
1777238237519 13.194659614562989 59
1777238238856 12.756692504882812 60
1777238240255 13.385073852539062 61
1777238241452 12.921061897277832 62
1777238242676 12.41446418762207 63
1777238243967 12.847388076782227 64
1777238245334 12.469702911376952 65
1777238246740 13.032171058654786 66
1777238248118 12.664879417419433 67
1777238260099 11.948986053466797 68
1777238262968 12.245923042297363 69
1777238264423 11.92653293609619 70
1777238265833 12.353641700744628 71
1777238267228 12.345246124267579 72
1777238268631 12.53206787109375 73
1777238270040 12.315807914733886 74
1777238271360 11.523357582092284 75
1777238272615 12.153231239318847 76
1777238273923 12.01096420288086 77
1777238275240 12.22322769165039 78
1777238276609 11.929206275939942 79
1777238277891 12.131664848327636 80
1777238279348 11.782196426391602 81
1777238280782 11.931496238708496 82
1777238282078 11.631057739257812 83
1777238283449 12.086701965332031 84
1777238284823 11.525018501281739 85
1777238286143 11.318345642089843 86
1777238287407 11.106391334533692 87
1777238288660 11.955929374694824 88
1777238290054 11.468854331970215 89
1777238291361 11.506523704528808 90
1777238292642 11.266218948364259 91
1777238294150 11.349500274658203 92
1777238298578 10.771984481811524 93
1777238300225 10.915349769592286 94
1777238301730 11.030620765686034 95
1777238303471 11.242452049255371 96
1777238305780 11.185735702514648 97
1777238307545 10.978048133850098 98
1777238310741 10.869384002685546 99
1777238312475 11.25589828491211 100
1777238347755 10.536229705810547 101
1777238349124 10.619725799560547 102
1777238350469 10.3572208404541 103
1777238351852 11.023233413696289 104
1777238353202 10.55223045349121 105
1777238354543 10.709799575805665 106
1777238355864 10.577565002441407 107
1777238357038 10.66318187713623 108
1777238358277 10.320366477966308 109
1777238359553 10.905513572692872 110
1777238360899 10.4553653717041 111
1777238362155 10.719346809387208 112
1777238363424 9.966696166992188 113
1777238364707 10.056607627868653 114
1777238366040 10.370639991760253 115
1777238367333 10.977568435668946 116
1777238368624 10.099419403076173 117
1777238369915 10.093711853027344 118
1777238371194 10.075515365600586 119
1777238372586 9.832321739196777 120
1777238373918 10.035850715637206 121
1777238375205 9.766094589233399 122
1777238376394 10.570466423034668 123
1777238377604 10.380940246582032 124
1777238378937 9.857274627685547 125
1777238380287 10.066925239562988 126
1777238381668 9.86730785369873 127
1777238382970 9.760523796081543 128
1777238384255 9.746649360656738 129
1777238385568 10.153000831604004 130
1777238386897 9.627018928527832 131
1777238388214 9.43950366973877 132
1777238389893 9.589503288269043 133
1777238391243 9.458112144470215 134
1777238394290 9.648405838012696 135
1777238395613 9.880435752868653 136
1777238396899 9.366739845275879 137
1777238398280 9.884443855285644 138
1777238399786 9.557561492919922 139
1777238401578 9.484664154052734 140
1777238403288 9.368958282470704 141
1777238405322 9.45259780883789 142
1777238407266 9.537535476684571 143
1777238409193 9.51063289642334 144
1777238429076 9.123309516906739 145
1777238430457 9.727175331115722 146
1777238431864 9.215362548828125 147
1777238433028 9.166744613647461 148
1777238434424 9.60906810760498 149
1777238435772 9.227024269104003 150
1777238437052 9.151596450805664 151
1777238438320 9.342574310302734 152
1777238439608 9.654448127746582 153
1777238440964 9.309796714782715 154
1777238442347 9.194133758544922 155
1777238443619 9.449234771728516 156
1777238444931 9.15542812347412 157
1777238446212 9.050193977355956 158
1777238447494 9.126273345947265 159
1777238448761 9.079903030395508 160
1777238450099 9.091170120239259 161
1777238451369 9.146582794189452 162
1777238452681 8.965986442565917 163
1777238453959 8.799917030334473 164
1777238455303 9.19160099029541 165
