1777237898729 195.98785645702847 1
1777237914572 191.75842348704333 2
1777237926080 186.39971250130856 3
1777237953000 178.1574938446554 4
1777237956697 165.79271213782386 5
1777237989422 149.662268506746 6
1777238020571 130.64428694316467 7
1777238034007 110.56151514995693 8
1777238036027 90.11804171279518 9
1777238041354 69.17903079527937 10
1777238046748 50.75130970716254 11
1777238052527 40.300508916335026 12
1777238063483 33.79932591703256 13
1777238070438 31.06895953861592 14
1777238137575 29.261340769750454 15
1777238138902 27.48605459891446 16
1777238140252 26.785105915121136 17
1777238141569 24.589758143404772 18
1777238142941 26.16244617928133 19
1777238144471 25.260177687464044 20
1777238145957 24.48881953186566 21
1777238147674 24.70600152249344 22
1777238150089 24.235591682327716 23
1777238151453 22.25737781079638 24
1777238152780 24.762689715398032 25
1777238154075 23.010088905434745 26
1777238155344 23.128248902185558 27
1777238156673 23.771955612807798 28
1777238157987 22.5824639734735 29
1777238161428 23.3746177569513 30
1777238162697 23.476709103406108 31
1777238164033 22.70134278727854 32
1777238165405 22.299790922353445 33
1777238166734 22.457695012489047 34
1777238168087 20.48079455459113 35
1777238169460 20.458284097456886 36
1777238170817 21.85207532366699 37
1777238172044 21.136600855141385 38
1777238173318 22.13085835521466 39
1777238174504 20.491086881932013 40
1777238175735 21.424064237515985 41
1777238177124 19.7116332402535 42
1777238178459 20.279777032506747 43
1777238179795 20.234505647658047 44
1777238181158 20.654429501694644 45
1777238182505 20.781534362368202 46
1777238186871 19.412687569370323 47
1777238188461 19.918835139543837 48
1777238189833 20.39116166685485 49
1777238191241 18.47237086153914 50
1777238192713 19.13187565487591 51
1777238194345 18.837243948026707 52
1777238198616 18.4508738874709 53
1777238200651 18.45438849768449 54
1777238209658 18.364148923061784 55
1777238231553 19.153151546477893 56
1777238234726 18.53677001113767 57
1777238236143 17.887727545661857 58
1777238237519 18.46211110843114 59
1777238238856 17.869193861482138 60
1777238240255 18.698901886497815 61
1777238241452 18.069930288267965 62
1777238242676 17.48046832954707 63
1777238243967 17.98770972732945 64
1777238245334 17.34116309917045 65
1777238246740 18.315644432272155 66
1777238248118 17.530785368777416 67
1777238260099 16.5657470363538 68
1777238262968 16.824147937878056 69
1777238264423 16.612512894807423 70
1777238265833 17.17210120406361 71
1777238267228 17.0395337037617 72
1777238268631 17.594250542643966 73
1777238270040 17.205660373531167 74
1777238271360 15.917443663616826 75
1777238272615 16.693882423637167 76
1777238273923 16.737619077503687 77
1777238275240 16.914161006645433 78
1777238276609 16.52840796279806 79
1777238277891 16.703499728085962 80
1777238279348 16.297659327425727 81
1777238280782 16.468215820966044 82
1777238282078 16.050624026444275 83
1777238283449 16.762943205941944 84
1777238284823 15.81739293813553 85
1777238286143 15.633732184143563 86
1777238287407 15.340080961535108 87
1777238288660 16.75163691619081 88
1777238290054 15.827838902067558 89
1777238291361 15.893228781031416 90
1777238292642 15.394961964241606 91
1777238294150 15.587068358065931 92
1777238298578 14.934356961407039 93
1777238300225 14.956860986589522 94
1777238301730 15.25316775052222 95
1777238303471 15.395646962109073 96
1777238305780 15.27325591113447 97
1777238307545 14.939679852609814 98
1777238310741 14.945484710488316 99
1777238312475 15.53503236742704 100
1777238347755 14.496873830370594 101
1777238349124 14.647030475975232 102
1777238350469 14.260774252945003 103
1777238351852 15.018779082237762 104
1777238353202 14.386550674025127 105
1777238354543 14.610259674441568 106
1777238355864 14.423021295730686 107
1777238357038 14.812594038563736 108
1777238358277 14.155693179351934 109
1777238359553 14.717458372779138 110
1777238360899 14.528037214464913 111
1777238362155 14.545840022493858 112
1777238363424 13.528898857351015 113
1777238364707 13.781623346512456 114
1777238366040 14.155821205122972 115
1777238367333 15.255842310199748 116
1777238368624 13.790129803612146 117
1777238369915 13.922893605147394 118
1777238371194 13.803590189094404 119
1777238372586 13.452352911312303 120
1777238373918 13.721061814353055 121
1777238375205 13.360385580827403 122
1777238376394 14.298460770918343 123
1777238377604 14.197176747735508 124
1777238378937 13.568245079262002 125
1777238380287 13.784919484298916 126
1777238381668 13.399863931481622 127
1777238382970 13.404244335284393 128
1777238384255 13.15868162737354 129
1777238385568 13.826032022404068 130
1777238386897 13.177174951847817 131
1777238388214 12.841225342283394 132
1777238389893 13.032047247567863 133
1777238391243 12.753044342085367 134
1777238394290 13.235422775919593 135
1777238395613 13.376695031838386 136
1777238396899 12.74412231756876 137
1777238398280 13.419409405348478 138
1777238399786 12.92949991516797 139
1777238401578 12.890061735436793 140
1777238403288 12.720371874583659 141
1777238405322 12.823703357979397 142
1777238407266 12.982515719521682 143
1777238409193 13.123735938210535 144
1777238429076 12.315943188963473 145
1777238430457 13.206373998403729 146
1777238431864 12.521084552691146 147
1777238433028 12.444316536210879 148
1777238434424 12.914529107364709 149
1777238435772 12.611762198874114 150
1777238437052 12.32775821137032 151
1777238438320 12.614765524846845 152
1777238439608 13.152475097117065 153
1777238440964 12.510175029008082 154
1777238442347 12.508780323121684 155
1777238443619 12.781866939091264 156
1777238444931 12.383908800202281 157
1777238446212 12.338350245955633 158
1777238447494 12.259080935823281 159
1777238448761 12.267393318885354 160
1777238450099 12.332807236684713 161
1777238451369 12.555397542100767 162
1777238452681 12.16473393454135 163
1777238453959 11.9163487939006 164
1777238455303 12.461577343414131 165
