1777151143101 156.96483750116258 1
1777151143893 153.69622715541294 2
1777151144610 150.62327503022692 3
1777151145294 147.06131315685454 4
1777151145973 142.72213745117188 5
1777151146651 137.68209620884485 6
1777151147330 131.80190691266742 7
1777151148010 124.55810016450428 8
1777151148686 117.1670399983724 9
1777151149368 109.65645563034784 10
1777151150044 101.69413481212797 11
1777151150721 93.31896391369048 12
1777151151368 84.42307826450893 13
1777151151998 75.4424080984933 14
1777151152638 66.59150499616351 15
1777151153292 57.1419910975865 16
1777151153955 48.66252960931687 17
1777151154623 40.34946746826172 18
1777151155277 33.936109561011904 19
1777151165507 28.262896728515624 20
1777151166382 23.904423759097146 21
1777151167082 20.336384891328358 22
1777151189781 18.74523170107887 23
1777151302475 18.614577556791758 24
1777151376335 16.256716682797386 25
1777151376975 16.975622940063477 26
1777151377621 14.738803672790528 27
1777151378247 15.27072399684361 28
1777151378887 14.29497675214495 29
1777151379527 13.527829433622815 30
1777151383498 13.855521955944242 31
1777151384357 12.484343347095308 32
1777151385225 13.077845764160156 33
1777151386047 11.76094935280936 34
1777151386784 12.826827993847076 35
1777151387514 13.174396496727352 36
1777151388247 12.804124668666296 37
1777151388968 12.352257919311523 38
1777151389675 11.539738537016369 39
1777151390349 12.00678897131057 40
1777151391642 10.763360872722807 41
1777151392341 12.739791552225748 42
1777151393026 11.23462918145316 43
1777151393752 12.487725889115106 44
1777151528632 12.002382214864095 45
1777151529617 11.33278106507801 46
1777151539066 10.735926591782343 47
1777151539948 11.56855754852295 48
1777151540722 11.172364153180803 49
1777151541706 9.181464531308128 50
1777151542707 11.434204056149436 51
1777151543448 10.487556866237096 52
1777151557493 10.931329645429338 53
1777151558131 11.305277706327892 54
1777151633418 11.432252965654646 55
1777151634477 9.461943036033993 56
1777151635144 10.340467344011579 57
1777151635867 10.59771073659261 58
1777151636539 9.018051011221749 59
1777151748446 12.047146106901623 60
1777151897737 9.73473680587042 61
1777151898410 10.032400639851888 62
1777151899896 9.745666581108457 63
1777151900595 10.385303706214541 64
1777151901293 9.826635524204798 65
1777151901987 10.631753721691313 66
1777151949335 9.08175564720517 67
1777151950161 9.232413110278902 68
1777152050519 9.862003380911691 69
1777152051241 9.242345019749232 70
1777152199403 10.386655943734306 71
1777152200190 9.70373982929048 72
1777152200897 7.464943699609666 73
1777152201570 8.627182987758092 74
1777152202238 8.16372890472412 75
1777152217108 8.712338038853236 76
1777152218425 8.581811968485514 77
1777152219167 9.62762980688186 78
1777152219950 10.585416825612386 79
1777152220682 8.135567801339286 80
1777152221381 9.37137229556129 81
1777152222067 7.444766771225702 82
1777152222751 8.685746619814918 83
1777152223452 7.914239311218262 84
1777152224141 8.276557409195673 85
1777152256522 8.320414624895369 86
1777152358311 9.502119954427084 87
1777152429471 7.95254285903204 88
1777152430114 7.489705807822091 89
1777152430795 8.06010495140439 90
1777152438344 7.7947206247420535 91
1777152469089 7.264621362232027 92
1777152493510 7.261022994631813 93
1777152584668 8.282704412369501 94
1777152585276 7.246744573683966 95
1777152585884 6.600573071979341 96
1777152586490 7.162342089698428 97
1777152587098 6.908444967724028 98
1777152587707 6.012731724693662 99
1777152588313 6.488030279250372 100
1777152588940 7.0625147501627605 101
1777152589563 7.375111843290783 102
1777152590186 6.601013882954915 103
1777152590807 5.856779720669701 104
1777152591433 6.549083192007882 105
1777152592049 7.162419700622559 106
1777152593819 7.63248230162121 107
1777152594693 6.2990676289513 108
1777152595373 5.9378814697265625 109
1777152596055 6.522128582000732 110
1777152596741 5.874431015196301 111
1777152597464 6.119644759950184 112
1777152598140 6.51606844493321 113
1777152598813 6.232451638721284 114
1777152599489 6.4497842016674225 115
1777152600165 5.457390544528053 116
1777152600834 6.389880221230643 117
1777152603838 6.018287463415237 118
1777152604668 6.8470248585655575 119
1777152605460 6.381605979374477 120
1777152606208 5.923599007016136 121
1777152607140 5.2906532423836845 122
