1777151143101 161.96484375 1
1777151143893 158.6960906982422 2
1777151144610 155.61581420898438 3
1777151145294 152.0108184814453 4
1777151145973 147.5883026123047 5
1777151146651 142.55035400390625 6
1777151147330 136.70726013183594 7
1777151148010 129.42869567871094 8
1777151148686 121.95840454101562 9
1777151149368 114.37740325927734 10
1777151150044 106.38878631591797 11
1777151150721 98.01427459716797 12
1777151151368 89.07816314697266 13
1777151151998 80.04908752441406 14
1777151152638 71.21051025390625 15
1777151153292 61.70295715332031 16
1777151153955 53.20576095581055 17
1777151154623 44.8371467590332 18
1777151155277 38.370208740234375 19
1777151165507 32.631778717041016 20
1777151166382 28.246540069580078 21
1777151167082 24.636804580688477 22
1777151189781 22.985076904296875 23
1777151302475 22.926488876342773 24
1777151376335 20.48192024230957 25
1777151376975 21.252687454223633 26
1777151377621 18.891244888305664 27
1777151378247 19.49527931213379 28
1777151378887 18.48943328857422 29
1777151379527 17.627199172973633 30
1777151383498 17.997562408447266 31
1777151384357 16.57604217529297 32
1777151385225 17.174270629882812 33
1777151386047 15.857423782348633 34
1777151386784 16.945070266723633 35
1777151387514 17.335887908935547 36
1777151388247 16.933103561401367 37
1777151388968 16.40877342224121 38
1777151389675 15.639585494995117 39
1777151390349 16.07493782043457 40
1777151391642 14.806673049926758 41
1777151392341 16.881298065185547 42
1777151393026 15.293984413146973 43
1777151393752 16.545259475708008 44
1777151528632 16.125680923461914 45
1777151529617 15.429523468017578 46
1777151539066 14.764297485351562 47
1777151539948 15.618568420410156 48
1777151540722 15.203401565551758 49
1777151541706 13.169189453125 50
1777151542707 15.439030647277832 51
1777151543448 14.52342700958252 52
1777151557493 14.978609085083008 53
1777151558131 15.393221855163574 54
1777151633418 15.498228073120117 55
1777151634477 13.378564834594727 56
1777151635144 14.362298965454102 57
1777151635867 14.668910026550293 58
1777151636539 12.977060317993164 59
1777151748446 16.093517303466797 60
1777151897737 13.701231956481934 61
1777151898410 14.074345588684082 62
1777151899896 13.722505569458008 63
1777151900595 14.448287963867188 64
1777151901293 13.834856033325195 65
1777151901987 14.665709495544434 66
1777151949335 13.0165433883667 67
1777151950161 13.191140174865723 68
1777152050519 13.908995628356934 69
1777152051241 13.231428146362305 70
1777152199403 14.395791053771973 71
1777152200190 13.689543724060059 72
1777152200897 11.351089477539062 73
1777152201570 12.546123504638672 74
1777152202238 12.072164535522461 75
1777152217108 12.634800910949707 76
1777152218425 12.500885963439941 77
1777152219167 13.646879196166992 78
1777152219950 14.623698234558105 79
1777152220682 12.053415298461914 80
1777152221381 13.413304328918457 81
1777152222067 11.392046928405762 82
1777152222751 12.652464866638184 83
1777152223452 11.818954467773438 84
1777152224141 12.1859130859375 85
1777152256522 12.239893913269043 86
1777152358311 13.48570728302002 87
1777152429471 11.86667251586914 88
1777152430114 11.334647178649902 89
1777152430795 11.999613761901855 90
1777152438344 11.690813064575195 91
1777152469089 11.098246574401855 92
1777152493510 11.153545379638672 93
1777152584668 12.200855255126953 94
1777152585276 11.1326904296875 95
1777152585884 10.383306503295898 96
1777152586490 11.011943817138672 97
1777152587098 10.715348243713379 98
1777152587707 9.740724563598633 99
1777152588313 10.261846542358398 100
1777152588940 10.933716773986816 101
1777152589563 11.258153915405273 102
1777152590186 10.406587600708008 103
1777152590807 9.600738525390625 104
1777152591433 10.311158180236816 105
1777152592049 10.978039741516113 106
1777152593819 11.518009185791016 107
1777152594693 10.097042083740234 108
1777152595373 9.713878631591797 109
1777152596055 10.263236999511719 110
1777152596741 9.613645553588867 111
1777152597464 9.905384063720703 112
1777152598140 10.259822845458984 113
1777152598813 10.038681983947754 114
1777152599489 10.226945877075195 115
1777152600165 9.153602600097656 116
1777152600834 10.207435607910156 117
1777152603838 9.803906440734863 118
1777152604668 10.641018867492676 119
1777152605460 10.139376640319824 120
1777152606208 9.651147842407227 121
1777152607140 8.947357177734375 122
