1777199682823 45857.87109375 1
1777199683994 44980.28515625 2
1777199684382 44165.32421875 3
1777199684767 43274.68359375 4
1777199685154 42280.2578125 5
1777199685543 41188.07421875 6
1777199685937 39980.66796875 7
1777199690429 38621.57421875 8
1777199690831 37291.06640625 9
1777199691225 35949.171875 10
1777199691616 34535.546875 11
1777199692005 33122.09375 12
1777199692398 31690.05859375 13
1777199692790 30147.974609375 14
1777199693186 28665.9296875 15
1777199693577 27162.0546875 16
1777199693968 25569.5546875 17
1777199694360 24113.7421875 18
1777199695006 22525.357421875 19
1777199695402 21164.75 20
1777199695796 19505.373046875 21
1777199696194 17979.28515625 22
1777199696590 16445.482421875 23
1777199697273 14328.580078125 24
1777199699609 12308.451171875 25
1777199700037 9839.19921875 26
1777199700470 7727.52099609375 27
1777199700980 6094.8505859375 28
1777199701454 5218.59375 29
1777199701895 4097.6904296875 30
1777199702465 3253.56884765625 31
1777199702988 2483.856201171875 32
1777199703438 2090.03125 33
1777199703906 1916.491943359375 34
1777199704639 1449.694580078125 35
1777199705212 1398.3406982421875 36
1777199705668 1200.4478759765625 37
1777199706166 1081.986083984375 38
1777199706879 985.5884399414062 39
1777199707558 888.989990234375 40
1777199708160 896.1483154296875 41
1777199708926 992.3036499023438 42
1777199709653 929.78662109375 43
1777199710627 839.0933227539062 44
1777199712310 854.6913452148438 45
1777199713311 798.0150756835938 46
1777199715179 758.9913940429688 47
1777199717677 589.2702026367188 48
1777199731856 632.468017578125 49
1777199742439 608.6171875 50
1777199743216 813.5556030273438 51
1777199744084 510.76776123046875 52
1777199744693 677.0870361328125 53
1777199745206 491.7008361816406 54
1777199745658 560.1100463867188 55
1777199746167 499.9507751464844 56
1777199746628 574.2837524414062 57
1777199747039 396.365234375 58
1777199747654 599.893310546875 59
1777199748073 468.3903503417969 60
1777199748479 424.739501953125 61
1777199748897 495.3104248046875 62
1777199749302 555.04150390625 63
1777199749704 504.47955322265625 64
1777199750107 421.24688720703125 65
1777199750505 477.197265625 66
1777199750905 555.0005493164062 67
1777199751301 517.2442626953125 68
1777199751699 451.1677551269531 69
1777199752097 413.8863220214844 70
1777199752495 580.8141479492188 71
1777199752893 444.8002624511719 72
1777199753446 475.140625 73
1777199753849 366.6168212890625 74
1777199754257 426.0462951660156 75
1777199754660 478.9048156738281 76
1777199755063 495.85076904296875 77
1777199755461 345.5556945800781 78
1777199755860 487.9573059082031 79
1777199756258 387.8364562988281 80
1777199756662 327.5783386230469 81
1777199757062 397.1741943359375 82
1777199757463 362.8805847167969 83
1777199757868 386.4288330078125 84
1777199758271 491.4028625488281 85
1777199758677 470.54302978515625 86
1777199759075 293.649658203125 87
1777199759474 337.1832275390625 88
1777199759873 360.1839599609375 89
1777199760274 347.069580078125 90
1777199760673 316.0595397949219 91
1777199761069 341.31793212890625 92
1777199761468 317.52520751953125 93
1777199761863 467.7023620605469 94
1777199762261 279.720703125 95
1777199762663 292.23614501953125 96
1777199763065 298.26251220703125 97
1777199763849 350.9971008300781 98
1777199764624 264.5843200683594 99
1777199765020 281.5507507324219 100
1777199765424 375.8951416015625 101
1777199765821 341.146484375 102
1777199766215 222.92787170410156 103
1777199766610 359.6304626464844 104
1777199767003 414.4567565917969 105
1777199767401 305.32421875 106
1777199767795 368.409423828125 107
1777199768191 369.1564025878906 108
1777199768588 306.42340087890625 109
1777199768987 294.843017578125 110
1777199769385 225.77943420410156 111
1777199769784 306.6611633300781 112
1777199770181 225.70616149902344 113
1777199771708 290.8629455566406 114
1777199772105 508.185546875 115
1777199772501 279.3133850097656 116
1777199772899 263.25567626953125 117
1777199773303 234.07791137695312 118
1777199773708 185.8218536376953 119
1777199774108 242.86521911621094 120
1777199774510 250.74708557128906 121
1777199774909 280.9416198730469 122
1777199775309 269.93359375 123
