1777394830397 156.0970275152297 1
1777394831524 153.2505885532924 2
1777394832064 151.00910833449592 3
1777394832606 148.81173589797248 4
1777394834111 146.4824993315197 5
1777394835868 143.9126210530599 6
1777394837054 141.09930550711496 7
1777394837846 137.95047578357514 8
1777394839282 134.40398951939173 9
1777394840064 130.61795785086497 10
1777394840582 126.39425143287295 11
1777394841751 121.66910967145647 12
1777394842379 116.70527939569382 13
1777394844186 111.59246382940383 14
1777394845362 106.8471938360305 15
1777394845951 101.1309567406064 16
1777394847772 95.0696764264788 17
1777394848562 89.38798275902158 18
1777394849669 83.64702933175224 19
1777394851015 77.95523129417782 20
1777394852059 72.17880212692987 21
1777394852690 66.00314596266973 22
1777394853730 60.62663174583798 23
1777394854340 54.7761962890625 24
1777394855071 49.07148190452939 25
1777394855849 43.92916575840541 26
1777394857839 39.19275374639602 27
1777394858436 36.11457955496652 28
1777394859044 30.435991632370722 29
1777394859703 28.640143494378954 30
1777394860799 26.962932623000373 31
1777394863972 24.583130409604028 32
1777394864746 23.680721918741863 33
1777394865292 20.70960460844494 34
1777394866200 19.007822763352166 35
1777394867398 19.42769088745117 36
1777394869332 18.073477826799664 37
1777394890465 17.27572072347005 38
1777394892172 15.235409891037714 39
1777394894514 18.521316382998513 40
1777394897325 17.14501215616862 41
1777394898218 18.942485736665272 42
1777394899356 17.908154496692475 43
1777394900210 14.565764799572172 44
1777394900562 15.968910398937407 45
1777394902147 14.294940367199125 46
1777394902492 12.343770172482445 47
1777394902799 13.81103519258045 48
1777394905183 13.698608834402902 49
1777394905508 14.215966469900948 50
1777394906390 13.929802821931386 51
1777394906715 13.702036557878767 52
1777394907642 12.37482906523205 53
1777394910026 14.962648864019485 54
1777394911258 14.548627244858515 55
1777394912885 12.10760122026716 56
1777394914037 13.897255470639184 57
1777394914768 11.309429386683872 58
1777394915101 11.958054969424293 59
1777394917536 15.73512807573591 60
1777394919383 12.453234209333147 61
1777394921560 10.474596586681548 62
1777394922233 12.368249148414248 63
1777394923216 10.87912262961978 64
1777394923881 11.20792007446289 65
1777394925086 11.708901995704288 66
1777394925776 12.614847274053664 67
1777394927461 13.500750423613049 68
1777394928763 10.980881972539992 69
1777394929355 10.91905842735654 70
1777394930779 11.040817424229212 71
1777394932866 11.130121412731352 72
1777394933994 10.765054711841401 73
1777394934315 13.270927174886067 74
1777394934906 10.463953417823427 75
1777394935678 11.217660467965262 76
1777394936586 10.147871853056408 77
1777394937988 11.361712065197173 78
1777394940400 13.123010281154087 79
1777394941047 11.183579308646065 80
1777394941982 10.671956979660761 81
1777394942305 9.91819255465553 82
1777394943605 11.693433561779203 83
1777394944467 10.205100849696569 84
1777394944810 11.729368909200032 85
1777394945615 10.95092154003325 86
1777394946885 9.682035555158343 87
1777394948276 10.856498368581136 88
1777394950030 11.57435524350121 89
1777394950650 12.283028103056408 90
1777394951244 12.889486058553059 91
1777394953102 9.300452077956427 92
1777394954654 11.350491115025111 93
1777394957659 11.410941968645368 94
1777394959290 8.611256499517532 95
1777394960511 9.61130242120652 96
1777394962102 9.714607892717634 97
1777394964554 10.949481455485026 98
1777394966100 9.604037997836159 99
1777394967140 11.334325863066173 100
1777394969055 11.470788792201452 101
1777394970500 9.810372066497802 102
1777394970840 9.100069064185734 103
1777394971175 8.608371434892927 104
1777394971502 10.371067991710845 105
1777394972549 9.511117226736886 106
1777394975481 10.447018032982236 107
1777394976986 10.557677023751395 108
1777394977664 9.29302441733224 109
1777394978015 7.63473329998198 110
1777394978374 9.760485131399973 111
1777394979380 8.914329601469493 112
1777394980417 9.767559505644298 113
1777394980763 10.93152191525414 114
1777394981122 8.455727731613885 115
1777394982072 7.207524517604283 116
1777394982868 9.500646627516973 117
1777394983207 7.939946283612932 118
1777394983549 8.80943618047805 119
1777394984171 8.113437716166178 120
1777394985624 9.308307456970216 121
1777394986503 8.39579416002546 122
1777394987452 8.568274407159715 123
1777394988393 11.135665166945685 124
1777394988740 9.287537465776715 125
1777394989733 9.731678417750768 126
1777394991197 9.520528920491536 127
1777394991991 9.376972779773531 128
1777394994505 7.3340805235363185 129
1777394994849 9.505246044340588 130
1777394995213 7.839105551583426 131
1777394996225 8.102015322730654 132
1777394997576 8.716906120663598 133
1777394998383 8.134098825000581 134
1777395001755 6.727374558221726 135
1777395002770 6.675484952472505 136
1777395003687 6.9164827528454005 137
1777395004562 6.87607577641805 138
1777395005261 7.7724621273222425 139
1777395006672 7.217097890944708 140
1777395007487 8.912336576552619 141
1777395007830 8.510153774988083 142
1777395008151 8.518198185875303 143
1777395008513 7.9677997566404795 144
1777395008839 7.378228042239234 145
1777395009596 9.00007685706729 146
1777395010613 8.284604444957914 147
1777395012767 9.046807884034656 148
1777395015310 7.939177481333415 149
1777395016522 7.36418639591762 150
1777395016878 8.15250183287121 151
1777395018032 6.46915537516276 152
1777395019015 7.436232575916109 153
1777395020494 7.445038386753628 154
1777395021308 7.3265654064360115 155
1777395023127 6.4753246579851425 156
1777395025697 7.385777101062593 157
1777395027355 9.715507289341518 158
1777395029677 9.988640539986747 159
1777395030027 7.744574683053153 160
1777395031189 6.825191375187465 161
1777395033463 6.33498907543364 162
1777395035699 7.017279779343378 163
1777395036572 7.05746658870152 164
1777395037820 7.000303586324056 165
1777395038706 6.7074953624180385 166
1777395039833 7.204595611208961 167
1777395040172 7.227174232119606 168
1777395040522 6.282341493879046 169
1777395041498 6.651209059215727 170
1777395042841 6.29533258165632 171
1777395045470 7.29771595909482 172
1777395047264 6.714422198704311 173
1777395050292 7.424898211161295 174
1777395052745 6.770905385698591 175
1777395054686 6.904748639606294 176
1777395055032 6.7952163060506185 177
1777395056522 6.618642016819545 178
1777395057262 5.906246830168224 179
1777395058246 7.0058778944469635 180
1777395059916 5.784079360961914 181
1777395062425 6.342450859433129 182
1777395065683 6.006124378385998 183
1777395068105 5.587603682563419 184
1777395069822 8.989688201177687 185
1777395073241 7.864810471307663 186
1777395074612 7.5409405844552175 187
1777395075481 6.624603235153925 188
1777395081850 6.940867782774426 189
1777395084223 6.411738404773531 190
1777395087765 5.840308843340193 191
1777395093041 6.881077185131255 192
1777395166233 6.584120759509859 193
1777395168472 6.518638538178943 194
1777395170885 6.105792935689291 195
1777395172008 6.057971091497512 196
1777395173916 5.62025628998166 197
1777395175558 6.1866842542375835 198
1777395179289 6.272719946361724 199
1777395181674 6.961771751585461 200
1777395184208 7.154459471929641 201
1777395187115 7.0606511706397646 202
1777395191936 5.747344334920247 203
1777395192996 5.795770363580613 204
1777395195040 6.356881868271601 205
1777395197533 6.202200935000465 206
1777395198311 5.6573704129173645 207
1777395199121 5.153350328263782 208
1777395203447 6.737517543066115 209
1777395207333 6.02980538322812 210
1777395211329 6.9791650953746975 211
