1777428974273 205.37604610202231 1
1777428974580 203.92614127117199 2
1777428974867 202.5731638661696 3
1777428975149 201.39870282601126 4
1777428975432 200.14877279164116 5
1777428975715 198.82292294275325 6
1777428976001 197.36360994684406 7
1777428976299 195.76734038776743 8
1777428976665 194.00141953411062 9
1777428977019 192.02285630557108 10
1777428977364 189.64187054155525 11
1777428977714 187.06413923438132 12
1777428978066 183.9130123013323 13
1777428978417 180.61469477523138 14
1777428978768 177.368486710929 15
1777428979124 173.35949822550825 16
1777428979483 169.47767298563252 17
1777428979849 164.9067504019317 18
1777428980220 160.3749086613146 19
1777428980612 155.66619058300682 20
1777428980957 151.20216831489222 21
1777428981266 146.776489570452 22
1777428981573 141.47658816920912 23
1777428981912 137.018695975677 24
1777428982217 132.4201336537424 25
1777428982524 127.55159035905824 26
1777428982834 121.78607332634549 27
1777428983147 116.38208222273737 28
1777428983449 110.66803982660261 29
1777428983755 106.02460928217326 30
1777428984056 98.9067733003534 31
1777428984370 93.44810767546339 32
1777428984710 86.98457287340526 33
1777428985024 82.49393917131124 34
1777428985336 77.21303664112524 35
1777428985639 70.08039468175105 36
1777428985940 64.55436556330834 37
1777428986246 60.18331777395834 38
1777428986560 54.92078146137512 39
1777428986864 51.98531192798597 40
1777428987182 47.84653353676079 41
1777428987482 46.406352588270444 42
1777428987792 42.13969513712694 43
1777428988099 40.21771347974749 44
1777428988410 37.89487572806266 45
1777428988724 36.959906222402 46
1777428989027 35.36542977325279 47
1777428989327 34.24041836777115 48
1777428989629 34.19256096851971 49
1777428989943 34.299197316022386 50
1777428990253 32.92950307629258 51
1777428990590 30.241657714618174 52
1777428990915 31.65925570318556 53
1777428991237 31.623236927448325 54
1777428991566 27.8979135259532 55
1777428991872 29.660445114571885 56
1777428992183 29.021838154116807 57
1777428992497 30.123803585876548 58
1777428992804 29.277738541784505 59
1777428993137 28.944907638868987 60
1777428993471 29.391401671024468 61
1777428993786 26.146528071156624 62
1777428994205 28.40585357087239 63
1777428994519 30.744965924318407 64
1777428994828 27.561906527057413 65
1777428995124 29.87742087798598 66
1777428995425 27.30306236222356 67
1777428995719 25.1608084961451 68
1777428996014 26.067310941235025 69
1777428996313 27.187281114420603 70
1777428996600 26.547692334018766 71
1777428996895 26.48641562013146 72
1777428997197 27.676423830313702 73
1777428997492 25.306105722066487 74
1777428997780 23.723252825221397 75
1777428998075 27.00017406266231 76
1777428998367 27.561906527057413 77
1777428998656 25.169110648955694 78
1777428998945 25.73758257370496 79
1777428999236 24.36599768656557 80
1777428999531 23.95454935018216 81
1777428999819 23.413294792635977 82
1777429000109 25.262707826721215 83
1777429000400 28.906139146746902 84
1777429000692 24.034240457219962 85
1777429000986 23.779932053246732 86
1777429001287 25.24909835565297 87
1777429001629 25.511043775043536 88
1777429001921 24.454758581616712 89
1777429002213 22.07370203507339 90
1777429002503 24.08042275903615 91
1777429002794 23.53780619158251 92
1777429003085 24.5654717508895 93
1777429003388 22.28218956206251 94
1777429003680 24.688136611649504 95
1777429003965 24.064156294457167 96
1777429004258 25.2190573672409 97
1777429004549 21.383772271344792 98
1777429004844 25.25665497656942 99
1777429005129 21.45450693723633 100
1777429005404 27.423412973252663 101
1777429005680 25.993504813327284 102
1777429005954 22.822537656835102 103
1777429006234 23.277983202011402 104
1777429006520 24.145071900292873 105
1777429006805 27.71430281580986 106
1777429007090 23.793283954261653 107
1777429007377 21.79169055166692 108
1777429007686 22.089962905845738 109
1777429007969 22.218054995283396 110
1777429008256 21.77782405580201 111
1777429008537 22.97657312563508 112
1777429008827 22.441968892533417 113
1777429009118 21.440155487635447 114
1777429009416 25.6942993966439 115
1777429009700 21.11388145250026 116
1777429009984 24.34135297890711 117
1777429010287 21.421795222316803 118
1777429010566 20.326191299266448 119
1777429010853 24.02100597450789 120
1777429011143 21.799956379418084 121
1777429011444 22.37488202111878 122
1777429011763 21.139366907548418 123
1777429012052 22.664361425122785 124
1777429012342 19.427604683297133 125
1777429012632 22.96534307215712 126
1777429012937 19.451988389234707 127
1777429013224 19.358450435700796 128
1777429013519 21.410427426557618 129
1777429013803 20.418088694764396 130
1777429014079 22.788742445044274 131
1777429014353 21.02777805549535 132
1777429014627 21.734307602339786 133
1777429014904 22.622428958716778 134
1777429015176 22.484437434763905 135
1777429015447 22.604193968397492 136
1777429015719 23.987765690702233 137
1777429015991 20.67923444677504 138
1777429016261 21.89012451471054 139
1777429016534 21.850330676756215 140
1777429016803 23.86195728290313 141
1777429017074 22.642970246027794 142
1777429017345 18.215596418477748 143
1777429017617 21.19437875177822 144
1777429017889 22.479680359220733 145
1777429018160 22.105006607976208 146
1777429018429 20.005770041688912 147
1777429018701 20.116476777493943 148
1777429018977 22.805482385941076 149
1777429019247 22.04407109761354 150
1777429019521 21.455425808658735 151
1777429019793 17.961564460023034 152
1777429020066 20.67005908974228 153
1777429020341 20.238059208514628 154
1777429020613 21.105980973679667 155
1777429020884 19.772083153193467 156
1777429021156 19.224068750811767 157
1777429021430 20.034217555144874 158
1777429021728 17.301436983085754 159
1777429022002 18.19430530032208 160
1777429022278 20.861562092739334 161
1777429022555 18.080878915944513 162
1777429022831 23.197955547883147 163
1777429023108 20.45745379492483 164
1777429023393 19.859684639354406 165
1777429023683 17.679369024694523 166
1777429023962 18.43816371951546 167
1777429024239 20.040367586644027 168
1777429024517 17.696296364756577 169
1777429024793 18.43690412172689 170
