1777430150599 189.34635738030084 1
1777430150919 187.3367353474051 2
1777430151240 185.57695630936502 3
1777430151553 184.07038641059953 4
1777430151871 182.4932576581022 5
1777430152177 180.82187767723204 6
1777430152514 178.98296428328743 7
1777430152836 177.0596601001249 8
1777430153144 175.0016035616433 9
1777430153458 172.751254096846 10
1777430153778 170.29437926959375 11
1777430154094 167.61080401292355 12
1777430154423 164.75577380750997 13
1777430154749 161.60193934639412 14
1777430155074 158.23898716835296 15
1777430155749 154.7567933687937 16
1777430156069 150.8793654651832 17
1777430156399 146.7968603684072 18
1777430156729 142.36544357183325 19
1777430157086 137.7681376019857 20
1777430157421 133.22680151553556 21
1777430157752 128.4254482625445 22
1777430158075 123.42814455239548 23
1777430158415 118.42149211460188 24
1777430158750 113.3676870394229 25
1777430159081 108.31458143591531 26
1777430159407 103.0918793289086 27
1777430159727 97.63455227075153 28
1777430160057 92.45438747439606 29
1777430160502 87.55631497126079 30
1777430160814 82.48313060677619 31
1777430161124 77.15280418373597 32
1777430161429 72.18740605047991 33
1777430161759 66.62917550983529 34
1777430162132 61.75225675967044 35
1777430162482 56.84265301805766 36
1777430162831 52.39963438534695 37
1777430163191 48.73630080388283 38
1777430163555 44.20879219758532 39
1777430163922 39.644409912163134 40
1777430164280 35.52979378243859 41
1777430164655 34.84869945658282 42
1777430165010 32.15921059259581 43
1777430165377 29.20196506323285 44
1777430165755 25.83985880495028 45
1777430166123 25.55843756021084 46
1777430166501 24.903278477389325 47
1777430166859 23.739946015918527 48
1777430167244 22.059951227829867 49
1777430167609 21.378593447064205 50
1777430167965 21.830569767349967 51
1777430168315 19.884995860907868 52
1777430168624 21.220333018725714 53
1777430168939 18.915439418674005 54
1777430169253 18.385791576965655 55
1777430169561 18.6713948230217 56
1777430169868 17.20385777243291 57
1777430170177 17.636271939862844 58
1777430170481 17.713620687049065 59
1777430170829 17.237882559256068 60
1777430171137 16.77036545126843 61
1777430171447 15.67458573776487 62
1777430171764 15.596653729414703 63
1777430172077 16.01171551881926 64
1777430172432 17.586792919541974 65
1777430172807 17.86189271251524 66
1777430173165 16.698369346502172 67
1777430173527 15.708681209046771 68
1777430173885 15.883647450543961 69
1777430174230 14.474576195197741 70
1777430174576 15.121271202302442 71
1777430174926 15.400015013958521 72
1777430175277 14.345411604737368 73
1777430175617 15.928378559880864 74
1777430175978 15.741275787353516 75
1777430176331 13.523856357343744 76
1777430176696 11.314840691970225 77
1777430177082 14.165590929131051 78
1777430177444 13.719070670888904 79
1777430177813 13.077167602825782 80
1777430178149 11.253786654872748 81
1777430178465 14.245517950791578 82
1777430178798 14.026760318877063 83
1777430179103 13.065430799653372 84
