1777414598832 156.76007254464287 1
1777414599171 155.02171601795015 2
1777414602654 153.30047229585193 3
1777414609066 151.75300728934153 4
1777414609492 150.16835501534598 5
1777414610152 148.48257446289062 6
1777414614550 146.65828988211496 7
1777414615428 144.7042047409784 8
1777414616307 142.59989565894716 9
1777414622856 140.33143034435454 10
1777414623182 137.81619974772136 11
1777414624160 135.09438999720982 12
1777414624796 132.13183419363838 13
1777414625214 128.93297366187687 14
1777414625631 125.37471211751303 15
1777414629305 121.47167678106399 16
1777414629746 117.63082798549107 17
1777414640194 113.56583658854167 18
1777414643407 109.79620303199405 19
1777414643741 105.26943969726562 20
1777414644527 100.44625600179036 21
1777414648624 95.68693586077009 22
1777414649080 91.13124622163319 23
1777414654073 86.50627176193964 24
1777414654397 81.77430223737444 25
1777414654713 77.77944008963449 26
1777414660853 72.75529465448288 27
1777414663996 67.72166035970052 28
1777414664393 64.37534659249442 29
1777414674215 58.370071120489214 30
1777414674557 54.3870975676037 31
1777414674890 50.20938488188244 32
1777414675205 46.421032660348075 33
1777414679890 41.563262122017996 34
1777414680251 38.177537999834335 35
1777414683817 35.172300938197544 36
1777414690061 31.698177446637835 37
1777414690589 29.853828121366956 38
1777414691646 28.0318357195173 39
1777414701660 25.161302257719495 40
1777414701990 25.016736148652576 41
1777414702323 22.109283083961124 42
1777414702661 20.449568866548084 43
1777414702995 19.846578979492186 44
1777414703320 20.47420338221959 45
1777414703774 18.767871675037203 46
1777414708625 17.331021844773066 47
1777414712130 17.964813886369978 48
1777414712452 16.423386146908715 49
1777414719251 15.768260883149647 50
1777414719573 15.092956288655598 51
1777414728268 13.8465058917091 52
1777414730642 14.192159489222936 53
1777414733712 14.870047215053013 54
1777414740822 14.40412830171131 55
1777414745983 13.42529798235212 56
1777414750919 15.380115618024554 57
1777414751252 14.000609951927549 58
1777414751574 12.896376310076032 59
1777414751897 14.517722538539342 60
1777414757298 13.729975309826079 61
1777414762365 12.861073230561756 62
1777414762697 13.416086051577613 63
1777414763060 13.09475569952102 64
1777414763458 15.03536137172154 65
1777414766345 12.349644606454032 66
1777414769656 13.524276242937361 67
1777414769978 13.598661677042644 68
1777414770309 12.47960789090111 69
1777414770635 10.523169117882139 70
1777414770955 11.850183196294875 71
1777414771290 10.905033347720192 72
1777414771611 12.969230152311779 73
1777414771958 11.830382601420085 74
1777414774724 12.257691801161993 75
1777414775040 10.329742576962426 76
1777414779534 10.877155540103004 77
1777414781800 12.33755122593471 78
1777414788648 13.64781652178083 79
1777414798153 11.931444622221447 80
1777414798498 11.120012592134021 81
1777414803717 12.317400360107422 82
1777414808730 11.658127811976842 83
1777414809744 12.488315010070801 84
1777414815777 12.087702524094354 85
1777414821917 11.380005618504116 86
1777414828528 10.978652354649135 87
1777414828909 10.336531412033807 88
1777414832411 10.20497591836112 89
1777414839377 10.618921316237676 90
1777414839894 10.75385183606829 91
1777414843828 11.032838149297804 92
1777414844151 12.390791302635556 93
1777414847424 10.989136214483352 94
1777414847806 10.225998251778739 95
1777414848649 11.383474095662434 96
1777414856316 8.801774233863467 97
1777414856686 12.459082694280715 98
1777414857086 10.622398975917271 99
1777414857610 12.632023820422944 100
1777414857972 11.476066643851144 101
1777414865251 10.808376035236178 102
1777414871601 12.358032862345377 103
1777414878539 9.903203092302595 104
1777414888250 10.381687109810965 105
1777414891451 9.282880401611328 106
1777414895627 13.004821722848074 107
1777414895975 9.428696241832915 108
1777414896322 11.450575619652158 109
1777414896722 13.923666054861886 110
1777414897096 10.237918136233375 111
1777414897460 10.519194484892346 112
1777414901077 11.007816405523391 113
1777414901430 10.60673817225865 114
1777414907669 10.822599447341192 115
1777414915423 10.659894525437128 116
1777414915779 11.840774408976237 117
1777414925657 10.64185565766834 118
1777414926607 10.237372325715565 119
1777414931103 9.431064987182618 120
1777414931579 10.495579183669317 121
1777414935823 9.271977379208518 122
1777414939776 8.847756213233584 123
1777414948113 9.654075695219493 124
1777414952070 10.39061236608596 125
1777414957076 10.465345069340296 126
1777414960978 9.732437406267438 127
1777414963177 10.879404903593517 128
1777414964123 9.91854899270194 129
1777414974798 10.860952831449962 130
1777414983205 8.622393090384348 131
1777414993809 10.658786573864164 132
1777415004557 10.512463978358678 133
1777415007445 9.417629768734887 134
1777415022483 9.42369542803083 135
1777415027334 8.137729422251384 136
1777415030629 9.402209944952101 137
1777415034814 9.589135932922364 138
1777415040020 9.524968846638997 139
1777415043323 10.758934702192034 140
1777415043656 8.301794706072126 141
1777415047179 8.26204506556193 142
1777415047510 9.941414006551106 143
1777415047881 10.281252661205473 144
1777415049383 9.192747679210845 145
1777415050111 9.483636656261625 146
1777415053427 9.692950630187989 147
1777415059870 9.741442162649973 148
1777415060686 8.07252827598935 149
1777415067296 9.116505559285482 150
1777415067696 8.534485135759626 151
1777415069053 9.540263730003721 152
1777415075613 9.781281021663121 153
1777415080215 10.839622215997606 154
1777415080535 8.640647343226842 155
1777415080857 8.294187872750419 156
1777415081183 9.572650409880138 157
1777415083925 8.671901521228609 158
1777415084256 8.440860984438942 159
1777415087610 8.767989204043435 160
1777415096922 8.886169197445824 161
1777415103333 7.423581759134929 162
1777415109843 7.76827378045945 163
1777415110239 8.060200645810081 164
1777415110696 7.58413465590704 165
1777415115077 9.191865557716007 166
1777415118703 8.211997495378768 167
1777415122070 8.448695264543806 168
1777415127247 8.38527957371303 169
1777415130542 8.833186721801757 170
1777415134132 7.843866321018764 171
1777415134464 8.057539058866954 172
1777415137905 6.962150619143531 173
1777415138238 7.358504168192545 174
1777415138565 7.431983566284179 175
1777415138881 7.113143117087228 176
1777415139222 7.18868431363787 177
1777415145701 7.503583699180966 178
1777415146030 7.994687489100865 179
1777415146359 8.891921443030947 180
1777415149597 7.679066648937407 181
1777415149934 9.313159760974703 182
1777415150257 7.103285090128581 183
1777415150599 6.599556123642694 184
1777415150911 8.023549052647182 185
1777415152534 6.948453335534959 186
1777415153224 7.715775871276856 187
1777415153608 8.74732798621768 188
1777415155458 9.342787624540783 189
1777415156361 6.261430885678246 190
1777415160239 6.737698019118536 191
1777415160576 9.352971567426408 192
1777415167308 7.634575244358608 193
1777415170658 7.442613138471331 194
1777415174363 7.679055531819661 195
1777415180903 10.155525407337008 196
1777415181297 7.678887555712746 197
1777415184778 8.67085967290969 198
1777415191352 7.7503059932163785 199
1777415192656 7.484300395420619 200
1777415193417 7.092301268804641 201
1777415196792 6.941614859444755 202
1777415197138 7.5003362564813525 203
1777415197468 6.583001109531947 204
1777415197962 6.335900088718959 205
1777415205435 8.567841575259255 206
1777415215506 7.094099035717192 207
1777415219097 6.596044740222749 208
1777415222619 7.598348440442766 209
1777415226092 7.00326421828497 210
1777415229817 7.148854110354469 211
1777415233152 7.415542066664923 212
1777415233481 7.322770541054862 213
1777415233806 7.0286939893450056 214
1777415238047 5.667585445585705 215
1777415243190 6.455218251546224 216
