1777432081373 -2.1067848056616714 1
1777432081711 -2.0602641072901733 2
1777432082564 -2.0177905294336105 3
1777432083299 -1.9791960637709454 4
1777432083903 -1.9407508062086682 5
1777432085131 -1.9004687969306104 6
1777432086665 -1.8552380663911938 7
1777432088985 -1.807086608886327 8
1777432089592 -1.7524193535752537 9
1777432089943 -1.6905552832093051 10
1777432090764 -1.6180694888980969 11
1777432091468 -1.5401527204590715 12
1777432092165 -1.4502712528661013 13
1777432092455 -1.3566652526712355 14
1777432094167 -1.2658117141348648 15
1777432095169 -1.1552907178088372 16
1777432095667 -1.0430416163058207 17
1777432096542 -0.9327150547541505 18
1777432097168 -0.8267346299616729 19
1777432098616 -0.7258160695196401 20
1777432099440 -0.6175596448190694 21
1777432100157 -0.5128791209971757 22
1777432100682 -0.40797165165459104 23
1777432101100 -0.30466856514094154 24
1777432101510 -0.20124943888424562 25
1777432102269 -0.10624468026454892 26
1777432103146 -0.004050328489093369 27
1777432104204 0.09508621915476889 28
1777432104971 0.20368114288630235 29
1777432105279 0.27870983933420956 30
1777432105567 0.3831521810085379 31
1777432106617 0.45704779665500783 32
1777432107335 0.5274047906841624 33
1777432108572 0.5970103767527197 34
1777432109425 0.6637411931783848 35
1777432109736 0.7085792718018027 36
1777432110036 0.7622947297382285 37
1777432111165 0.7975134544674323 38
1777432111453 0.8319132202639238 39
1777432111750 0.8496966170119479 40
1777432112036 0.8800731313662433 41
1777432112541 0.8954693184129212 42
1777432113151 0.9036042860626866 43
1777432113439 0.9179504189688855 44
1777432114455 0.918309721400127 45
1777432115058 0.9235055018248897 46
1777432116455 0.9313278898981409 47
1777432117137 0.9355676663635006 48
1777432118009 0.9416920015804122 49
1777432118941 0.9324344735841233 50
1777432119725 0.9445356142203676 51
1777432120023 0.9409354698839116 52
1777432121099 0.946718262952121 53
1777432121810 0.9418101650704136 54
1777432122448 0.9462767048927873 55
1777432123738 0.9522254220313817 56
1777432124051 0.9560333339848753 57
1777432125034 0.9514038962189026 58
1777432125661 0.9556229744067821 59
1777432126445 0.9619956290606052 60
1777432126772 0.9514075844566341 61
1777432127812 0.9555980253649313 62
1777432128822 0.9488143709856494 63
1777432129983 0.9577255030513803 64
1777432131085 0.9519831873431543 65
1777432131608 0.9539889079071191 66
1777432131902 0.9661798764825503 67
1777432132200 0.9592372328969841 68
1777432132506 0.9616270151113487 69
1777432133131 0.9639235259433346 70
1777432134610 0.9609503237368154 71
1777432135225 0.9577539132062448 72
1777432136007 0.9649955838132488 73
1777432136631 0.9677823178590608 74
1777432137534 0.9536657651264561 75
1777432138226 0.9655349918386893 76
1777432138823 0.9637065796967464 77
1777432139126 0.9688601808566306 78
1777432139632 0.9645039404743192 79
1777432139932 0.9568918587434977 80
1777432141199 0.9606603301960587 81
1777432141489 0.9699198358031998 82
1777432141778 0.9662161247254384 83
1777432142900 0.9665463502281169 84
1777432143886 0.9612916629115962 85
1777432144202 0.9694094275310431 86
1777432144864 0.9731751252490096 87
1777432145167 0.9667790495861788 88
1777432145470 0.9745008322268309 89
1777432147038 0.9691772946974873 90
1777432148084 0.9680244196588237 91
1777432149546 0.9635985409908627 92
1777432150448 0.967573426518517 93
1777432151309 0.9719032707385458 94
1777432151633 0.9747023214467695 95
1777432153120 0.965497543176721 96
1777432153839 0.9731728498254787 97
1777432154329 0.9691925465629989 98
1777432154660 0.9731734046931021 99
1777432155477 0.9724560334053088 100
1777432156856 0.9789826169205865 101
1777432158494 0.9721612142420922 102
1777432159852 0.9765692318498418 103
