1777432081373 48677.5546875 1
1777432081711 47948.66015625 2
1777432082564 47283.1796875 3
1777432083299 46678.4765625 4
1777432083903 46076.109375 5
1777432085131 45444.96484375 6
1777432086665 44736.28125 7
1777432088985 43981.83984375 8
1777432089592 43125.30078125 9
1777432089943 42156.0078125 10
1777432090764 41020.29296875 11
1777432091468 39799.48046875 12
1777432092165 38391.20703125 13
1777432092455 36924.57421875 14
1777432094167 35501.0625 15
1777432095169 33769.40625 16
1777432095667 32010.669921875 17
1777432096542 30282.060546875 18
1777432097168 28621.54296875 19
1777432098616 27040.333984375 20
1777432099440 25344.158203125 21
1777432100157 23704.009765625 22
1777432100682 22060.3046875 23
1777432101100 20441.734375 24
1777432101510 18821.349609375 25
1777432102269 17332.80078125 26
1777432103146 15731.6064453125 27
1777432104204 14178.3203125 28
1777432104971 12476.8388671875 29
1777432105279 11301.2783203125 30
1777432105567 9664.8603515625 31
1777432106617 8507.052734375 32
1777432107335 7404.6904296875 33
1777432108572 6314.09912109375 34
1777432109425 5268.5517578125 35
1777432109736 4566.02197265625 36
1777432110036 3724.400390625 37
1777432111165 3172.588623046875 38
1777432111453 2633.60791015625 39
1777432111750 2354.97509765625 40
1777432112036 1879.0316162109375 41
1777432112541 1637.8018798828125 42
1777432113151 1510.3419189453125 43
1777432113439 1285.564697265625 44
1777432114455 1279.9351806640625 45
1777432115058 1198.52685546875 46
1777432116455 1075.9644775390625 47
1777432117137 1009.5350952148438 48
1777432118009 913.5781860351562 49
1777432118941 1058.62646484375 50
1777432119725 869.0240478515625 51
1777432120023 925.431640625 52
1777432121099 834.8259887695312 53
1777432121810 911.7267456054688 54
1777432122448 841.744384765625 55
1777432123738 748.5390014648438 56
1777432124051 688.8760986328125 57
1777432125034 761.4108276367188 58
1777432125661 695.3056640625 59
1777432126445 595.4580078125 60
1777432126772 761.35302734375 61
1777432127812 695.696533203125 62
1777432128822 801.9838256835938 63
1777432129983 662.3629760742188 64
1777432131085 752.3343505859375 65
1777432131608 720.908447265625 66
1777432131902 529.8986206054688 67
1777432132200 638.6769409179688 68
1777432132506 601.2334594726562 69
1777432133131 565.2514038085938 70
1777432134610 611.8359985351562 71
1777432135225 661.9177856445312 72
1777432136007 548.4542846679688 73
1777432136631 504.79132080078125 74
1777432137534 725.9714965820312 75
1777432138226 540.002685546875 76
1777432138823 568.6505737304688 77
1777432139126 487.9031982421875 78
1777432139632 556.1573486328125 79
1777432139932 675.4246215820312 80
1777432141199 616.3795776367188 81
1777432141489 471.3003845214844 82
1777432141778 529.3306274414062 83
1777432142900 524.1566162109375 84
1777432143886 606.4878540039062 85
1777432144202 479.2975158691406 86
1777432144864 420.2960205078125 87
1777432145167 520.5106811523438 88
1777432145470 399.524658203125 89
1777432147038 482.9346008300781 90
1777432148084 500.9980163574219 91
1777432149546 570.3433227539062 92
1777432150448 508.0642395019531 93
1777432151309 440.2236328125 94
1777432151633 396.3677062988281 95
1777432153120 540.5894775390625 96
1777432153839 420.3316650390625 97
1777432154329 482.6956481933594 98
1777432154660 420.322998046875 99
1777432155477 431.5628356933594 100
1777432156856 329.30340576171875 101
1777432158494 436.18212890625 102
1777432159852 367.1166687011719 103
