1777432081373 220.6299043364249 1
1777432081711 218.97182502835838 2
1777432082564 217.44695833122154 3
1777432083299 216.05202281510813 4
1777432083903 214.65346345912985 5
1777432085131 213.1782466476118 6
1777432086665 211.50952992714065 7
1777432088985 209.71847759258125 8
1777432089592 207.6663207678366 9
1777432089943 205.31928261247165 10
1777432090764 202.53467102881422 11
1777432091468 199.498071340928 12
1777432092165 195.93674242277785 13
1777432092455 192.1576806134743 14
1777432094167 188.41725637531187 15
1777432095169 183.7645402410378 16
1777432095667 178.9152590526448 17
1777432096542 174.01741449313343 18
1777432097168 169.17902638551269 19
1777432098616 164.4394538557429 20
1777432099440 159.19848681166854 21
1777432100157 153.96106574593787 22
1777432100682 148.5271176839435 23
1777432101100 142.97459345981719 24
1777432101510 137.19092393221572 25
1777432102269 131.65409519361714 26
1777432103146 125.42570089623777 27
1777432104204 119.07275218327659 28
1777432104971 111.69977111519745 29
1777432105279 106.30747067028027 30
1777432105567 98.31002162324297 31
1777432106617 92.23368546455791 32
1777432107335 86.05051092054887 33
1777432108572 79.461305810399 34
1777432109425 72.58479012721949 35
1777432109736 67.57234621245773 36
1777432110036 61.02786568957659 37
1777432111165 56.32573677322716 38
1777432111453 51.31868967692228 39
1777432111750 48.52808565826855 40
1777432112036 43.347798285621586 41
1777432112541 40.46976500898927 42
1777432113151 38.86311772034396 43
1777432113439 35.85477230809903 44
1777432114455 35.77618175076908 45
1777432115058 34.61974661185073 46
1777432116455 32.80189746857737 47
1777432117137 31.77318201274219 48
1777432118009 30.22545592766396 49
1777432118941 32.53654045598195 50
1777432119725 29.479213826891016 51
1777432120023 30.4209079520155 52
1777432121099 28.893355443242157 53
1777432121810 30.194813223556604 54
1777432122448 29.012831381401316 55
1777432123738 27.359440810529073 56
1777432124051 26.24644925761983 57
1777432125034 27.593673688668545 58
1777432125661 26.36864926503631 59
1777432126445 24.402008274166697 60
1777432126772 27.592626321967796 61
1777432127812 26.376059849854848 62
1777432128822 28.31931894808902 63
1777432129983 25.736413426781493 64
1777432131085 27.42871397980477 65
1777432131608 26.84973830907156 66
1777432131902 23.019526941391927 67
1777432132200 25.272058501791435 68
1777432132506 24.52006238720971 69
1777432133131 23.775016378723986 70
1777432134610 24.735318848463553 71
1777432135225 25.727762935096617 72
1777432136007 23.419100850971386 73
1777432136631 22.4675615232446 74
1777432137534 26.94385823489337 75
1777432138226 23.237957860941115 76
1777432138823 23.84639540329877 77
1777432139126 22.088530920869037 78
1777432139632 23.58298854328714 79
1777432139932 25.98893267492975 80
1777432141199 24.826992923765832 81
1777432141489 21.70945380523159 82
1777432141778 23.00718643036141 83
1777432142900 22.89446693441316 84
1777432143886 24.626974113843264 85
1777432144202 21.892864496660565 86
1777432144864 20.501122420682545 87
1777432145167 22.814703179141816 88
1777432145470 19.988112922512844 89
1777432147038 21.975773042832376 90
1777432148084 22.382984974248227 91
1777432149546 23.881861794129584 92
1777432150448 22.540280377625145 93
1777432151309 20.98150692425356 94
1777432151633 19.90898556679441 95
1777432153120 23.250580154892102 96
1777432153839 20.501991733464884 97
1777432154329 21.970335641345113 98
1777432154660 20.501780362858124 99
1777432155477 20.774090490160077 100
1777432156856 18.14671887041067 101
1777432158494 20.884973758811622 102
1777432159852 19.160288847018247 103
