1777432081373 176.68271059518943 1
1777432081711 174.66547988187077 2
1777432082564 172.8017308175529 3
1777432083299 171.12854012824303 4
1777432083903 169.4042641814169 5
1777432085131 167.6071321898772 6
1777432086665 165.70260090384826 7
1777432088985 163.68676024748524 8
1777432089592 161.52670408479656 9
1777432089943 159.26106616253745 10
1777432090764 156.74636794446437 11
1777432091468 154.05345214451356 12
1777432092165 150.93027502134626 13
1777432092455 147.66368004036954 14
1777432094167 144.01754105265275 15
1777432095169 139.9499885028458 16
1777432095667 135.29910634150636 17
1777432096542 130.63099598173926 18
1777432097168 125.86528908725651 19
1777432098616 121.1168081706062 20
1777432099440 115.94416371205618 21
1777432100157 110.84950635810821 22
1777432100682 105.6775174968637 23
1777432101100 100.40293328682628 24
1777432101510 94.89775431023781 25
1777432102269 89.72402660697611 26
1777432103146 84.55013677573636 27
1777432104204 79.30462454300329 28
1777432104971 73.6028488712099 29
1777432105279 68.40038769764902 30
1777432105567 63.07647314467394 31
1777432106617 57.843597215912204 32
1777432107335 53.39793934646509 33
1777432108572 48.784239376030214 34
1777432109425 44.468433226290536 35
1777432109736 39.56661414765671 36
1777432110036 36.191410020107 37
1777432111165 32.33542245455752 38
1777432111453 29.657902607786802 39
1777432111750 28.43635304694563 40
1777432112036 25.31758150338151 41
1777432112541 22.847601994793713 42
1777432113151 22.374631809254684 43
1777432113439 20.7448340627201 44
1777432114455 20.924409871906793 45
1777432115058 19.868212117429785 46
1777432116455 18.68517966078151 47
1777432117137 18.086773012340732 48
1777432118009 17.16889372825065 49
1777432118941 18.613896505377014 50
1777432119725 17.007417973128764 51
1777432120023 17.41813200276752 52
1777432121099 16.648423367115157 53
1777432121810 17.233548882828337 54
1777432122448 16.677510423732738 55
1777432123738 15.477888694219182 56
1777432124051 14.778582827658907 57
1777432125034 15.550690342152349 58
1777432125661 14.750487301378902 59
1777432126445 13.433576872026899 60
1777432126772 15.709407806953863 61
1777432127812 14.381972792829986 62
1777432128822 16.151310912354656 63
1777432129983 14.519622036896555 64
1777432131085 15.264726609810273 65
1777432131608 15.310665516321036 66
1777432131902 12.53461254527874 67
1777432132200 14.261732672195835 68
1777432132506 13.48277743889671 69
1777432133131 13.149986293286625 70
1777432134610 13.528572797078546 71
1777432135225 14.664435596231966 72
1777432136007 13.148651556129835 73
1777432136631 12.196429597641696 74
1777432137534 15.110899485460434 75
1777432138226 12.701360176349509 76
1777432138823 13.162365720538212 77
1777432139126 11.665448415634717 78
1777432139632 13.120553267482844 79
1777432139932 14.593807294590302 80
1777432141199 13.900395344600978 81
1777432141489 11.617226107367154 82
1777432141778 12.905004397113027 83
1777432142900 12.503364903546439 84
1777432143886 13.740276696178942 85
1777432144202 11.601673080515681 86
1777432144864 10.96698886898092 87
1777432145167 12.344926002497983 88
1777432145470 10.780134830051246 89
1777432147038 11.867145385051039 90
1777432148084 12.377850644564782 91
1777432149546 13.18683697284139 92
1777432150448 12.558903893136895 93
1777432151309 11.264053622858347 94
1777432151633 10.59713771620527 95
1777432153120 12.694431133259116 96
1777432153839 10.78577369197219 97
1777432154329 11.657890800284337 98
1777432154660 10.710782380497017 99
1777432155477 10.969131152578294 100
1777432156856 9.253759461073482 101
1777432158494 11.091264031352807 102
1777432159852 10.350198412972679 103
