1777203716339 51022.44921875 1
1777203716760 49954.66796875 2
1777203717154 49038.26171875 3
1777203717543 48009.1640625 4
1777203717934 46841.62109375 5
1777203718323 45523.08984375 6
1777203718715 44150.93359375 7
1777203719104 42703.4453125 8
1777203719497 41260.01953125 9
1777203719887 39811.5 10
1777203720755 38241.16796875 11
1777203721147 36693.65234375 12
1777203721538 35114.90625 13
1777203721928 33504.64453125 14
1777203722323 31835.853515625 15
1777203722724 30209.263671875 16
1777203723115 28552.083984375 17
1777203723505 26835.583984375 18
1777203723899 25225.9453125 19
1777203724294 23623.373046875 20
1777203724686 22023.140625 21
1777203726304 20231.9765625 22
1777203726713 18530.634765625 23
1777203727134 16956.84765625 24
1777203727577 14872.7705078125 25
1777203727987 13143.7041015625 26
1777203728406 11191.4384765625 27
1777203728850 9329.3173828125 28
1777203729300 7726.64404296875 29
1777203729715 6152.265625 30
1777203730340 4838.6083984375 31
1777203730830 4188.02587890625 32
1777203731263 3061.517822265625 33
1777203731697 2663.78662109375 34
1777203732128 2283.860595703125 35
1777203732593 1908.151611328125 36
1777203733287 1702.181396484375 37
1777203733906 1379.91162109375 38
1777203734369 1296.16650390625 39
1777203734875 1239.0914306640625 40
1777203735414 946.47998046875 41
1777203736021 921.9743041992188 42
1777203736532 977.621826171875 43
1777203736973 781.71240234375 44
1777203737545 890.1736450195312 45
1777203738119 624.8602905273438 46
1777203738768 816.5841064453125 47
1777203739308 721.9042358398438 48
1777203739913 760.2871704101562 49
1777203740573 666.919921875 50
1777203741373 595.5203857421875 51
1777203742026 532.65625 52
1777203742571 555.5836791992188 53
1777203743637 535.4463500976562 54
1777203744930 585.8964233398438 55
1777203745834 636.0678100585938 56
1777203747677 507.96527099609375 57
1777203750163 530.0771484375 58
1777203751578 470.6278991699219 59
1777203754094 429.36273193359375 60
1777203755727 497.9110412597656 61
1777203756644 523.4146728515625 62
1777203760170 499.9731750488281 63
1777203760696 431.6629333496094 64
1777203761111 427.7054443359375 65
1777203761741 524.1680908203125 66
1777203762182 535.5743408203125 67
1777203762631 440.6653747558594 68
1777203763043 435.2779541015625 69
1777203763470 560.5888671875 70
1777203763878 510.08624267578125 71
1777203764288 422.3949279785156 72
1777203764701 560.0132446289062 73
1777203765111 339.46160888671875 74
1777203765537 428.080078125 75
1777203765948 386.1971130371094 76
1777203766357 608.073974609375 77
1777203766760 452.3059997558594 78
1777203767170 312.79608154296875 79
1777203767572 454.07275390625 80
1777203767974 443.139892578125 81
