1777302658635 151.65398251488097 1
1777302659748 139.59028465634302 2
1777302660857 121.45933977399554 3
1777302661980 95.09379372006372 4
1777302663088 65.41668810163226 5
1777302664201 40.29196137927828 6
1777302665319 25.653281002952937 7
1777302666428 20.23466213044666 8
1777302667532 16.795086735316684 9
1777302668639 16.429140701293946 10
1777302669749 14.220273949759347 11
1777302670859 14.559293225606282 12
1777302671980 13.894669959658668 13
1777302673090 12.812747588384719 14
1777302674195 13.174168966384162 15
1777302675295 11.995637741088867 16
1777302676405 11.918495552426293 17
1777302677513 12.434770105452765 18
1777302678619 11.846764562697638 19
1777302679720 11.63780931926909 20
1777302680836 11.841202702295213 21
1777302681939 10.942261330740793 22
1777302683060 10.748206781659807 23
1777302684170 10.109699885050455 24
1777302685284 10.202481738499232 25
1777302686386 10.32191539582752 26
1777302687491 10.551015396118164 27
1777302688600 9.290377011980329 28
1777302689706 9.924762831188383 29
1777302690810 8.821337334769114 30
1777302691914 9.529578388759068 31
1777302693025 9.2944938823155 32
1777302694140 8.962668293544224 33
1777302695248 9.475687533787319 34
1777302696351 9.044481655302501 35
1777302697458 8.601803327287946 36
1777302698563 8.866455159868513 37
1777302699676 8.78439039502825 38
1777302700783 8.451623139154343 39
1777302701885 8.48277477809361 40
1777302702984 8.2016729645502 41
1777302704091 8.413413692656018 42
1777302705216 7.7711866705758235 43
1777302706326 7.732363623664493 44
1777302707433 8.219614202408563 45
1777302708549 7.612084167117164 46
1777302709654 7.530302954174223 47
1777302710766 7.954851606459845 48
1777302711870 7.372642718723842 49
1777302712982 7.382103834606352 50
1777302714088 6.449669916062128 51
1777302715196 7.477737252371652 52
1777302716316 6.187670199076335 53
1777302717426 6.440991979326521 54
1777302718525 7.366692917233422 55
1777302719639 6.280967034839448 56
1777302720748 6.063576654706682 57
1777302721866 6.013072831290109 58
1777302722975 6.523697337195987 59
1777302724082 5.799433284941173 60
1777302725180 5.636913549332392 61
1777302726292 6.053564344133649 62
1777302727411 5.660072711762928 63
1777302728515 5.94849005199614 64
1777302729621 5.435400032770066 65
1777302730734 5.478730172656832 66
1777302731838 5.385058250427246 67
1777302732943 5.21603874933152 68
1777302734045 5.191734927949451 69
1777302735159 5.3386566534496485 70
1777302736272 4.923300541469029 71
1777302737405 5.190896319434756 72
1777302738515 5.460510241190592 73
1777302739632 4.650078562781924 74
1777302740744 4.930739881424677 75
1777302741857 5.172687948317755 76
1777302742969 5.07824461437407 77
1777302744079 4.9948044413612 78
1777302745203 4.575401109967913 79
1777302746316 4.647487384705316 80
1777302747423 4.469034924734206 81
1777302748545 4.630548719678607 82
1777302749651 4.539889817010788 83
1777302750761 4.153531851087298 84
1777302751872 4.568400537400018 85
1777302752976 4.857126360393706 86
1777302754080 5.1667226182846795 87
1777302755186 4.320306176685151 88
1777302756285 4.37730974469866 89
1777302757388 4.62313424428304 90
1777302758494 4.724385864621117 91
1777302759613 4.488209213983445 92
1777302760728 4.485563924880255 93
1777302761840 4.233117984590076 94
1777302762950 4.387033607846215 95
