1777302658635 156.64527893066406 1
1777302659748 144.36911010742188 2
1777302660857 126.35309600830078 3
1777302661980 100.00968170166016 4
1777302663088 70.16486358642578 5
1777302664201 44.709232330322266 6
1777302665319 29.986347198486328 7
1777302666428 24.526098251342773 8
1777302667532 21.0714054107666 9
1777302668639 20.691219329833984 10
1777302669749 18.43158531188965 11
1777302670859 18.771408081054688 12
1777302671980 18.117767333984375 13
1777302673090 16.93344497680664 14
1777302674195 17.33030891418457 15
1777302675295 16.09743309020996 16
1777302676405 16.039005279541016 17
1777302677513 16.544902801513672 18
1777302678619 15.93478012084961 19
1777302679720 15.688456535339355 20
1777302680836 15.918428421020508 21
1777302681939 14.981078147888184 22
1777302683060 14.785433769226074 23
1777302684170 14.073319435119629 24
1777302685284 14.210455894470215 25
1777302686386 14.343385696411133 26
1777302687491 14.566938400268555 27
1777302688600 13.26950740814209 28
1777302689706 13.921236038208008 29
1777302690810 12.782962799072266 30
1777302691914 13.52329158782959 31
1777302693025 13.245786666870117 32
1777302694140 12.898000717163086 33
1777302695248 13.501986503601074 34
1777302696351 13.02149772644043 35
1777302697458 12.565634727478027 36
1777302698563 12.839213371276855 37
1777302699676 12.754855155944824 38
1777302700783 12.352873802185059 39
1777302701885 12.43336009979248 40
1777302702984 12.133671760559082 41
1777302704091 12.343688011169434 42
1777302705216 11.659936904907227 43
1777302706326 11.603511810302734 44
1777302707433 12.121025085449219 45
1777302708549 11.496091842651367 46
1777302709654 11.438387870788574 47
1777302710766 11.889081954956055 48
1777302711870 11.259466171264648 49
1777302712982 11.278985023498535 50
1777302714088 10.231938362121582 51
1777302715196 11.330163955688477 52
1777302716316 9.922460556030273 53
1777302717426 10.246659278869629 54
1777302718525 11.216411590576172 55
1777302719639 10.046342849731445 56
1777302720748 9.809650421142578 57
1777302721866 9.7522611618042 58
1777302722975 10.32161808013916 59
1777302724082 9.539855003356934 60
1777302725180 9.354625701904297 61
1777302726292 9.771865844726562 62
1777302727411 9.374624252319336 63
1777302728515 9.68465805053711 64
1777302729621 9.12441349029541 65
1777302730734 9.193163871765137 66
1777302731838 9.065585136413574 67
1777302732943 8.846673011779785 68
1777302734045 8.853157997131348 69
1777302735159 9.028128623962402 70
1777302736272 8.55793285369873 71
1777302737405 8.860809326171875 72
1777302738515 9.144373893737793 73
1777302739632 8.250176429748535 74
1777302740744 8.530048370361328 75
1777302741857 8.814496040344238 76
1777302742969 8.720717430114746 77
1777302744079 8.610925674438477 78
1777302745203 8.12875747680664 79
1777302746316 8.245619773864746 80
1777302747423 8.019400596618652 81
1777302748545 8.218109130859375 82
1777302749651 8.091384887695312 83
1777302750761 7.68005895614624 84
1777302751872 8.116872787475586 85
1777302752976 8.436959266662598 86
1777302754080 8.791191101074219 87
1777302755186 7.87022590637207 88
1777302756285 7.893402099609375 89
1777302757388 8.213838577270508 90
1777302758494 8.284828186035156 91
1777302759613 8.03197956085205 92
1777302760728 8.01329231262207 93
1777302761840 7.73988676071167 94
1777302762950 7.898494243621826 95
