1777235052989 -1.7101444119256257 1
1777235054548 -1.601418860105023 2
1777235056171 -1.4717760367503812 3
1777235061153 -1.2848730444441656 4
1777235066278 -1.0151397535257947 5
1777235078219 -0.6768417365681785 6
1777235098073 -0.33109142287395676 7
1777235113447 -0.024095285724157246 8
1777235119871 0.28152063458336024 9
1777235145895 0.5379444118031574 10
1777235160721 0.722262853722097 11
1777235181115 0.8304097103219302 12
1777235208535 0.8914445647358369 13
1777235217780 0.918193222625645 14
1777235266249 0.9273748539179086 15
1777235278949 0.9329638114053795 16
1777235289911 0.9361909846721348 17
1777235299152 0.9440885051090573 18
1777235304698 0.9442713440976099 19
1777235314010 0.9458086657947924 20
1777235320571 0.9413637086618681 21
1777235327402 0.9498666115889598 22
1777235368046 0.9510462244763931 23
1777235382863 0.952551920568083 24
1777235406543 0.9469564598059547 25
1777235412575 0.9546690158506532 26
1777235422034 0.9167442416024038 27
1777235433522 0.9528026815627477 28
1777235443445 0.9479085949007743 29
1777235482510 0.9580092845751089 30
1777235488663 0.9568574821088667 31
1777235498648 0.9588281151602972 32
1777235508052 0.9541413966718542 33
1777235520091 0.9607430461556643 34
1777235525995 0.9587242142337308 35
1777235541597 0.9647569611350452 36
1777235546239 0.9592125281639536 37
1777235575039 0.9619863709465569 38
1777235589337 0.961768266308303 39
1777235595485 0.9572799351942031 40
1777235612489 0.9639277955297733 41
1777235617885 0.9599118689077606 42
1777235621805 0.9550696599551826 43
1777235626633 0.9606161897228628 44
1777235673386 0.9642456384143315 45
1777235730644 0.9644227074564707 46
1777235732361 0.9619754769807998 47
1777235733741 0.9673366198869736 48
1777235735526 0.9649270451607601 49
1777235739994 0.9580274660432148 50
1777235746624 0.9672170689939172 51
1777235753248 0.9675160502770392 52
1777235763946 0.968972091087255 53
1777235769811 0.9670643472859272 54
1777235771695 0.9686603367106095 55
1777235775876 0.966374423247218 56
1777235784825 0.9647585273937791 57
1777235790838 0.9686179333911505 58
1777235811207 0.9697802193596544 59
1777235825201 0.970567143818412 60
1777235836981 0.9709378132011992 61
1777235844165 0.969254544848465 62
1777235869200 0.9665427577727002 63
1777235874954 0.9736249578248717 64
1777235883591 0.9700301242168516 65
1777235929885 0.9696786876179335 66
1777235951639 0.9740088155968676 67
1777235957872 0.9724511846809831 68
1777235961906 0.9735870541257985 69
1777235966074 0.9722919362570774 70
1777235973329 0.9682729603579819 71
1777236052878 0.9755152923313538 72
1777236054199 0.9720201501817283 73
1777236055617 0.9742046797438141 74
1777236056988 0.9741533318295437 75
1777236058395 0.9738155319018487 76
1777236059756 0.9680968031329307 77
1777236061106 0.9722653797039811 78
1777236062473 0.97762968478799 79
1777236063902 0.9752983612857735 80
1777236065355 0.9737981136121414 81
1777236067299 0.9780454593718128 82
1777236074280 0.9738672160481032 83
1777236083693 0.9754363904469076 84
1777236093467 0.9746578207843319 85
1777236099851 0.9765440962206797 86
1777236104652 0.9771192370481023 87
1777236137325 0.9781597107620517 88
1777236152227 0.9764578390895622 89
1777236157205 0.9800443072781106 90
1777236159560 0.9780576360442577 91
1777236164065 0.9763614376345433 92
1777236179178 0.978256632230279 93
1777236188814 0.9798391953157747 94
1777236192259 0.9815031672583686 95
1777236246067 0.9795791875156722 96
1777236247393 0.9772137986035823 97
1777236248729 0.9772811663864687 98
1777236250082 0.977964471874777 99
1777236251391 0.9797053041136747 100
1777236252754 0.9808367641129001 101
1777236254165 0.9815393873503855 102
1777236255641 0.9807942488471877 103
1777236257080 0.9822436151180458 104
1777236260864 0.9820422850916968 105
1777236290283 0.9742537150279397 106
1777236333068 0.9822133569989895 107
1777236343430 0.9781234476146634 108
1777236349212 0.9824855597546556 109
1777236366682 0.9807839268002809 110
1777236381702 0.9810601248552192 111
1777236390725 0.9836718476598392 112
1777236401308 0.9824784544223876 113
1777236485948 0.9818012080740998 114
1777236487184 0.9834102535084961 115
1777236488955 0.9833506069888855 116
1777236492791 0.983789618686167 117
1777236494686 0.9799872940728559 118
1777236500568 0.9829851372092403 119
1777236512229 0.9829466918721103 120
1777236514489 0.9832038494066243 121
1777236519337 0.9846171960321394 122
1777236526875 0.9839153733853662 123
1777236535407 0.9822185836818841 124
1777236544843 0.9810705849185108 125
1777236596497 0.9834817675236509 126
1777236604179 0.983066853194655 127
1777236612399 0.9835325113884327 128
1777236623906 0.9847248234576685 129
1777236641353 0.9850808643501677 130
1777236657574 0.98343485588656 131
1777236664647 0.9779199064072408 132
1777236718071 0.9844074996295324 133
1777236721085 0.9850456610825062 134
1777236725463 0.9846071832663175 135
1777236730431 0.9843267655457829 136
1777236734405 0.9844779635720176 137
1777236740206 0.9846039684652508 138
1777236747258 0.9863110869131418 139
1777236752645 0.9853738035294995 140
1777236763555 0.9841335748982056 141
1777236815339 0.9837866191674707 142
1777236832317 0.9820438688117757 143
1777236838629 0.9838890689453891 144
1777236852782 0.9856983171262709 145
1777236857390 0.9848829199027396 146
1777236932920 0.9859886320807142 147
1777236934197 0.9840225831737925 148
1777236935450 0.983185212889102 149
1777236936653 0.986856536943451 150
1777236937951 0.9843164714848676 151
1777236967028 0.9851925231936416 152
1777236968390 0.9860033710907008 153
1777236969751 0.9854323315662388 154
1777236971148 0.9845474102149098 155
1777236972537 0.9859951776931537 156
1777236973940 0.9764024558866087 157
