1777235052989 41581.76953125 1
1777235054548 39913.59140625 2
1777235056171 37924.48125 3
1777235061153 35056.82734375 4
1777235066278 30918.30703125 5
1777235078219 25727.798046875 6
1777235098073 20422.94765625 7
1777235113447 15712.7033203125 8
1777235119871 11023.6353515625 9
1777235145895 7089.32294921875 10
1777235160721 4261.32353515625 11
1777235181115 2602.02529296875 12
1777235208535 1665.5669677734375 13
1777235217780 1255.1621337890624 14
1777235266249 1114.2882568359375 15
1777235278949 1028.5368286132812 16
1777235289911 979.0222900390625 17
1777235299152 857.8505615234375 18
1777235304698 855.045263671875 19
1777235314010 831.45810546875 20
1777235320571 899.6571411132812 21
1777235327402 769.1970092773438 22
1777235368046 751.0982177734375 23
1777235382863 727.9963134765625 24
1777235406543 813.8474975585938 25
1777235412575 695.5136962890625 26
1777235422034 1277.39384765625 27
1777235433522 724.1488891601563 28
1777235443445 799.2389038085937 29
1777235482510 644.263916015625 30
1777235488663 661.9360229492188 31
1777235498648 631.7005981445312 32
1777235508052 703.6089477539062 33
1777235520091 602.319775390625 34
1777235525995 633.2947509765625 35
1777235541597 540.7342529296875 36
1777235546239 625.8025390625 37
1777235575039 583.24345703125 38
1777235589337 586.5898315429688 39
1777235595485 655.4543334960938 40
1777235612489 553.4561279296875 41
1777235617885 615.0725463867187 42
1777235621805 689.3666015625 43
1777235626633 604.2661499023437 44
1777235673386 548.5794677734375 45
1777235730644 545.8627136230468 46
1777235732361 583.4105834960938 47
1777235733741 501.1545349121094 48
1777235735526 538.1246398925781 49
1777235739994 643.9849731445313 50
1777235746624 502.9887939453125 51
1777235753248 498.4015197753906 52
1777235763946 476.0614868164063 53
1777235769811 505.33201293945314 54
1777235771695 480.8447326660156 55
1777235775876 515.9175354003906 56
1777235784825 540.7102294921875 57
1777235790838 481.4953308105469 58
1777235811207 463.66237182617186 59
1777235825201 451.58857421875 60
1777235836981 445.9013916015625 61
1777235844165 471.727783203125 62
1777235869200 513.334765625 63
1777235874954 404.67250366210936 64
1777235883591 459.82806396484375 65
1777235929885 465.220166015625 66
1777235951639 398.78297729492186 67
1777235957872 422.6817138671875 68
1777235961906 405.2540710449219 69
1777235966074 425.12506713867185 70
1777235973329 486.7882446289062 71
1777236052878 375.6690979003906 72
1777236054199 429.2950927734375 73
1777236055617 395.77783203125 74
1777236056988 396.56566162109374 75
1777236058395 401.74852294921874 76
1777236059756 489.49102783203125 77
1777236061106 425.53252563476565 78
1777236062473 343.2279418945312 79
1777236063902 378.9974609375 80
1777236065355 402.01576538085936 81
1777236067299 336.8487182617188 82
1777236074280 400.9555419921875 83
1777236083693 376.8796813964844 84
1777236093467 388.8252807617188 85
1777236099851 359.88413696289064 86
1777236104652 351.05975341796875 87
1777236137325 335.095751953125 88
1777236152227 361.20758056640625 89
1777236157205 306.18036499023435 90
1777236159560 336.66188354492186 91
1777236164065 362.686669921875 92
1777236179178 333.6086853027344 93
1777236188814 309.32740478515626 94
1777236192259 283.7970703125 95
1777236246067 313.31671142578125 96
1777236247393 349.60888671875 97
1777236248729 348.57526245117185 98
1777236250082 338.0913024902344 99
1777236251391 311.38170166015624 100
1777236252754 294.0216979980469 101
1777236254165 283.24134521484376 102
1777236255641 294.67401733398435 103
1777236257080 272.4363647460938 104
1777236260864 275.52537841796874 105
1777236290283 395.0254760742188 106
1777236333068 272.90062255859374 107
1777236343430 335.6521362304687 108
1777236349212 268.7242156982422 109
1777236366682 294.83237915039064 110
1777236381702 290.59466552734375 111
1777236390725 250.52297973632812 112
1777236401308 268.8332214355469 113
1777236485948 279.22423400878904 114
1777236487184 254.53662719726563 115
1777236488955 255.4517822265625 116
1777236492791 248.71602783203124 117
1777236494686 307.055126953125 118
1777236500568 261.05918579101564 119
1777236512229 261.6490539550781 120
1777236514489 257.70348205566404 121
1777236519337 236.01849670410155 122
1777236526875 246.78656921386718 123
1777236535407 272.8204284667969 124
1777236544843 290.4341796875 125
1777236596497 253.43938293457032 126
1777236604179 259.8054229736328 127
1777236612399 252.66081848144532 128
1777236623906 234.36716918945314 129
1777236641353 228.90443115234376 130
1777236657574 254.15915222167968 131
1777236664647 338.77507934570315 132
1777236718071 239.23587036132812 133
1777236721085 229.44455261230468 134
1777236725463 236.1721221923828 135
1777236730431 240.47457580566407 136
1777236734405 238.1547424316406 137
1777236740206 236.22145080566406 138
1777236747258 210.02911376953125 139
1777236752645 224.40986022949218 140
1777236763555 243.43870239257814 141
1777236815339 248.7620422363281 142
1777236832317 275.50107727050784 143
1777236838629 247.19015808105468 144
1777236852782 219.43084716796875 145
1777236857390 231.94149475097657 146
1777236932920 214.9765411376953 147
1777236934197 245.1416473388672 148
1777236935450 257.9894226074219 149
1777236936653 201.66027221679687 150
1777236937951 240.63251342773438 151
1777236967028 227.19124755859374 152
1777236968390 214.75040283203126 153
1777236969751 223.511865234375 154
1777236971148 237.08922729492187 155
1777236972537 214.87611389160156 156
1777236973940 362.0573303222656 157
