1777371952137 156.99122314453126 1
1777371953600 148.2194610595703 2
1777371954805 135.7145263671875 3
1777371956062 117.96981201171874 4
1777371957283 97.4793685913086 5
1777371958519 75.79170227050781 6
1777371959796 53.937592315673825 7
1777371960982 35.20807800292969 8
1777371962163 24.18553771972656 9
1777371963332 20.82084846496582 10
1777371964517 18.1613037109375 11
1777371965729 17.274839401245117 12
1777371966848 16.464779472351076 13
1777371968037 15.834578704833984 14
1777371969321 15.118038940429688 15
1777371970493 14.950011062622071 16
1777371971631 15.480073165893554 17
1777371972800 14.543718910217285 18
1777371974253 14.083020973205567 19
1777371975389 13.530887031555176 20
1777371976512 13.902081871032715 21
1777371977654 13.614473915100097 22
1777371978868 12.81046371459961 23
1777371980110 12.324376487731934 24
1777371981343 12.463066482543946 25
1777371982599 12.261740112304688 26
1777371983850 13.73577823638916 27
1777371985087 12.344580841064452 28
1777371986300 13.048552703857421 29
1777371987545 11.86205825805664 30
1777371988789 11.98961353302002 31
1777371990052 11.512460708618164 32
1777371991249 11.072232055664063 33
1777371992953 11.277100753784179 34
1777371994209 10.861442565917969 35
1777371995490 11.182377433776855 36
1777371996686 10.870364379882812 37
1777371997862 10.739633941650391 38
1777371999074 11.443764686584473 39
1777372000346 10.708611106872558 40
1777372001566 10.684210586547852 41
1777372002730 10.646700477600097 42
1777372003953 10.027181243896484 43
1777372005134 10.18280906677246 44
1777372006278 10.133561515808106 45
1777372007445 9.830100440979004 46
1777372008637 9.692475891113281 47
1777372009819 9.65711727142334 48
1777372011032 10.212308883666992 49
1777372012265 9.627523422241211 50
1777372013735 9.944140434265137 51
1777372014981 9.668045234680175 52
1777372016163 9.355714988708495 53
1777372017341 8.859539413452149 54
1777372018590 9.777278900146484 55
1777372019848 8.810965156555175 56
1777372021106 9.045412063598633 57
1777372022390 8.781518363952637 58
1777372023675 8.924789428710938 59
1777372024935 9.094518089294434 60
1777372026134 8.613209533691407 61
1777372027311 8.47382984161377 62
1777372028503 8.87788200378418 63
1777372029688 8.16677303314209 64
1777372030853 8.49002628326416 65
1777372032089 8.61216697692871 66
1777372033248 8.406149101257324 67
1777372034419 8.213624572753906 68
1777372035597 8.51717643737793 69
1777372036820 8.057315921783447 70
1777372037977 7.975090503692627 71
1777372039179 8.06167459487915 72
1777372040388 7.9254865646362305 73
1777372041609 8.335576629638672 74
1777372042852 8.038302421569824 75
1777372044126 7.788674640655517 76
1777372045383 7.863996887207032 77
1777372046615 7.949917507171631 78
1777372047815 7.898982429504395 79
1777372049059 7.924129581451416 80
1777372050230 7.570349884033203 81
1777372051420 7.768284034729004 82
1777372052689 7.477708339691162 83
1777372053841 7.262087726593018 84
1777372054997 7.928139686584473 85
1777372056164 7.696066951751709 86
1777372057343 7.151229572296143 87
1777372058574 7.394395351409912 88
1777372059806 7.552840900421143 89
1777372061054 7.3708367347717285 90
1777372062306 7.33286828994751 91
1777372063566 7.676611042022705 92
1777372065401 7.41817274093628 93
1777372066654 7.398823642730713 94
1777372067919 7.276987838745117 95
1777372069179 7.252272987365723 96
1777372070420 7.192224311828613 97
1777372071663 7.380482006072998 98
1777372072911 7.044444847106933 99
1777372074103 7.345666122436524 100
1777372075314 7.044633579254151 101
1777372076829 7.1583868026733395 102
1777372078008 7.039496421813965 103
1777372079208 7.318252182006836 104
1777372080416 6.995927143096924 105
1777372081647 7.136717796325684 106
1777372082897 7.2639471054077145 107
1777372084135 6.729983901977539 108
1777372085319 6.826967525482178 109
1777372086495 6.88981351852417 110
1777372087661 6.960293579101562 111
1777372088827 6.680024909973144 112
1777372090045 6.7366331100463865 113
1777372091252 7.193865585327148 114
1777372092420 7.220642471313477 115
1777372093605 6.788253307342529 116
1777372094891 6.894337844848633 117
1777372096122 6.867422485351563 118
1777372097327 6.609427833557129 119
1777372098771 6.669328117370606 120
1777372099972 6.654063701629639 121
1777372101195 6.525987529754639 122
1777372102375 6.441037845611572 123
1777372103570 6.44727897644043 124
1777372105052 6.629295825958252 125
1777372106316 6.5666755676269535 126
1777372107570 6.455402851104736 127
1777372108842 6.561680889129638 128
1777372110088 6.46577558517456 129
1777372111320 6.726467609405518 130
1777372112563 6.567111396789551 131
1777372114073 6.523149394989014 132
1777372115329 6.549031448364258 133
1777372116539 6.467597198486328 134
1777372117773 6.5493088722229 135
1777372118997 6.46074686050415 136
