1777201783837 45857.25 1
1777201784288 44935.140625 2
1777201784704 44112.625 3
1777201785112 43222.41015625 4
1777201785529 42190.421875 5
1777201785939 41045.5703125 6
1777201786355 39828.8984375 7
1777201786770 38419.4921875 8
1777201787185 37049.30859375 9
1777201787613 35666.171875 10
1777201790612 34254.6484375 11
1777201791011 32830.73828125 12
1777201791407 31333.189453125 13
1777201791806 29729.75390625 14
1777201792217 28210.740234375 15
1777201792625 26564.814453125 16
1777201793026 25059.517578125 17
1777201793416 23281.537109375 18
1777201793806 21606.365234375 19
1777201794196 19625.591796875 20
1777201795057 17523.4609375 21
1777201795459 14984.798828125 22
1777201795858 12942.9150390625 23
1777201796255 11208.9326171875 24
1777201796649 9618.2509765625 25
1777201797045 8019.30517578125 26
1777201797439 6599.5126953125 27
1777201797831 5437.00244140625 28
1777201798227 4348.52783203125 29
1777201799392 3414.5654296875 30
1777201799784 2650.2431640625 31
1777201800175 2310.649169921875 32
1777201800562 1748.9632568359375 33
1777201800948 1564.715576171875 34
1777201801335 1410.2974853515625 35
1777201801726 1107.7017822265625 36
1777201802114 1175.7371826171875 37
1777201802508 994.805419921875 38
1777201802896 1178.5982666015625 39
1777201803293 879.3508911132812 40
1777201803682 890.5968627929688 41
1777201804075 976.2391967773438 42
1777201804464 816.7012329101562 43
1777201804854 769.5989379882812 44
1777201805249 808.146240234375 45
1777201807813 765.09033203125 46
1777201808209 928.7666625976562 47
1777201808645 672.6234130859375 48
1777201809071 667.0737915039062 49
1777201809472 711.7760620117188 50
1777201809869 641.6483764648438 51
1777201810267 483.8904724121094 52
1777201810665 538.3231201171875 53
1777201811061 654.3618774414062 54
1777201811458 572.3255004882812 55
1777201811854 520.5479125976562 56
1777201812251 625.01171875 57
1777201812652 518.2635498046875 58
1777201813051 617.313232421875 59
1777201813447 514.4686279296875 60
1777201813847 533.97802734375 61
1777201814245 488.1924133300781 62
1777201815616 455.8577880859375 63
1777201816015 434.6721496582031 64
1777201816418 413.6847839355469 65
1777201816822 464.86090087890625 66
1777201817223 538.5906372070312 67
1777201819329 526.30224609375 68
1777201819740 495.3200378417969 69
1777201820158 453.7825927734375 70
1777201820571 472.2903747558594 71
1777201821014 390.6082763671875 72
1777201821432 372.2142639160156 73
1777201821851 638.9918823242188 74
1777201822273 390.529296875 75
1777201822698 483.4017028808594 76
1777201823109 425.2853088378906 77
1777201823518 309.3247985839844 78
1777201823934 407.4334411621094 79
1777201824344 395.8225402832031 80
1777201824761 448.7359313964844 81
1777201825171 431.7787170410156 82
1777201825599 480.5849914550781 83
1777201826017 373.466796875 84
1777201826443 428.5496520996094 85
1777201826873 329.12066650390625 86
1777201827319 443.2931823730469 87
1777201827731 289.67230224609375 88
1777201828143 365.2107238769531 89
1777201828687 538.9053955078125 90
1777201829346 428.06756591796875 91
1777201829765 372.6028747558594 92
1777201830178 364.9156494140625 93
1777201830590 296.7529602050781 94
1777201831010 401.1077575683594 95
1777201831420 526.450439453125 96
1777201831842 394.7646789550781 97
1777201832254 370.31695556640625 98
1777201832673 388.1060485839844 99
1777201833085 310.7023620605469 100
1777201833499 326.3726806640625 101
1777201833917 271.3798828125 102
1777201834333 311.7767333984375 103
1777201834747 241.9187469482422 104
1777201835163 384.56439208984375 105
1777201835580 373.1274108886719 106
1777201835996 291.9076843261719 107
1777201836412 285.4495849609375 108
1777201836840 321.8802795410156 109
1777201837296 280.1649169921875 110
1777201837703 269.38848876953125 111
1777201838149 210.1217803955078 112
1777201838610 289.87396240234375 113
1777201839403 234.4501190185547 114
1777201847101 364.8041076660156 115
1777201886443 339.9976806640625 116
