1777181969226 185.76234436035156 1
1777181971075 159.8103775024414 2
1777181972920 118.78695449829101 3
1777181974754 68.02021484375 4
1777181976617 35.80412406921387 5
1777181978452 27.00699119567871 6
1777181980288 23.923098754882812 7
1777181982123 22.89268264770508 8
1777181983961 21.04985122680664 9
1777181985828 20.202726364135742 10
1777181987671 19.54708480834961 11
1777181989502 19.146752738952635 12
1777181991340 18.559642028808593 13
1777181993183 17.989233779907227 14
1777181995015 18.76141815185547 15
1777181996875 17.80046157836914 16
1777181998712 17.736849975585937 17
1777182000544 17.23063850402832 18
1777182002386 16.493118667602538 19
1777182004222 16.718580627441405 20
1777182006059 16.511297130584715 21
1777182007911 16.979200172424317 22
1777182009748 16.156369304656984 23
1777182011583 15.978739738464355 24
1777182013436 16.047479152679443 25
1777182015272 15.700039482116699 26
1777182017108 16.11476707458496 27
1777182018968 16.158496475219728 28
1777182020805 15.758705520629883 29
1777182022658 15.911402797698974 30
1777182024496 15.31036310195923 31
1777182026329 15.151594352722167 32
1777182028172 14.757478427886962 33
1777182030025 14.779945373535156 34
1777182031861 14.245034885406493 35
1777182033700 13.813943862915039 36
1777182035533 13.74035291671753 37
1777182037366 13.686122035980224 38
1777182039205 13.509490776062012 39
1777182041069 13.378983879089356 40
1777182042914 13.257838535308839 41
1777182044749 13.186457061767578 42
1777182046590 12.825536346435547 43
1777182048423 12.705141544342041 44
1777182050258 12.630954170227051 45
