1777181969226 219.00513874211123 1
1777181971075 195.38888360269124 2
1777181972920 156.0778717589596 3
1777181974754 99.22340668433647 4
1777181976617 52.20548332131758 5
1777181978452 36.782499175518794 6
1777181980288 31.913946573997595 7
1777181982123 30.378875148916116 8
1777181983961 27.90292981260233 9
1777181985828 26.79773251984909 10
1777181987671 25.78803686394342 11
1777181989502 25.41572499082003 12
1777181991340 24.45439833806292 13
1777181993183 23.768025320929645 14
1777181995015 24.791327451583495 15
1777181996875 23.49018545648929 16
1777181998712 23.486280699437053 17
1777182000544 22.752626543053672 18
1777182002386 21.87945473873301 19
1777182004222 22.215656620565476 20
1777182006059 21.935985754636356 21
1777182007911 22.638012871664127 22
1777182009748 21.454213844074847 23
1777182011583 21.359566140636417 24
1777182013436 21.41352889366076 25
1777182015272 21.04405130117126 26
1777182017108 21.5380584706704 27
1777182018968 21.644222728286575 28
1777182020805 21.021329994694515 29
1777182022658 21.197187919548192 30
1777182024496 20.448677809485076 31
1777182026329 20.420681143743863 32
1777182028172 19.709139461234567 33
1777182030025 19.93017334458613 34
1777182031861 19.082264740405243 35
1777182033700 18.529610758233776 36
1777182035533 18.368662113780708 37
1777182037366 18.241388520313528 38
1777182039205 18.107340948815438 39
1777182041069 17.930651905876747 40
1777182042914 17.760476041280498 41
1777182044749 17.540326151873284 42
1777182046590 17.16030130038371 43
1777182048423 17.12192660909017 44
1777182050258 16.84285959464524 45
