1777173067840 217.87269794066214 1
1777173069168 210.24253089376748 2
1777173070393 197.31633707945304 3
1777173071613 176.68208534780427 4
1777173072896 150.72780218794946 5
1777173074184 122.13078762384968 6
1777173075450 90.8602921763084 7
1777173076811 62.277064915461494 8
1777173078121 43.20016248223774 9
1777173079442 33.149602578699785 10
1777173080738 30.36783213133112 11
1777173082085 27.140391737811182 12
1777173083444 28.837006160698557 13
1777173085086 25.2909580705704 14
1777173086735 25.260101106307832 15
1777173088346 24.656743578623853 16
1777173090661 24.221739988826155 17
1777173092526 23.10256343688338 18
1777173096470 22.634625146518015 19
1777173099129 22.554237510484477 20
1777173100896 20.908126896728668 21
1777173103064 21.102871632633363 22
1777173104531 20.836324497193853 23
1777173105836 20.92371863532204 24
1777173107034 19.93653175880586 25
1777173108226 21.332495415475137 26
1777173109491 20.348201995467846 27
1777173110689 20.475677279365783 28
1777173111862 19.42622256814083 29
1777173113407 18.527233208269735 30
1777173114640 20.061335666243714 31
1777173115851 18.2987879255688 32
1777173117034 18.716738542464597 33
1777173118213 20.001034287489453 34
1777173119488 17.69771764624202 35
1777173120677 17.59057045048288 36
1777173121856 16.916873908983842 37
1777173123907 17.089731207028816 38
1777173125121 17.376229303754805 39
1777173126303 17.5699409963532 40
1777173127494 17.140538477116497 41
1777173128670 17.05729057152513 42
1777173129836 17.757924410065847 43
1777173131009 17.112216336557815 44
1777173132161 16.133582806288832 45
1777173133313 17.09082283620893 46
1777173134486 16.945206484847187 47
1777173135653 16.94790176840802 48
1777173136804 15.834877510359155 49
1777173137973 15.098035045452567 50
1777173139118 15.111582340962439 51
1777173140269 15.149203878483632 52
1777173141431 15.800834827968535 53
