1777209110201 162.85324096679688 1
1777209110617 162.13397216796875 2
1777209112396 161.06004333496094 3
1777209112786 159.92124938964844 4
1777209113175 158.8402099609375 5
1777209113563 157.693115234375 6
1777209113953 156.3905487060547 7
1777209114344 154.9401397705078 8
1777209115500 153.3486785888672 9
1777209115887 151.6517333984375 10
1777209116276 149.93408203125 11
1777209116664 148.19754028320312 12
1777209117056 146.42652893066406 13
1777209118877 144.73924255371094 14
1777209120399 142.95721435546875 15
1777209120790 141.04348754882812 16
1777209121558 139.07923889160156 17
1777209122342 137.0413055419922 18
1777209123019 134.94503784179688 19
1777209123419 132.72894287109375 20
1777209123821 130.51495361328125 21
1777209124221 128.18234252929688 22
1777209124615 125.92446899414062 23
1777209125070 123.3678207397461 24
1777209126598 120.66868591308594 25
1777209126988 117.95417785644531 26
1777209127375 115.08992767333984 27
1777209127765 112.22200775146484 28
1777209128151 109.18990325927734 29
1777209128538 106.08995819091797 30
1777209129683 102.9168701171875 31
1777209132057 98.83292388916016 32
1777209135238 94.47740173339844 33
1777209136410 90.21247863769531 34
1777209137284 86.61410522460938 35
1777209139332 82.80261993408203 36
1777209140503 79.2212142944336 37
1777209141653 75.79533386230469 38
1777209142038 71.87283325195312 39
1777209142883 67.52080535888672 40
1777209143677 64.2320556640625 41
1777209144160 60.60280990600586 42
1777209144642 56.5894660949707 43
1777209145030 53.366451263427734 44
1777209145424 50.16644287109375 45
1777209146117 47.651031494140625 46
1777209146610 44.05439758300781 47
1777209147011 41.36505889892578 48
1777209147629 39.60576629638672 49
1777209148025 37.330528259277344 50
1777209149240 34.930511474609375 51
1777209149693 32.026573181152344 52
1777209151243 30.572980880737305 53
1777209151645 29.874568939208984 54
1777209152077 27.689523696899414 55
1777209152481 27.199024200439453 56
1777209153864 25.599185943603516 57
1777209154278 24.260774612426758 58
1777209157614 22.835777282714844 59
1777209160452 23.587310791015625 60
1777209160859 25.234722137451172 61
1777209161250 21.285114288330078 62
1777209161649 21.143856048583984 63
1777209164333 20.738935470581055 64
1777209164726 22.273366928100586 65
1777209165120 20.683198928833008 66
1777209165511 21.172645568847656 67
1777209165906 19.755733489990234 68
1777209166384 22.067596435546875 69
1777209166764 19.225048065185547 70
1777209167151 21.044883728027344 71
1777209167545 20.438861846923828 72
1777209167939 19.435592651367188 73
1777209168335 18.36684226989746 74
1777209168726 18.60788917541504 75
1777209169113 19.49664306640625 76
1777209170267 18.310810089111328 77
1777209170804 20.443424224853516 78
1777209171195 17.211339950561523 79
1777209171584 20.845096588134766 80
1777209172003 16.37415885925293 81
1777209172394 17.324167251586914 82
1777209172813 16.652860641479492 83
1777209173203 20.001911163330078 84
1777209173604 17.022863388061523 85
1777209173992 20.463315963745117 86
1777209174380 18.677631378173828 87
1777209174770 17.776399612426758 88
1777209175156 19.545387268066406 89
1777209175546 18.796533584594727 90
1777209175940 16.642019271850586 91
1777209177858 17.298479080200195 92
1777209178247 19.225542068481445 93
1777209178642 17.02573585510254 94
1777209179032 14.579048156738281 95
1777209179421 16.47479248046875 96
1777209179809 14.192773818969727 97
1777209180197 16.50337028503418 98
1777209180964 17.445613861083984 99
1777209181351 15.82436752319336 100
1777209181734 17.366836547851562 101
1777209182120 16.19448471069336 102
1777209182506 17.007749557495117 103
1777209182925 16.725595474243164 104
1777209183318 17.092851638793945 105
1777209183711 15.332119941711426 106
1777209184103 15.840597152709961 107
1777209184497 16.05094337463379 108
1777209185659 16.73499298095703 109
1777209186050 17.152565002441406 110
1777209186440 16.993728637695312 111
1777209187590 16.001680374145508 112
1777209187981 16.794591903686523 113
1777209188368 14.265471458435059 114
1777209188760 15.299480438232422 115
1777209189149 16.9040470123291 116
1777209189542 15.417872428894043 117
1777209189929 15.364850997924805 118
1777209191913 16.19139289855957 119
1777209193053 15.823781967163086 120
1777209193450 14.834474563598633 121
1777209200231 15.082853317260742 122
1777209200626 14.560965538024902 123
1777209201103 14.720458030700684 124
1777209201501 15.107071876525879 125
1777209201900 15.72475814819336 126
1777209202654 13.6156644821167 127
1777209206283 14.929917335510254 128
1777209206685 14.466405868530273 129
1777209207299 15.519547462463379 130
1777209211218 15.824225425720215 131
1777209211610 14.029232025146484 132
1777209212771 14.846933364868164 133
1777209213170 15.379340171813965 134
1777209213574 14.988397598266602 135
1777209214011 13.54784107208252 136
1777209214416 15.274598121643066 137
1777209214817 13.654601097106934 138
1777209216737 13.5675630569458 139
1777209217289 13.787843704223633 140
1777209217701 12.803587913513184 141
1777209218115 13.62775993347168 142
1777209218528 13.601641654968262 143
1777209219248 13.649297714233398 144
1777209220565 13.850934982299805 145
1777209220954 14.435816764831543 146
1777209221340 13.077850341796875 147
1777209221827 14.544323921203613 148
1777209222984 12.933744430541992 149
1777209223374 12.782855987548828 150
1777209223776 14.17198657989502 151
1777209224166 13.696678161621094 152
1777209224558 13.003692626953125 153
1777209224977 14.983736038208008 154
1777209225371 12.970353126525879 155
1777209228908 14.239383697509766 156
1777209230779 12.938504219055176 157
1777209231169 13.279739379882812 158
1777209233225 11.752820014953613 159
1777209233656 13.92784595489502 160
1777209238894 12.245636940002441 161
1777209240418 13.332923889160156 162
1777209241360 12.875048637390137 163
1777209242483 12.827961921691895 164
1777209246610 12.333756446838379 165
1777209252575 12.475244522094727 166
1777209253012 13.299128532409668 167
1777209253465 13.068610191345215 168
1777209253894 14.358203887939453 169
1777209254312 13.985809326171875 170
1777209257154 13.034090995788574 171
1777209259923 14.824437141418457 172
1777209261172 12.6815185546875 173
1777209262825 12.327197074890137 174
1777209263447 13.07470703125 175
1777209263938 12.406737327575684 176
1777209264392 12.84891414642334 177
1777209264883 12.014290809631348 178
1777209265688 12.561054229736328 179
1777209266105 13.256012916564941 180
1777209266521 12.760937690734863 181
1777209266943 13.686397552490234 182
1777209267374 11.327526092529297 183
1777209267925 12.0920991897583 184
1777209269004 11.345467567443848 185
1777209269410 14.412126541137695 186
1777209270186 12.404306411743164 187
1777209270590 11.905558586120605 188
1777209272244 12.779288291931152 189
1777209272653 13.310362815856934 190
1777209273068 12.613014221191406 191
