1777435646251 155.00942014737893 1
1777435647263 146.0515068085559 2
1777435648286 133.22964922848408 3
1777435649275 116.15207770678553 4
1777435650352 97.54453730961188 5
1777435651367 77.33020875206151 6
1777435652574 55.528069460874995 7
1777435653568 35.76090517004867 8
1777435654595 24.986264366019984 9
1777435655596 22.16966064775683 10
1777435656590 18.299133710698808 11
1777435657583 16.30447781260967 12
1777435658580 15.762706483313426 13
1777435659577 15.24565273134833 14
1777435660580 15.746602029850814 15
1777435661614 14.915240474259651 16
1777435662616 14.235925914117049 17
1777435663649 13.417534982185117 18
1777435664659 12.959704622547555 19
1777435665663 12.031414058862262 20
1777435666671 11.326632110497144 21
1777435667670 13.002663684605292 22
1777435668692 12.19902152141542 23
1777435669715 12.542728611111151 24
1777435670708 12.862168080234136 25
1777435671718 12.184501920107596 26
1777435672776 10.675399732113725 27
1777435673771 11.74172812465773 28
1777435674789 10.544017939587166 29
1777435675774 11.000779487914501 30
1777435676761 10.805968705164426 31
1777435677752 10.24566833621533 32
1777435678744 9.591368153315043 33
1777435679738 10.197466283844138 34
1777435680754 9.427491679166389 35
1777435681766 9.498463391557694 36
1777435682772 9.818370862491538 37
1777435683770 9.22758388183289 38
1777435684779 9.891155993875447 39
1777435685787 8.695754548205533 40
1777435686779 8.791752240690005 41
1777435687801 8.959955564332022 42
1777435688983 9.007729106696997 43
1777435689986 8.938184210642323 44
1777435690998 8.871753727346746 45
1777435691991 8.828895880765797 46
1777435692992 8.283871419977176 47
1777435693998 7.828490209103471 48
1777435694992 7.444918631947328 49
1777435696009 7.4328415748027234 50
1777435697018 8.236150908456153 51
1777435698010 7.667391727478869 52
1777435699014 7.704698077104964 53
1777435700029 7.59403818828249 54
1777435701024 7.722652854180238 55
1777435702213 7.259235676358324 56
1777435703214 7.853903865086213 57
1777435704218 7.724569779595976 58
1777435705234 6.946157020886925 59
1777435706245 6.917213706499818 60
1777435707265 7.542564907006775 61
1777435708264 7.0368987591352035 62
1777435709267 6.840059544153936 63
1777435710268 6.8078935984926785 64
1777435711263 6.343344347937556 65
1777435712281 6.586784690951013 66
1777435713270 6.197410839974565 67
1777435714285 6.413482005219564 68
1777435715316 6.31209424489817 69
1777435716357 6.02424017569631 70
1777435717362 6.410894127922484 71
1777435718389 6.017680051112553 72
1777435719404 5.965682666720324 73
1777435720424 5.849523972708971 74
1777435721429 5.570279792554926 75
1777435722450 5.8820614512360105 76
1777435723448 6.042591630047514 77
1777435724445 5.623347868166177 78
1777435725438 5.873947763190995 79
1777435726440 5.3997899790196575 80
1777435727441 5.202882915402747 81
1777435728432 5.868663018406383 82
1777435729455 5.040177198556753 83
1777435730470 5.181903869911144 84
1777435731883 5.489065955683405 85
1777435732888 4.927930526710998 86
1777435733884 4.896249734438383 87
1777435734893 5.03379192509094 88
1777435735883 5.312999213504847 89
1777435736887 4.808047151537552 90
1777435737871 5.861783252767584 91
1777435738890 5.100810727440324 92
1777435739920 5.306636656863649 93
1777435740914 4.885476343504346 94
1777435741898 5.213969303451422 95
1777435742903 5.217296613781717 96
1777435743902 4.548141346912978 97
1777435744909 4.682018322029046 98
1777435745916 4.73992495892402 99
1777435746932 4.78866487968969 100
1777435747968 4.629029800103681 101
1777435749026 4.812139266389857 102
1777435750082 4.14777267224216 103
1777435751121 4.527902155992079 104
1777435752153 4.479345428054639 105
1777435753200 4.686410212474785 106
1777435754241 4.4957067959461225 107
1777435755277 4.261104800178945 108
1777435756318 4.520390013002047 109
1777435757543 4.058624005359688 110
1777435758580 4.0760261829082785 111
1777435759604 4.244882870336455 112
1777435760658 4.469983172010689 113
1777435761695 4.536904366101788 114
1777435762747 4.194505475369609 115
1777435763777 4.479661251892431 116
1777435764803 4.233800336184813 117
1777435765844 4.081756490577479 118
1777435766882 4.299977705748867 119
1777435767924 4.250116838403681 120
1777435768975 3.981178028892925 121
1777435770020 4.2547405064280985 122
1777435771080 4.251490312398215 123
1777435772351 4.012348150968972 124
1777435773380 4.372891403826558 125
1777435774409 4.625292836814786 126
1777435775443 4.008264116308512 127
1777435776508 3.92083120066071 128
1777435777557 4.283067788366563 129
1777435778582 3.6161014248326606 130
1777435779625 3.99696937758154 131
1777435780647 3.7307428916062038 132
1777435781669 4.064723718747348 133
1777435783221 3.702500653000908 134
1777435784261 3.870966715037088 135
1777435785290 3.82031548842219 136
1777435786329 4.084057177366121 137
1777435787357 4.144398156993192 138
1777435788388 4.175756514387416 139
1777435789453 3.9901661623665254 140
