1777432789781 51299.546875 1
1777432790103 50600.171875 2
1777432790835 49880.5390625 3
1777432791412 49269.7890625 4
1777432791986 48631.14453125 5
1777432793125 47959.01953125 6
1777432793831 47233.64453125 7
1777432794940 46454.3359375 8
1777432796351 45628.60546875 9
1777432796640 44678.1953125 10
1777432797778 43598.84375 11
1777432798076 42477.03125 12
1777432798873 41222.74609375 13
1777432799953 39924.296875 14
1777432800884 38607.87890625 15
1777432801507 37252.59765625 16
1777432802219 35851.8046875 17
1777432803715 34380.22265625 18
1777432804372 32768.43359375 19
1777432804670 31334.900390625 20
1777432804959 29716.359375 21
1777432805242 28223.09375 22
1777432805551 26693.998046875 23
1777432806480 25092.275390625 24
1777432807719 23585.689453125 25
1777432808671 21981.259765625 26
1777432808988 20412.947265625 27
1777432809332 18943.138671875 28
1777432810289 17426.525390625 29
1777432811716 15969.291015625 30
1777432812075 14522.1259765625 31
1777432812752 13310.99609375 32
1777432813123 11808.81640625 33
1777432814651 10524.158203125 34
1777432815919 9377.3837890625 35
1777432816295 8182.1162109375 36
1777432817098 7293.56787109375 37
1777432817477 6044.126953125 38
1777432818027 5233.98486328125 39
1777432818363 4328.48828125 40
1777432818655 3661.514892578125 41
1777432819743 3329.123779296875 42
1777432820417 2662.809814453125 43
1777432821259 2365.90576171875 44
1777432821897 1992.0921630859375 45
1777432822914 1693.1427001953125 46
1777432824026 1593.1483154296875 47
1777432824395 1520.5947265625 48
1777432826192 1407.52001953125 49
1777432827533 1207.129150390625 50
1777432827983 1259.3804931640625 51
1777432828458 1165.6240234375 52
1777432828736 1088.14892578125 53
1777432829042 1039.330322265625 54
1777432829316 1143.6751708984375 55
1777432830771 887.9515380859375 56
1777432831606 1008.5472412109375 57
1777432832066 853.0459594726562 58
1777432832362 965.98291015625 59
1777432833648 798.8552856445312 60
1777432834481 804.2698364257812 61
1777432834947 746.1834716796875 62
1777432835246 753.8408203125 63
1777432835549 847.8220825195312 64
1777432836313 723.3921508789062 65
1777432837170 821.861572265625 66
1777432837866 680.17822265625 67
1777432838819 720.545654296875 68
1777432839459 713.78173828125 69
1777432840752 756.5369873046875 70
1777432841565 684.7384033203125 71
1777432841902 599.1856079101562 72
1777432842207 631.0946044921875 73
1777432842508 748.8526611328125 74
1777432842835 614.4055786132812 75
1777432843121 578.9910278320312 76
1777432843429 554.032470703125 77
1777432844040 510.2688903808594 78
1777432844358 699.0044555664062 79
1777432845041 705.909423828125 80
1777432846119 709.75927734375 81
1777432846415 672.6690673828125 82
1777432846708 506.226806640625 83
1777432847024 648.1198120117188 84
1777432847331 597.9000854492188 85
