1777300734004 -1.6559272490435013 1
1777300735149 -1.3719508724846345 2
1777300736300 -0.885170230202996 3
1777300737445 -0.28852429843183297 4
1777300738584 0.26791621476989996 5
1777300739738 0.6879421449023658 6
1777300740882 0.8621751342755758 7
1777300742029 0.9224051153464516 8
1777300743174 0.9392722941478102 9
1777300744316 0.9440946648381852 10
1777300745461 0.952352902945662 11
1777300746602 0.9548086038786225 12
1777300747744 0.9571339350998139 13
1777300748884 0.9622730998296118 14
1777300750042 0.9596894546371487 15
1777300751186 0.9629734578624471 16
1777300752325 0.9660845603534097 17
1777300753466 0.9673855888488436 18
1777300754613 0.9666651092062812 19
1777300755770 0.9693031330121211 20
1777300756906 0.9677877736195605 21
1777300758044 0.9661531683401948 22
1777300759188 0.9718387054821196 23
1777300760325 0.97120758259377 24
1777300761482 0.971144093466912 25
1777300762622 0.9743656312006884 26
1777300763761 0.9685641702180071 27
1777300764904 0.9733683699557799 28
1777300766042 0.9752203280494385 29
1777300767184 0.97377361077431 30
1777300768319 0.9712291113213432 31
1777300769459 0.9761562600093517 32
1777300770595 0.975739267777389 33
1777300771755 0.9792988002429069 34
1777300772899 0.9787723859245933 35
1777300774039 0.9789327215722563 36
1777300775179 0.9796502619891815 37
1777300776309 0.9797692648672373 38
1777300777446 0.9829024918840622 39
1777300778577 0.9828707080237956 40
1777300779719 0.982034764445127 41
1777300780865 0.9841663055271959 42
1777300782003 0.9834064570856771 43
1777300783157 0.9839737571693684 44
1777300784299 0.9829855504001989 45
1777300785441 0.9829335129058675 46
1777300786582 0.9862028945050694 47
1777300787729 0.9863304886818755 48
1777300788867 0.9844502648897249 49
1777300790012 0.9870663499479052 50
1777300791150 0.9867981175654389 51
1777300792292 0.9868930315319918 52
1777300793449 0.9890493950247498 53
1777300794592 0.9870039097999463 54
1777300795732 0.9866262083484975 55
1777300796859 0.9872276146207509 56
1777300797985 0.9887369529310244 57
1777300799110 0.9883948569430039 58
1777300800243 0.9892350155548872 59
1777300801388 0.9883151045767826 60
1777300802532 0.9892401164645317 61
1777300803677 0.9877343266112095 62
1777300804836 0.9883149186863951 63
1777300805985 0.9885920854760016 64
1777300807146 0.9898093356149135 65
1777300824342 0.9900532943593973 66
1777300825488 0.9895329783565522 67
1777300826645 0.9903083156297118 68
1777300827785 0.9904756866751127 69
1777300828931 0.9905837478901024 70
1777300830079 0.989673126416213 71
1777300831225 0.9891567852728811 72
1777300832365 0.9899016449744871 73
1777300833511 0.9910234786952421 74
1777300834659 0.9910941146382808 75
1777300835803 0.9903778821472597 76
1777300836970 0.9909373052250426 77
1777300838111 0.9917609722029115 78
1777300839253 0.9883550205443413 79
1777300840400 0.9901311064222925 80
1777300841545 0.9918047370118378 81
1777300842687 0.9915615767186882 82
1777300843824 0.991782078173139 83
1777300844964 0.9921481941473967 84
1777300846102 0.9911424247154222 85
1777300847240 0.9917611461540841 86
1777300848405 0.9911847415561038 87
1777300849543 0.9924406019669252 88
1777300850691 0.9898683639077899 89
1777300851831 0.9917345602640057 90
1777300852971 0.9925376395106733 91
1777300854108 0.9914926125755714 92
1777300855251 0.9915703045910311 93
1777300856393 0.9930019095315317 94
1777300857529 0.9930530914749468 95
1777300858683 0.9925280627181371 96
1777300859833 0.9923248992837733 97
1777300860980 0.9921446227026939 98
1777300862116 0.9923147738424495 99
1777300863253 0.9925862282512348 100
1777300864398 0.9918022303695901 101
1777300865535 0.9920951942795696 102
1777300866676 0.992961509469432 103
1777300867807 0.9930130913660319 104
1777300868925 0.9935257930769221 105
1777300870056 0.9930358815226559 106
1777300871177 0.9933732359067242 107
1777300872305 0.9916902152384324 108
1777300873449 0.9929792632352731 109
1777300874591 0.9922714121853836 110
1777300875742 0.9924527830728097 111
1777300876884 0.992632347546176 112
1777300878025 0.993309249105392 113
1777300879168 0.9935403135186087 114
1777300880316 0.9938011205937082 115
1777300881474 0.9930329059302185 116
1777300882620 0.9934460582008601 117
1777300883765 0.9934903774531657 118
1777300884907 0.9934109699111794 119
1777300886053 0.9926407504933177 120
1777300887192 0.9933463941041479 121
1777300888336 0.9931414603962688 122
1777300889476 0.9933758386762056 123
1777300890634 0.9936124664752548 124
1777300891765 0.994000511951455 125
1777300892884 0.9934859674405965 126
1777300894004 0.992713277828911 127
1777300895118 0.9942787751625535 128
1777300896251 0.9933688189868354 129
1777300897395 0.9933774195780417 130
