1777130745803 173.6179094788347 1
1777130749672 165.13920327860455 2
1777130750949 153.76407477124124 3
1777130752233 136.28499038223632 4
1777130753574 112.10132227261676 5
1777130854844 86.18957533889316 6
1777130859873 61.85980713898365 7
1777130958970 39.59688383600713 8
1777130965259 26.78604965254551 9
1777131030729 19.678950301615693 10
1777131031879 17.894736156318704 11
1777131033033 16.31744365246236 12
1777131034197 15.761908485595418 13
1777131035339 14.674987988720018 14
1777131036474 14.207746844177425 15
1777131037773 13.407661049384112 16
1777131038916 13.158538213157989 17
1777131040059 13.243829243256988 18
1777131041204 12.188078678093202 19
1777131042353 12.270804212025075 20
1777131090854 11.412537870290056 21
1777131092042 11.791166354145382 22
1777131093245 11.796395958967894 23
1777131094443 10.875103855244532 24
1777131111314 10.517891263320807 25
1777131112551 9.884333310776604 26
1777131133257 9.896421921092958 27
1777131134543 9.896189935551549 28
1777131202717 9.28325914174475 29
1777131265683 9.503133326674817 30
1777131328215 9.393285282030222 31
1777131329422 9.662471236937371 32
1777131330617 9.342864020228873 33
1777131331812 8.4393721163029 34
1777131332993 8.567269332335053 35
1777131334176 8.157738634775006 36
1777131335361 8.742971372465025 37
1777131336547 8.496663651279649 38
1777131337734 7.926087450688517 39
1777131338917 7.435910588882598 40
1777131340118 8.366969532913663 41
1777131341307 7.524806868632867 42
1777131342496 8.018464437024347 43
1777131343681 7.428061739733733 44
1777131344870 7.52667760720802 45
1777131346056 7.756246876563335 46
1777131347243 7.065293156396987 47
1777131449330 7.277930570833171 48
1777131450519 7.0570924955108305 49
1777131451748 6.852050745800739 50
1777131452960 6.802262805289932 51
1777131454168 7.142357134749359 52
1777131455379 6.848967688018157 53
