1777245741527 194.43622153624898 1
1777245743599 183.36351721976638 2
1777245745853 164.7888601984288 3
1777245748159 136.24655802790565 4
1777245750258 100.27586876742639 5
1777245752605 67.73353049283044 6
1777245769560 48.43680764677115 7
1777245778983 39.35362035921658 8
1777245784234 35.35135537625932 9
1777245799353 32.9810618035472 10
1777245837425 31.794570131349236 11
1777245843993 30.72142562172174 12
1777245853712 29.734390765717865 13
1777245858856 28.908903624171085 14
1777245865763 27.216165248139458 15
1777245872789 28.322065475788513 16
1777245876083 27.120500112977375 17
1777245878175 26.523041329662483 18
1777245884863 25.844635071300253 19
1777245888832 26.30136691456853 20
1777245895522 25.300302275240576 21
1777245926138 25.31886431614243 22
1777245928410 24.757751539908888 23
1777245934812 23.805866317006668 24
1777245940579 24.06885294214386 25
1777245963349 25.143670038485176 26
1777245968913 24.20456291366185 27
1777245973073 23.565164732946283 28
1777245978830 23.694475509714934 29
1777245985248 23.613322441183314 30
1777246010086 23.17535067151145 31
1777246012720 23.147319779138005 32
1777246015181 23.343361523927797 33
1777246018685 23.34919392514378 34
1777246022144 22.690564976928453 35
1777246037325 22.56061120557961 36
1777246053974 22.682591700845048 37
1777246059135 21.74315792594535 38
1777246061094 22.397776466145768 39
1777246066717 21.94662677848685 40
1777246093644 21.454072290120408 41
1777246096269 21.066292191952712 42
1777246098461 20.935040156525098 43
1777246101460 21.021748387000414 44
1777246104025 20.783826979786436 45
1777246106992 20.86139490927079 46
1777246111094 20.47016683545551 47
1777246115394 20.580211172465646 48
1777246121552 20.454783851327484 49
1777246126712 19.632810477413365 50
1777246134437 19.07308354547458 51
1777246144382 19.157896574103926 52
1777246180689 18.935041787440575 53
1777246182920 19.025261568518548 54
1777246184804 18.63792048855786 55
1777246186723 18.853627152116125 56
1777246189817 18.368506544655077 57
1777246195792 18.16382693524026 58
1777246203981 18.423495923449686 59
1777246218028 18.03348415513717 60
1777246221941 17.64037910071948 61
1777246226482 17.9444668559535 62
1777246231495 18.079170751789093 63
1777246258854 17.64781048281163 64
1777246278815 17.59424723292252 65
1777246303401 17.85004795699701 66
1777246309935 17.260563138588605 67
1777246317903 17.138530620882356 68
1777246322461 17.18411328616268 69
1777246330131 17.349292105980403 70
1777246334601 16.967927632640034 71
1777246397017 16.688471137735306 72
1777246398875 16.822535099412868 73
1777246400646 16.872316940647462 74
1777246402415 16.397058130731107 75
1777246404182 16.60943612311113 76
1777246406338 16.87655380984035 77
1777246408696 16.48723641041638 78
1777246410913 16.220629599811826 79
1777246413110 16.242367664891226 80
1777246414873 16.715150960579887 81
1777246416634 16.45593195586934 82
1777246418452 15.913781763845218 83
1777246420223 15.96218586346319 84
1777246422356 15.843270176143117 85
1777246424615 15.712026649781503 86
1777246426957 16.19237912899018 87
1777246429238 15.711099948426275 88
1777246431545 15.633774781162646 89
1777246433857 16.15905676118749 90
1777246435935 15.758996622757923 91
1777246473533 15.782048453744201 92
1777246475368 15.353472164394528 93
1777246477318 15.409073135065672 94
1777246479913 15.21420456524731 95
1777246484057 15.023734991786332 96
1777246488190 15.359245411994612 97
1777246515288 15.609637395624542 98
1777246536200 15.31610745235653 99
1777246542416 15.134413058058005 100
1777246602122 15.233096010043857 101
1777246603915 15.124606542773979 102
1777246605902 15.196056295496609 103
1777246608161 14.748002867504965 104
1777246610050 15.2576244870653 105
1777246612511 14.920100720495554 106
1777246616561 14.837818022583045 107
1777246620169 14.721088245530504 108
1777246623971 14.515478788363819 109
1777246628710 14.436127596680564 110
1777246638207 14.632561702260173 111
1777246640839 14.462715909168315 112
1777246645116 14.457163708654411 113
1777246721508 14.316781182319213 114
1777246723296 14.574767763094021 115
1777246725069 14.218666473605273 116
1777246726847 14.789493179207062 117
1777246728630 14.23524326262926 118
1777246730450 14.338295349493055 119
1777246732278 14.371680249973744 120
1777246734129 14.066362618922529 121
1777246747062 14.051415490171369 122
1777246750881 14.18239726717296 123
1777246756476 14.604075512426245 124
1777246760310 14.733208848968763 125
1777246783589 13.970539008772828 126
1777246797778 14.388835451721002 127
1777246800857 14.22954642072998 128
1777246804581 13.907221763321527 129
1777246809067 14.399779521845167 130
1777246812995 14.27310745969801 131
1777246817916 13.663474799087108 132
1777246837523 13.80835009345508 133
1777246842986 13.75372099386795 134
1777246847899 13.906700702919034 135
1777246851770 13.52851639411108 136
1777246855239 13.60997831241177 137
1777246859367 13.687210544747426 138
1777246865075 13.50149639611772 139
1777246870296 13.518996652724516 140
1777246875171 13.838013928285907 141
1777246906285 13.698987839044193 142
1777246920849 13.341142017094441 143
1777246926479 13.685348093524283 144
1777246930926 13.405688922458676 145
1777246937472 13.325547540169097 146
1777246945055 13.557034709382261 147
1777246952692 13.344265251686489 148
1777246957989 13.488232113585038 149
1777246962673 13.001681583128967 150
1777246969332 13.325160705103517 151
1777246972968 13.553955187085617 152
1777247015144 13.181333943231584 153
1777247033365 13.23573043019087 154
1777247040561 13.221603687408606 155
1777247059221 13.265537916440897 156
1777247064333 13.446618759699666 157
1777247068099 13.43642546208319 158
1777247072973 13.26573487649778 159
1777247077984 13.059597247281562 160
1777247104364 12.868048586940327 161
1777247107465 13.223139812729631 162
1777247109859 12.913649976422203 163
1777247112971 13.050412175764777 164
1777247136096 13.088558570986738 165
1777247140563 12.839271406299705 166
1777247144066 13.145843807459139 167
1777247148473 13.022373993069332 168
1777247152614 13.014938707829828 169
1777247158506 12.757951121426725 170
1777247164638 13.320873106002063 171
1777247170937 12.840182812464226 172
1777247175358 12.771613348004848 173
1777247178871 12.885518838820385 174
1777247183798 12.891555063295376 175
1777247212168 12.778466037619562 176
1777247215025 12.459541022186198 177
1777247218250 12.5345574763488 178
1777247222420 12.784968787285806 179
1777247227580 12.587018746055476 180
1777247234006 12.877766631773508 181
1777247240574 12.87185017600957 182
1777247244479 12.58074942728824 183
1777247252783 12.600770347182493 184
1777247260319 12.814687227084343 185
1777247263961 12.590298125934583 186
1777247280376 12.689743656231272 187
1777247283358 12.330427549692477 188
1777247287681 12.386663078342835 189
1777247291800 12.400663497012982 190
1777247760585 12.590066597682727 191
1777247768822 12.438355171069094 192
1777247773310 12.702085737250801 193
