1777245741527 151.75469687623158 1
1777245743599 138.7413251610821 2
1777245745853 120.10591416265561 3
1777245748159 93.06053337255642 4
1777245750258 62.09218261084854 5
1777245752605 39.42390426182959 6
1777245769560 27.86877070825956 7
1777245778983 22.789243233111918 8
1777245784234 20.4680304038843 9
1777245799353 19.049640799276197 10
1777245837425 18.289841990711427 11
1777245843993 17.516912110099454 12
1777245853712 16.89126576001991 13
1777245858856 16.33010757038784 14
1777245865763 15.346366544548058 15
1777245872789 16.03923142769924 16
1777245876083 15.16602949465064 17
1777245878175 14.687828486185046 18
1777245884863 14.270069830240764 19
1777245888832 14.629062726165138 20
1777245895522 13.812070066299212 21
1777245926138 13.87805507558036 22
1777245928410 13.501422468009972 23
1777245934812 12.892576777517618 24
1777245940579 13.016055394294353 25
1777245963349 13.654932731888769 26
1777245968913 12.965039723563265 27
1777245973073 12.533694665891835 28
1777245978830 12.717407170304204 29
1777245985248 12.497903274400297 30
1777246010086 12.29003169447449 31
1777246012720 12.273582559466716 32
1777246015181 12.44536394407912 33
1777246018685 12.24169048343285 34
1777246022144 11.9264042161551 35
1777246037325 11.905455262498261 36
1777246053974 11.820432879733756 37
1777246059135 11.281523398334265 38
1777246061094 11.73415448582137 39
1777246066717 11.422420400398774 40
1777246093644 11.029415967414923 41
1777246096269 10.856140019787524 42
1777246098461 10.80379585220835 43
1777246101460 10.807299735864476 44
1777246104025 10.630930706103406 45
1777246106992 10.783282347659329 46
1777246111094 10.513722170368501 47
1777246115394 10.556760738497317 48
1777246121552 10.538095940496518 49
1777246126712 9.966585258800835 50
1777246134437 9.631395709549992 51
1777246144382 9.729600778800444 52
1777246180689 9.537726677065434 53
1777246182920 9.680353533125066 54
1777246184804 9.33345476620275 55
1777246186723 9.506299620948136 56
1777246189817 9.204195806633471 57
1777246195792 9.109424824360923 58
1777246203981 9.287086237785724 59
1777246218028 9.021063127376205 60
1777246221941 8.74461619357327 61
1777246226482 9.027368750501457 62
1777246231495 8.993379940066918 63
1777246258854 8.756934663449975 64
1777246278815 8.7640570078547 65
1777246303401 8.866603580101307 66
1777246309935 8.435980267057786 67
1777246317903 8.482622553884806 68
1777246322461 8.429791234862558 69
1777246330131 8.487373206028245 70
1777246334601 8.38224316967701 71
1777246397017 8.166283653213998 72
1777246398875 8.192438877683012 73
1777246400646 8.23501587061217 74
1777246402415 7.853289201153492 75
1777246404182 8.077989458542548 76
1777246406338 8.23218613327434 77
1777246408696 7.968874745468004 78
1777246410913 7.738362439039553 79
1777246413110 7.826565647408233 80
1777246414873 8.21812762421741 81
1777246416634 7.935366167243935 82
1777246418452 7.602837788499781 83
1777246420223 7.629405108035849 84
1777246422356 7.574363438807184 85
1777246424615 7.500920337484569 86
1777246426957 7.771172557004482 87
1777246429238 7.479148824901185 88
1777246431545 7.55593358546407 89
1777246433857 7.7358436332046105 90
1777246435935 7.453838530860244 91
1777246473533 7.4894492849468834 92
1777246475368 7.290552519167212 93
1777246477318 7.246692864618952 94
1777246479913 7.147225954185961 95
1777246484057 6.994298177204075 96
1777246488190 7.268952224459776 97
1777246515288 7.372916802256326 98
1777246536200 7.2341707626931395 99
1777246542416 7.132483661436539 100
1777246602122 7.055286558530451 101
1777246603915 7.105136388048574 102
1777246605902 7.133970448864674 103
1777246608161 6.925803800350835 104
1777246610050 7.135125862766798 105
1777246612511 6.9380114294442645 106
1777246616561 6.913576500720016 107
1777246620169 6.8122665170958205 108
1777246623971 6.624421210359749 109
1777246628710 6.683427852211791 110
1777246638207 6.782799961814541 111
1777246640839 6.636828901477666 112
1777246645116 6.6754168148776545 113
1777246721508 6.637723272136835 114
1777246723296 6.736917485200333 115
1777246725069 6.489261609312335 116
1777246726847 6.848235551115313 117
1777246728630 6.538354200821602 118
1777246730450 6.564534461307242 119
1777246732278 6.527580051874902 120
1777246734129 6.445618667489343 121
1777246747062 6.421424548265135 122
1777246750881 6.401396680996043 123
1777246756476 6.718094334814598 124
1777246760310 6.794298288588708 125
1777246783589 6.3602015131941885 126
1777246797778 6.5599760224203685 127
1777246800857 6.5283440885911705 128
1777246804581 6.267836860634099 129
1777246809067 6.5829629404537755 130
1777246812995 6.506862271589059 131
1777246817916 6.179922529497911 132
1777246837523 6.167989388304577 133
1777246842986 6.189340757658644 134
1777246847899 6.282317988285325 135
1777246851770 6.0510746001065305 136
1777246855239 6.131492954672975 137
1777246859367 6.13740905274977 138
1777246865075 6.037762284604307 139
1777246870296 5.984202115656006 140
1777246875171 6.211663372368062 141
1777246906285 6.080481448414064 142
1777246920849 5.941905321183474 143
1777246926479 6.144889813318451 144
1777246930926 5.957590599512842 145
1777246937472 5.876037792013378 146
1777246945055 6.031146594084335 147
1777246952692 5.901041113743089 148
1777246957989 5.913211239155393 149
1777246962673 5.777532794058146 150
1777246969332 5.906367652847788 151
1777246972968 6.065154868785281 152
1777247015144 5.834893106692623 153
1777247033365 5.841727622906602 154
1777247040561 5.830770152287243 155
1777247059221 5.85715960731846 156
1777247064333 5.9672154019635935 157
1777247068099 5.9145849718042935 158
1777247072973 5.850233338126797 159
1777247077984 5.712048215781192 160
1777247104364 5.5915256049724995 161
1777247107465 5.814612627906686 162
1777247109859 5.610546346262583 163
1777247112971 5.692464444134992 164
1777247136096 5.742403274445576 165
1777247140563 5.606955715485072 166
1777247144066 5.755115189255168 167
1777247148473 5.690988113448599 168
1777247152614 5.74853837270765 169
1777247158506 5.516362576470531 170
1777247164638 5.803279799226484 171
1777247170937 5.510127956775246 172
1777247175358 5.535124844684091 173
1777247178871 5.650531534257204 174
1777247183798 5.6314759451982175 175
1777247212168 5.585721843476112 176
1777247215025 5.366895353390838 177
1777247218250 5.372430880402245 178
1777247222420 5.575231699844497 179
1777247227580 5.488020569945655 180
1777247234006 5.533695807131532 181
1777247240574 5.562201848751713 182
1777247244479 5.427740575184808 183
1777247252783 5.378320227206991 184
1777247260319 5.494171644261754 185
1777247263961 5.383135898375016 186
1777247280376 5.4943796627599335 187
1777247283358 5.24510209969314 188
1777247287681 5.303922307724768 189
1777247291800 5.258287078053732 190
1777247760585 5.394238839644706 191
1777247768822 5.294298034011433 192
1777247773310 5.369337991437148 193
