1777121437162 204.61815619282174 1
1777121437803 201.87446787855566 2
1777121438437 199.32057446799112 3
1777121439069 196.08883708985067 4
1777121439701 191.79716458735777 5
1777121440333 186.21204520988968 6
1777121440968 179.84183046325734 7
1777121441601 172.90758573042712 8
1777121442234 165.19947695891776 9
1777121442890 157.3412828753948 10
1777121443523 148.07722066965601 11
1777121444159 139.0870764799879 12
1777121444792 128.9190334570501 13
1777121445424 116.92926965290812 14
1777121446060 104.57962258938163 15
1777121446828 91.46603813882233 16
1777121447460 79.24075754464997 17
1777121448096 68.06421098056047 18
1777121448737 58.460909833115196 19
1777121449366 48.36386287737855 20
1777121449998 41.93361394532583 21
1777121450629 39.64971903717052 22
1777121451259 33.78863709992329 23
1777121451891 32.34518225995469 24
1777121452527 31.23566272670651 25
1777121453159 30.88097048958964 26
1777121453821 28.83387159017856 27
1777121454459 27.689274509303463 28
1777121455094 29.569574586235383 29
1777121455730 27.73280035142559 30
1777121456368 25.270222940854097 31
1777121457001 26.990130846032176 32
1777121457635 26.76853001602348 33
1777121458269 24.720777117418102 34
1777121458897 23.731636095259265 35
1777121459528 25.18923133976663 36
1777121460163 24.205660525274737 37
1777121460809 25.4296118950489 38
1777121461446 23.226373296403946 39
1777121462084 23.65243503543491 40
1777121462725 23.156048360711154 41
1777121463365 23.061323595927746 42
1777121464024 22.24229589234214 43
1777121464663 20.896918753225467 44
1777121465303 20.724409018121378 45
1777121465937 21.86782876315006 46
1777121466576 23.746011178195804 47
1777121467212 23.95544748810735 48
1777121467850 23.745400716260427 49
1777121468485 21.058559332076307 50
1777121469119 23.259949882892858 51
1777121469753 21.069210262697318 52
1777121470389 23.397139728200486 53
1777121471028 20.53642646644539 54
1777121471666 21.928379347338492 55
1777121472299 20.932396474555148 56
1777121472934 22.618254778358786 57
1777121473595 21.13536693203036 58
1777121474236 23.646660457266478 59
1777121474872 23.13136789435641 60
1777121475507 19.601365551770638 61
1777121476141 24.398582592428014 62
1777121476786 21.522720042488675 63
1777121477421 21.069449978870104 64
1777121478056 22.322391999297757 65
1777121478690 20.309441626727534 66
1777121479329 20.080005839677547 67
1777121479965 18.897096344257246 68
1777121480603 19.977075790237826 69
1777121481241 18.63488834741714 70
1777121481877 18.723999713821915 71
1777121482513 20.516982324910824 72
1777121483150 18.73825559918507 73
1777121483815 18.237544577781367 74
1777121484453 19.501368547979926 75
1777121485093 20.337804250662884 76
1777121485733 18.74712380283723 77
1777121486375 17.87314238599357 78
1777121487011 16.904999917681067 79
1777121487647 15.924642485194134 80
1777121488283 18.908497574307116 81
1777121488916 18.516510889935756 82
1777121489554 17.633906285304633 83
1777121490188 17.17836849046325 84
1777121490836 20.386050732133604 85
1777121491473 17.35845291064765 86
1777121492111 16.42798411581211 87
1777121492749 16.021939494518623 88
1777121493383 18.77271004234563 89
1777121494049 17.810247767426183 90
1777121494684 16.88905664550273 91
1777121495320 16.955901450354702 92
1777121495958 16.064214592643975 93
1777121496596 15.761233244536161 94
1777121497229 15.568142155405006 95
1777121497867 16.559423542401486 96
1777121498499 16.006034666710963 97
1777121499132 16.025894192461422 98
1777121499767 14.441863222246571 99
1777121500404 15.534950475598462 100
1777121501035 16.311268025497263 101
1777121501664 15.921769580735404 102
1777121502299 15.37705223219205 103
1777121502931 14.36417624948162 104
1777121503573 15.075727930413043 105
1777121504238 14.529191197399323 106
1777121504876 14.182326394425134 107
1777121505515 15.22858513775497 108
1777121506149 15.000152078493395 109
1777121506786 14.080464328565583 110
1777121507425 15.52558608369383 111
1777121508057 13.479191885702999 112
