1777209430202 151.51914315359934 1
1777209431291 139.10044778006417 2
1777209432375 120.18277682349796 3
1777209433456 92.83939457121349 4
1777209434565 62.967482299804686 5
1777209435663 38.04534852527437 6
1777209436746 24.429762151808966 7
1777209437832 19.35884480794271 8
1777209438917 16.652296843755813 9
1777209440006 15.537686767578125 10
1777209441092 14.7863052767799 11
1777209442180 13.883194245837984 12
1777209443266 14.121665442330496 13
1777209444354 13.156145044962566 14
1777209445493 12.23041993640718 15
1777209446597 11.846743144080753 16
1777209447687 12.389424256824311 17
1777209448777 11.643684547061012 18
1777209449874 11.394120101928712 19
1777209450972 11.935974564325242 20
1777209452064 10.814055818830218 21
1777209453162 10.959590871901739 22
1777209454254 10.857346809023902 23
1777209455369 10.5741405523391 24
1777209456507 11.620480135963076 25
1777209457604 10.742501812889463 26
1777209458697 10.004431177775064 27
1777209459792 10.417964739118304 28
1777209460884 10.736177593412853 29
1777209461977 10.011037397838773 30
1777209463077 10.249956270853678 31
1777209464175 9.212868107386997 32
1777209465279 9.251958676292782 33
1777209466377 9.472415233793713 34
1777209467514 8.595071329389299 35
1777209468611 9.16694198245094 36
1777209469703 8.12016073317755 37
1777209470791 8.212126408531553 38
1777209471916 8.359832113356818 39
1777209473192 7.499971756708054 40
1777209476274 7.472587193080357 41
1777209477742 7.318499899364653 42
1777209478870 7.8691846420651395 43
1777209479967 7.610809616815477 44
1777209481062 7.27767936706543 45
1777209482152 7.182807722545806 46
1777209483262 7.871275347755069 47
1777209484376 6.734923028491792 48
1777209485554 6.951752046857561 49
1777209486645 6.51076032002767 50
1777209487733 5.923172554742722 51
1777209488919 6.712651725042434 52
1777209490022 6.298914077395485 53
1777209491135 6.596211632319859 54
1777209492251 6.404389601207915 55
1777209493414 6.098870964050293 56
1777209494522 5.833653339658465 57
1777209495636 5.917982944306873 58
1777209496737 5.404557707650321 59
1777209497840 5.899242301214309 60
1777209498938 5.602914855593727 61
1777209500088 5.672867883954729 62
1777209501265 5.518797614687965 63
1777209502386 5.468020536331903 64
1777209503482 5.413855939592634 65
1777209504609 5.2317068467821395 66
1777209505794 4.940940248398554 67
1777209506960 5.09423667271932 68
1777209508054 4.964369207109724 69
1777209509143 5.449874316624233 70
1777209510230 5.658078279041109 71
1777209511341 5.109663239433652 72
1777209512432 4.954723022097633 73
1777209513524 5.111807131086077 74
1777209514611 4.835096393766857 75
1777209515695 5.038577404930478 76
1777209516786 5.8489322698683965 77
1777209517874 5.407454508826846 78
1777209518963 4.65500121707008 79
1777209520052 4.6866415813991 80
1777209521141 4.536714581080846 81
1777209522245 4.461140617643084 82
1777209523337 4.631589181990851 83
1777209524430 4.53396196002052 84
1777209525524 4.554203000749861 85
1777209526617 4.193260387239002 86
1777209527707 4.559794357844761 87
1777209528801 4.29238647824242 88
1777209529896 4.199057463691348 89
