1777229254569 45548.48203125 1
1777229255934 43790.128125 2
1777229257304 41569.03515625 3
1777229258618 38332.009375 4
1777229259947 33538.17109375 5
1777229261267 27672.03515625 6
1777229262570 21610.06015625 7
1777229263856 16010.008984375 8
1777229265163 11192.5169921875 9
1777229266519 7090.48046875 10
1777229267829 4153.639990234375 11
1777229269161 2478.24599609375 12
1777229270535 1578.9094482421874 13
1777229271892 1257.0664306640624 14
1777229273119 1077.48564453125 15
1777229274419 1062.4052734375 16
1777229275813 871.0889526367188 17
1777229277092 880.540625 18
1777229278478 800.0399536132812 19
1777229279859 725.3758544921875 20
1777229281199 792.6598388671875 21
1777229282507 712.8037109375 22
1777229283991 718.7995239257813 23
1777229285375 792.0640625 24
1777229286798 658.9563110351562 25
1777229288113 647.87451171875 26
1777229289346 631.41083984375 27
1777229290525 629.103173828125 28
1777229291765 630.4387817382812 29
1777229293018 605.968505859375 30
1777229294360 687.9526123046875 31
1777229295697 586.2750366210937 32
1777229297156 649.4857177734375 33
1777229298494 561.2364562988281 34
1777229299842 548.6393432617188 35
1777229322623 582.57578125 36
1777229324438 507.21294555664065 37
1777229325862 605.9729125976562 38
1777229327424 521.9270629882812 39
1777229329391 576.7223388671875 40
1777229330924 561.5648315429687 41
1777229332315 578.1692016601562 42
1777229333750 503.79682006835935 43
1777229335186 513.1496887207031 44
1777229336571 583.229443359375 45
1777229337896 514.8698852539062 46
1777229339289 521.7208740234375 47
1777229340688 471.3179443359375 48
1777229342039 429.4275390625 49
1777229343394 547.9210327148437 50
1777229344723 503.64757080078124 51
1777229346065 450.234619140625 52
1777229347402 453.5180603027344 53
1777229348715 455.35875244140624 54
1777229350061 468.7535827636719 55
1777229351277 443.24379272460936 56
1777229352552 452.0454345703125 57
1777229353924 435.5971923828125 58
1777229356397 431.30421752929686 59
1777229357796 411.49469604492185 60
