1777204779580 159.99037170410156 1
1777204780194 155.4447784423828 2
1777204780798 150.7816162109375 3
1777204781396 145.1089324951172 4
1777204781995 138.35879516601562 5
1777204782595 130.06239318847656 6
1777204783232 121.20954132080078 7
1777204783830 112.068115234375 8
1777204784429 102.11969757080078 9
1777204785029 91.56352233886719 10
1777204785627 80.1617202758789 11
1777204786223 68.4935073852539 12
1777204786817 56.9859733581543 13
1777204787415 46.45610427856445 14
1777204788015 37.793521881103516 15
1777204788614 32.20896530151367 16
1777204789215 28.68514060974121 17
1777204789816 24.46248435974121 18
1777204790416 22.463823318481445 19
1777204791015 22.08716583251953 20
1777204791619 20.102827072143555 21
1777204792218 19.27098274230957 22
1777204792824 18.72784423828125 23
1777204794212 18.510955810546875 24
1777204794820 18.253633499145508 25
1777204795428 17.88380241394043 26
1777204796038 16.056201934814453 27
1777204796648 17.043134689331055 28
1777204797256 16.421375274658203 29
1777204797866 16.6126651763916 30
1777204798473 16.222543716430664 31
1777204799082 17.143821716308594 32
1777204799689 15.657750129699707 33
1777204800302 15.455145835876465 34
1777204800907 16.51366424560547 35
1777204801514 16.188627243041992 36
1777204802127 15.008824348449707 37
1777204803553 16.649574279785156 38
1777204806379 14.093128204345703 39
1777204807058 14.084736824035645 40
1777204814652 14.975081443786621 41
1777204815389 14.998292922973633 42
1777204816085 13.770942687988281 43
1777204816747 15.401740074157715 44
1777204817422 14.059479713439941 45
1777204818066 14.722079277038574 46
1777204818704 12.916873931884766 47
1777204819337 14.564855575561523 48
1777204819991 14.294363975524902 49
1777204820625 12.899420738220215 50
1777204821251 12.963500022888184 51
1777204821875 14.039844512939453 52
1777204822496 13.024560928344727 53
1777204823109 13.153945922851562 54
1777204823720 12.210227966308594 55
1777204824513 12.604045867919922 56
1777204825504 12.819293975830078 57
1777204826137 12.919624328613281 58
1777204826772 12.785438537597656 59
1777204827385 11.552411079406738 60
1777204827995 12.179852485656738 61
1777204828599 10.940311431884766 62
1777204829600 11.123526573181152 63
1777204830247 12.525893211364746 64
1777204830892 11.9688081741333 65
1777204831509 11.506391525268555 66
1777204832108 11.56480884552002 67
1777204832908 11.124730110168457 68
1777204833506 11.40153694152832 69
1777204834126 10.310317039489746 70
1777204834732 10.550753593444824 71
1777204835334 10.203801155090332 72
1777204835932 10.504755020141602 73
1777204836528 10.732481956481934 74
1777204837168 9.862692832946777 75
1777204838174 10.628966331481934 76
1777204838777 9.965615272521973 77
1777204839377 11.218783378601074 78
1777204839986 10.770087242126465 79
1777204840587 9.436355590820312 80
1777204841189 9.718812942504883 81
1777204841795 10.106673240661621 82
1777204842395 10.357589721679688 83
1777204842993 10.189143180847168 84
1777204843596 10.028060913085938 85
1777204844247 10.574892044067383 86
1777204844887 10.071558952331543 87
1777204845973 9.395670890808105 88
1777204846620 9.327875137329102 89
1777204847272 9.504548072814941 90
1777204847921 8.659049034118652 91
1777204848570 9.928908348083496 92
1777204849219 9.266212463378906 93
1777204849867 8.801261901855469 94
1777204850515 9.057435989379883 95
1777204851161 9.205510139465332 96
1777204851809 9.59667682647705 97
1777204852454 9.280320167541504 98
1777204853104 8.746277809143066 99
1777204853775 9.549583435058594 100
1777204854744 9.477989196777344 101
1777204855984 8.683218955993652 102
1777204856613 8.522751808166504 103
1777204857237 8.29476547241211 104
1777204857864 8.483298301696777 105
1777204858488 8.242708206176758 106
1777204859111 8.030317306518555 107
1777204859744 8.401080131530762 108
1777204860364 8.540472984313965 109
1777204861006 8.053918838500977 110
