1777204779580 159.9903564453125 1
1777204780194 155.44477081298828 2
1777204780798 150.7816162109375 3
1777204781396 145.10892486572266 4
1777204781995 138.35879516601562 5
1777204782595 130.06238555908203 6
1777204783232 121.20954895019531 7
1777204783830 112.06810760498047 8
1777204784429 102.11969375610352 9
1777204785029 91.56351852416992 10
1777204785627 80.16172790527344 11
1777204786223 68.49349975585938 12
1777204786817 56.985971450805664 13
1777204787415 46.456106185913086 14
1777204788015 37.793521881103516 15
1777204788614 32.20896530151367 16
1777204789215 28.685138702392578 17
1777204789816 24.462483406066895 18
1777204790416 22.463823318481445 19
1777204791015 22.08716583251953 20
1777204791619 20.102827072143555 21
1777204792218 19.27098274230957 22
1777204792824 18.72784423828125 23
1777204794212 18.51095485687256 24
1777204794820 18.253633499145508 25
1777204795428 17.883804321289062 26
1777204796038 16.056200981140137 27
1777204796648 17.043134689331055 28
1777204797256 16.421375274658203 29
1777204797866 16.612666130065918 30
1777204798473 16.222543716430664 31
1777204799082 17.14382266998291 32
1777204799689 15.657750606536865 33
1777204800302 15.455145359039307 34
1777204800907 16.513663291931152 35
1777204801514 16.188627243041992 36
1777204802127 15.008825302124023 37
1777204803553 16.649572372436523 38
1777204806379 14.09312915802002 39
1777204807058 14.084736824035645 40
1777204814652 14.975082397460938 41
1777204815389 14.998292922973633 42
1777204816085 13.770942687988281 43
1777204816747 15.401741027832031 44
1777204817422 14.0594801902771 45
1777204818066 14.722079753875732 46
1777204818704 12.916874885559082 47
1777204819337 14.564855575561523 48
1777204819991 14.294362545013428 49
1777204820625 12.899421215057373 50
1777204821251 12.963500499725342 51
1777204821875 14.039844989776611 52
1777204822496 13.024560928344727 53
1777204823109 13.153945922851562 54
1777204823720 12.210227966308594 55
1777204824513 12.604045867919922 56
1777204825504 12.819294929504395 57
1777204826137 12.919623851776123 58
1777204826772 12.785439014434814 59
1777204827385 11.552411556243896 60
1777204827995 12.179852485656738 61
1777204828599 10.940310955047607 62
1777204829600 11.123527526855469 63
1777204830247 12.525892734527588 64
1777204830892 11.968807220458984 65
1777204831509 11.506391525268555 66
1777204832108 11.564809322357178 67
1777204832908 11.124730587005615 68
1777204833506 11.401536464691162 69
1777204834126 10.310316562652588 70
1777204834732 10.550753593444824 71
1777204835334 10.203802108764648 72
1777204835932 10.504754543304443 73
1777204836528 10.732481956481934 74
1777204837168 9.86269235610962 75
1777204838174 10.628965854644775 76
1777204838777 9.965616226196289 77
1777204839377 11.21878433227539 78
1777204839986 10.770087242126465 79
1777204840587 9.436355590820312 80
1777204841189 9.7188138961792 81
1777204841795 10.106672763824463 82
1777204842395 10.35758924484253 83
1777204842993 10.18914270401001 84
1777204843596 10.028060913085938 85
1777204844247 10.574891567230225 86
1777204844887 10.071558475494385 87
1777204845973 9.395669937133789 88
1777204846620 9.32787561416626 89
1777204847272 9.504547595977783 90
1777204847921 8.65904951095581 91
1777204848570 9.928908824920654 92
1777204849219 9.266211986541748 93
1777204849867 8.801261901855469 94
1777204850515 9.057435989379883 95
1777204851161 9.205510139465332 96
1777204851809 9.59667682647705 97
1777204852454 9.28032112121582 98
1777204853104 8.746277332305908 99
1777204853775 9.549583911895752 100
1777204854744 9.477989196777344 101
1777204855984 8.68321943283081 102
1777204856613 8.52275037765503 103
1777204857237 8.294765949249268 104
1777204857864 8.483297348022461 105
1777204858488 8.242708683013916 106
1777204859111 8.030317068099976 107
1777204859744 8.401080131530762 108
1777204860364 8.540472507476807 109
1777204861006 8.053918838500977 110
