1777204779580 -1.7324465133723819 1
1777204780194 -1.6359228271109627 2
1777204780798 -1.5352013832187419 3
1777204781396 -1.4024872028996422 4
1777204781995 -1.2218369923370043 5
1777204782595 -1.0244372779513102 6
1777204783232 -0.8197401390130212 7
1777204783830 -0.6150724044612732 8
1777204784429 -0.4042522906797923 9
1777204785029 -0.19163328015389147 10
1777204785627 0.036525537841197886 11
1777204786223 0.2683680545038708 12
1777204786817 0.4708434144021099 13
1777204787415 0.6305425524391621 14
1777204788015 0.7362747694154602 15
1777204788614 0.823314237642431 16
1777204789215 0.8649238765175383 17
1777204789816 0.9086437231869987 18
1777204790416 0.9253371228192303 19
1777204791015 0.9292683899533603 20
1777204791619 0.9404857553731514 21
1777204792218 0.9475397984430003 22
1777204792824 0.9502823221411342 23
1777204794212 0.9531735215456103 24
1777204794820 0.9536069882383874 25
1777204795428 0.9573400443009857 26
1777204796038 0.9646415857039472 27
1777204796648 0.9613698735071727 28
1777204797256 0.9636612255914618 29
1777204797866 0.9630592586798952 30
1777204798473 0.9651991228620608 31
1777204799082 0.9590950758679111 32
1777204799689 0.9676455754496254 33
1777204800302 0.9669701744392092 34
1777204800907 0.9621578225360934 35
1777204801514 0.9649176956338215 36
1777204802127 0.9705304990248009 37
1777204803553 0.9612440151977486 38
1777204806379 0.9737152003223151 39
1777204807058 0.9731309917496009 40
1777204814652 0.9693532782142422 41
1777204815389 0.9707037177687861 42
1777204816085 0.9742765268212481 43
1777204816747 0.9673866037607228 44
1777204817422 0.9730462021175543 45
1777204818066 0.9711113654169075 46
1777204818704 0.9774536073104567 47
1777204819337 0.9712487714923637 48
1777204819991 0.9729995256019965 49
1777204820625 0.9775129819648064 50
1777204821251 0.9777415529981738 51
1777204821875 0.9728929822786376 52
1777204822496 0.9775000667936475 53
1777204823109 0.976475552662796 54
1777204823720 0.9804102623428944 55
1777204824513 0.97910930678564 56
1777204825504 0.9784995707246624 57
1777204826137 0.9777561636425851 58
1777204826772 0.9773564439527482 59
1777204827385 0.9819172812067567 60
1777204827995 0.9803422283391563 61
1777204828599 0.984687413919769 62
1777204829600 0.9839674461110066 63
1777204830247 0.9789733035954017 64
1777204830892 0.9806037470235758 65
1777204831509 0.9831273519417074 66
1777204832108 0.9820990884071573 67
1777204832908 0.9830045162619778 68
1777204833506 0.9822817094960686 69
1777204834126 0.9861670215112538 70
1777204834732 0.9854745504146534 71
1777204835334 0.9866899490167822 72
1777204835932 0.9857737414338696 73
1777204836528 0.9850740827775952 74
1777204837168 0.9875375529042137 75
1777204838174 0.985338492519984 76
1777204838777 0.9869230423678774 77
1777204839377 0.9837115650956698 78
1777204839986 0.984469187172168 79
1777204840587 0.9888810574876525 80
1777204841189 0.9881240216395755 81
1777204841795 0.9868293620061441 82
1777204842395 0.9858429705203748 83
1777204842993 0.9867323830181547 84
1777204843596 0.9872333111106752 85
1777204844247 0.9848323580473297 86
1777204844887 0.9870273305415669 87
1777204845973 0.9890251593716487 88
1777204846620 0.9889788807644211 89
1777204847272 0.9881059623119404 90
1777204847921 0.9906403640862445 91
1777204848570 0.9875034960771845 92
1777204849219 0.9887975807446079 93
1777204849867 0.9901708980716553 94
1777204850515 0.9896357498142198 95
1777204851161 0.9889120708237178 96
1777204851809 0.9875977393848401 97
1777204852454 0.9892208534770689 98
1777204853104 0.9902276348475553 99
1777204853775 0.9883994852381323 100
1777204854744 0.9884731800888582 101
1777204855984 0.9904945930283116 102
1777204856613 0.990804219758002 103
1777204857237 0.9906902774247794 104
1777204857864 0.9912629789344909 105
1777204858488 0.9916193797381843 106
1777204859111 0.9920186333938603 107
1777204859744 0.9911751401161266 108
1777204860364 0.9906157972235756 109
1777204861006 0.991916655701186 110
