1777384791943 160.5144805908203 1
1777384792394 158.82017517089844 2
1777384792808 157.04615783691406 3
1777384793184 155.4469451904297 4
1777384793580 153.8162384033203 5
1777384793996 152.04840087890625 6
1777384794627 150.12374877929688 7
1777384796283 147.92422485351562 8
1777384796636 145.5272674560547 9
1777384796980 143.021484375 10
1777384797323 140.34593200683594 11
1777384797673 137.4727783203125 12
1777384798018 134.24966430664062 13
1777384798566 130.744140625 14
1777384798910 127.04437255859375 15
1777384799252 123.24723815917969 16
1777384799589 119.46066284179688 17
1777384799929 115.6409683227539 18
1777384800554 111.7591323852539 19
1777384800899 107.67845916748047 20
1777384801237 103.60979461669922 21
1777384801955 99.16845703125 22
1777384802299 94.78005981445312 23
1777384802645 90.20398712158203 24
1777384802999 85.25888061523438 25
1777384803370 80.32917022705078 26
1777384803727 75.41665649414062 27
1777384804238 70.67122650146484 28
1777384804777 65.44581604003906 29
1777384805129 59.98891067504883 30
1777384805483 55.69834899902344 31
1777384805842 50.1042366027832 32
1777384806420 46.507389068603516 33
1777384807052 41.625091552734375 34
1777384807407 38.52199935913086 35
1777384808082 34.673152923583984 36
1777384808470 31.12626838684082 37
1777384809084 30.19841957092285 38
1777384809740 26.99875259399414 39
1777384810274 25.85803985595703 40
1777384810642 25.26481056213379 41
1777384811472 21.93802833557129 42
1777384811818 22.811832427978516 43
1777384812177 22.91319465637207 44
1777384812538 20.00823211669922 45
1777384812881 19.537643432617188 46
1777384813475 21.16172981262207 47
1777384814067 19.951467514038086 48
1777384814426 19.419612884521484 49
1777384814840 17.957618713378906 50
1777384815202 19.217212677001953 51
1777384815572 18.479278564453125 52
1777384815943 18.51125717163086 53
1777384816335 19.26584243774414 54
1777384816702 19.376602172851562 55
1777384817131 17.290525436401367 56
1777384817598 18.131868362426758 57
1777384818837 17.47454261779785 58
1777384864813 17.4290714263916 59
1777384865176 17.432815551757812 60
1777384865532 16.119997024536133 61
1777384865876 16.160917282104492 62
1777384866229 16.67841911315918 63
1777384866887 15.682854652404785 64
1777384867248 17.398094177246094 65
1777384867600 17.029863357543945 66
1777384867946 16.354389190673828 67
1777384868298 15.265996932983398 68
1777384868656 15.20108413696289 69
1777384869176 14.8739013671875 70
1777384869566 16.6055965423584 71
1777384869920 16.269861221313477 72
1777384870270 15.536473274230957 73
1777384870629 15.943872451782227 74
1777384870982 15.095831871032715 75
1777384871338 16.4816837310791 76
1777384871692 14.531262397766113 77
1777384872044 13.327593803405762 78
1777384872399 15.392871856689453 79
1777384872752 13.8317232131958 80
1777384873118 13.840912818908691 81
1777384873460 14.902137756347656 82
1777384873805 14.695672035217285 83
1777384874164 14.950945854187012 84
1777384874513 15.520316123962402 85
1777384874880 13.793587684631348 86
1777384875241 14.936871528625488 87
1777384875596 14.174432754516602 88
1777384875950 13.358148574829102 89
1777384876305 13.800651550292969 90
1777384876660 15.80601978302002 91
1777384877014 14.469493865966797 92
1777384877372 13.465376853942871 93
1777384877894 14.384116172790527 94
1777384878234 13.234015464782715 95
1777384878617 14.48231029510498 96
1777384878969 12.843116760253906 97
1777384879311 14.844568252563477 98
1777384879657 12.79503345489502 99
1777384880003 12.585949897766113 100
1777384880391 12.647656440734863 101
1777384880730 12.615829467773438 102
1777384881105 14.164365768432617 103
1777384881650 12.789422035217285 104
1777384882004 14.364765167236328 105
1777384882360 13.588418006896973 106
1777384882711 13.921821594238281 107
1777384883070 12.600271224975586 108
1777384883419 12.602213859558105 109
1777384883767 13.62168025970459 110
1777384884116 13.914250373840332 111
1777384884468 12.39311695098877 112
1777384884815 12.162191390991211 113
1777384885179 13.132452964782715 114
1777384885531 13.0729341506958 115
1777384885885 11.718515396118164 116
1777384886230 12.007173538208008 117
1777384886585 12.176652908325195 118
1777384886940 11.247435569763184 119
1777384887294 11.007040977478027 120
1777384887662 13.115046501159668 121
1777384888012 11.706988334655762 122
1777384889128 11.882394790649414 123
1777384889475 13.105222702026367 124
1777384889810 10.812952041625977 125
1777384890157 12.022565841674805 126
1777384890836 12.383974075317383 127
1777384891196 11.272812843322754 128
1777384891553 11.962657928466797 129
1777384891898 11.719865798950195 130
1777384892251 12.363040924072266 131
1777384892609 10.364670753479004 132
1777384893422 12.121647834777832 133
1777384893768 12.713643074035645 134
1777384894125 11.183932304382324 135
1777384894477 11.922139167785645 136
1777384894835 12.813651084899902 137
1777384895196 11.026742935180664 138
1777384895547 11.066944122314453 139
1777384895909 10.95948600769043 140
1777384896259 11.35576343536377 141
1777384896604 10.83192253112793 142
1777384896952 10.728801727294922 143
1777384897302 10.841012954711914 144
1777384897645 11.545249938964844 145
1777384897998 10.2132568359375 146
1777384898356 10.845451354980469 147
1777384898727 10.09604263305664 148
1777384899076 10.6659574508667 149
1777384899428 10.643586158752441 150
1777384899793 10.431550979614258 151
1777384900142 9.566014289855957 152
1777384900512 11.233222961425781 153
1777384900865 10.652957916259766 154
1777384901222 10.105902671813965 155
1777384901579 11.123703956604004 156
1777384901926 12.41495132446289 157
1777384902274 10.364157676696777 158
1777384902618 10.42143440246582 159
1777384902970 10.403489112854004 160
1777384916872 10.251349449157715 161
1777384917245 10.396520614624023 162
1777384917626 10.592521667480469 163
1777384918010 9.914703369140625 164
1777384918393 9.849475860595703 165
1777384918767 10.62264347076416 166
1777384919156 10.61678409576416 167
1777384921370 11.179705619812012 168
1777384921773 10.235812187194824 169
1777384922148 9.737266540527344 170
1777384922521 9.350593566894531 171
1777384922892 9.914752960205078 172
1777384923260 10.385858535766602 173
1777384923611 9.879921913146973 174
1777384923964 10.42345142364502 175
1777384924326 10.806693077087402 176
1777384924692 9.548450469970703 177
1777384925066 10.079383850097656 178
1777384925467 9.729979515075684 179
1777384925871 10.287858009338379 180
1777384926330 10.194792747497559 181
1777384926709 9.30166244506836 182
1777384927082 8.710798263549805 183
1777384927461 9.74628734588623 184
1777384927838 10.693126678466797 185
1777384928209 11.562251091003418 186
1777384928588 9.788519859313965 187
1777384928976 9.436397552490234 188
1777384929419 8.814275741577148 189
1777384929879 8.765878677368164 190
1777384930343 9.547449111938477 191
1777384930778 9.074297904968262 192
1777384931216 9.765475273132324 193
1777384931642 10.237214088439941 194
1777384932097 9.063515663146973 195
1777384968736 9.656342506408691 196
1777384969460 9.431181907653809 197
1777384970489 9.224050521850586 198
1777384970842 9.3392915725708 199
1777384971190 9.363834381103516 200
1777384971922 9.171430587768555 201
1777384972268 9.833369255065918 202
1777384972605 8.843643188476562 203
1777384972946 9.163146018981934 204
1777384973300 9.052694320678711 205
1777384974043 8.706436157226562 206
1777384974703 8.5283842086792 207
1777384975057 8.620463371276855 208
1777384975419 9.04140567779541 209
1777384975767 9.55536937713623 210
