1777372197740 -2.7118004184530666 1
1777372199059 -2.4120489580294793 2
1777372200783 -1.982676378807052 3
1777372202036 -1.4596542550772935 4
1777372203309 -0.8717754036057475 5
1777372204538 -0.266096697494528 6
1777372205781 0.27281503073342606 7
1777372207041 0.6519839096331645 8
1777372208386 0.8355024759522396 9
1777372209630 0.9087443714844731 10
1777372210869 0.930410772333411 11
1777372212091 0.943749038159534 12
1777372213346 0.9522746390300171 13
1777372214572 0.9563285299020462 14
1777372215819 0.9540539302200481 15
1777372217100 0.9568494889304404 16
1777372218359 0.9627110977502726 17
1777372219603 0.964719757287428 18
1777372221031 0.9642926913765231 19
1777372222275 0.9638774386153415 20
1777372223542 0.9654507932036003 21
1777372224761 0.9677896853627468 22
1777372226028 0.9703828837690995 23
1777372227287 0.9703280326305253 24
1777372228548 0.9681823742209966 25
1777372229776 0.9708846562661982 26
1777372231225 0.9688218713428203 27
1777372232520 0.9617884041912461 28
1777372233750 0.9740346859783247 29
1777372234995 0.9755309407835706 30
1777372236300 0.9714001437339417 31
1777372237490 0.9741196689554972 32
1777372238695 0.9729035856363292 33
1777372239858 0.9640344219093967 34
1777372241043 0.9777713072146429 35
1777372242218 0.9759237974895614 36
1777372243475 0.9724008010207401 37
1777372244654 0.9766629237956533 38
1777372245837 0.9766550634888201 39
1777372247066 0.9789047487637726 40
1777372248325 0.9784495227872247 41
1777372249578 0.968328184863639 42
1777372250838 0.9772598638488589 43
1777372252366 0.9776273503008986 44
1777372253590 0.9804683822053218 45
1777372254786 0.9815025683763643 46
1777372256003 0.9802160550911478 47
1777372257225 0.9795208556742642 48
1777372258463 0.9808556148049282 49
