1777241013493 185.8780514472194 1
1777241027177 171.31857049163276 2
1777241032432 150.1834579630293 3
1777241059764 119.75318710056283 4
1777241063047 84.00894502447908 5
1777241066390 52.830470335920886 6
1777241071250 34.535358874078334 7
1777241075719 26.388849050307414 8
1777241081194 23.251375203330134 9
1777241137244 21.014366207687107 10
1777241139003 19.45965756297817 11
1777241141218 18.91022037664109 12
1777241143362 18.159437936636117 13
1777241145660 17.092867096669575 14
1777241147897 18.03171867946196 15
1777241150099 16.591224957528198 16
1777241152459 16.64178089841583 17
1777241154707 15.60690223106971 18
1777241157470 15.862704146345692 19
1777241176406 15.24011980226054 20
1777241179324 15.03493460209412 21
1777241183527 15.290081064799834 22
1777241187984 14.676768712602424 23
1777241217267 14.708606373262123 24
1777241238043 14.396029213448248 25
1777241240671 14.243518593692215 26
1777241244112 13.989352769118089 27
1777241247327 14.266509420180462 28
1777241250793 13.432361376158585 29
1777241256589 13.39005672477406 30
1777241259845 13.33849651088376 31
1777241264314 13.758646091258033 32
1777241271051 13.50552598671095 33
1777241276157 13.6312352341872 34
1777241282061 13.438950050850591 35
1777241332996 12.844993736899111 36
1777241378082 13.148357241026748 37
1777241379860 13.111751901750734 38
1777241381635 13.030223169270352 39
1777241383440 11.849660858910465 40
1777241385234 12.032992986193776 41
1777241387028 12.162573778050891 42
1777241388874 11.76857522908047 43
1777241390814 11.870858224270611 44
1777241393952 11.424506780184233 45
1777241396692 11.37336396211703 46
1777241400512 11.08311774620643 47
1777241403666 10.969901236810628 48
