1777241013493 -2.7028806503471468 1
1777241027177 -2.2946822326900533 2
1777241032432 -1.7215646521162258 3
1777241059764 -0.9716343622540313 4
1777241063047 -0.1691555455713354 5
1777241066390 0.4519170638904294 6
1777241071250 0.754354321256327 7
1777241075719 0.8621369351407893 8
1777241081194 0.893080057846076 9
1777241137244 0.9117049674615822 10
1777241139003 0.9225811793158157 11
1777241141218 0.9263523626331197 12
1777241143362 0.9313849273764979 13
1777241145660 0.9387138111016728 14
1777241147897 0.9332064294088328 15
1777241150099 0.9417911574129325 16
1777241152459 0.941020607664605 17
1777241154707 0.9464032236551139 18
1777241157470 0.9453882057888197 19
1777241176406 0.9489973551566547 20
1777241179324 0.9501350370664177 21
1777241183527 0.9483455337774751 22
1777241187984 0.9519067837511496 23
1777241217267 0.9510354728425309 24
1777241238043 0.9534849014019249 25
1777241240671 0.9538671707722872 26
1777241244112 0.9550188140150372 27
1777241247327 0.9531708854872338 28
1777241250793 0.9574857490856248 29
1777241256589 0.9575419673633 30
1777241259845 0.9578818349982801 31
1777241264314 0.9558454315748712 32
1777241271051 0.9573213370586955 33
1777241276157 0.9567221492906134 34
1777241282061 0.9578003266127051 35
1777241332996 0.9601241777643614 36
1777241378082 0.9588971907095271 37
1777241379860 0.9585083882075438 38
1777241381635 0.9589806603508674 39
1777241383440 0.9645949853278764 40
1777241385234 0.9642272718098661 41
1777241387028 0.9628127478992187 42
1777241388874 0.9651496016939634 43
1777241390814 0.9646263807767099 44
1777241393952 0.9668379116443309 45
1777241396692 0.9668930944491636 46
1777241400512 0.9683573078934621 47
1777241403666 0.9686100619879674 48
