1777375375449 42145.77734375 1
1777375376986 41553.25390625 2
1777375378706 40979.33203125 3
1777375379428 40466.80078125 4
1777375381702 39882.83203125 5
1777375382975 39073.3125 6
1777375384573 38295.14453125 7
1777375384988 37569.3515625 8
1777375385752 36811.3203125 9
1777375386601 36052.10546875 10
1777375387648 35197.0390625 11
1777375389024 34134.05859375 12
1777375389878 32991.53515625 13
1777375391919 31840.044921875 14
1777375392942 30645.783203125 15
1777375393943 29491.337890625 16
1777375395257 28269.298828125 17
1777375396586 27178.6875 18
1777375397024 26069.228515625 19
1777375397459 24877.388671875 20
1777375397882 23746.697265625 21
1777375398425 22503.267578125 22
1777375398856 21432.873046875 23
1777375399298 19974.9765625 24
1777375400155 18420.779296875 25
1777375400563 16499.4296875 26
1777375402264 14702.724609375 27
1777375402659 13326.8330078125 28
1777375403981 11926.576171875 29
1777375404401 10539.455078125 30
1777375404832 9642.359375 31
1777375405472 8454.9609375 32
1777375405895 7359.50146484375 33
1777375406490 6377.890625 34
1777375406934 5630.71044921875 35
1777375407386 5080.724609375 36
1777375408293 4162.3837890625 37
1777375409160 3761.601806640625 38
1777375410076 3137.76416015625 39
1777375410501 2674.89794921875 40
1777375410942 2484.4375 41
1777375411382 2287.763671875 42
1777375412281 1964.07373046875 43
1777375412712 1792.811767578125 44
1777375413132 1646.8343505859375 45
1777375413566 1523.787109375 46
1777375414014 1546.560791015625 47
1777375415420 1415.453857421875 48
1777375417092 1458.5673828125 49
1777375418404 1396.2078857421875 50
1777375419027 1372.810302734375 51
1777375419669 1380.0797119140625 52
1777375420115 1176.0848388671875 53
1777375421010 1311.3946533203125 54
1777375422394 1319.5008544921875 55
1777375423057 1097.63232421875 56
1777375423536 1122.773681640625 57
1777375424008 1212.4647216796875 58
1777375424510 1031.7303466796875 59
1777375425004 1138.498046875 60
1777375425458 1109.387939453125 61
1777375425881 932.8859252929688 62
1777375426659 1077.01708984375 63
1777375427805 1034.1492919921875 64
1777375429302 1101.680419921875 65
1777375429978 833.9865112304688 66
1777375432060 923.2234497070312 67
1777375433674 976.4283447265625 68
1777375434106 1143.87744140625 69
1777375436015 846.076171875 70
1777375436632 887.978271484375 71
1777375437064 844.6341552734375 72
1777375437489 901.3662719726562 73
1777375437913 983.4605712890625 74
1777375438699 879.9566040039062 75
1777375439131 807.05419921875 76
1777375439550 810.8222045898438 77
1777375440476 822.07763671875 78
1777375440910 830.17529296875 79
1777375441323 691.5778198242188 80
1777375441751 799.312255859375 81
1777375442177 938.8812255859375 82
1777375442600 806.102294921875 83
1777375443016 705.4617309570312 84
1777375443510 899.51318359375 85
1777375444291 817.2550048828125 86
1777375444704 939.381591796875 87
1777375445558 842.7112426757812 88
1777375445993 667.4859008789062 89
1777375447956 657.6284790039062 90
1777375448382 751.0477294921875 91
1777375449771 775.0927124023438 92
1777375451194 670.0499877929688 93
1777375451974 695.0167236328125 94
1777375452745 766.8439331054688 95
1777375454142 728.07958984375 96
1777375454565 634.719482421875 97
1777375455171 760.7347412109375 98
1777375455585 705.540283203125 99
1777375456509 620.6333618164062 100
1777375456935 665.8511962890625 101
1777375457417 838.7869873046875 102
1777375457837 711.4768676757812 103
1777375458259 625.7020874023438 104
1777375458701 637.3135375976562 105
1777375459581 607.559814453125 106
1777375459989 537.4959716796875 107
1777375460935 802.6992797851562 108
1777375461367 667.87109375 109
1777375461813 558.6522827148438 110
1777375462235 602.1927490234375 111
1777375462688 659.3509521484375 112
1777375463121 611.5714111328125 113
1777375463550 566.7484741210938 114
1777375463982 604.4932250976562 115
1777375464403 780.3506469726562 116
1777375464820 567.5473022460938 117
1777375465249 589.8712768554688 118
1777375466126 610.44189453125 119
1777375466557 566.60107421875 120
1777375467736 683.03466796875 121
1777375468603 607.5093383789062 122
1777375469889 475.09893798828125 123
1777375470662 542.7103881835938 124
1777375472291 643.4993896484375 125
1777375473054 621.4797973632812 126
1777375474089 521.4615478515625 127
1777375474862 527.4118041992188 128
1777375475938 522.1590576171875 129
1777375476777 482.1807861328125 130
1777375478658 525.6776123046875 131
1777375479070 596.7140502929688 132
1777375479914 524.48828125 133
1777375481116 521.3230590820312 134
1777375481552 618.9539794921875 135
1777375482949 510.95709228515625 136
1777375483541 505.3194274902344 137
1777375484047 467.5274963378906 138
1777375484469 571.8711547851562 139
1777375485027 572.6064453125 140
1777375485891 463.6368408203125 141
1777375486475 656.1200561523438 142
1777375487663 537.82470703125 143
1777375488536 397.9403381347656 144
1777375489075 440.11309814453125 145
1777375490630 499.9433288574219 146
1777375491776 457.6306457519531 147
1777375492573 465.0650329589844 148
1777375494589 434.5539855957031 149
1777375496045 503.99896240234375 150
1777375498779 514.5138549804688 151
1777375499983 425.6020202636719 152
1777375500551 510.58038330078125 153
1777375503052 405.2127990722656 154
1777375503980 411.6098937988281 155
1777375505167 357.2176208496094 156
1777375506385 384.6258850097656 157
1777375508268 351.10284423828125 158
1777375509208 414.08978271484375 159
1777375511559 432.5038146972656 160
1777375516476 464.3072509765625 161
1777375517330 382.00067138671875 162
1777375519261 412.0547180175781 163
1777375523144 461.7351379394531 164
1777375524603 417.13775634765625 165
1777375525461 369.3389587402344 166
1777375527086 392.4566955566406 167
1777375528152 427.2490234375 168
