1777375375449 205.29436754024695 1
1777375376986 203.8461525421807 2
1777375378706 202.43352496869187 3
1777375379428 201.16361694215482 4
1777375381702 199.70686525818286 5
1777375382975 197.66970556966993 6
1777375384573 195.69145237145642 7
1777375384988 193.82814956166712 8
1777375385752 191.8627642678485 9
1777375386601 189.87391992780368 10
1777375387648 187.60873930203783 11
1777375389024 184.75404892383278 12
1777375389878 181.63572103595152 13
1777375391919 178.4377900610602 14
1777375392942 175.05937050933605 15
1777375393943 171.73042214652884 16
1777375395257 168.13476388934265 17
1777375396586 164.85959935654338 18
1777375397024 161.4596807739474 19
1777375397459 157.7256753730191 20
1777375397882 154.09963421638938 21
1777375398425 150.01089153166512 22
1777375398856 146.39970302864347 23
1777375399298 141.3328573350868 24
1777375400155 135.7231715547312 25
1777375400563 128.45010582907278 26
1777375402264 121.25479210891007 27
1777375402659 115.44190317130301 28
1777375403981 109.20886489601016 29
1777375404401 102.66184821112954 30
1777375404832 98.19551606361668 31
1777375405472 91.95086153756255 32
1777375405895 85.78753676871571 33
1777375406490 79.86169685775528 34
1777375406934 75.03806000436545 35
1777375407386 71.27920180091104 36
1777375408293 64.5165388800616 37
1777375409160 61.33189876924263 38
1777375410076 56.01574921534345 39
1777375410501 51.71941559239383 40
1777375410942 49.84413205182732 41
1777375411382 47.83057256478329 42
1777375412281 44.31787145688238 43
1777375412712 42.34160799471514 44
1777375413132 40.58120686458126 45
1777375413566 39.03571581737678 46
1777375414014 39.32633711669096 47
1777375415420 37.622517956961296 48
1777375417092 38.19119509536851 49
1777375418404 37.365865248140416 50
1777375419027 37.05145479916241 51
1777375419669 37.14942411281852 52
1777375420115 34.29409335245922 53
1777375421010 36.2131834187539 54
1777375422394 36.32493433568996 55
1777375423057 33.13053462017705 56
1777375423536 33.50781523228014 57
1777375424008 34.82046412211772 58
1777375424510 32.1205595636142 59
1777375425004 33.74163669526124 60
1777375425458 33.30747572922819 61
1777375425881 30.54318132239942 62
1777375426659 32.8179385373876 63
1777375427805 32.15819167789426 64
1777375429302 33.19157151931609 65
1777375429978 28.87882461649831 66
1777375432060 30.38459230773109 67
1777375433674 31.247853441901615 68
1777375434106 33.82125724165573 69
1777375436015 29.087388536529023 70
1777375436632 29.798964268651602 71
1777375437064 29.06259030563927 72
1777375437489 30.022762563972293 73
1777375437913 31.36017492440153 74
1777375438699 29.6640625 75
1777375439131 28.40869935809716 76
1777375439550 28.47493994005683 77
1777375440476 28.671896287458036 78
1777375440910 28.812762675049925 79
1777375441323 26.297867210559467 80
1777375441751 28.27211091976287 81
1777375442177 30.64116880254305 82
1777375442600 28.391940668469196 83
1777375443016 26.560529568459874 84
1777375443510 29.991885295755417 85
1777375444291 28.587672253662287 86
1777375444704 30.649332648474992 87
1777375445558 29.029489190748453 88
1777375445993 25.835748506263684 89
1777375447956 25.644267956093156 90
1777375448382 27.405250035206528 91
1777375449771 27.84048692825511 92
1777375451194 25.88532379154197 93
1777375451974 26.363169832795382 94
1777375452745 27.691947080432403 95
1777375454142 26.982949984087174 96
1777375454565 25.19363972160186 97
1777375455171 27.581420217438723 98
1777375455585 26.562008267507277 99
1777375456509 24.91251416088722 100
1777375456935 25.804092626733894 101
1777375457417 28.96181947503795 102
1777375457837 26.673523720644432 103
1777375458259 25.014037806846453 104
1777375458701 25.245069570069642 105
1777375459581 24.648728455097334 106
1777375459989 23.183959361586354 107
1777375460935 28.33194804077468 108
1777375461367 25.843202080044183 109
1777375461813 23.635826254117788 110
1777375462235 24.539615910267166 111
1777375462688 25.677829973509006 112
1777375463121 24.72996989753147 113
1777375463550 23.806479666701957 114
1777375463982 24.58644392948391 115
1777375464403 27.9347569699945 116
1777375464820 23.82325129460909 117
1777375465249 24.287265734443405 118
1777375466126 24.707122344199657 119
1777375466557 23.803383671628495 120
1777375467736 26.134931948806564 121
1777375468603 24.64770452555179 122
1777375469889 21.79676439264051 123
1777375470662 23.296145350327674 124
1777375472291 25.3672897576473 125
1777375473054 24.929496532486997 126
1777375474089 22.835532572102682 127
1777375474862 22.9654480513492 128
1777375475938 22.850799933857623 129
1777375476777 21.958615305451584 130
1777375478658 22.927660419342562 131
1777375479070 24.427731173667535 132
1777375479914 22.90170913381794 133
1777375481116 22.832500062017544 134
1777375481552 24.878785731867772 135
1777375482949 22.604360028214828 136
1777375483541 22.479311099102535 137
1777375484047 21.622384150178505 138
1777375484469 23.913827689961227 139
1777375485027 23.929196503696065 140
1777375485891 21.532227957652513 141
1777375486475 25.614840545128203 142
1777375487663 23.191047993379904 143
1777375488536 19.94844199767906 144
1777375489075 20.978872661430863 145
1777375490630 22.359412533817203 146
1777375491776 21.392303423239703 147
1777375492573 21.565366515758186 148
1777375494589 20.845958495490272 149
1777375496045 22.449921211495237 150
1777375498779 22.682897852357154 151
1777375499983 20.630124097146673 152
1777375500551 22.59602582979541 153
1777375503052 20.12989813864605 154
1777375503980 20.288171277836454 155
1777375505167 18.900201608702734 156
1777375506385 19.611881220570496 157
1777375508268 18.737738503839818 158
1777375509208 20.349196119622114 159
1777375511559 20.79672605717702 160
1777375516476 21.547789932532815 161
1777375517330 19.544837461250957 162
1777375519261 20.2991309670532 163
1777375523144 21.488023127767086 164
1777375524603 20.423950556825588 165
1777375525461 19.218193430711285 166
1777375527086 19.810519820455006 167
1777375528152 20.670002985909314 168
