1777433840463 167.5211435953776 1
1777433840788 164.8871386492694 2
1777433841097 162.8498947708695 3
1777433841408 160.76006062825522 4
1777433841710 158.5565324006257 5
1777433842373 156.18753503870082 6
1777433842693 153.6655476888021 7
1777433842991 150.93770910192418 8
1777433843691 147.88595411512586 9
1777433844010 144.5131915057147 10
1777433844330 140.77141627558956 11
1777433844623 136.76185184054904 12
1777433844938 132.21081345169634 13
1777433845274 126.96814671269169 14
1777433845599 121.6779689082393 15
1777433845914 116.17300047697844 16
1777433846355 110.98016300907841 17
1777433847017 105.23007597746673 18
1777433847608 99.49696547896774 19
1777433847923 93.7857218141909 20
1777433848241 87.36653744732892 21
1777433848551 81.64034949408637 22
1777433848872 74.90946042096174 23
1777433849172 69.6192232767741 24
1777433849514 64.19096077813043 25
1777433849837 58.00352054172092 26
1777433850174 53.09257747508861 27
1777433850489 47.393023879439745 28
1777433850807 42.461494304515696 29
1777433851126 37.99872384247956 30
1777433851429 34.65590907909252 31
1777433851727 29.934984489723487 32
1777433852040 27.819342012758607 33
1777433852367 25.817137153060347 34
1777433852669 21.812250985039604 35
1777433853015 21.544410705566406 36
1777433853320 20.25618574354384 37
1777433853643 18.963945353472674 38
1777433853977 19.07293948420772 39
1777433854285 19.004552276046187 40
1777433854588 17.973460409376358 41
1777433854900 17.71114918037697 42
1777433855199 19.126732331735116 43
1777433855493 16.07637553744846 44
1777433855824 17.061200035942925 45
1777433856123 16.202720465483488 46
1777433856406 15.83747344546848 47
1777433856722 16.169951721473975 48
1777433857066 14.746285473858869 49
1777433857383 14.177440961201986 50
1777433857723 13.922692051640263 51
1777433858036 15.627790910226327 52
1777433858423 14.192038783320674 53
1777433858720 12.795866754319933 54
1777433859040 14.121854146321615 55
1777433859363 14.752405325571695 56
1777433859707 13.951264593336317 57
1777433860240 12.68102084265815 58
1777433860548 11.996402775799787 59
1777433860858 15.022164768642849 60
1777433861153 13.295946333143446 61
1777433861471 12.558310685334382 62
1777433861775 16.762793364348234 63
1777433862085 14.002910225479692 64
1777433862393 13.421716707724112 65
1777433862684 12.680810981326633 66
1777433863014 13.241635234267623 67
1777433863319 13.407734923892551 68
1777433863599 11.472305103584572 69
1777433863906 12.926578168515805 70
1777433864243 12.729681279924181 71
1777433864555 12.729039510091146 72
1777433864880 13.00113782176265 73
1777433865182 13.776191057982269 74
1777433865487 11.30359571951407 75
1777433865807 11.235272972672075 76
1777433866108 12.503572516971165 77
1777433866435 12.53471851348877 78
1777433866771 12.795697459468135 79
1777433867103 12.327347119649252 80
1777433867424 11.331260292618364 81
1777433867797 13.30226601494683 82
1777433868160 10.633025275336372 83
1777433868501 11.087075056853118 84
1777433869615 10.927457668163159 85
1777433869968 10.362861174124259 86
1777433870278 11.963581279472068 87
1777433870580 12.226580319581208 88
1777433870900 12.175784393593117 89
1777433871224 12.925415109705042 90
1777433871531 9.992233505955449 91
1777433871840 10.135650493480542 92
1777433872152 12.389593442281088 93
1777433872481 9.923464828067356 94
1777433872794 13.156845604931867 95
1777433873103 12.011516888936361 96
1777433873419 10.735041671329075 97
1777433873760 11.145319302876791 98
1777433874069 10.930141307689526 99
1777433874408 14.724734253353542 100
1777433874741 10.48808295638473 101
1777433875030 11.300259289918122 102
1777433875357 11.898541856695104 103
1777433875652 10.982636804933902 104
1777433875959 10.035616715749105 105
1777433876288 13.010255531028465 106
1777433876607 9.819154615755435 107
1777433876956 10.251523353435376 108
1777433877265 12.570690667187726 109
1777433877568 10.632866400259513 110
1777433878329 8.185842672983805 111
1777433878643 10.996320441917137 112
1777433878984 9.834491464826796 113
1777433879304 11.292024559444851 114
1777433879622 8.796622488233778 115
1777433879955 10.307506896831372 116
1777433880266 9.124325663955123 117
1777433880580 9.847589598761665 118
1777433880877 9.274014155069986 119
1777433881188 8.97759321000841 120
1777433881492 9.289772634153012 121
1777433881804 8.949473504666928 122
1777433882107 9.695534193957293 123
1777433882399 9.581977897220188 124
1777433882699 8.809885537182844 125
1777433882988 9.738653836426911 126
1777433883280 10.741336840170401 127
1777433883626 9.145040141211616 128
1777433883908 8.165729964220965 129
1777433884213 8.263438171810574 130
