1777163810979 223.29234736195818 1
1777163886514 215.34132111915414 2
1777163888564 202.9508170172441 3
1777163909502 185.6228708738664 4
1777163911272 163.3472471127859 5
1777163974805 136.69517735982853 6
1777163975913 104.90153859491474 7
1777163979282 75.98029892741165 8
1777163980500 53.23000217595545 9
1777164046591 39.278172864024036 10
1777164047720 35.145908633083124 11
1777164048841 30.687098009844494 12
1777164049962 29.02097522843411 13
1777164051085 28.036113189439583 14
1777164052205 28.349608308421534 15
1777164053370 26.354813936550954 16
1777164054487 26.267692641906514 17
1777164055606 24.841720278906084 18
1777164056716 25.19625439293562 19
1777164209965 23.494578159341046 20
1777164211054 23.339361038074266 21
1777164212145 23.122005476003082 22
1777164213248 22.496134821622746 23
1777164214341 22.592602400802235 24
1777164215454 23.586795607169705 25
1777164216548 21.882864825890515 26
1777164217645 22.686390400800107 27
1777164218742 23.16975554180686 28
1777164219836 22.86711251040065 29
1777164220926 22.837269538427947 30
1777164222853 22.72744070663017 31
1777164284916 21.88911205530534 32
1777164287350 22.433279397659113 33
1777164321037 20.786536485574878 34
1777164322353 20.676911789906455 35
1777164323871 20.8091973820936 36
1777164325005 22.833759158926554 37
1777164326138 20.548742904184998 38
1777164327280 20.74556486952876 39
1777164328439 21.12614637615703 40
1777164329576 21.700179989341233 41
1777164330720 20.0638343725963 42
1777164331846 20.012334879069847 43
1777164332975 20.98627253302336 44
1777164334101 20.218816019917053 45
1777164335233 19.511422439053284 46
1777164336361 22.183123475101972 47
1777164337993 20.464773994236747 48
1777164339159 21.103042400479193 49
1777164340305 19.8805077886235 50
