1777163810979 -2.7122971427958436 1
1777163886514 -2.452627853081142 2
1777163888564 -2.066738141264313 3
1777163909502 -1.5654238288805364 4
1777163911272 -0.9866482203153298 5
1777163974805 -0.39125307526628994 6
1777163975913 0.18065303681452646 7
1777163979282 0.5701156355493656 8
1777163980500 0.7890330775187453 9
1777164046591 0.8850954862750612 10
1777164047720 0.9080090411692204 11
1777164048841 0.9298705961697064 12
1777164049962 0.9372727236558893 13
1777164051085 0.9414536408820154 14
1777164052205 0.9401253686909385 15
1777164053370 0.9482757818276507 16
1777164054487 0.9486078990141511 17
1777164055606 0.9540353033050237 18
1777164056716 0.952702837835971 19
1777164209965 0.9588900804780662 20
1777164211054 0.9594096628722933 21
1777164212145 0.9601826661832982 22
1777164213248 0.9623029440275304 23
1777164214341 0.9619629071907893 24
1777164215454 0.9585304871293504 25
1777164216548 0.9643277335200002 26
1777164217645 0.9616688353983174 27
1777164218742 0.9599748856896326 28
1777164219836 0.9610355760305159 29
1777164220926 0.9611613754729632 30
1777164222853 0.9615250134701385 31
1777164284916 0.9643152126524341 32
1777164287350 0.962512601203105 33
1777164321037 0.9677823999677171 34
1777164322353 0.9681546814130801 35
1777164323871 0.9677446449969256 36
1777164325005 0.9611763014881947 37
1777164326138 0.9685248670299276 38
1777164327280 0.9679406495028859 39
1777164328439 0.9667253804691123 40
1777164329576 0.9648997755676433 41
1777164330720 0.9700104777216764 42
1777164331846 0.9701781882694286 43
1777164332975 0.9671746834757906 44
1777164334101 0.969554183883611 45
1777164335233 0.9716332682109264 46
1777164336361 0.9633405298436106 47
1777164337993 0.9688054949158863 48
1777164339159 0.9668343498894059 49
1777164340305 0.9705354885096357 50
