1777163810979 185.84285400713182 1
1777163886514 176.78621224780258 2
1777163888564 164.24005069609467 3
1777163909502 146.29809960249375 4
1777163911272 123.14986829080094 5
1777163974805 97.4733065027807 6
1777163975913 70.56002772673396 7
1777163979282 47.48316719203015 8
1777163980500 32.071170382631294 9
1777164046591 23.765876994242195 10
1777164047720 21.459003531477833 11
1777164048841 18.61692072565389 12
1777164049962 17.447550136008406 13
1777164051085 16.622090551227384 14
1777164052205 17.020542127303496 15
1777164053370 15.662720483229991 16
1777164054487 15.420544336826326 17
1777164055606 14.520603782488049 18
1777164056716 14.670200654778561 19
1777164209965 13.584625081069596 20
1777164211054 13.349521126693931 21
1777164212145 13.135182026422381 22
1777164213248 12.684985348874516 23
1777164214341 12.791356161210514 24
1777164215454 13.425151649784215 25
1777164216548 12.35860050535174 26
1777164217645 12.721180842472958 27
1777164218742 12.999698100087226 28
1777164219836 12.956259979588525 29
1777164220926 12.824498820010872 30
1777164222853 12.877625619728146 31
1777164284916 12.179409247514295 32
1777164287350 12.445994874077268 33
1777164321037 11.373667935490678 34
1777164322353 11.368933551338094 35
1777164323871 11.313619438704503 36
1777164325005 12.373678644418856 37
1777164326138 11.040487615346768 38
1777164327280 11.262719215397546 39
1777164328439 11.495169636339421 40
1777164329576 11.944178283655566 41
1777164330720 10.85237254010042 42
1777164331846 10.828598337851059 43
1777164332975 11.307144019887927 44
1777164334101 10.549429079930501 45
1777164335233 10.367029193871454 46
1777164336361 12.147034155531484 47
1777164337993 11.020138902826584 48
1777164339159 11.374873508737847 49
1777164340305 10.587777470058366 50
