1777219506940 -1.945211991260521 1
1777219517777 -1.903789420820533 2
1777219519111 -1.852127348387725 3
1777219519882 -1.7988630992122265 4
1777219520678 -1.7373838067547014 5
1777219521418 -1.6633715414098607 6
1777219522156 -1.5730680798310135 7
1777219522903 -1.4667429280810036 8
1777219523593 -1.34255502730571 9
1777219526953 -1.204834983946144 10
1777219531529 -1.0624702870443024 11
1777219532427 -0.910325626124496 12
1777219533794 -0.761909951792272 13
1777219534668 -0.6001775403072428 14
1777219535432 -0.44590820135491194 15
1777219536927 -0.289611279555151 16
1777219537662 -0.13108635078987751 17
1777219538583 0.01882536908242194 18
1777219539360 0.16577060095280688 19
1777219540087 0.31068097157712193 20
1777219540884 0.4333594491478881 21
1777219541660 0.5462937110901116 22
1777219542361 0.6290851177965067 23
1777219543060 0.7019625583508 24
1777219544174 0.7783700114706336 25
1777219544904 0.8278685180079611 26
1777219545612 0.865668983611367 27
1777219546329 0.8745155536254977 28
1777219547405 0.8996376912275511 29
1777219548077 0.9159526445267883 30
1777219548752 0.9188993560968969 31
1777219549437 0.9291065527105555 32
1777219550707 0.9297209407248251 33
1777219551373 0.9323356950762904 34
1777219552045 0.9338952274730697 35
1777219552740 0.9378859791456573 36
1777219553392 0.9424488714213406 37
1777219554058 0.9473596888317304 38
1777219554849 0.9498228658789387 39
1777219555806 0.9448831683376757 40
1777219556502 0.9539804873868578 41
1777219557202 0.9535911754450335 42
1777219557894 0.9473370171495713 43
1777219558570 0.9549185798342006 44
1777219559299 0.9562721108467875 45
1777219560030 0.9602805450059202 46
1777219561517 0.9550522334924576 47
1777219562281 0.9516421952462357 48
1777219563160 0.9577373267601414 49
1777219564231 0.9623698384821857 50
1777219565024 0.9550448023904321 51
1777219565878 0.9626365801658088 52
1777219567412 0.9624120094835193 53
1777219568128 0.9571894991355532 54
1777219569994 0.9592070046836005 55
1777219570708 0.9626401866415704 56
1777219571434 0.9650566061168536 57
1777219572177 0.966960984576499 58
1777219572911 0.9662154470952597 59
1777219574240 0.9654006390665353 60
1777219580221 0.9610408840057663 61
1777219583660 0.9637822845548462 62
1777219592802 0.9660449476296248 63
1777219593452 0.9669620648092146 64
1777219594088 0.9638102862807141 65
1777219594729 0.9712689826681826 66
1777219596210 0.9665150859211237 67
1777219596939 0.9633704835203167 68
1777219602748 0.9705721159512481 69
1777219604413 0.9701445046669418 70
1777219610100 0.9706018485071415 71
1777219623768 0.9645899132331899 72
1777219626291 0.9680684990220738 73
1777219627093 0.9662338398027323 74
1777219627800 0.9678061142341621 75
1777219628528 0.9698508233953187 76
1777219629221 0.9700517567398292 77
1777219629857 0.9671457231950743 78
1777219630494 0.9701436489467703 79
1777219631182 0.973234507661193 80
1777219631863 0.964933365377252 81
1777219632542 0.9762599652355675 82
1777219633197 0.9670967647417662 83
1777219633865 0.9695185215652078 84
1777219634690 0.974473449887906 85
1777219635323 0.9766172890965769 86
1777219636392 0.97129500755866 87
1777219637069 0.9757362162240473 88
1777219637719 0.9742999301141524 89
1777219638351 0.9775592540107941 90
1777219641647 0.9728177767320909 91
1777219644091 0.9713270575292186 92
1777219644918 0.9697901237413568 93
1777219646615 0.975601023570984 94
1777219649194 0.9758737745854875 95
1777219650108 0.9731960756518248 96
1777219651239 0.9764682590453408 97
1777219652285 0.9798231623368312 98
1777219653087 0.975527805580795 99
1777219653801 0.9745530621416807 100
1777219654624 0.9784987964509265 101
1777219655435 0.9802367939415179 102
1777219659578 0.9764030184837271 103
1777219666510 0.9781035280372408 104
1777219670999 0.9762066034091044 105
1777219689262 0.9748837051855672 106
1777219703748 0.9772554255684077 107
1777219706957 0.979453460094593 108
1777219707565 0.9800671907478598 109
1777219709705 0.9811195823655146 110
1777219710816 0.9801936832230493 111
1777219712541 0.9783267407339643 112
1777219713578 0.9804551830069705 113
1777219714375 0.9801314053747154 114
1777219715194 0.9779845251090796 115
1777219715883 0.9801478613500963 116
1777219716571 0.9821601169121342 117
1777219717240 0.981013982936958 118
1777219717933 0.9831314530730606 119
1777219719395 0.9811702640775262 120
1777219720795 0.9817287933688306 121
1777219721470 0.9836327980587452 122
1777219722140 0.9791187814486326 123
1777219722800 0.9836451177279599 124
1777219723450 0.9801010447561644 125
1777219724520 0.9831318907120814 126
1777219726075 0.9810219295046743 127
1777219728804 0.9804838116171744 128
1777219731841 0.9832355991287364 129
1777219733213 0.9812384516262812 130
1777219734860 0.9814873362089438 131
1777219816246 0.9804193067627638 132
1777219816885 0.9820546838290176 133
1777219818097 0.9836943000503013 134
1777219819049 0.9816167668779776 135
1777219820078 0.9806570657963367 136
1777219821664 0.9857223373869131 137
1777219823726 0.9828419237736656 138
1777219824302 0.9853590441248621 139
1777219824875 0.9852952564279582 140
1777219825809 0.9849824907201165 141
1777219826427 0.9831688410316766 142
1777219827053 0.9852663227456687 143
1777219827677 0.9852706768487046 144
1777219829372 0.986691514661029 145
1777219830219 0.9825290963974023 146
1777219831460 0.985387261771636 147
1777219832074 0.9844067637467615 148
1777219833273 0.9835676960006998 149
1777219833908 0.9837758436318721 150
1777219834534 0.9868453921913918 151
1777219835523 0.985145691540325 152
1777219836096 0.9864646839318107 153
1777219836691 0.9852043158699471 154
1777219837283 0.9854462675684212 155
1777219837868 0.9874031671709204 156
1777219839475 0.9854155452660451 157
1777219842367 0.986566306964103 158
1777219842983 0.9854860521401718 159
1777219844005 0.9866685285562735 160
1777219844634 0.982620436866443 161
1777219845252 0.985830531762891 162
1777219845880 0.9857409728461006 163
1777219846516 0.9858255002297021 164
1777219847398 0.986226881397805 165
1777219850755 0.9878760777678866 166
1777219852137 0.9884410881640333 167
1777219853873 0.9870650813696651 168
1777219855150 0.9891638664396514 169
1777219860898 0.9875349399849604 170
1777219863425 0.9864995819204518 171
1777219865886 0.9859612768000512 172
1777219867411 0.9866379382089578 173
1777219868067 0.986673186473539 174
1777219868699 0.9855242572547023 175
1777219869338 0.986496239371012 176
1777219869979 0.988093798111327 177
1777219870617 0.9889294715657178 178
1777219871274 0.9881806951366254 179
1777219872365 0.9879648248827373 180
1777219873059 0.9871505052451766 181
1777219873764 0.9857797875627865 182
1777219874429 0.9863709138843534 183
1777219875083 0.986460853550658 184
1777219877710 0.987785288487592 185
1777219878564 0.9856751316481336 186
1777219879271 0.9874547373589688 187
1777219879982 0.9881959976709418 188
1777219924524 0.9890924988931487 189
1777219993474 0.9863421645783195 190
1777219995026 0.9874255056021612 191
1777219996028 0.9875983678645976 192
1777219996834 0.9866767107485053 193
1777219998929 0.986934166972171 194
1777219999734 0.9890471756572357 195
1777220000497 0.9878435589938905 196
1777220002294 0.9884861001273109 197
1777220003634 0.9887705144495498 198
1777220004343 0.9866980779663734 199
1777220005277 0.987502482016142 200
1777220008080 0.9886634291454219 201
1777220009072 0.9881035357952959 202
1777220009675 0.986732823243479 203
