1777219506940 160.3700408935547 1
1777219517777 158.62246704101562 2
1777219519111 156.46693420410156 3
1777219519882 154.22049713134766 4
1777219520678 151.6462173461914 5
1777219521418 148.72581481933594 6
1777219522156 145.3825225830078 7
1777219522903 141.66858673095703 8
1777219523593 137.57649993896484 9
1777219526953 132.86638641357422 10
1777219531529 127.5328254699707 11
1777219532427 121.82073974609375 12
1777219533794 115.97579574584961 13
1777219534668 109.69819259643555 14
1777219535432 103.08530044555664 15
1777219536927 96.45080184936523 16
1777219537662 89.22579193115234 17
1777219538583 82.20848083496094 18
1777219539360 75.02759170532227 19
1777219540087 67.89090728759766 20
1777219540884 60.282588958740234 21
1777219541660 53.24941825866699 22
1777219542361 47.42192268371582 23
1777219543060 42.157135009765625 24
1777219544174 36.36964988708496 25
1777219544904 31.73530387878418 26
1777219545612 27.96739387512207 27
1777219546329 27.50086212158203 28
1777219547405 25.1445951461792 29
1777219548077 22.635900497436523 30
1777219548752 22.274346351623535 31
1777219549437 21.391926765441895 32
1777219550707 21.15241813659668 33
1777219551373 21.124571800231934 34
1777219552045 20.669742584228516 35
1777219552740 20.128177642822266 36
1777219553392 19.54375171661377 37
1777219554058 18.5633487701416 38
1777219554849 18.208556175231934 39
1777219555806 19.107030868530273 40
1777219556502 17.465332984924316 41
1777219557202 17.63772201538086 42
1777219557894 18.75029945373535 43
1777219558570 17.45576763153076 44
1777219559299 17.224349975585938 45
1777219560030 16.407432556152344 46
1777219561517 17.44224739074707 47
1777219562281 18.060301780700684 48
1777219563160 16.86789321899414 49
1777219564231 16.076038360595703 50
1777219565024 17.26167583465576 51
1777219565878 15.963847637176514 52
1777219567412 15.841014385223389 53
1777219568128 16.96706771850586 54
1777219569994 16.843226432800293 55
1777219570708 16.207125663757324 56
1777219571434 15.701847076416016 57
1777219572177 14.896766185760498 58
1777219572911 15.506408214569092 59
1777219574240 15.512284278869629 60
1777219580221 16.469883918762207 61
1777219583660 15.868737697601318 62
1777219592802 15.10332727432251 63
1777219593452 15.149958610534668 64
1777219594088 15.859557151794434 65
1777219594729 14.022907733917236 66
1777219596210 15.0901780128479 67
1777219596939 16.00124979019165 68
1777219602748 14.480477809906006 69
1777219604413 14.423658847808838 70
1777219610100 14.37174654006958 71
1777219623768 15.831305980682373 72
1777219626291 14.821718215942383 73
1777219627093 15.270991802215576 74
1777219627800 14.78264570236206 75
1777219628528 14.55167818069458 76
1777219629221 14.424766540527344 77
1777219629857 14.93776273727417 78
1777219630494 14.380772113800049 79
1777219631182 13.750664710998535 80
1777219631863 15.723572254180908 81
1777219632542 12.91361141204834 82
1777219633197 15.0856032371521 83
1777219633865 14.549444675445557 84
1777219634690 13.46403694152832 85
1777219635323 12.849223613739014 86
1777219636392 14.350321769714355 87
1777219637069 13.043541431427002 88
1777219637719 13.509964942932129 89
1777219638351 12.57344913482666 90
1777219641647 13.920972347259521 91
1777219644091 14.026873111724854 92
1777219644918 14.488233089447021 93
1777219646615 13.171666622161865 94
1777219649194 13.204264640808105 95
1777219650108 13.526047229766846 96
1777219651239 12.903316497802734 97
1777219652285 11.981584072113037 98
1777219653087 13.0274658203125 99
1777219653801 13.185692310333252 100
1777219654624 12.356162548065186 101
1777219655435 11.750850200653076 102
1777219659578 13.117987155914307 103
1777219666510 12.619481086730957 104
1777219670999 13.082384586334229 105
1777219689262 13.403876304626465 106
1777219703748 12.623167514801025 107
1777219706957 12.082147121429443 108
1777219707565 11.883752822875977 109
1777219709705 11.532289981842041 110
1777219710816 11.887570858001709 111
1777219712541 12.314933776855469 112
1777219713578 11.853767395019531 113
1777219714375 11.718544483184814 114
1777219715194 12.368359565734863 115
1777219715883 11.793142318725586 116
1777219716571 11.374198913574219 117
1777219717240 11.682085990905762 118
1777219717933 11.05134105682373 119
1777219719395 11.695763111114502 120
1777219720795 11.406379699707031 121
1777219721470 10.76647663116455 122
1777219722140 12.255424976348877 123
1777219722800 10.907901287078857 124
1777219723450 11.935441970825195 125
1777219724520 11.063506126403809 126
1777219726075 11.520154476165771 127
1777219728804 12.003614902496338 128
1777219731841 10.834372520446777 129
1777219733213 11.536153793334961 130
1777219734860 11.521726608276367 131
1777219816246 11.469621181488037 132
1777219816885 11.379969120025635 133
1777219818097 10.77577018737793 134
1777219819049 11.524627685546875 135
1777219820078 11.780429363250732 136
1777219821664 10.140350341796875 137
1777219823726 11.12798547744751 138
1777219824302 10.326494216918945 139
1777219824875 10.38182544708252 140
1777219825809 10.508570671081543 141
1777219826427 11.05715799331665 142
1777219827053 10.327437400817871 143
1777219827677 10.392509460449219 144
1777219829372 9.921367168426514 145
1777219830219 11.326388359069824 146
1777219831460 10.244982242584229 147
1777219832074 10.543796062469482 148
1777219833273 10.943586826324463 149
1777219833908 10.737540245056152 150
1777219834534 9.858160495758057 151
1777219835523 10.545785427093506 152
1777219836096 9.929749011993408 153
1777219836691 10.352239608764648 154
1777219837283 10.187376976013184 155
1777219837868 9.74127197265625 156
1777219839475 10.30387544631958 157
1777219842367 9.957129955291748 158
1777219842983 10.353436946868896 159
1777219844005 9.920299053192139 160
1777219844634 10.997293472290039 161
1777219845252 10.160513877868652 162
1777219845880 10.019993782043457 163
1777219846516 10.014294624328613 164
1777219847398 10.013484477996826 165
1777219850755 9.282012939453125 166
1777219852137 9.28335189819336 167
1777219853873 9.73916244506836 168
1777219855150 8.947080612182617 169
1777219860898 9.565736293792725 170
1777219863425 10.019821166992188 171
1777219865886 10.1568021774292 172
1777219867411 9.7035493850708 173
1777219868067 9.860462188720703 174
1777219868699 10.198946952819824 175
1777219869338 9.889850616455078 176
1777219869979 9.393693447113037 177
1777219870617 9.1011962890625 178
1777219871274 9.414964199066162 179
1777219872365 9.481386184692383 180
1777219873059 9.606904029846191 181
1777219873764 10.07049560546875 182
1777219874429 9.901845455169678 183
1777219875083 9.916584491729736 184
1777219877710 9.354679584503174 185
1777219878564 10.04485559463501 186
1777219879271 9.62966775894165 187
1777219879982 9.336215019226074 188
1777219924524 8.84333610534668 189
1777219993474 9.895206928253174 190
1777219995026 9.45349407196045 191
1777219996028 9.503095626831055 192
1777219996834 9.759978294372559 193
1777219998929 9.685067653656006 194
1777219999734 9.082746982574463 195
1777220000497 9.408690452575684 196
1777220002294 9.168732643127441 197
1777220003634 9.079720973968506 198
1777220004343 9.810018062591553 199
1777220005277 9.59368371963501 200
1777220008080 9.107186317443848 201
1777220009072 9.359241485595703 202
1777220009675 9.732919216156006 203
