1777300050241 -1.750109171580831 1
1777300050921 -1.6719841275275509 2
1777300051593 -1.596242419008818 3
1777300052241 -1.5022126326482033 4
1777300052888 -1.379184890796994 5
1777300053560 -1.2283498114418907 6
1777300054219 -1.055854122118311 7
1777300054866 -0.8794980869899203 8
1777300055511 -0.7076934044737591 9
1777300056171 -0.521310874287817 10
1777300056817 -0.3406625646128256 11
1777300057462 -0.14853014090202588 12
1777300058151 0.04704129485359365 13
1777300058794 0.24825454343921638 14
1777300059436 0.4244995385833865 15
1777300060093 0.5778862463049617 16
1777300060744 0.7008538543431484 17
1777300061388 0.7879542955888958 18
1777300062088 0.8431735615208189 19
1777300062736 0.8922195677699206 20
1777300063379 0.9073339423796337 21
1777300064046 0.9264204027342157 22
1777300064704 0.9378642224823956 23
1777300065372 0.9425452942272012 24
1777300066022 0.9476441471783665 25
1777300066669 0.9452790893628094 26
1777300067336 0.9532956850780059 27
1777300067978 0.9510341746721127 28
1777300068627 0.9484774792362524 29
1777300069274 0.959186721802515 30
1777300069980 0.966620673192178 31
1777300070637 0.959383340419451 32
1777300071286 0.9637614212292241 33
1777300071938 0.9584930663453936 34
1777300072583 0.9680730923973 35
1777300073235 0.957551151753222 36
1777300073897 0.9689947424046103 37
1777300074572 0.9641696063716737 38
1777300075245 0.9658386395299802 39
1777300103493 0.9664783584290375 40
1777300104141 0.9710306760864496 41
1777300104821 0.9722947437172264 42
1777300105481 0.9658788989623281 43
1777300106136 0.9683008578901274 44
1777300106793 0.9678798419841557 45
1777300107447 0.9631887440898119 46
1777300108095 0.9691787290422182 47
1777300108746 0.9722503531109855 48
1777300109393 0.9714438883046445 49
1777300110032 0.9711816884102265 50
1777300110678 0.9731087498776577 51
1777300111336 0.9701524424749747 52
1777300111982 0.9734794145599497 53
1777300112629 0.9732218463366679 54
1777300113337 0.9755695414970456 55
1777300113993 0.9754563189824025 56
1777300114642 0.9768979846372756 57
1777300115348 0.9739665280832587 58
1777300116025 0.9802419246755906 59
1777300116675 0.9783655271350082 60
1777300117335 0.9774737384025577 61
1777300117978 0.9759754459380516 62
1777300118623 0.9755946971808476 63
1777300119267 0.9795701435619494 64
1777300119914 0.9812779761009072 65
1777300120570 0.9763588378922927 66
1777300121218 0.9802484549633497 67
1777300121859 0.9806597600045561 68
1777300122504 0.9751381641885931 69
1777300123156 0.979852231843079 70
1777300123835 0.979954808026764 71
1777300124554 0.9805220569909128 72
1777300125228 0.9780178040113602 73
1777300125903 0.9800955032324535 74
1777300126559 0.9783801410132026 75
1777300127226 0.9840415493926387 76
1777300127881 0.9829892814089316 77
1777300128555 0.9825518348518542 78
1777300129296 0.9827419019692694 79
1777300129978 0.9824414409514011 80
1777300130646 0.9832455720663335 81
1777300131317 0.984308800506205 82
1777300131968 0.9868200527209521 83
1777300132615 0.9835381299014938 84
1777300133268 0.9844275631155124 85
1777300133924 0.9852717989947434 86
1777300134585 0.9857116885486443 87
1777300135240 0.9861851090144994 88
1777300135919 0.9840946071409699 89
1777300136566 0.9844067171032255 90
1777300137206 0.9821602842609662 91
1777300137851 0.985597486181668 92
1777300138494 0.9842302358742717 93
1777300139143 0.987833862469494 94
1777300139807 0.9860888299408448 95
1777300140454 0.9870459619340155 96
1777300141100 0.9881910247910717 97
1777300141751 0.987073787246825 98
1777300142395 0.986837289079925 99
1777300143054 0.9871008735035478 100
1777300143701 0.9875129969763842 101
1777300144351 0.9882155737962428 102
1777300145021 0.9870265243664704 103
1777300145701 0.9881337567852121 104
1777300146372 0.9864592701997632 105
1777300147037 0.9895099485397268 106
1777300147689 0.9885882434905457 107
1777300148344 0.9897389456725884 108
1777300148987 0.9893046845647926 109
1777300149633 0.9876640821068564 110
1777300150279 0.9876864727680421 111
1777300150934 0.9882394157428936 112
1777300151636 0.9883758361766414 113
1777300152291 0.9902355568866752 114
1777300152944 0.9898853414605785 115
1777300153601 0.9896947048510768 116
1777300154256 0.9899342236137846 117
1777300154924 0.9905664179477193 118
1777300155572 0.9894382956576895 119
1777300156260 0.9904853163507101 120
1777300156908 0.9898226718881606 121
1777300157553 0.988797593506544 122
1777300158203 0.9914905657760285 123
1777300158845 0.9889826345492911 124
1777300159515 0.9909666564748354 125
1777300160192 0.9902419037062274 126
1777300160846 0.9907927435637905 127
1777300161496 0.9905515070391812 128
1777300162175 0.9906190804977789 129
1777300162818 0.9915833645918654 130
1777300163457 0.9911388971647528 131
1777300164137 0.9916603597053556 132
1777300164788 0.9902953711769603 133
1777300165438 0.9906362732344552 134
1777300166121 0.9912873240063754 135
1777300166770 0.9911543277714561 136
1777300167413 0.9909820133512766 137
1777300168056 0.9906081117330641 138
1777300168693 0.992149183082951 139
1777300169335 0.9915033355633524 140
