1777438853768 156.2190818786621 1
1777438855136 146.45883178710938 2
1777438860859 133.3862533569336 3
1777438870680 113.3677749633789 4
1777438872458 89.63027381896973 5
1777438877102 64.56857490539551 6
1777438882030 43.99281311035156 7
1777438884072 30.176435947418213 8
1777438888200 23.98184871673584 9
1777438895149 21.40101671218872 10
1777438899803 20.097325801849365 11
1777438903977 17.600839614868164 12
1777438919086 17.761226654052734 13
1777438936820 16.599594116210938 14
1777438940284 17.40192699432373 15
1777438946162 15.627533435821533 16
1777438952359 15.848734140396118 17
1777438957758 16.048538208007812 18
1777438962723 14.756688594818115 19
1777438967892 16.1809401512146 20
1777438971150 16.0502347946167 21
1777438976462 14.726443767547607 22
1777438984265 14.796998739242554 23
1777438992404 13.881699323654175 24
1777438998847 14.34106993675232 25
1777439003003 14.332602739334106 26
1777439008409 13.564503192901611 27
1777439013971 14.368311166763306 28
1777439018725 13.552565574645996 29
1777439023594 13.944480419158936 30
1777439028812 12.909102201461792 31
1777439031449 12.89068341255188 32
1777439034038 12.870223760604858 33
1777439036622 12.791382074356079 34
1777439041009 12.18855905532837 35
1777439042698 11.60677456855774 36
1777439047417 12.522419214248657 37
1777439058606 12.677264928817749 38
1777439067064 12.422554016113281 39
1777439079150 11.493349075317383 40
1777439080808 11.053553581237793 41
1777439082938 10.88947582244873 42
1777439088677 11.459246158599854 43
1777439093544 10.737096071243286 44
1777439101503 10.8676118850708 45
1777439103375 10.088353633880615 46
1777439111603 10.728835582733154 47
1777439116928 9.91606616973877 48
1777439121540 10.281357288360596 49
1777439127175 11.078991889953613 50
1777439137999 10.495089530944824 51
1777439143289 9.645277500152588 52
1777439144766 9.839026689529419 53
1777439152543 9.95018482208252 54
1777439154624 9.989232301712036 55
1777439156887 9.773740768432617 56
1777439160826 9.551916599273682 57
1777439164721 9.312731981277466 58
1777439172098 9.539303541183472 59
1777439173890 9.07856559753418 60
1777439176290 9.493414878845215 61
1777439179678 9.501289367675781 62
1777439184451 9.44758129119873 63
1777439195793 8.977693796157837 64
1777439201278 8.553260326385498 65
1777439205814 9.152982234954834 66
1777439208165 9.300686597824097 67
1777439213297 8.524612665176392 68
1777439220798 9.064329862594604 69
1777439222416 9.199311256408691 70
1777439232813 8.478051662445068 71
1777439234422 8.449759721755981 72
1777439237135 8.578867197036743 73
1777439249128 8.382887363433838 74
1777439253256 8.060959100723267 75
1777439257957 8.383325576782227 76
1777439262696 9.240332841873169 77
1777439267239 7.906088590621948 78
1777439268876 8.302068948745728 79
1777439273105 7.784111976623535 80
1777439282018 8.03774106502533 81
1777439283826 7.930814504623413 82
1777439295182 8.027849912643433 83
1777439297409 7.8894453048706055 84
1777439303210 8.09282910823822 85
1777439308080 8.265591144561768 86
1777439319159 8.007748484611511 87
1777439320886 7.997830152511597 88
1777439328692 7.716549873352051 89
1777439333461 7.776414752006531 90
1777439338435 7.986943244934082 91
1777439343276 7.9775694608688354 92
1777439350743 8.317808151245117 93
1777439355127 7.404618501663208 94
1777439365347 7.46545672416687 95
1777439369323 7.454328179359436 96
1777439371664 7.869178056716919 97
1777439373414 7.743697285652161 98
1777439389062 7.225654482841492 99
1777439391112 7.659184813499451 100
1777439392486 7.579514741897583 101
1777439400516 7.246542692184448 102
1777439414802 7.416861414909363 103
1777439418854 6.961866021156311 104
1777439425820 7.09045684337616 105
1777439430732 7.125112533569336 106
1777439432996 7.514291167259216 107
1777439435080 7.20287024974823 108
1777439439680 6.995512008666992 109
1777439441882 7.19392192363739 110
1777439445999 7.134260773658752 111
1777439450511 6.804572820663452 112
1777439461387 6.832115411758423 113
1777439463549 6.958809971809387 114
1777439467062 7.149489045143127 115
1777439469969 7.142687082290649 116
