1777438853768 156.21910095214844 1
1777438855136 146.45883178710938 2
1777438860859 133.38626098632812 3
1777438870680 113.36778259277344 4
1777438872458 89.63027954101562 5
1777438877102 64.56857299804688 6
1777438882030 43.99281311035156 7
1777438884072 30.176437377929688 8
1777438888200 23.981847763061523 9
1777438895149 21.401016235351562 10
1777438899803 20.09732437133789 11
1777438903977 17.600839614868164 12
1777438919086 17.7612247467041 13
1777438936820 16.599594116210938 14
1777438940284 17.401926040649414 15
1777438946162 15.627533912658691 16
1777438952359 15.848733901977539 17
1777438957758 16.048538208007812 18
1777438962723 14.756688117980957 19
1777438967892 16.180940628051758 20
1777438971150 16.050235748291016 21
1777438976462 14.726444244384766 22
1777438984265 14.796998023986816 23
1777438992404 13.881699562072754 24
1777438998847 14.341070175170898 25
1777439003003 14.332603454589844 26
1777439008409 13.564502716064453 27
1777439013971 14.368310928344727 28
1777439018725 13.552566528320312 29
1777439023594 13.944479942321777 30
1777439028812 12.909101486206055 31
1777439031449 12.8906831741333 32
1777439034038 12.870222091674805 33
1777439036622 12.7913818359375 34
1777439041009 12.188559532165527 35
1777439042698 11.60677433013916 36
1777439047417 12.522419929504395 37
1777439058606 12.677265167236328 38
1777439067064 12.422554016113281 39
1777439079150 11.493349075317383 40
1777439080808 11.053553581237793 41
1777439082938 10.889476776123047 42
1777439088677 11.459246635437012 43
1777439093544 10.737096786499023 44
1777439101503 10.8676118850708 45
1777439103375 10.088353157043457 46
1777439111603 10.728837013244629 47
1777439116928 9.91606616973877 48
1777439121540 10.281357765197754 49
1777439127175 11.078991889953613 50
1777439137999 10.495089530944824 51
1777439143289 9.645277976989746 52
1777439144766 9.83902645111084 53
1777439152543 9.950183868408203 54
1777439154624 9.989232063293457 55
1777439156887 9.773740768432617 56
1777439160826 9.551916122436523 57
1777439164721 9.312731742858887 58
1777439172098 9.53930377960205 59
1777439173890 9.07856559753418 60
1777439176290 9.493414878845215 61
1777439179678 9.501289367675781 62
1777439184451 9.44758129119873 63
1777439195793 8.977694511413574 64
1777439201278 8.553260803222656 65
1777439205814 9.152982711791992 66
1777439208165 9.300687789916992 67
1777439213297 8.524612426757812 68
1777439220798 9.064330101013184 69
1777439222416 9.199311256408691 70
1777439232813 8.47805118560791 71
1777439234422 8.449759483337402 72
1777439237135 8.578866958618164 73
1777439249128 8.38288688659668 74
1777439253256 8.060959815979004 75
1777439257957 8.383325576782227 76
1777439262696 9.24033260345459 77
1777439267239 7.906088829040527 78
1777439268876 8.302068710327148 79
1777439273105 7.784111976623535 80
1777439282018 8.037740707397461 81
1777439283826 7.930814266204834 82
1777439295182 8.027850151062012 83
1777439297409 7.889445781707764 84
1777439303210 8.092828750610352 85
1777439308080 8.265591621398926 86
1777439319159 8.0077486038208 87
1777439320886 7.997829914093018 88
1777439328692 7.716549873352051 89
1777439333461 7.77641487121582 90
1777439338435 7.98694372177124 91
1777439343276 7.977569580078125 92
1777439350743 8.3178071975708 93
1777439355127 7.404618740081787 94
1777439365347 7.465456962585449 95
1777439369323 7.4543280601501465 96
1777439371664 7.869178295135498 97
1777439373414 7.743697643280029 98
1777439389062 7.225653648376465 99
1777439391112 7.65918493270874 100
1777439392486 7.579514980316162 101
1777439400516 7.246542453765869 102
1777439414802 7.416861057281494 103
1777439418854 6.9618659019470215 104
1777439425820 7.090456962585449 105
1777439430732 7.125112533569336 106
1777439432996 7.514291286468506 107
1777439435080 7.202869892120361 108
1777439439680 6.995512008666992 109
1777439441882 7.19392204284668 110
1777439445999 7.134260654449463 111
1777439450511 6.804572582244873 112
1777439461387 6.832115650177002 113
1777439463549 6.958809852600098 114
1777439467062 7.149488925933838 115
1777439469969 7.1426873207092285 116
