1777374633075 197.28027730237 1
1777374633788 195.7549388744764 2
1777374634256 194.32106365818916 3
1777374634715 193.04124397392388 4
1777374635169 191.6241947960904 5
1777374635585 189.60467714101887 6
1777374636014 187.51428070616382 7
1777374636458 185.53605823734102 8
1777374636878 183.57982128014507 9
1777374637417 181.51360141873667 10
1777374637831 179.207445698414 11
1777374638244 176.3183821244966 12
1777374638657 173.01525741065439 13
1777374639432 169.65894096687035 14
1777374639866 166.46323848112831 15
1777374640283 162.85812100759668 16
1777374640718 159.2494113018946 17
1777374641151 155.52987177910552 18
1777374641597 151.45091897831125 19
1777374642027 147.5103081673447 20
1777374642432 142.62207627371367 21
1777374642880 136.65275192755908 22
1777374643300 129.63353545909715 23
1777374643725 123.90452788841093 24
1777374644149 117.21902076081766 25
1777374644712 110.58451766352738 26
1777374645145 105.82323760492069 27
1777374645560 99.01119531080816 28
1777374646000 93.43651232755587 29
1777374646406 86.83064571426524 30
1777374646843 81.95569139213274 31
1777374647272 75.12438253697997 32
1777374647792 69.70754336198128 33
1777374648206 63.94710643864193 34
1777374648647 59.03138234500781 35
1777374649062 55.03616309343226 36
1777374649505 52.31357105758385 37
1777374649927 47.938095864940756 38
1777374650347 43.60476591327561 39
1777374651019 41.99158793176617 40
1777374651452 39.17292517040628 41
1777374651858 38.35175267955495 42
1777374652263 36.30663174668042 43
1777374652686 38.30432181015528 44
1777374653091 31.68283931608571 45
1777374653499 32.50381588175456 46
1777374654269 33.726033156895284 47
1777374654676 35.188342990568266 48
1777374655201 32.88822920312353 49
1777374655623 31.676817648987207 50
1777374656060 31.661805218085224 51
1777374656484 32.46842291100886 52
1777374656916 31.26698269009929 53
1777374657335 31.949285374441477 54
1777374657751 30.126070755413096 55
1777374658189 31.301897336351175 56
1777374658611 28.00403238960641 57
1777374659041 29.303498209671464 58
1777374659468 28.710782312505764 59
1777374659916 28.579357289588188 60
1777374660401 28.96411016645212 61
1777374660840 28.41306041159813 62
1777374661266 28.74181587827166 63
1777374661709 27.266121951058608 64
1777374662144 28.096699085688318 65
1777374662585 26.718024706895555 66
1777374663410 26.97833513036433 67
1777374663842 26.22994374241906 68
1777374664280 26.25340030990331 69
1777374664740 29.461960917652465 70
1777374665211 27.34936326312621 71
1777374665678 26.515055284465866 72
1777374666249 27.183739413049164 73
1777374669121 25.6691633058855 74
1777374669574 26.994185210082744 75
1777374669998 25.712690564285325 76
1777374670420 24.91266973411822 77
1777374670832 27.053595577878482 78
1777374671261 24.635005254448775 79
1777374671676 24.112759504014416 80
1777374672110 26.096070256122857 81
1777374672546 26.024349841407542 82
1777374673000 24.03000418381609 83
1777374673440 23.18597456446259 84
1777374673856 26.160546755428655 85
1777374674284 25.120781235907927 86
1777374674717 22.377321261400738 87
1777374675156 22.766756363445804 88
1777374675598 23.37873100654872 89
1777374676042 25.10104944231354 90
1777374676456 26.01521442994344 91
1777374676915 22.1579420468588 92
1777374677361 23.227003969063816 93
1777374677789 24.150421505363393 94
1777374678244 23.583431104405694 95
1777374678699 21.812921820554195 96
1777374679175 25.461032189529355 97
1777374679672 23.894578186258464 98
1777374680200 22.540821936310422 99
1777374683375 24.740357032857897 100
1777374683814 22.793754337897173 101
1777374684249 20.64505934459373 102
1777374684759 23.551454742920075 103
1777374685194 21.806091241540173 104
1777374685662 22.361375805832868 105
1777374686264 22.281938924745614 106
1777374686692 22.94803487637885 107
1777374687121 22.945202108604043 108
1777374687558 22.4466394708686 109
1777374688006 24.80684537857885 110
1777374688422 20.454058271058567 111
1777374688831 21.250992336664392 112
1777374689264 19.850972172450554 113
1777374689694 21.08681888441361 114
1777374690101 21.926531100775637 115
1777374690521 21.95072134305542 116
1777374690939 22.98027586025201 117
1777374691359 20.97126766275259 118
1777374691784 22.604194643439868 119
1777374692217 21.951232263824977 120
1777374693196 24.693122629100216 121
1777374693633 22.86009589601496 122
1777374694078 20.791418447395248 123
1777374694519 21.646365157035458 124
1777374694953 21.146863830211693 125
1777374695385 21.24009276174056 126
1777374695850 20.98904641902719 127
1777374696284 21.030472943714987 128
1777374696754 20.426088652902934 129
1777374697174 19.928320801580426 130
1777374697614 20.513453837179103 131
1777374698025 19.929380479554002 132
1777374698459 23.044611912193137 133
1777374699201 23.042082393637 134
1777374699637 20.828795322812343 135
1777374700074 20.731595989349806 136
1777374700485 18.952228119236896 137
1777374700900 20.208899714866885 138
1777374701533 19.054051662720582 139
1777374701960 18.823639572045604 140
1777374702398 20.845887493475182 141
1777374702810 19.13620085987836 142
1777374703229 19.976287517661564 143
1777374703650 17.779616885954773 144
1777374704070 18.564283702705346 145
1777374704488 21.127503376541707 146
1777374704945 20.479142161523146 147
1777374705383 20.667124507303637 148
1777374705842 19.832744856793965 149
1777374706282 19.187773562789275 150
1777374706779 19.26460088899091 151
1777374707412 19.70912905397918 152
1777374709783 20.310884851651128 153
1777374710212 20.64391296673489 154
1777374710638 20.566882933103507 155
1777374711058 18.85793558741626 156
1777374711465 17.651314644847456 157
1777374711875 18.67246583139488 158
1777374712282 18.431661217966933 159
1777374712690 17.062483902808342 160
1777374713128 19.037619040224097 161
1777374713561 18.049727520774898 162
1777374713969 19.860749516015016 163
1777374714399 17.579192675908605 164
1777374714811 18.269476544043602 165
1777374715249 19.411292558935735 166
1777374715702 18.814307851516638 167
1777374716102 17.66691205316143 168
1777374716518 20.325201107217318 169
1777374716936 17.83698546663952 170
1777374717358 18.306531330524326 171
1777374717773 19.662018479879553 172
1777374718190 20.624195060050223 173
1777374718612 19.383562718502226 174
1777374719021 18.255258299087586 175
1777374719446 17.946268204851634 176
1777374719866 18.45884291703945 177
1777374720296 17.33842823758832 178
1777374720702 16.068346911270538 179
1777374721141 17.892908901708626 180
1777374721548 17.772342857774742 181
1777374721974 19.4723690581881 182
1777374722391 16.5489681602198 183
1777374723604 17.833780633658506 184
1777374724012 17.39667635338806 185
1777374724429 18.34269771124662 186
1777374724863 18.583140191184977 187
1777374725279 18.521242884544257 188
1777374725751 16.85005118251917 189
1777374726163 15.649660714953665 190
1777374726599 16.57138617749734 191
1777374727019 16.223921757917573 192
1777374727417 17.738212002314736 193
1777374727829 17.977712608526303 194
1777374728232 19.594106667906072 195
1777374728653 16.175249685633236 196
1777374729077 16.889555354660022 197
1777374729492 17.918590826758585 198
1777374729911 18.502296923762685 199
1777374730338 15.605755238296453 200
1777374730754 17.185516575898113 201
1777374731169 18.143483806553576 202
1777374731580 15.76942916659428 203
1777374731999 16.613107199152928 204
1777374732422 17.313265897149233 205
