1777217502274 -1.76917783867722 1
1777217504878 -1.731639619798541 2
1777217505558 -1.6879476820581758 3
1777217506238 -1.6435607697633587 4
1777217508060 -1.5940610010807201 5
1777217508770 -1.5342417740694034 6
1777217509498 -1.461942857876328 7
1777217512935 -1.3777071976480642 8
1777217513606 -1.2791696982038907 9
1777217514264 -1.1733712439237185 10
1777217514982 -1.0539090536724474 11
1777217515678 -0.9200912296688304 12
1777217516382 -0.7898507686315672 13
1777217517232 -0.654668425407896 14
1777217518294 -0.5241321564077438 15
1777217519957 -0.39534499307029314 16
1777217574545 -0.2593054528808004 17
1777217575442 -0.13115428908008608 18
1777217576234 -0.0016351367899353764 19
1777217577023 0.11983999088910496 20
1777217577785 0.25231021468336245 21
1777217579059 0.3585157659390306 22
1777217579991 0.4680591438144074 23
1777217580771 0.5591025077682025 24
1777217581719 0.6522820767487953 25
1777217583466 0.7127553197436689 26
1777217584832 0.776876398881398 27
1777217586256 0.8205712837891963 28
1777217587436 0.8571301913316052 29
1777217593371 0.8826349372066811 30
1777217640106 0.894316155855731 31
1777217642184 0.9100494960616027 32
1777217643596 0.9204357144769941 33
1777217644767 0.9272428003346237 34
1777217664143 0.9304221428246306 35
1777217709760 0.9324216658098345 36
1777217711050 0.9404308447419703 37
1777217711753 0.9440461135642215 38
1777217713192 0.9417052733700216 39
1777217714268 0.9448921108392305 40
1777217714881 0.9442296904190964 41
1777217715493 0.9537957848919117 42
1777217716106 0.9520007778148507 43
1777217716712 0.942997187779323 44
1777217717340 0.9565190077382135 45
1777217717950 0.9505509238240482 46
1777217718569 0.9543378089461458 47
1777217719172 0.9617521147168547 48
1777217719769 0.9607110563340702 49
1777217720373 0.958597836879503 50
1777217720982 0.962241435960143 51
1777217721579 0.9583587574779627 52
1777217723094 0.962364230107948 53
1777217723744 0.9596325589962131 54
1777217727063 0.9585893043117999 55
1777217728898 0.9650311526699331 56
1777217729764 0.9656423368538366 57
1777217730662 0.9657009024978209 58
1777217731420 0.9616636006422616 59
1777217732177 0.9677053279772163 60
1777217734440 0.9697573273767918 61
1777217737217 0.9606465271689043 62
1777217737930 0.9618819583546534 63
1777217738644 0.9716853483469878 64
1777217739338 0.9716691705943066 65
1777217740797 0.9660530856470756 66
1777217744429 0.9678771760696389 67
1777217745063 0.9651713931527321 68
1777217746391 0.9654478352564411 69
1777217748254 0.967719039875643 70
1777217748881 0.9647915003957435 71
1777217749505 0.9709613374817594 72
1777217754134 0.9708124501467865 73
1777217756993 0.9694907924629284 74
1777217758015 0.9740624534797322 75
1777217758961 0.9700141517776301 76
1777217761098 0.9752562720328479 77
1777217762071 0.9684038066387282 78
1777217766634 0.9667931960124356 79
1777217767479 0.971528042880651 80
1777217768157 0.9719511784490087 81
1777217768849 0.974990655903506 82
1777217769606 0.9716847704556999 83
1777217770278 0.9721208451141838 84
1777217771290 0.974026542309878 85
1777217772009 0.9780336099422338 86
1777217774207 0.9735336212822592 87
1777217776521 0.9746268628950638 88
1777217777206 0.9779839804147674 89
1777217778688 0.979585637731248 90
1777217779391 0.9701517790261394 91
1777217780063 0.977642080791849 92
1777217781402 0.9812839541315395 93
1777217782046 0.9762471776100766 94
1777217782678 0.9792769603833026 95
