1777309405014 204.29130298215676 1
1777309406889 171.36813867288876 2
1777309408772 110.00093045767971 3
1777309410634 52.80407400418193 4
1777309412504 35.148751865145016 5
1777309414389 32.07342018170201 6
1777309416261 28.69733866537181 7
1777309418137 27.190950833675295 8
1777309420021 26.730476298923595 9
1777309421903 25.900016452297628 10
1777309423782 24.929722921089343 11
1777309425647 25.193270172231372 12
1777309427520 23.734461818063064 13
1777309429399 23.95983728265976 14
1777309431264 21.60887584875281 15
1777309433135 22.455145598937097 16
1777309435014 21.243584702495287 17
1777309436875 20.581706014710626 18
1777309438738 21.55131143296969 19
1777309440597 20.063520453690508 20
1777309442460 20.53432658396415 21
1777309444323 20.18902995011475 22
1777309446204 19.997297004848633 23
1777309448084 18.661096364990343 24
1777309449957 18.412417087099023 25
1777309451830 17.77130099149421 26
1777309453692 17.319517989024696 27
1777309455558 16.53382597902564 28
1777309457433 16.66971140605638 29
1777309459315 16.232802613466202 30
1777309461182 15.08049566134342 31
1777309463037 15.685639379351736 32
1777309464893 15.373047478886559 33
1777309466753 14.824904791395799 34
1777309468630 14.876412615370617 35
1777309470511 14.653547518320584 36
1777309472375 15.119764890282008 37
1777309474231 14.103305775965424 38
1777309476093 14.354897561222291 39
1777309477954 14.234871413716945 40
1777309479836 13.55436723978293 41
1777309481703 13.423242235555017 42
1777309483572 13.771554193665247 43
1777309485433 14.2822693297416 44
1777309487293 13.624547193507663 45
1777309489166 13.24558548833696 46
1777309491036 13.229742285866678 47
1777309492901 13.228325704421371 48
1777309494756 13.20904641715293 49
1777309496614 12.821408881698636 50
1777309498475 12.793511702735184 51
