1777309405014 160.32354736328125 1
1777309406889 126.390380859375 2
1777309408772 72.47191619873047 3
1777309410634 34.693565368652344 4
1777309412504 24.890888214111328 5
1777309414389 22.883630752563477 6
1777309416261 20.782852172851562 7
1777309418137 19.4132022857666 8
1777309420021 19.311058044433594 9
1777309421903 18.659399032592773 10
1777309423782 17.835723876953125 11
1777309425647 18.007314682006836 12
1777309427520 16.942684173583984 13
1777309429399 17.080142974853516 14
1777309431264 15.529068946838379 15
1777309433135 16.01418113708496 16
1777309435014 15.2606840133667 17
1777309436875 14.836679458618164 18
1777309438738 15.360196113586426 19
1777309440597 14.30221939086914 20
1777309442460 14.6152925491333 21
1777309444323 14.449399948120117 22
1777309446204 14.255815505981445 23
1777309448084 13.40526294708252 24
1777309449957 13.296807289123535 25
1777309451830 12.86379623413086 26
1777309453692 12.4795503616333 27
1777309455558 11.94322681427002 28
1777309457433 12.143260955810547 29
1777309459315 11.794352531433105 30
1777309461182 11.06240177154541 31
1777309463037 11.339693069458008 32
1777309464893 11.119569778442383 33
1777309466753 10.824722290039062 34
1777309468630 10.847936630249023 35
1777309470511 10.654121398925781 36
1777309472375 10.955093383789062 37
1777309474231 10.303091049194336 38
1777309476093 10.373894691467285 39
1777309477954 10.414643287658691 40
1777309479836 9.8729887008667 41
1777309481703 9.827555656433105 42
1777309483572 10.04163646697998 43
1777309485433 10.31093978881836 44
1777309487293 9.963215827941895 45
1777309489166 9.6661958694458 46
1777309491036 9.664918899536133 47
1777309492901 9.59359073638916 48
1777309494756 9.593781471252441 49
1777309496614 9.35879135131836 50
1777309498475 9.36982250213623 51
