1777298624603 -1.787306809879221 1
1777298625252 -1.711651117220521 2
1777298625918 -1.6406573679014165 3
1777298626544 -1.553690869358917 4
1777298627185 -1.4412613941913268 5
1777298627811 -1.297803161432979 6
1777298628439 -1.1369936431359489 7
1777298629074 -0.9634495335328516 8
1777298629707 -0.7856309836602957 9
1777298630355 -0.6008098657464993 10
1777298631030 -0.41792033957827757 11
1777298631667 -0.23694174490097608 12
1777298632310 -0.03364601620770602 13
1777298632969 0.1488035155391904 14
1777298633648 0.3337445968766241 15
1777298634295 0.47634985336495883 16
1777298634931 0.6089472709274841 17
1777298635577 0.7170588258563563 18
1777298636212 0.791471950193281 19
1777298636845 0.8551007956592845 20
1777298637498 0.8894749336314688 21
1777298638127 0.8992626937578755 22
1777298638757 0.9297461711861651 23
1777298639389 0.9296082111666666 24
1777298640020 0.9390115244666072 25
1777298640663 0.9424230159945278 26
1777298641296 0.9445615553007232 27
1777298641957 0.9485539947637417 28
1777298642627 0.9521001610566295 29
1777298643290 0.9539441522062473 30
1777298643941 0.960771359232877 31
1777298644590 0.9524930179298539 32
1777298645229 0.9634916201763581 33
1777298645857 0.9598150512471731 34
1777298646508 0.9693203983260567 35
1777298647156 0.9650924017712454 36
1777298647790 0.9653999487451324 37
1777298648441 0.9555432594681198 38
1777298649068 0.9660645068352565 39
1777298649692 0.971378582331886 40
1777298650341 0.9656180700371267 41
1777298650969 0.956186426590178 42
1777298651603 0.9658070768658078 43
1777298652239 0.9705341908238757 44
1777298652909 0.966669861936732 45
1777298653554 0.9678072008374832 46
1777298654208 0.9678741931845838 47
1777298654871 0.96853376369645 48
1777298655496 0.9726767359957172 49
1777298656136 0.9724824891150088 50
1777298656771 0.9675379401831643 51
1777298657410 0.972200503529778 52
1777298658043 0.9758949104477406 53
1777298658676 0.9742396498395353 54
1777298659356 0.9740809775719282 55
1777298660000 0.9766602582162464 56
1777298660651 0.9707569443418422 57
1777298661280 0.9737252602583237 58
1777298661920 0.9761569549804527 59
1777298662613 0.9736328472233835 60
1777298663274 0.9769528745476865 61
1777298663945 0.9782056396832917 62
1777298664631 0.9770789099653703 63
1777298665408 0.9780944487499044 64
1777298666098 0.9756683059638402 65
1777298666789 0.9760931058130569 66
1777298667462 0.9713250607549493 67
1777298668144 0.9778400960015872 68
1777298668832 0.9776242253468878 69
1777298669515 0.9764094814837538 70
1777298670188 0.9770446850764283 71
1777298670888 0.9711386009419452 72
1777298671569 0.976321160117136 73
1777298672227 0.9788375183760585 74
1777298672909 0.9814206508114163 75
1777298673560 0.9809246708799109 76
1777298674232 0.9759210807801344 77
1777298674911 0.9823016886490694 78
1777298675559 0.98273282559506 79
1777298676220 0.9808855644223271 80
1777298676876 0.9786767361087998 81
1777298677530 0.9818485342239351 82
1777298678182 0.9766230943654899 83
1777298678854 0.9825912835704784 84
1777298679527 0.9803206837846145 85
1777298680200 0.9806763233689332 86
1777298680873 0.9830704408947051 87
1777298681531 0.9822633286649547 88
1777298682189 0.9822101063471166 89
1777298682877 0.9835587518736294 90
1777298683566 0.9814177492684077 91
1777298684221 0.9850270017655791 92
1777298684887 0.9833157953715023 93
1777298685544 0.9853533470282273 94
1777298686197 0.9865113189122997 95
1777298686888 0.9848062688631372 96
1777298687558 0.9844861852254339 97
1777298688210 0.9866730670921272 98
1777298688861 0.9856463933588281 99
1777298689515 0.98894089281261 100
1777298690168 0.9845527964080869 101
1777298690819 0.9864846139349318 102
1777298691471 0.9856430466575303 103
1777298692133 0.9853361870769841 104
1777298692838 0.9879600133556978 105
1777298693491 0.9877965160052435 106
1777298694148 0.9884081473186561 107
1777298694799 0.9870236381776909 108
1777298695459 0.9857110378734162 109
1777298696108 0.9869099604792465 110
1777298696766 0.9844495566538685 111
1777298697487 0.9879107714754214 112
1777298698147 0.9878097655895146 113
1777298698797 0.9870424116366185 114
1777298699454 0.9874444215303233 115
1777298700110 0.9877118854477365 116
1777298700765 0.9881339752874941 117
1777298701419 0.9872899008880094 118
1777298702075 0.9885656069227846 119
1777298702768 0.9869179027793765 120
1777298703425 0.9868229465340617 121
1777298704109 0.9884971945637065 122
1777298704784 0.9885918279925425 123
1777298705438 0.9897471025514968 124
1777298706092 0.9895535845369319 125
1777298706749 0.9890401458784457 126
1777298707403 0.987848679723474 127
1777298708058 0.9906666931752481 128
1777298708711 0.9888648891925396 129
1777298709366 0.9883114660029624 130
1777298710026 0.9900211398115355 131
1777298710693 0.9884283078102745 132
1777298711374 0.9905487218273683 133
1777298712036 0.9902281568189232 134
1777298712698 0.9874496424050874 135
1777298713363 0.9896113144611107 136
1777298714013 0.9898184912911953 137
1777298714683 0.9902588538755188 138
1777298715336 0.9892986698723074 139
1777298716002 0.9897563196278995 140
1777298716664 0.9911194160156793 141
1777298717323 0.9918534883216389 142
1777298717976 0.991414979236647 143
1777298718631 0.9903556309579873 144
1777298719280 0.9914866898414989 145
1777298719952 0.9898921705057736 146
1777298720606 0.9904878870609579 147
1777298721278 0.9902989864962912 148
1777298721934 0.9908042529509662 149
1777298722610 0.9923064245761075 150
1777298723322 0.990460067479781 151
1777298723978 0.9913825760935804 152
1777298724640 0.9899341328427382 153
1777298725311 0.9913530073517223 154
1777298725960 0.9916383108434554 155
1777298726617 0.9901138493429471 156
1777298727269 0.9919219920079723 157
1777298727922 0.9912493645525678 158
1777298728600 0.990712275869726 159
1777298729282 0.9900997741639335 160
1777298729960 0.9921956049768037 161
1777298730616 0.9917287172156463 162
1777298731284 0.9896731600147786 163
1777298731953 0.9913123759192393 164
1777298732649 0.9922112317494948 165
