1777298624603 -1.7873065343717633 1
1777298625252 -1.7116511984003036 2
1777298625918 -1.6406575302609818 3
1777298626544 -1.553690603391464 4
1777298627185 -1.4412614753711095 5
1777298627811 -1.297803161432979 6
1777298628439 -1.1369938054955142 7
1777298629074 -0.9634496147126341 8
1777298629707 -0.7856311460198608 9
1777298630355 -0.6008097845667166 10
1777298631030 -0.41792017721871244 11
1777298631667 -0.23694170431108486 12
1777298632310 -0.03364601620770591 13
1777298632969 0.14880351553919047 14
1777298633648 0.33374457658167844 15
1777298634295 0.4763498108551504 16
1777298634931 0.6089473271475421 17
1777298635577 0.7170588272541312 18
1777298636212 0.791471950193281 19
1777298636845 0.8551007855118118 20
1777298637498 0.8894749336314688 21
1777298638127 0.8992626988316119 22
1777298638757 0.9297461739562594 23
1777298639389 0.929608213989582 24
1777298640020 0.9390115269608611 25
1777298640663 0.9424230159945278 26
1777298641296 0.9445615502269868 27
1777298641957 0.9485539973006099 28
1777298642627 0.9521001635934978 29
1777298643290 0.9539441471325109 30
1777298643941 0.9607713560483042 31
1777298644590 0.9524930179298539 32
1777298645229 0.9634916201763583 33
1777298645857 0.9598150537840413 34
1777298646508 0.9693203995944908 35
1777298647156 0.9650924014743224 36
1777298647790 0.9653999488405011 37
1777298648441 0.9555432569312516 38
1777298649068 0.9660645068352565 39
1777298649692 0.9713785812768395 40
1777298650341 0.9656180713055609 41
1777298650969 0.9561864240533098 42
1777298651603 0.9658070755973736 43
1777298652239 0.9705341895554417 44
1777298652909 0.9666698566941301 45
1777298653554 0.9678072007609468 46
1777298654208 0.9678741919161498 47
1777298654871 0.9685337624280158 48
1777298655496 0.9726767371133995 49
1777298656136 0.9724824891150089 50
1777298656771 0.9675379401831643 51
1777298657410 0.9722005035297782 52
1777298658043 0.9758949117161747 53
1777298658676 0.9742396508766037 54
1777298659356 0.9740809799179078 55
1777298660000 0.9766602569478122 56
1777298660651 0.9707569443418422 57
1777298661280 0.9737252602583238 58
1777298661920 0.9761569549804527 59
1777298662613 0.9736328472233835 60
1777298663274 0.9769528720108184 61
1777298663945 0.9782056384148576 62
1777298664631 0.9770789086969363 63
1777298665408 0.9780944500183385 64
1777298666098 0.9756683085007084 65
1777298666789 0.976093107081491 66
1777298667462 0.9713250607549493 67
1777298668144 0.9778400985384554 68
1777298668832 0.9776242262754927 69
1777298669515 0.976409482452097 70
1777298670188 0.9770446863448624 71
1777298670888 0.9711386034788134 72
1777298671569 0.97632116138557 73
1777298672227 0.9788375177418415 74
1777298672909 0.9814206520798504 75
1777298673560 0.980924671514128 76
1777298674232 0.9759210820485685 77
1777298674911 0.9823016886490694 78
1777298675559 0.9827328268634941 79
1777298676220 0.9808855616021871 80
1777298676876 0.9786767373772338 81
1777298677530 0.981848532955501 82
1777298678182 0.9766230943654899 83
1777298678854 0.9825912835704784 84
1777298679527 0.9803206837846145 85
1777298680200 0.9806763248012841 86
1777298680873 0.9830704408947051 87
1777298681531 0.9822633286649547 88
1777298682189 0.9822101077069001 89
1777298682877 0.9835587525078464 90
1777298683566 0.9814177499026249 91
1777298684221 0.9850270017655791 92
1777298684887 0.9833157927486478 93
1777298685544 0.9853533458392152 94
1777298686197 0.9865113182780827 95
1777298686888 0.9848062701315713 96
1777298687558 0.9844861858596509 97
1777298688210 0.9866730677263442 98
1777298688861 0.9856463920903941 99
1777298689515 0.988940893446827 100
1777298690168 0.9845527951540861 101
1777298690819 0.9864846139349318 102
1777298691471 0.9856430472296669 103
1777298692133 0.9853361863832605 104
1777298692838 0.9879600123782942 105
1777298693491 0.9877965160052435 106
1777298694148 0.988408146050222 107
1777298694799 0.9870236377584897 108
1777298695459 0.985711037834406 109
1777298696108 0.9869099604792465 110
1777298696766 0.9844495560257038 111
1777298697487 0.9879107714754214 112
1777298698147 0.9878097650782731 113
1777298698797 0.9870424129050526 114
1777298699454 0.9874444217794983 115
1777298700110 0.9877118848135195 116
1777298700765 0.9881339765559283 117
1777298701419 0.9872898996195753 118
1777298702075 0.9885656069227845 119
1777298702768 0.9869179023515918 120
1777298703425 0.9868229458998447 121
1777298704109 0.9884971939294895 122
1777298704784 0.9885918279925425 123
1777298705438 0.9897471017191688 124
1777298706092 0.9895535845369319 125
1777298706749 0.9890401458784456 126
1777298707403 0.9878486793712495 127
1777298708058 0.9906666931752481 128
1777298708711 0.988864887606997 129
1777298709366 0.9883114660029624 130
1777298710026 0.990021140128644 131
1777298710693 0.9884283078102744 132
1777298711374 0.9905487211931512 133
1777298712036 0.990228156184706 134
1777298712698 0.9874496411366533 135
1777298713363 0.9896113141440022 136
1777298714013 0.9898184904646625 137
1777298714683 0.9902588541926273 138
1777298715336 0.9892986705065245 139
1777298716002 0.9897563202621166 140
1777298716664 0.9911194156985706 141
1777298717323 0.9918534883216389 142
1777298717976 0.991414979236647 143
1777298718631 0.9903556312750957 144
1777298719280 0.9914866888901733 145
1777298719952 0.9898921708228822 146
1777298720606 0.990487887093616 147
1777298721278 0.9902989868133997 148
1777298721934 0.9908042523167492 149
1777298722610 0.9923064245761076 150
1777298723322 0.9904600677968894 151
1777298723978 0.9913825770875097 152
1777298724640 0.9899341331598467 153
1777298725311 0.9913530073517223 154
1777298725960 0.991638310526347 155
1777298726617 0.9901138491746085 156
1777298727269 0.9919219913737551 157
1777298727922 0.9912493642354594 158
1777298728600 0.9907122768915742 159
1777298729282 0.9900997747981505 160
1777298729960 0.9921956052939123 161
1777298730616 0.9917287175327548 162
1777298731284 0.9896731604539508 163
1777298731953 0.9913123756021307 164
1777298732649 0.9922112324020497 165
