1777423436534 205.36717308579284 1
1777423436864 203.875871779252 2
1777423439972 202.60019704765838 3
1777423443051 201.44302660740084 4
1777423454690 200.2062705842402 5
1777423466655 198.8740080899211 6
1777423479408 197.4116495422699 7
1777423479805 195.79965246713283 8
1777423493743 194.0611614285558 9
1777423501106 192.06648629120593 10
1777423508099 189.66942871084944 11
1777423511258 186.96022304222896 12
1777423521012 183.7910562126188 13
1777423527607 180.30558912232866 14
1777423534434 176.34843771458537 15
1777423537663 172.400208907211 16
1777423543666 168.09051690978882 17
1777423551080 163.54747733838636 18
1777423557443 159.34735054276868 19
1777423563979 154.49439335498553 20
1777423570666 150.29197495001188 21
1777423578919 144.88527250034767 22
1777423586322 140.42051104406008 23
1777423598398 135.2363527079535 24
1777423608772 129.79695682102874 25
1777423616156 124.20285275633769 26
1777423619763 118.65683845653398 27
1777423626074 112.68229587955466 28
1777423635431 106.39256519930093 29
1777423638610 100.23655614345496 30
1777423642239 92.91049119986397 31
1777423645367 86.66142530975792 32
1777423652211 79.58034462101807 33
1777423658177 75.09476435020287 34
1777423661744 68.73322238462998 35
1777423668288 62.84274380721095 36
1777423683909 57.67804042836624 37
1777423687343 52.92253930052511 38
1777423690704 48.69680842099023 39
1777423693279 45.2427426414309 40
1777423701046 41.65492835956659 41
1777423701418 40.89839049066066 42
1777423708018 40.39045273174095 43
1777423717665 35.30678880806778 44
1777423727929 33.58100594027727 45
1777423744662 32.99439908672001 46
1777423754253 34.819400124068764 47
1777423773411 33.55407540914367 48
1777423785805 32.41817750000569 49
1777423790196 31.79162656315732 50
1777423797657 29.829015096069842 51
1777423806405 28.82206385299453 52
1777423811655 31.677572948849594 53
1777423811981 32.00027847168872 54
1777423818276 31.351749392042006 55
1777423827533 30.157481556782162 56
1777423835632 31.072710964755213 57
1777423838943 27.177865121069804 58
1777423846080 28.420333073897112 59
1777423846412 26.360775840814842 60
1777423853644 27.828507726523107 61
1777423862314 27.270979058847978 62
1777423869139 27.323165242824974 63
1777423877560 24.0069353891192 64
1777423890051 25.190714212176108 65
1777423899457 27.446573412538108 66
1777423908993 25.96873589801061 67
1777423911834 24.237817594779703 68
1777423926133 25.353222451433567 69
1777423929648 25.371623899869046 70
1777423930626 26.461909719739143 71
1777423933487 22.659587577440316 72
1777423941040 24.02531115660888 73
1777423948331 22.13869384441455 74
1777423958149 28.101329014529053 75
1777423973673 24.683761584035363 76
1777423976979 25.62218448709292 77
1777423980347 21.4560132398913 78
1777423989542 27.940900284196395 79
1777423999140 23.33744528732874 80
1777424014798 20.524879059336516 81
1777424024349 31.855021120782023 82
1777424027652 25.995936149503493 83
1777424033427 23.12478093223939 84
1777424039689 24.120225503098276 85
1777424043128 26.582980385792077 86
1777424056059 21.108582025030053 87
1777424059795 19.62091838402122 88
1777424069305 21.31061838743042 89
1777424072641 25.1318046502926 90
1777424073011 24.759290396485518 91
1777424073347 25.153241279703895 92
1777424079371 25.273111473940418 93
1777424088287 20.17516902205182 94
1777424091844 22.46329607181805 95
1777424092197 21.338017823562524 96
1777424101634 21.674134987154765 97
1777424105051 22.932668566864525 98
1777424108594 22.692020522865658 99
1777424117706 24.89757460459565 100
1777424124684 22.623136496331373 101
1777424127597 21.44188767620847 102
1777424127931 20.070762572804906 103
1777424131299 19.52539756067322 104
1777424134574 22.707643756253916 105
1777424134939 22.277573548372025 106
1777424145005 23.1555725904627 107
1777424145967 23.381208441890358 108
1777424149458 23.358358569023263 109
1777424161870 21.09336515852645 110
1777424172151 19.65520276795967 111
1777424175497 19.490451920477707 112
1777424178897 22.372376357395588 113
1777424185451 23.495793392199086 114
1777424197197 24.213445739709243 115
1777424214090 23.29884638079279 116
1777424218216 23.091553621028027 117
1777424229601 21.256438592591774 118
1777424239371 22.967927546924674 119
1777424246602 19.46836517100603 120
1777424253005 24.35402242347504 121
1777424256235 20.086375827821314 122
1777424278615 22.009208139320275 123
1777424278996 23.354195705081562 124
1777424279300 24.624168420682885 125
1777424285410 19.32843367654689 126
1777424285731 24.464138643938472 127
1777424286064 19.91859960819441 128
1777424289427 20.14039089637995 129
1777424295734 21.230707723471046 130
1777424299052 20.50800074318367 131
1777424299394 21.060433034475082 132
1777424302508 22.23576465373584 133
1777424311416 21.969203548172054 134
1777424314688 24.27187344091987 135
1777424314997 20.583541724917172 136
1777424318438 18.848326979645716 137
1777424318772 22.196441310172617 138
1777424319108 22.639805454456205 139
1777424321686 25.228744776311824 140
1777424333076 21.579500346511225 141
1777424336418 20.24098136603451 142
1777424336781 19.017125492874015 143
1777424337135 18.625704553578302 144
1777424337494 21.69471677814634 145
1777424340740 21.027214944222806 146
1777424346990 19.02962874097998 147
1777424350321 19.12282814210136 148
1777424353413 20.417272608062838 149
1777424353767 20.46569260920845 150
1777424354156 20.681328443584235 151
1777424357798 18.754793495336983 152
1777424371446 21.259858122358494 153
