1777233583486 -2.7916204623473995 1
1777233584801 -2.6590282701636396 2
1777233586110 -2.495696540067777 3
1777233587418 -2.2955235280490287 4
1777233588724 -2.053520818269251 5
1777233590068 -1.7263636299816776 6
1777233591398 -1.3376370158725703 7
1777233592721 -0.9342858747463969 8
1777233593858 -0.5206898004169973 9
1777233594954 -0.10810912128721561 10
1777233596047 0.25427913539772684 11
1777233597388 0.5226307328339663 12
1777233598524 0.7060505661754899 13
1777233599632 0.8010180066257621 14
1777233600853 0.8674185486531834 15
1777233602250 0.8939166659237003 16
1777233603593 0.9098817718168863 17
1777233604842 0.916435937576783 18
1777233606230 0.9182886968486524 19
1777233607666 0.9287566829237062 20
1777233609078 0.9348063270900756 21
1777233610356 0.9323962991498592 22
1777233611534 0.9414116478409513 23
1777233612858 0.936336949005595 24
1777233614094 0.9451174120901107 25
1777233615323 0.9482001551454226 26
1777233616595 0.9485138507655478 27
1777233617930 0.9503918562693493 28
1777233619197 0.9500921483077917 29
1777233620676 0.951812560110076 30
1777233621956 0.9531104551166398 31
1777233623162 0.9533956532956117 32
1777233624325 0.9560042112153995 33
1777233625619 0.953725280279683 34
1777233626992 0.9517716940335704 35
1777233628376 0.9514814457306928 36
1777233629640 0.955772129283172 37
1777233630985 0.9563147740914164 38
1777233632288 0.9583058435769093 39
1777233633547 0.9583975004738604 40
1777233634964 0.9566249319659289 41
1777233638100 0.9583532764218778 42
1777233640198 0.9594193702275674 43
1777233642645 0.9563257825717635 44
1777233644389 0.9560199275871025 45
1777233646747 0.9646705397446068 46
1777233650900 0.9612971842158838 47
1777233737303 0.9603227033563361 48
1777233738605 0.9516714681600876 49
1777233739964 0.9607221924138667 50
1777233741107 0.9588750026325581 51
1777233742436 0.9641940006634047 52
