1777380466196 176.87850731872524 1
1777380467336 175.03039376879212 2
1777380468042 173.29031071531918 3
1777380469040 171.805026814089 4
1777380469719 170.24584689828683 5
1777380470068 168.55101700765496 6
1777380470745 166.68102273768253 7
1777380471333 164.63438058805215 8
1777380471979 162.43588076691262 9
1777380473344 160.1114095289898 10
1777380474234 157.5719441916077 11
1777380474988 154.82985121405383 12
1777380475339 151.94337196729114 13
1777380475719 148.88021627634606 14
1777380476169 145.5773036829705 15
1777380476512 141.8792353261639 16
1777380476851 138.04681525350244 17
1777380477204 133.9888705371208 18
1777380477591 129.86277166797987 19
1777380478416 125.50866971219374 20
1777380479596 120.98674730025559 21
1777380480238 116.47568622546751 22
1777380480793 111.61834187064514 23
1777380481138 106.71126933184233 24
1777380481479 101.53069980070649 25
1777380482117 96.2939687223897 26
1777380482477 90.66228955088826 27
1777380483561 85.07849849475747 28
1777380484070 79.88505072624345 29
1777380484427 74.70054312772322 30
1777380485055 69.09611046153994 31
1777380485554 64.3540832813827 32
1777380486138 58.97085546318513 33
1777380487197 53.157264504357435 34
1777380487689 49.313125340580456 35
1777380488314 44.91077681496295 36
1777380488722 39.404481710571076 37
1777380489383 36.175615590472866 38
1777380489853 33.315259111896026 39
1777380490203 29.828771038267224 40
1777380490544 26.074844802909954 41
1777380490898 25.764078464652975 42
1777380491493 21.77732509008839 43
1777380491843 20.11297985993234 44
1777380492188 19.080479751756357 45
1777380492882 20.486065163381053 46
1777380493894 18.84351666359648 47
1777380494282 15.790089977337978 48
1777380494619 17.807323135875386 49
1777380494965 15.530718681339907 50
1777380496363 15.298601433660885 51
1777380496744 16.95290854770074 52
1777380497338 15.071156146162647 53
1777380497922 14.83323217065344 54
1777380498294 14.93413199352842 55
1777380498636 14.765470754466232 56
1777380499171 13.521312024146058 57
1777380499742 13.070093465366954 58
1777380500927 13.59128168742605 59
1777380501285 14.166097844991679 60
1777380501649 13.759048643619398 61
1777380502488 13.2827258274473 62
1777380503074 14.039558757891228 63
1777380503547 13.307109891567086 64
1777380503901 14.102419417340599 65
1777380504527 12.338132233455264 66
1777380505215 12.70298974824746 67
1777380505681 14.66245062820818 68
1777380506030 11.928413799671594 69
1777380506388 12.312526061338406 70
1777380507074 12.763765692919893 71
1777380507427 13.67070338964323 72
1777380508187 13.43512245314223 73
1777380508539 10.560089345427022 74
1777380509219 13.650403414603076 75
1777380510254 12.875389856040862 76
1777380510857 14.933382644631026 77
1777380511807 11.22349010414021 78
1777380512166 11.674855534337823 79
1777380512550 10.389168803974734 80
1777380513061 10.867696400903805 81
1777380513421 11.70464882413105 82
1777380513768 10.636627174413114 83
1777380515095 12.412795242407668 84
1777380515443 10.911927286746696 85
1777380515899 10.574540451769938 86
1777380516525 11.314836295287837 87
1777380517216 10.635744952653877 88
1777380518320 10.732635775621281 89
1777380518800 9.493283409461997 90
1777380519404 10.349995375097599 91
1777380521856 10.185543378008381 92
1777380523058 9.8481945994303 93
1777380526170 9.580809883594792 94
1777380527755 11.239882315340829 95
1777380528782 10.477142406443557 96
1777380529419 10.067570538913765 97
1777380530781 9.232723001985088 98
1777380532183 10.127310951295337 99
1777380532557 8.659420147198533 100
1777380533920 9.401764581525347 101
1777380536835 10.540421306425058 102
