1777434060735 -1.7531207298639404 1
1777434061414 -1.714375028894938 2
1777434061743 -1.6799996203473024 3
1777434062061 -1.649628935414034 4
1777434062363 -1.6171934296814316 5
1777434062674 -1.584383782338985 6
1777434062977 -1.5478278201536186 7
1777434063285 -1.5091886668771086 8
1777434063607 -1.4672757745144653 9
1777434063910 -1.4214218422157265 10
1777434064378 -1.3662720830043265 11
1777434064678 -1.3058725536512026 12
1777434064976 -1.2402812736613185 13
1777434065288 -1.169512173839296 14
1777434065592 -1.0913200983545424 15
1777434065917 -1.0110443725213503 16
1777434066234 -0.9285729375596843 17
1777434066550 -0.8318493709552828 18
1777434066854 -0.736978295194056 19
1777434067177 -0.639850429084091 20
1777434067482 -0.5545684925614096 21
1777434067778 -0.4457866664135648 22
1777434068087 -0.3589153934778728 23
1777434068397 -0.24299165713197501 24
1777434068707 -0.16023571227591682 25
1777434069010 -0.060316250696923035 26
1777434069307 0.02483648144003492 27
1777434069595 0.1084399856344318 28
1777434069882 0.20233735938689767 29
1777434070176 0.28806087179893836 30
1777434070474 0.35217242478360566 31
1777434070774 0.4301389666649623 32
1777434071086 0.5017206839994452 33
1777434071568 0.5599542794054027 34
1777434071866 0.6232579222648855 35
1777434072185 0.6885884971968466 36
1777434072516 0.7106780076683721 37
1777434072871 0.7685512774547838 38
1777434073183 0.7981427941152608 39
1777434073492 0.8269117426885473 40
1777434073817 0.8437329118014735 41
1777434074142 0.860136118504303 42
1777434074453 0.8916293430814266 43
1777434074753 0.8958052548525891 44
1777434075050 0.9039672711819415 45
1777434075384 0.9047631832102881 46
1777434075745 0.9147633959995015 47
1777434076163 0.9296339510777697 48
1777434076576 0.9328280233749716 49
1777434076892 0.9231447459587654 50
1777434077218 0.9384011728436262 51
1777434077547 0.9413880196381481 52
1777434077878 0.9335772633806909 53
1777434078182 0.9468193447133209 54
1777434078479 0.9415548113631277 55
1777434078783 0.9429808339683841 56
1777434079076 0.9459820899605437 57
1777434079359 0.9504928577070876 58
1777434079760 0.9593068423902444 59
1777434080059 0.9552936272998457 60
1777434080373 0.950202970675197 61
1777434080686 0.9438756106973883 62
1777434081047 0.9541483496359467 63
1777434081423 0.9550796995110135 64
1777434081795 0.9559964488312361 65
1777434082182 0.9651954442135571 66
1777434082541 0.952676740960209 67
1777434082920 0.959057470462867 68
1777434083231 0.9550024916621838 69
1777434083537 0.9667995007796658 70
1777434083849 0.9582688060887108 71
1777434084153 0.9523045511938699 72
1777434084458 0.9624852401402817 73
1777434084772 0.952587003998294 74
1777434085087 0.9625874177125742 75
1777434085382 0.9519885917426151 76
1777434085696 0.9615634342058814 77
1777434086018 0.9611187655056744 78
1777434086386 0.9596752320186813 79
1777434086691 0.9503293047028253 80
1777434087009 0.9621045134505746 81
1777434087324 0.963248054547826 82
1777434087630 0.9554626339844887 83
1777434087942 0.9526336568852006 84
1777434088264 0.9669237370539195 85
1777434088598 0.9539182904346197 86
1777434088908 0.9636992222171534 87
1777434089234 0.9581729409122626 88
1777434089558 0.9623866840031192 89
1777434089863 0.9565742949711632 90
1777434090170 0.9633582332433087 91
1777434090471 0.9701948330186401 92
1777434090775 0.9533780746893201 93
1777434091086 0.9672438561324473 94
1777434091402 0.9686694194804085 95
1777434091709 0.9649900868356039 96
1777434092003 0.9694711224562121 97
1777434092308 0.9633196173590685 98
1777434092617 0.9569512160444291 99
1777434092931 0.9670341286342943 100
1777434093250 0.96825893913708 101
1777434093609 0.9692584169615354 102
1777434093914 0.9674005465888971 103
1777434094254 0.9686114645585022 104
1777434094589 0.9623620180592215 105
1777434094901 0.9666220672020485 106
1777434095203 0.9642248613272597 107
1777434095518 0.9692237526036062 108
1777434095863 0.9702797429950251 109
1777434096180 0.9686714335150053 110
1777434096467 0.9634871199005126 111
1777434096774 0.9738779330084445 112
1777434097085 0.9726952808901814 113
1777434097396 0.9632063458527382 114
1777434097714 0.9725857480252702 115
1777434098037 0.9686971710592586 116
1777434098355 0.9632773991754189 117
1777434098691 0.9669752480219023 118
1777434099043 0.9637614707163771 119
1777434099400 0.9666917666724941 120
1777434099752 0.9743758444593515 121
1777434100116 0.9653576027021781 122
1777434100466 0.9715642904337012 123
1777434100811 0.967868620667405 124
1777434101162 0.9711859028993906 125
1777434101519 0.9719286154188594 126
1777434101891 0.9738752707513113 127
1777434102263 0.9640021932980277 128
1777434102638 0.964825514854218 129
1777434102986 0.9693068638222515 130
1777434103340 0.9767606695228899 131
1777434103706 0.9642422939687576 132
1777434104061 0.9654765431657463 133
1777434104413 0.9673431944421906 134
1777434104726 0.971155570576671 135
1777434105016 0.9659180472961533 136
1777434105354 0.9629890788806552 137
1777434105649 0.9695438214508673 138
1777434105952 0.9598411930371695 139
1777434106246 0.975376891412899 140
1777434106547 0.9715593175383013 141
1777434106846 0.9659487888313525 142
1777434107145 0.9663228873858248 143
1777434107434 0.9715965341229701 144
1777434107736 0.9762457966476055 145
1777434108044 0.9717630340282101 146
1777434108353 0.971067369256337 147
1777434108667 0.9709819521833551 148
1777434108978 0.970406038751212 149
1777434109277 0.9764321402951432 150
1777434109595 0.9735742730416274 151
1777434109902 0.9731622355290322 152
1777434110204 0.9660441660469244 153
1777434110501 0.9742784675609732 154
1777434110840 0.9731832680779745 155
1777434111220 0.9630322131869302 156
1777434111594 0.968450990013297 157
1777434111966 0.9723693036121426 158
1777434112346 0.9739590708558995 159
1777434112713 0.9669723537441564 160
1777434113062 0.970894052250621 161
1777434113418 0.9772337236726928 162
1777434113777 0.9627206501674911 163
1777434114146 0.9744849467705486 164
1777434114523 0.9693862914146747 165
1777434114874 0.9761884899482356 166
1777434115230 0.9774616707688549 167
1777434115595 0.9702307124948295 168
1777434115915 0.9712164173843583 169
1777434116228 0.9758278533732295 170
1777434116575 0.979381007468136 171
1777434116904 0.978871758102753 172
1777434117204 0.9765659516056094 173
1777434117534 0.9718001573262408 174
1777434117914 0.9744819639900948 175
1777434118299 0.9616564295671968 176
1777434118669 0.9753825053549401 177
1777434118961 0.9810205033888596 178
1777434119247 0.9780146165523065 179
1777434119542 0.9753920301598858 180
1777434119837 0.9658461830973109 181
1777434120144 0.9803589887024237 182
1777434120449 0.9769349211604543 183
1777434120749 0.9734331542778439 184
1777434121069 0.9786871223182818 185
1777434121436 0.9736136089073565 186
1777434121733 0.9776168231917586 187
1777434122064 0.9715003197196204 188
1777434122409 0.9703219540027794 189
1777434122717 0.9831320619898608 190
1777434123021 0.9680907265848433 191
1777434123335 0.9697622604858391 192
1777434123650 0.974463392773219 193
1777434123967 0.9771178377485309 194
