1777121954256 163.14328002929688 1
1777121954896 159.77194213867188 2
1777121955537 156.3404998779297 3
1777121956169 152.1629638671875 4
1777121956807 147.18568420410156 5
1777121957472 141.58718872070312 6
1777121958117 135.06529235839844 7
1777121958757 127.730224609375 8
1777121959395 120.08859252929688 9
1777121960030 111.97073364257812 10
1777121960670 103.28849792480469 11
1777121961305 94.02091979980469 12
1777121961939 84.48839569091797 13
1777121962573 75.02294921875 14
1777121963212 65.91575622558594 15
1777121963848 55.398399353027344 16
1777121964494 46.679012298583984 17
1777121965133 39.72880554199219 18
1777121965767 33.36927032470703 19
1777121966407 30.44560432434082 20
1777121967045 26.363481521606445 21
1777121967687 25.51255226135254 22
1777121968361 23.825407028198242 23
1777121969003 22.195833206176758 24
1777121969645 21.22562599182129 25
1777121970286 21.17793083190918 26
1777121970938 19.352602005004883 27
1777121971584 18.700136184692383 28
1777121972225 21.192672729492188 29
1777121972870 18.103641510009766 30
1777121973511 18.192882537841797 31
1777121974151 17.76801872253418 32
1777121974798 17.763532638549805 33
1777121975436 17.77427864074707 34
1777121976082 17.16765594482422 35
1777121976714 18.238183975219727 36
1777121977348 16.78068733215332 37
1777121977982 17.7627010345459 38
1777121978640 16.71570587158203 39
1777121979280 16.146915435791016 40
1777121979917 17.157094955444336 41
1777121980557 16.097715377807617 42
1777121981195 15.425165176391602 43
1777121981827 15.970427513122559 44
1777121982467 16.32143211364746 45
1777121983110 14.52497386932373 46
1777121983742 16.30223846435547 47
1777121984381 16.291536331176758 48
1777121985019 15.70287036895752 49
1777121985657 16.579397201538086 50
1777121986291 16.295305252075195 51
1777121986925 14.550152778625488 52
1777121987565 15.544382095336914 53
1777121988207 15.395636558532715 54
1777121988860 16.399370193481445 55
1777121989497 14.787997245788574 56
1777121990132 15.840903282165527 57
1777121990763 14.106021881103516 58
1777121991400 15.187464714050293 59
1777121992038 15.056864738464355 60
1777121992678 13.41459846496582 61
1777121993312 15.190381050109863 62
1777121993946 14.3469877243042 63
1777121994579 14.035628318786621 64
1777121995215 14.775777816772461 65
1777121995847 14.205764770507812 66
1777121996491 14.059405326843262 67
1777121997127 15.109341621398926 68
1777121997765 15.10935115814209 69
1777121998407 14.529041290283203 70
1777121999045 13.614540100097656 71
1777121999706 14.509743690490723 72
1777122000348 14.442939758300781 73
1777122000984 14.133913040161133 74
1777122001622 13.970137596130371 75
1777122002266 12.937080383300781 76
1777122002984 12.26612377166748 77
1777122003634 12.844970703125 78
1777122004277 13.149118423461914 79
1777122004927 12.601547241210938 80
1777122005573 12.67580509185791 81
1777122006215 12.169464111328125 82
1777122006856 12.07097053527832 83
1777122007497 13.135897636413574 84
1777122008138 13.467900276184082 85
1777122008779 11.044146537780762 86
1777122009435 12.306852340698242 87
1777122010083 11.802719116210938 88
1777122010728 11.141383171081543 89
1777122011368 11.73611831665039 90
1777122012006 10.762682914733887 91
1777122012645 11.818014144897461 92
1777122013282 11.440167427062988 93
1777122013918 12.546378135681152 94
1777122014554 11.422171592712402 95
1777122015190 10.548120498657227 96
1777122015830 11.45610237121582 97
1777122016469 10.537007331848145 98
1777122017107 11.986368179321289 99
1777122017744 11.0272798538208 100
1777122018380 10.593188285827637 101
1777122019011 10.400151252746582 102
1777122019642 10.717426300048828 103
1777122020280 11.236824989318848 104
1777122020915 10.605119705200195 105
1777122021550 10.749069213867188 106
1777122022184 9.928610801696777 107
1777122022821 10.118762969970703 108
1777122023459 9.833230018615723 109
1777122024099 11.612832069396973 110
