1777374445387 42135.7890625 1
1777374445807 41567.3828125 2
1777374446239 40936.15625 3
1777374446662 40392.83984375 4
1777374447073 39829.1484375 5
1777374447564 39093.11328125 6
1777374447977 38188.2578125 7
1777374448406 37390.0703125 8
1777374448823 36617.24609375 9
1777374449955 35840.69921875 10
1777374450366 34999.16015625 11
1777374450777 33976.15625 12
1777374451192 32903.171875 13
1777374451607 31705.28515625 14
1777374452018 30422.515625 15
1777374452844 29184.314453125 16
1777374453281 27971.2109375 17
1777374453694 26722.818359375 18
1777374454107 25581.734375 19
1777374454519 24256.595703125 20
1777374454932 23132.9609375 21
1777374455333 21946.69921875 22
1777374455754 20533.09765625 23
1777374456162 18722.896484375 24
1777374456584 16960.59765625 25
1777374457002 14987.1962890625 26
1777374457432 13588.9658203125 27
1777374457846 12259.8505859375 28
1777374458258 10971.4951171875 29
1777374458677 9501.3642578125 30
1777374459127 8424.537109375 31
1777374459809 7397.97607421875 32
1777374460237 6304.77978515625 33
1777374460651 5668.02001953125 34
1777374461076 4726.02587890625 35
1777374461831 4195.26318359375 36
1777374462290 3681.67529296875 37
1777374462912 3206.331787109375 38
1777374463362 2622.42041015625 39
1777374464232 2272.7314453125 40
1777374464658 2257.624267578125 41
1777374465084 1941.796142578125 42
1777374465517 1770.930419921875 43
1777374465930 1597.162109375 44
1777374466350 1638.2125244140625 45
1777374466774 1662.0421142578125 46
1777374467197 1444.4237060546875 47
1777374467636 1324.2052001953125 48
1777374468078 1487.1259765625 49
1777374468506 1337.7347412109375 50
1777374468925 1081.9346923828125 51
1777374469356 1305.989990234375 52
1777374470025 1137.38916015625 53
1777374470445 1038.9229736328125 54
1777374470875 1004.3807373046875 55
1777374471308 1108.7447509765625 56
1777374471725 1072.0948486328125 57
1777374472146 1363.5751953125 58
1777374472613 1166.083251953125 59
1777374473026 1159.83056640625 60
1777374473465 1150.38916015625 61
1777374473882 1159.6400146484375 62
1777374474328 1123.9324951171875 63
1777374474737 1068.284423828125 64
1777374475141 1034.5821533203125 65
1777374475543 1019.167724609375 66
1777374475974 980.1192626953125 67
1777374476387 837.5829467773438 68
1777374476861 845.1434936523438 69
1777374477273 949.2703247070312 70
1777374477696 899.239990234375 71
1777374478125 936.30322265625 72
1777374479024 825.5032958984375 73
1777374479438 852.916259765625 74
1777374479844 938.7593994140625 75
1777374480279 922.6903076171875 76
1777374480701 817.9544067382812 77
1777374481126 784.3421020507812 78
1777374481543 805.7818603515625 79
1777374481976 1044.8448486328125 80
1777374482399 891.750244140625 81
1777374482846 803.328125 82
1777374483269 840.897705078125 83
1777374483695 703.3564453125 84
1777374484101 669.309326171875 85
1777374484515 825.3480834960938 86
1777374485226 763.46728515625 87
1777374485641 603.5882568359375 88
1777374486060 660.749267578125 89
1777374486514 720.7791137695312 90
1777374486927 656.8179931640625 91
1777374487382 703.2755126953125 92
1777374487905 708.1864624023438 93
1777374488334 699.3932495117188 94
1777374488762 726.7947998046875 95
1777374489175 642.8841552734375 96
1777374489599 645.169677734375 97
1777374490012 710.3978271484375 98
1777374490426 661.6961059570312 99
1777374490843 668.5609130859375 100
1777374491261 648.5098266601562 101
1777374491677 597.9720458984375 102
1777374492093 580.5892333984375 103
1777374492515 730.8633422851562 104
1777374492928 737.1673583984375 105
1777374493398 560.908203125 106
1777374494042 500.7562255859375 107
1777374494566 533.8651123046875 108
1777374494997 565.9716796875 109
1777374495811 558.2861938476562 110
1777374496233 632.2651977539062 111
1777374496653 529.4428100585938 112
1777374497090 496.4313659667969 113
1777374497500 494.91986083984375 114
1777374497932 506.205078125 115
1777374498358 515.0240478515625 116
1777374498765 608.9546508789062 117
1777374499173 605.93115234375 118
1777374499601 585.3292846679688 119
1777374500009 585.8724975585938 120
1777374500417 578.9235229492188 121
1777374500855 516.76025390625 122
1777374501276 515.0133666992188 123
1777374501695 442.26751708984375 124
1777374502120 533.0651245117188 125
1777374502551 468.9237365722656 126
1777374502962 458.06500244140625 127
1777374503395 649.9982299804688 128
1777374503833 462.9344787597656 129
1777374504241 490.85247802734375 130
1777374504665 429.5408935546875 131
1777374505083 516.141357421875 132
1777374505512 405.4228820800781 133
1777374505923 486.1174621582031 134
1777374506348 624.419677734375 135
1777374506780 498.6755065917969 136
1777374507212 474.1336975097656 137
1777374507621 426.3116149902344 138
1777374508061 587.4602661132812 139
1777374508476 438.180419921875 140
1777374508889 396.8198547363281 141
1777374509307 575.8947143554688 142
1777374509740 439.6130065917969 143
1777374510187 413.178955078125 144
1777374512574 577.0309448242188 145
1777374513019 521.4083251953125 146
1777374513448 480.4188232421875 147
