1777376940115 163.79592895507812 1
1777376941074 161.95721435546875 2
1777376941508 160.119384765625 3
1777376941947 158.48678588867188 4
1777376942380 156.50128173828125 5
1777376943151 153.75355529785156 6
1777376943969 151.33554077148438 7
1777376944785 148.93539428710938 8
1777376945668 146.5888214111328 9
1777376947657 144.38539123535156 10
1777376948983 142.24501037597656 11
1777376949864 139.8691864013672 12
1777376950300 136.93441772460938 13
1777376950729 133.81568908691406 14
1777376951147 130.5019073486328 15
1777376951581 127.16683959960938 16
1777376952259 123.83519744873047 17
1777376952677 120.38831329345703 18
1777376953466 116.93685150146484 19
1777376953888 113.15160369873047 20
1777376954690 109.36189270019531 21
1777376955118 105.31536102294922 22
1777376956327 100.61043548583984 23
1777376956758 95.16466522216797 24
1777376957500 89.11620330810547 25
1777376958559 83.74385833740234 26
1777376959528 78.82502746582031 27
1777376960005 74.20726013183594 28
1777376960870 69.81566619873047 29
1777376961578 65.87736511230469 30
1777376961992 62.10849380493164 31
1777376963222 57.30024337768555 32
1777376964076 52.862762451171875 33
1777376964543 49.19891357421875 34
1777376964958 45.29302215576172 35
1777376965876 42.03966522216797 36
1777376966834 40.168636322021484 37
1777376968165 38.649681091308594 38
1777376968770 35.53538513183594 39
1777376969208 33.2639274597168 40
1777376970909 30.287466049194336 41
1777376971338 29.38956069946289 42
1777376971781 28.646413803100586 43
1777376972313 27.768390655517578 44
1777376973500 26.858671188354492 45
1777376974435 27.218231201171875 46
1777376975831 25.917837142944336 47
1777376976378 26.355653762817383 48
1777376978089 24.956735610961914 49
1777376980068 24.346351623535156 50
1777376981064 25.301210403442383 51
1777376982939 23.959442138671875 52
1777376985822 23.32938575744629 53
1777376987754 23.688392639160156 54
1777376989765 26.179834365844727 55
1777376990982 23.383867263793945 56
1777376992196 22.98969268798828 57
1777376993003 22.013669967651367 58
1777376993426 23.509124755859375 59
1777376994355 21.33478355407715 60
1777376994763 24.103534698486328 61
1777376995158 22.459552764892578 62
1777376996146 22.490934371948242 63
1777376997753 21.689563751220703 64
1777376999848 21.092365264892578 65
1777377000613 21.48970603942871 66
1777377001850 21.71705436706543 67
1777377002893 22.05680274963379 68
1777377003877 20.738994598388672 69
1777377004738 21.276626586914062 70
1777377006160 20.492931365966797 71
1777377008832 21.229145050048828 72
1777377009371 20.2109375 73
1777377009880 22.192346572875977 74
1777377010323 21.50752067565918 75
1777377011732 21.069873809814453 76
1777377012348 21.173879623413086 77
1777377014239 19.704607009887695 78
1777377015139 19.922122955322266 79
1777377016225 19.65633201599121 80
1777377017390 21.51780128479004 81
1777377018222 19.54667854309082 82
1777377018983 18.91408348083496 83
1777377019789 18.872194290161133 84
1777377020201 17.780031204223633 85
1777377020612 19.166778564453125 86
1777377021024 19.49452018737793 87
1777377023628 18.72746467590332 88
1777377024061 20.610902786254883 89
1777377024492 18.83599853515625 90
1777377025456 16.952465057373047 91
1777377025883 19.073650360107422 92
1777377027084 19.49945831298828 93
1777377027511 17.96022605895996 94
1777377027956 18.148611068725586 95
1777377029370 17.174732208251953 96
1777377029788 18.252243041992188 97
1777377030212 18.998735427856445 98
1777377031353 20.150497436523438 99
1777377031791 18.377002716064453 100
1777377032216 17.799549102783203 101
1777377033197 17.29243278503418 102
1777377033621 18.62400245666504 103
1777377034441 16.215219497680664 104
1777377035289 17.37847900390625 105
1777377035783 17.55803680419922 106
1777377036193 16.115259170532227 107
1777377038312 17.71571922302246 108
1777377038748 16.24675941467285 109
1777377039164 17.195154190063477 110
1777377039945 16.57734489440918 111
1777377040421 17.666074752807617 112
1777377040842 18.097490310668945 113
1777377041680 15.972917556762695 114
1777377042113 15.866339683532715 115
1777377044131 17.369131088256836 116
1777377044985 15.969212532043457 117
1777377045422 16.84751319885254 118
1777377046324 16.080039978027344 119
1777377046963 16.664730072021484 120
1777377048106 17.016254425048828 121
1777377049160 16.522676467895508 122
1777377050058 15.599660873413086 123
1777377050492 15.96826457977295 124
1777377050927 16.01874542236328 125
1777377051961 16.323789596557617 126
1777377052685 14.819561004638672 127
1777377054346 14.717334747314453 128
1777377055212 15.112882614135742 129
1777377056266 15.085366249084473 130
1777377057067 15.317194938659668 131
1777377057504 14.976353645324707 132
1777377060667 16.129426956176758 133
1777377063038 14.78174114227295 134
1777377064602 15.28604507446289 135
1777377066666 15.864448547363281 136
1777377067476 16.64942169189453 137
1777377069100 14.682770729064941 138
1777377071041 15.0598783493042 139
1777377071895 16.206146240234375 140
1777377072861 14.446701049804688 141
1777377074320 14.562300682067871 142
1777377075490 15.923993110656738 143
