1777376940115 -1.7485814307579308 1
1777376941074 -1.7093559590011829 2
1777376941508 -1.6709400047701526 3
1777376941947 -1.6375599598670356 4
1777376942380 -1.5969613087975634 5
1777376943151 -1.5422862685436614 6
1777376943969 -1.4941599311481464 7
1777376944785 -1.4457248197644743 8
1777376945668 -1.397740392873184 9
1777376947657 -1.349573181578394 10
1777376948983 -1.2980082317277595 11
1777376949864 -1.2394259834918433 12
1777376950300 -1.1669429354440388 13
1777376950729 -1.0926012731224568 14
1777376951147 -1.0128004193325277 15
1777376951581 -0.936251413364326 16
1777376952259 -0.860351184868513 17
1777376952677 -0.7811479779054378 18
1777376953466 -0.7040630186737078 19
1777376953888 -0.6230047184094512 20
1777376954690 -0.5418260927338454 21
1777376955118 -0.43830169101597827 22
1777376956327 -0.3478776036444209 23
1777376956758 -0.2291916642963887 24
1777376957500 -0.12146980398592477 25
1777376958559 -0.012455057846518125 26
1777376959528 0.08636111462357898 27
1777376960005 0.1753980153349073 28
1777376960870 0.2669726953167697 29
1777376961578 0.3343257628340217 30
1777376961992 0.38610671669917696 31
1777376963222 0.4769042567946351 32
1777376964076 0.5414229031000786 33
1777376964543 0.5940617878641565 34
1777376964958 0.6568809142771765 35
1777376965876 0.6954035692864642 36
1777376966834 0.7285758768063737 37
1777376968165 0.758856279409689 38
1777376968770 0.7981278299817246 39
1777376969208 0.8261096115509945 40
1777376970909 0.8571099191002967 41
1777376971338 0.8650682739549371 42
1777376971781 0.8768634364753778 43
1777376972313 0.8850346945897122 44
1777376973500 0.8912542925248527 45
1777376974435 0.8910681880738228 46
1777376975831 0.9023656687720042 47
1777376976378 0.9028822184148091 48
1777376978089 0.91156028685823 49
1777376980068 0.9144351514155994 50
1777376981064 0.9066885811490801 51
1777376982939 0.918048214667882 52
1777376985822 0.9262863863814291 53
1777376987754 0.9209347902862796 54
1777376989765 0.9078869939252506 55
1777376990982 0.9272206257503116 56
1777376992196 0.9258548089061012 57
1777376993003 0.9323189270953538 58
1777376993426 0.9234645899613091 59
1777376994355 0.9350596263314251 60
1777376994763 0.9244475690097181 61
1777376995158 0.9330186151524903 62
1777376996146 0.9283118402194882 63
1777376997753 0.936714483451888 64
1777376999848 0.9387468596368866 65
1777377000613 0.9387366555138584 66
1777377001850 0.9362692765595383 67
1777377002893 0.9357614097499711 68
1777377003877 0.9408447660971978 69
1777377004738 0.9367047529379454 70
1777377006160 0.9428664693340126 71
1777377008832 0.9388700410545405 72
1777377009371 0.9443770479048222 73
1777377009880 0.9354637631833633 74
1777377010323 0.9398573868321136 75
1777377011732 0.9405222574455558 76
1777377012348 0.9418059964000352 77
1777377014239 0.9483060849601502 78
1777377015139 0.9448780449906816 79
1777377016225 0.9459827979822072 80
1777377017390 0.9384638997358659 81
1777377018222 0.948649188431125 82
1777377018983 0.952338698887342 83
1777377019789 0.9533572645931302 84
1777377020201 0.9564898490360036 85
1777377020612 0.9499490827177499 86
1777377021024 0.9485959719920407 87
1777377023628 0.9551189086025933 88
1777377024061 0.9446078725349747 89
1777377024492 0.9543921291489686 90
1777377025456 0.961876190815895 91
1777377025883 0.9526544239260192 92
1777377027084 0.9486260150734368 93
1777377027511 0.9549266711531001 94
1777377027956 0.9545455067337836 95
1777377029370 0.9605337817419507 96
1777377029788 0.9535651502781721 97
1777377030212 0.9521325545528778 98
1777377031353 0.94337705819984 99
1777377031791 0.9555361295035153 100
1777377032216 0.9584885367848254 101
1777377033197 0.9612778861986447 102
1777377033621 0.9543306412946402 103
1777377034441 0.9646107283499222 104
1777377035289 0.9581756438328022 105
1777377035783 0.9590833228214442 106
1777377036193 0.9651801452049099 107
1777377038312 0.9583018008550146 108
1777377038748 0.9634761786494039 109
1777377039164 0.9589595386285904 110
1777377039945 0.9647808879617334 111
1777377040421 0.9560165556896927 112
1777377040842 0.9548984172615834 113
1777377041680 0.9658743221745036 114
1777377042113 0.9668157446145194 115
1777377044131 0.9587244993559682 116
1777377044985 0.967193682272944 117
1777377045422 0.9632548620804416 118
1777377046324 0.966904775946736 119
1777377046963 0.9631420454767254 120
1777377048106 0.9629069320711822 121
1777377049160 0.9645578587457745 122
1777377050058 0.9686695629983133 123
1777377050492 0.9652742451111296 124
1777377050927 0.9667327386423374 125
1777377051961 0.9644784981283734 126
1777377052685 0.971145703720719 127
1777377054346 0.971538859060978 128
1777377055212 0.970511218239679 129
1777377056266 0.9705754568538487 130
1777377057067 0.9695653323928254 131
1777377057504 0.9702859668881614 132
1777377060667 0.9660728433162602 133
1777377063038 0.9716262279774646 134
1777377064602 0.9696731406509146 135
1777377066666 0.9653519768003116 136
1777377067476 0.9649896156184833 137
1777377069100 0.9718383737523127 138
1777377071041 0.9694611814493426 139
1777377071895 0.9654589526545531 140
1777377072861 0.972946709907527 141
1777377074320 0.9732468847812236 142
1777377075490 0.9661425164750901 143
