1777410358730 -2.0736281564178487 1
1777410370985 -1.9589756286393174 2
1777410374847 -1.8219726739133755 3
1777410381324 -1.6273002977646585 4
1777410388266 -1.3659755397192708 5
1777410397850 -1.072836133148733 6
1777410404620 -0.7765386321490076 7
1777410405471 -0.4942537596484032 8
1777410414289 -0.2157379640081266 9
1777410415192 0.07214485574736758 10
1777410422941 0.348101860176794 11
1777410423947 0.5796016656244384 12
1777410428582 0.7470941162918981 13
1777410439965 0.8455877161365105 14
1777410440876 0.8955530459167537 15
1777410444797 0.922729995489666 16
1777410445655 0.9301980568372498 17
1777410459528 0.9406082675390737 18
1777410467558 0.9489259833074929 19
1777410474208 0.9523854865753244 20
1777410481912 0.9521377501095764 21
1777410489695 0.9569216832668138 22
1777410496271 0.9601206536488567 23
1777410505827 0.9608310850943806 24
1777410516712 0.963888947496886 25
1777410523507 0.9641210873507083 26
1777410537169 0.9673587743464722 27
1777410542943 0.9713301352393827 28
1777410553032 0.9652868341029593 29
1777410561620 0.9645852000719385 30
1777410574513 0.9717730300014583 31
1777410584486 0.9710587304472055 32
1777410588427 0.9719922695549079 33
1777410599690 0.9769164880583535 34
1777410601551 0.9774701987691737 35
1777410606987 0.9742647500413679 36
1777410613781 0.9752309994634455 37
1777410619511 0.9757100698482907 38
1777410630271 0.9741366859722054 39
1777410639884 0.9786670855495343 40
1777410647464 0.9764246826169628 41
1777410652344 0.968166888526678 42
1777410662065 0.975815648567575 43
1777410678330 0.978030956776552 44
1777410691164 0.9806710863593717 45
1777410696657 0.979315055162389 46
1777410700372 0.9781987780206977 47
1777410710723 0.9792147419864738 48
1777410719392 0.9821275910670503 49
1777410731218 0.9801801140329293 50
1777410749074 0.9800613248636888 51
1777410758843 0.982949234614046 52
1777410771518 0.9824386253960062 53
1777410783226 0.9822441909804996 54
1777410795016 0.9845116380950563 55
1777410802847 0.9833937507504968 56
1777410808110 0.9848444953333177 57
1777410811159 0.9752675661496907 58
1777410826452 0.9812498879777403 59
1777410827373 0.9845154638919965 60
1777410829814 0.9805638163480551 61
1777410830803 0.9848706677552391 62
1777410839097 0.9850796376535685 63
1777410849094 0.9863781863576347 64
