1777431941156 -2.8112736096858386 1
1777431942541 -2.734881441795361 2
1777431942853 -2.67407843441752 3
1777431943139 -2.613658414425229 4
1777431945431 -2.5489248022630884 5
1777431945728 -2.477395699768669 6
1777431946074 -2.3981225573624165 7
1777431946725 -2.307783352954879 8
1777431947424 -2.2058433032469638 9
1777431949538 -2.0974624200185934 10
1777431949825 -1.9819376853291697 11
1777431950778 -1.8611766911428833 12
1777431951076 -1.7346348608758975 13
1777431951859 -1.6079017117962215 14
1777431953030 -1.4735156353288552 15
1777431953659 -1.3403297608829625 16
1777431954695 -1.19384443087375 17
1777431955028 -1.0740935440568404 18
1777431955704 -0.9288210074352017 19
1777431956737 -0.787633844472845 20
1777431957972 -0.6519190291217312 21
1777431958267 -0.528986024283149 22
1777431959393 -0.38169397244309566 23
1777431959699 -0.2640323779984064 24
1777431960811 -0.11522936222632141 25
1777431961429 0.00840158903040189 26
1777431962565 0.12287074752841975 27
1777431962856 0.2601531005189741 28
1777431963630 0.3720302738412271 29
1777431963957 0.46938667280845525 30
1777431964799 0.536159955118775 31
1777431965383 0.6158617286126903 32
1777431966161 0.6758166987396742 33
1777431967350 0.7250624715382662 34
1777431968453 0.7786840500968486 35
1777431970506 0.8100611879184443 36
1777431970974 0.8511076860846518 37
1777431971637 0.8654313705841904 38
1777431972345 0.8761852497742298 39
1777431974325 0.8891571877288743 40
1777431975430 0.9119333185734542 41
1777431976268 0.9119320506928399 42
1777431977036 0.9203013634176045 43
1777431977664 0.9140005104749673 44
1777431978131 0.933826108250073 45
1777431979191 0.9303367805695635 46
1777431980071 0.9308572619567262 47
1777431980608 0.937747673919993 48
1777431981276 0.9412142398644749 49
1777431982231 0.9332760557335835 50
1777431983492 0.9443378441027988 51
1777431984365 0.9450720344184992 52
1777431985002 0.9395967466358318 53
1777431986608 0.9460025385593098 54
1777431987214 0.9529512238458089 55
1777431988696 0.9530797388480718 56
1777431989004 0.948167996673431 57
1777431989784 0.9538208751821377 58
1777431991020 0.9558846842470118 59
1777431992353 0.9495225686246941 60
1777431992675 0.9555120585064821 61
1777431993329 0.9514407462990128 62
1777431993627 0.9456039158011851 63
1777431994300 0.9598856618704055 64
1777431995019 0.9644204554874223 65
1777431995730 0.9438741987431718 66
1777431996442 0.9510169189486769 67
1777431997215 0.9653493884399718 68
1777431997932 0.9508684348267393 69
1777431998824 0.9600486828993859 70
1777431999135 0.9624757670852596 71
1777431999515 0.9574594930724752 72
1777432000597 0.9661966223354396 73
1777432001041 0.959793754188378 74
1777432001338 0.959100406569965 75
1777432002235 0.9625587476854621 76
1777432002973 0.9697284185515243 77
1777432003620 0.9646444358884363 78
1777432004254 0.9674572590886928 79
1777432005637 0.9645074993170932 80
1777432005937 0.9613620815207012 81
1777432007355 0.9642109491459206 82
1777432007923 0.9672271688147187 83
1777432008249 0.9670865679591004 84
1777432009433 0.9584429722164511 85
1777432010014 0.9702208726726084 86
