1777431941156 226.24946477837247 1
1777431942541 223.970544240755 2
1777431942853 222.13996502768248 3
1777431943139 220.30585982901135 4
1777431945431 218.32370068604553 5
1777431945728 216.112329732711 6
1777431946074 213.634809970777 7
1777431946725 210.77593812802732 8
1777431947424 207.50264493796217 9
1777431949538 203.96493647806233 10
1777431949825 200.12519519041075 11
1777431950778 196.03103827901845 12
1777431951076 191.64706534734623 13
1777431951859 187.15356537146172 14
1777431953030 182.26774604959596 15
1777431953659 177.29277075645246 16
1777431954695 171.65458594223458 17
1777431955028 166.90397103387025 18
1777431955704 160.95277233361034 19
1777431956737 154.95006756210208 20
1777431957972 148.95218008852706 21
1777431958267 143.3026599325707 22
1777431959393 136.22550668606448 23
1777431959699 130.29615455041258 24
1777431960811 122.38680197176083 25
1777431961429 115.40388062826354 26
1777431962565 108.53861909909071 27
1777431962856 99.68353244455676 28
1777431963630 91.83788046913158 29
1777431963957 84.41926500916423 30
1777431964799 78.92900352630996 31
1777431965383 71.82841561013649 32
1777431966161 65.98539433560279 33
1777431967350 60.767240110960486 34
1777431968453 54.52037633350374 35
1777431970506 50.50790373638318 36
1777431970974 44.71864490510013 37
1777431971637 42.51326051170314 38
1777431972345 40.77919804464113 39
1777431974325 38.58391195457959 40
1777431975430 34.39206962549652 41
1777431976268 34.392316306094266 42
1777431977036 32.71733595917652 43
1777431977664 33.98602905457532 44
1777431978131 29.812323931607967 45
1777431979191 30.588224291907355 46
1777431980071 30.473741578303937 47
1777431980608 28.915471502078262 48
1777431981276 28.098850691020264 49
1777431982231 29.93597089649215 50
1777431983492 27.342140577635604 51
1777431984365 27.161218888765607 52
1777431985002 28.482798957015817 53
1777431986608 26.93017478526353 54
1777431987214 25.137764947634068 55
1777431988696 25.10340917771429 56
1777431989004 26.384659720274726 57
1777431989784 24.904358068042026 58
1777431991020 24.341492142966374 59
1777431992353 26.03761036117394 60
1777431992675 24.444077799195554 61
1777431993329 25.538094582453557 62
1777431993627 27.029393903038688 63
1777431994300 23.211451578369672 64
1777431995019 21.860127477666815 65
1777431995730 27.455779432002107 66
1777431996442 25.649301310461535 67
1777431997215 21.572871005680593 68
1777431997932 25.688147469410016 69
1777431998824 23.164239038113116 70
1777431999135 22.449589524626475 71
1777431999515 23.903077557068226 72
1777432000597 21.307502048684345 73
1777432001041 23.238027463839444 74
1777432001338 23.43753776038625 75
1777432002235 22.42475346288324 76
1777432002973 20.16369169796605 77
1777432003620 21.79121160184013 78
1777432004254 20.906414949367964 79
1777432005637 21.833370684332117 80
1777432005937 22.780296190595283 81
1777432007355 21.92439317548564 82
1777432007923 20.98019274336697 83
1777432008249 21.025148864291662 84
1777432009433 23.62515888463438 85
1777432010014 19.999008917094258 86
