1777381409867 51592.60546875 1
1777381411395 50905.53515625 2
1777381412114 50188.5 3
1777381412571 49540.5390625 4
1777381413057 48880.3515625 5
1777381415051 48171.13671875 6
1777381416661 47401.67578125 7
1777381417839 46546.66796875 8
1777381418415 45615.03515625 9
1777381419156 44609.2578125 10
1777381420015 43516.2890625 11
1777381421271 42284.3359375 12
1777381422394 40953.36328125 13
1777381423693 39610.80859375 14
1777381424431 38252.55078125 15
1777381425612 36831.328125 16
1777381427066 35436.3984375 17
1777381428410 33919.6875 18
1777381429256 32454.34375 19
1777381430562 30893.37890625 20
1777381431243 29400.51171875 21
1777381432780 27790.935546875 22
1777381434010 26228.60546875 23
1777381434454 24629.173828125 24
1777381434958 23013.58984375 25
1777381436638 21334.3984375 26
1777381437446 19648.216796875 27
1777381438185 18012.501953125 28
1777381438532 16410.693359375 29
1777381439684 14517.541015625 30
1777381440057 12899.1953125 31
1777381441576 11327.1279296875 32
1777381442110 9985.310546875 33
1777381442476 8491.556640625 34
1777381442849 7366.60791015625 35
1777381443683 6383.7841796875 36
1777381444055 5405.52880859375 37
1777381445491 4481.435546875 38
1777381446916 3819.150390625 39
1777381447635 3131.91064453125 40
1777381448154 2769.331298828125 41
1777381449695 2218.633056640625 42
1777381450406 1731.3458251953125 43
1777381450748 1648.026611328125 44
1777381452147 1481.8975830078125 45
1777381453220 1355.9049072265625 46
1777381453920 1272.3070068359375 47
1777381454857 1171.37841796875 48
1777381455936 1150.00146484375 49
1777381457374 933.675048828125 50
1777381457876 911.479736328125 51
1777381458606 868.6798706054688 52
1777381458967 820.3088989257812 53
1777381459447 777.5471801757812 54
1777381460663 745.0737915039062 55
1777381461514 760.767333984375 56
1777381461897 904.4053344726562 57
1777381462260 768.2261962890625 58
1777381462856 696.2723388671875 59
1777381463540 739.4430541992188 60
1777381464378 717.9014892578125 61
1777381465324 741.2738647460938 62
1777381466513 646.6439208984375 63
1777381467198 657.9525146484375 64
1777381467632 662.647216796875 65
1777381468325 572.3422241210938 66
1777381469142 758.416259765625 67
1777381469995 537.6049194335938 68
1777381471154 633.1808471679688 69
1777381473380 520.7855834960938 70
1777381474110 631.0679931640625 71
1777381474475 585.5145874023438 72
1777381475134 590.70263671875 73
1777381475495 613.8848876953125 74
1777381475973 488.8395690917969 75
1777381477697 471.0785217285156 76
1777381478093 537.9051513671875 77
1777381479226 515.0532836914062 78
1777381479906 525.687744140625 79
1777381480257 559.310791015625 80
1777381480651 543.7960815429688 81
1777381481396 582.432373046875 82
1777381482581 550.8574829101562 83
1777381483703 522.6268920898438 84
