1777381409867 -2.82561163099258 1
1777381411395 -2.7746649631090863 2
1777381412114 -2.7214967672186847 3
1777381412571 -2.6734501253097642 4
1777381413057 -2.6244968304000786 5
1777381415051 -2.5719084993014945 6
1777381416661 -2.514852541647069 7
1777381417839 -2.4514532201930175 8
1777381418415 -2.3823723911349486 9
1777381419156 -2.3077937759306972 10
1777381420015 -2.226749598096134 11
1777381421271 -2.135399832920314 12
1777381422394 -2.0367076877715924 13
1777381423693 -1.9371566266751845 14
1777381424431 -1.8364414483983516 15
1777381425612 -1.7310571651210624 16
1777381427066 -1.6276227298574208 17
1777381428410 -1.5151579183836796 18
1777381429256 -1.4065020674356075 19
1777381430562 -1.290756035578145 20
1777381431243 -1.1800592501070573 21
1777381432780 -1.0607083633993377 22
1777381434010 -0.9448612466391009 23
1777381434454 -0.826262750356273 24
1777381434958 -0.7064666156535413 25
1777381436638 -0.5819538144011458 26
1777381437446 -0.45692292571974136 27
1777381438185 -0.3356339550850491 28
1777381438532 -0.2168592529151192 29
1777381439684 -0.07648125267643402 30
1777381440057 0.04351969504447273 31
1777381441576 0.1600891033156191 32
1777381442110 0.25958540720408296 33
1777381442476 0.37034778724718664 34
1777381442849 0.4537631978911455 35
1777381443683 0.5266399520523423 36
1777381444055 0.5991779398653534 37
1777381445491 0.6676998287082213 38
1777381446916 0.7168085322962224 39
1777381447635 0.7677676170786327 40
1777381448154 0.7946530112954292 41
1777381449695 0.8354874971041861 42
1777381450406 0.8716200367505107 43
1777381450748 0.8777981898530681 44
1777381452147 0.8901167188498178 45
1777381453220 0.8994591299746573 46
1777381453920 0.9056579486580973 47
1777381454857 0.9131418395964815 48
1777381455936 0.9147269466889439 49
1777381457374 0.9307676330933611 50
1777381457876 0.9324134261339305 51
1777381458606 0.9355870516753599 52
1777381458967 0.9391737804235961 53
1777381459447 0.9423445759650958 54
1777381460663 0.9447524890836592 55
1777381461514 0.9435888106629132 56
1777381461897 0.9329380021220172 57
1777381462260 0.9430357321495012 58
1777381462856 0.9483711375985454 59
1777381463540 0.9451700127942322 60
1777381464378 0.946767328374764 61
1777381465324 0.9450342550650417 62
1777381466513 0.9520511027785773 63
1777381467198 0.9512125714991742 64
1777381467632 0.9508644552886336 65
1777381468325 0.957560602583768 66
1777381469142 0.9437631408523872 67
1777381469995 0.9601363878977796 68
1777381471154 0.9530493962228057 69
1777381473380 0.9613835485742066 70
1777381474110 0.9532060663351983 71
1777381474475 0.9565838659510204 72
1777381475134 0.9561991696911833 73
1777381475495 0.9544801970206462 74
1777381475973 0.9637523572363756 75
1777381477697 0.9650693465157216 76
1777381478093 0.9601141235863163 77
1777381479226 0.9618085997555231 78
1777381479906 0.9610200526336111 79
1777381480257 0.9585268885094105 80
1777381480651 0.9596773109033535 81
1777381481396 0.9568124131255835 82
1777381482581 0.959153706071381 83
1777381483703 0.9612470147888338 84
