1777383232591 205.23165265133935 1
1777383233283 203.08065862176537 2
1777383233973 201.32858520028893 3
1777383235817 199.66085502984805 4
1777383236593 197.79824198220265 5
1777383237098 195.5421050407047 6
1777383237512 192.88460969255686 7
1777383238811 189.77378597622487 8
1777383240025 186.06599551637586 9
1777383241695 182.1024565663517 10
1777383242995 178.06695874550954 11
1777383243492 173.59445038112537 12
1777383244049 169.07434108255458 13
1777383245750 164.33352019407056 14
1777383246550 159.3341553053676 15
1777383248558 154.35126335731755 16
1777383249505 149.0451575341346 17
1777383252368 144.00539133787666 18
1777383255083 137.59043190979887 19
1777383256222 131.90506173949504 20
1777383258071 124.94966564706165 21
1777383258967 117.47808971250767 22
1777383262329 110.64496641849551 23
1777383367874 103.88601306690666 24
1777383368252 95.78694925947637 25
1777383368612 89.31015731269736 26
1777383368979 81.15088305318987 27
1777383369695 72.67762790333934 28
1777383370059 66.43106521636733 29
1777383371648 58.87167627627164 30
1777383374592 53.22745864227997 31
1777383375308 48.29618751532697 32
1777383375968 43.07264144914089 33
1777383377224 40.68800252905871 34
1777383378629 36.419270740227624 35
1777383379711 35.28507300478667 36
1777383380906 34.22620138619133 37
1777383381287 31.66681882587484 38
1777383382145 31.30890931882449 39
1777383383772 30.271727774301326 40
1777383385159 29.107112516074785 41
1777383386293 26.453316504770484 42
1777383386703 24.58158401041189 43
1777383387986 28.897029779514106 44
1777383388396 26.251653128749577 45
1777383388860 27.875939323439173 46
1777383390854 26.150657210834947 47
1777383391293 26.548540679424004 48
1777383392838 26.58685693936127 49
1777383393195 25.435929533446753 50
1777383393609 23.6103457258247 51
1777383394662 26.16448006534515 52
1777383395114 25.504689701647887 53
1777383396650 25.047376983428823 54
1777383397425 24.645244196871687 55
1777383397917 23.739251525443706 56
1777383399625 22.526695182596345 57
1777383401798 24.49327399902688 58
1777383402652 23.881151295677334 59
1777383403444 22.69127949321198 60
1777383403901 25.04065420057888 61
1777383404439 22.963491904525732 62
1777383406792 26.508502100151755 63
1777383407525 21.357213165561156 64
1777383409107 20.65201163850139 65
1777383409940 22.86873686884701 66
1777383411719 24.03109253036834 67
1777383413204 21.371057693375725 68
1777383413866 22.792222633996367 69
1777383415257 21.40869269251942 70
1777383415699 20.97759177525993 71
1777383416412 19.278744329186907 72
1777383417643 21.238236346398182 73
1777383418543 19.688461038051578 74
1777383419432 20.403512300802145 75
1777383419846 20.802960199841078 76
1777383420807 24.636770465797156 77
1777383421381 20.382420972906946 78
1777383422177 19.352977024906593 79
1777383422621 21.945247836100886 80
1777383424451 22.12063400380895 81
1777383425228 19.82726000378803 82
1777383426206 21.271731047285428 83
1777383427092 21.576741786766892 84
1777383428397 24.24357976182496 85
1777383429197 18.962084232165367 86
1777383430278 20.5047229815665 87
1777383431185 19.072302327313636 88
1777383431537 17.77105495706739 89
1777383432227 19.83462050078489 90
1777383432649 18.031367627161824 91
1777383433042 21.598308694815955 92
1777383434122 24.99492624295229 93
1777383434573 19.479030191144012 94
1777383435254 18.96730279822234 95
1777383436494 18.89743628497081 96
1777383438435 19.850215020924914 97
1777383438984 20.283716084179293 98
1777383440971 18.63424555547863 99
1777383441844 19.087777809864352 100
1777383442254 21.27260903753162 101
1777383442690 20.107119750188925 102
1777383443083 18.752106001518538 103
1777383443898 17.810491080520404 104
1777383445288 17.703358580486835 105
1777383447228 17.692984980757117 106
1777383447752 18.99156001508672 107
1777383448439 20.222757735282343 108
1777383448981 16.57636414865069 109
1777383450793 19.082728924681884 110
1777383451436 18.075071823800503 111
1777383452807 16.785020344312496 112
1777383453157 17.4038715483954 113
1777383453721 16.907560456373872 114
1777383454643 19.38296758427478 115
1777383455730 17.41072548219649 116
1777383456300 18.718775269964162 117
1777383456976 17.11534035560734 118
1777383457978 16.522134441822942 119
1777383458863 16.548366057996574 120
1777383459536 15.807447508327067 121
1777383460016 17.10516946743778 122
1777383460944 16.83102904811109 123
1777383462753 20.08698810335818 124
1777383464150 15.743578373729576 125
1777383464627 14.76157765297082 126
1777383465431 16.859488132440163 127
1777383466347 16.524159632565283 128
1777383467195 18.872507499180934 129
1777383467812 14.693074698367148 130
1777383468522 15.043568724240187 131
1777383469222 15.915118609869388 132
1777383469912 14.909665018433984 133
1777383470267 14.683320964644928 134
1777383470739 17.753612741660763 135
1777383471474 21.75230027235446 136
1777383472272 17.201815771025817 137
1777383474055 14.831242160336897 138
1777383474823 15.772671322402278 139
1777383476080 14.26926712389006 140
1777383477079 13.984022014574403 141
1777383477645 14.594941901273964 142
1777383478923 14.39442789566016 143
1777383479319 13.416717213284702 144
1777383480684 14.1458445995138 145
1777383481374 15.588602626930728 146
1777383482183 14.364283539444719 147
1777383483546 14.685539471877705 148
1777383484558 14.695928225072562 149
1777383485437 15.641793221700308 150
1777383486503 13.59729827523623 151
1777383487355 17.93230339032921 152
1777383488231 15.799567320488508 153
1777383489328 16.52094488438984 154
1777383490224 15.577957504428031 155
1777383491776 14.050307214167953 156
1777383492754 14.109917344054667 157
1777383494815 15.232345618037419 158
1777383495833 15.235463703085866 159
1777383501061 13.957464177794405 160
1777383508174 13.092846823340336 161
1777383508527 13.082627263221957 162
1777383509370 14.250916568658837 163
1777383509723 13.411846993255919 164
1777383510623 13.818305681211935 165
1777383510985 13.312320045365285 166
1777383511399 13.106634751595038 167
1777383511983 13.56544118184174 168
1777383513294 14.52946372589537 169
1777383514398 15.574531775917455 170
1777383515537 13.225952783310818 171
1777383517350 13.619683304520326 172
1777383517703 12.973939450236324 173
1777383518268 13.18466257241487 174
1777383518629 15.565028954125767 175
1777383520351 14.47925899485326 176
1777383521536 14.130789051526811 177
1777383522881 15.624210429269247 178
1777383523269 12.78939000516059 179
1777383523948 13.209133825904864 180
1777383524316 13.283749190409722 181
