1777230023386 -1.657822215847721 1
1777230025354 -0.8271660667189046 2
1777230032336 0.2566357756112033 3
1777230130289 0.8547209178258605 4
1777230134896 0.9335201026377982 5
1777230136758 0.9480087190901898 6
1777230138614 0.9554992601278596 7
1777230140442 0.9585814136694151 8
1777230142286 0.9616967535031783 9
1777230144119 0.9659763559135538 10
1777230145945 0.9671070938731035 11
1777230149337 0.9663169455185903 12
1777230151304 0.9694342432707848 13
1777230153220 0.9707411715531075 14
1777230155122 0.9712367667775241 15
1777230156981 0.972972586735971 16
1777230158891 0.9740920030202209 17
1777230160776 0.974537962374904 18
1777230162699 0.9766074468730505 19
1777230164585 0.9772448285193513 20
1777230166485 0.9780703221819185 21
1777230168406 0.9803293353819882 22
1777230170633 0.9811631317108332 23
1777230172523 0.9824250972597394 24
1777230174899 0.9830410476592716 25
1777230177279 0.9831773667103402 26
1777230180194 0.9849230720469677 27
1777230188284 0.985693043644541 28
1777230190190 0.9860993408501896 29
1777230192011 0.9872519557248914 30
1777230193832 0.9868286205775565 31
1777230195722 0.9871692740949364 32
1777230197587 0.9874422938073435 33
1777230199558 0.9883490852020677 34
1777230202015 0.9873601736906435 35
1777230204446 0.9892008371916411 36
1777230206556 0.9885642454781689 37
1777230208596 0.9892909302369347 38
1777230210401 0.9893677170875066 39
1777230212203 0.9894798685827972 40
1777230214027 0.9894649416010297 41
1777230215846 0.9895718565873709 42
1777230217811 0.9894890613705204 43
1777230219615 0.9900963578357302 44
1777230221427 0.9906561424162836 45
1777230223233 0.9911515122405719 46
1777230225028 0.990375142374105 47
1777230226829 0.9907014604544175 48
1777230228844 0.9907587873931998 49
1777230231128 0.98993459506099 50
1777230232943 0.9910619294144624 51
1777230234824 0.9921053654410794 52
1777230236659 0.9916131879563672 53
1777230238960 0.9912927650860566 54
1777230240777 0.9885484749570331 55
1777230242593 0.9901388908643016 56
1777230244389 0.9897960275457702 57
1777230246201 0.9914333007013034 58
1777230248017 0.9919641786069262 59
1777230249863 0.9920592728120381 60
1777230251687 0.9919775962526254 61
1777230253505 0.992210892934383 62
1777230255317 0.9924957024992608 63
1777230257135 0.9922958295409099 64
1777230258956 0.9922182395200745 65
1777230260792 0.9921625859956841 66
1777230262621 0.99224448281464 67
1777230264435 0.9925787200623507 68
1777230266535 0.9931904855466339 69
1777230269057 0.9930585511245598 70
1777230271196 0.99277180766625 71
1777230273167 0.9926221972948396 72
1777230275572 0.9930613849340458 73
1777230277851 0.9923443997688339 74
1777230279650 0.9931160401461236 75
1777230281474 0.9928049904792215 76
1777230283335 0.9933016121934329 77
1777230285179 0.9928806738749681 78
1777230287052 0.9928422840572848 79
1777230288890 0.9935610109842345 80
1777230290695 0.993468471893825 81
1777230292514 0.9937206694858107 82
1777230294352 0.9934218957585761 83
1777230296194 0.9937853747498903 84
1777230298022 0.9936975467181212 85
1777230299935 0.9936113170294236 86
1777230302725 0.9935111091957063 87
1777230305340 0.9934947766533911 88
1777230308252 0.9936945348956929 89
1777230311461 0.9940306314349426 90
1777230314666 0.9939520456216359 91
1777230318500 0.9941722687792758 92
1777230322951 0.9942618155777669 93
1777230352844 0.9938207394062386 94
1777230374498 0.9938139566258682 95
1777230378306 0.9942381202294713 96
1777230382569 0.9942317281447377 97
1777230401499 0.9942436976880759 98
1777230405583 0.9940924482128711 99
1777230410083 0.9943855266032011 100
1777230414320 0.9940384707780838 101
1777230419156 0.994035025489984 102
1777230428477 0.9935009075141116 103
1777230458604 0.9947411450860735 104
1777230461299 0.994222244245392 105
1777230463988 0.9943031875837098 106
1777230466648 0.9946065862038974 107
1777230470250 0.9943418737325758 108
1777230474917 0.9945365297966997 109
1777230481084 0.9944436741055298 110
1777230485657 0.9947712374364042 111
1777230489611 0.9946910872195149 112
1777230513345 0.9945315783726905 113
1777230618309 0.9944638353050548 114
1777230621201 0.9942686292586614 115
1777230623409 0.9934757078766013 116
1777230627780 0.9946556349027997 117
1777230629701 0.9941125198409176 118
1777230635625 0.9949993942092551 119
1777230647726 0.9948809334225288 120
1777230650111 0.9947443899652649 121
1777230652957 0.995070125411303 122
1777230657682 0.9951881776019219 123
