1777254469849 185.6525196973812 1
1777254483139 170.42979413094605 2
1777254489600 148.6388327116656 3
1777254496063 117.4903214024651 4
1777254503188 82.75322524211816 5
1777254545184 52.50362254667564 6
1777254550828 35.35433622281227 7
1777254553058 27.946190492979873 8
1777254555376 24.96464252900795 9
1777254559541 23.157327950381667 10
1777254587232 21.79751788528713 11
1777254610203 21.14837259236172 12
1777254615381 20.036782374635955 13
1777254619516 19.479730376294377 14
1777254627131 18.95036022931161 15
1777254632042 18.345311538425424 16
1777254636245 17.25977348101915 17
1777254657559 16.682679396409256 18
1777254736715 17.074818245250093 19
1777254750352 16.60124760915542 20
1777254752506 16.3415764369626 21
1777254756065 16.17028400737153 22
1777254759425 15.697603782789242 23
1777254762468 16.086824231570994 24
1777254765846 15.617496960882605 25
1777254772103 15.34995677293405 26
1777254803846 15.162628773345045 27
1777254810447 15.020373184836123 28
1777254951817 15.223840577616494 29
1777254954495 14.379169153518225 30
1777254956377 14.490369424312073 31
1777254958349 14.111867387986042 32
1777254960545 14.112739099807287 33
1777254963679 14.974541083341519 34
1777254967659 13.504745185445751 35
1777254973096 13.26680554181161 36
1777254979204 13.525933846468051 37
1777254982960 13.006073959621451 38
1777254986207 13.021156614405164 39
1777254990509 13.327265023677306 40
1777254998308 12.416444674158942 41
1777255003219 12.971165961993517 42
1777255007697 12.955341264623156 43
1777255013100 12.653653427214312 44
1777255016549 13.289710252750554 45
1777255021428 12.338447325215537 46
1777255025005 11.967372281226886 47
1777255027797 11.55322071143156 48
1777255081628 11.698574190760505 49
