1777433241265 224.44232129029783 1
1777433242167 218.18156783307737 2
1777433243072 210.62441316570548 3
1777433243963 199.58394129953263 4
1777433244854 185.50686187645184 5
1777433245779 169.16017596294373 6
1777433246684 150.8081218959038 7
1777433247578 129.6794773233872 8
1777433248487 106.56526699492343 9
1777433249380 84.12241594872202 10
1777433250371 63.44620420341898 11
1777433251264 47.50558575273694 12
1777433252183 38.98554710873835 13
1777433253101 35.08982261882545 14
1777433253987 30.63504500757021 15
1777433254896 29.952562107953202 16
1777433255806 28.102142298804313 17
1777433256721 27.217865610272366 18
1777433257661 26.167155239828315 19
1777433258552 23.912835701605022 20
1777433259452 24.262539469684967 21
1777433260336 22.85951670553086 22
1777433261227 24.492375112628793 23
1777433262114 23.210215200630852 24
1777433263010 23.999135539297015 25
1777433264140 23.503206501696628 26
1777433265056 21.650506758286742 27
1777433265967 23.82041585588792 28
1777433266893 22.476468650083643 29
1777433267809 21.49833686967197 30
1777433268719 21.779898922390586 31
1777433269641 20.77579566872601 32
1777433270592 19.470163575664255 33
1777433271506 21.34465156587602 34
1777433272438 19.839723575393013 35
1777433273792 19.89926986410851 36
1777433274712 19.231659207163528 37
1777433275678 20.243802046907508 38
1777433276608 20.523714565493222 39
1777433277496 19.718993764729614 40
1777433278415 20.595051199775515 41
1777433279319 19.337587607915093 42
1777433280225 17.778197052012505 43
1777433281164 17.96482163820595 44
1777433282062 18.731377556643707 45
1777433282977 17.3546882997863 46
1777433283898 19.080784309354097 47
1777433284820 16.97711372544188 48
1777433285730 17.318195467646664 49
1777433286632 17.69935230273383 50
1777433287527 16.68687107824538 51
1777433288421 18.269908810902844 52
1777433289322 17.85605627144334 53
1777433290225 18.496150671762532 54
1777433291153 19.54573717222142 55
1777433292389 17.41050985345564 56
1777433293295 16.542152570740143 57
