1777415797168 186.86867458233746 1
1777415807240 180.111618911107 2
1777415808246 171.60965143227256 3
1777415820913 159.57150089355756 4
1777415828088 145.04077354068275 5
1777415833985 128.99143614127786 6
1777415840638 109.98744514362292 7
1777415863426 88.69172284075321 8
1777415879414 67.05835646149416 9
1777415892311 48.53914775949188 10
1777415900200 34.485483083316176 11
1777415916317 26.26904067836365 12
1777415921868 22.49327781574207 13
1777415924159 20.37601189492943 14
1777415927534 18.636475459449933 15
1777415933508 17.42387034874836 16
1777415941359 16.835109533174418 17
1777415944679 16.329571135381496 18
1777415952922 15.847598803302365 19
1777415970941 14.897889499585908 20
1777415984073 14.587233015319143 21
1777415994798 14.940552188449933 22
1777415998485 14.30234805234236 23
1777415999456 13.51360082598343 24
1777416000418 13.493487184494297 25
1777416003491 13.088591913860542 26
1777416006964 12.475049529016824 27
1777416009918 12.410072366979916 28
1777416013251 12.805877826106038 29
1777416015300 12.958120492788462 30
1777416020859 12.798427496667617 31
1777416024675 12.743416772193932 32
1777416031044 12.152239299422492 33
1777416034558 13.492302656593704 34
1777416037580 12.900180621771552 35
1777416045928 12.348892627431587 36
1777416054183 12.718748739447513 37
1777416060514 11.229044101690448 38
1777416065411 11.429817998262273 39
1777416070502 11.35711689073761 40
1777416078425 11.160088605203141 41
1777416084552 10.40016806944636 42
1777416092155 11.99026731456369 43
1777416110721 11.734014651667561 44
1777416125014 9.919569313981151 45
1777416135266 10.117762188175043 46
1777416145126 10.568876711116843 47
1777416153064 10.82270135980316 48
1777416163446 9.77402170419833 49
1777416167015 11.061675026356578 50
1777416173478 10.486193196044134 51
1777416176946 10.849069933574897 52
