1777415797168 224.17444165547732 1
1777415807240 218.3564969397237 2
1777415808246 210.48950082201034 3
1777415820913 198.9770809445851 4
1777415828088 185.1975082454414 5
1777415833985 169.60432579295573 6
1777415840638 150.92156156884013 7
1777415863426 127.82923744607086 8
1777415879414 102.17402725138086 9
1777415892311 78.54301743421335 10
1777415900200 56.72204655842738 11
1777415916317 43.32885446105903 12
1777415921868 37.08187404566366 13
1777415924159 33.730624631021016 14
1777415927534 31.204841556454177 15
1777415933508 29.459409928613717 16
1777415941359 28.654211967191948 17
1777415944679 27.36494442850779 18
1777415952922 26.79474458625956 19
1777415970941 25.415052594224107 20
1777415984073 24.987010748093592 21
1777415994798 25.511020188610008 22
1777415998485 24.57178910069423 23
1777415999456 23.54597304374484 24
1777416000418 23.495543561678577 25
1777416003491 22.82717630039825 26
1777416006964 21.976288311879173 27
1777416009918 21.97106233063208 28
1777416013251 22.564449835128766 29
1777416015300 22.713609534964434 30
1777416020859 22.485258808238267 31
1777416024675 22.500561244304198 32
1777416031044 21.532659983256575 33
1777416034558 23.483591845572434 34
1777416037580 22.626095788417306 35
1777416045928 21.84937137143642 36
1777416054183 22.620873012432753 37
1777416060514 20.507037870411462 38
1777416065411 20.864795502875726 39
1777416070502 20.71060743347891 40
1777416078425 20.460480990496105 41
1777416084552 19.23329381809522 42
1777416092155 21.62700007062615 43
1777416110721 21.33042330954892 44
1777416125014 18.562874136690787 45
1777416135266 18.826131885507078 46
1777416145126 19.510395853596464 47
1777416153064 20.059897984253645 48
1777416163446 18.51969081104795 49
1777416167015 20.35806444789431 50
1777416173478 19.59416405559532 51
1777416176946 20.005755451480255 52
