1777415797168 50254.181640625 1
1777415807240 47679.5615234375 2
1777415808246 44305.8330078125 3
1777415820913 39591.89453125 4
1777415828088 34298.1318359375 5
1777415833985 28765.6474609375 6
1777415840638 22777.544921875 7
1777415863426 16340.6513671875 8
1777415879414 10439.779541015625 9
1777415892311 6169.2637939453125 10
1777415900200 3218.6340942382812 11
1777415916317 1877.4715576171875 12
1777415921868 1375.1742858886719 13
1777415924159 1137.8375244140625 14
1777415927534 973.989501953125 15
1777415933508 868.1292572021484 16
1777415941359 821.2703399658203 17
1777415944679 748.8959808349609 18
1777415952922 718.7272491455078 19
1777415970941 646.1371459960938 20
1777415984073 624.6982727050781 21
1777415994798 651.2613830566406 22
1777415998485 603.9068450927734 23
1777415999456 554.6940765380859 24
1777416000418 552.1254730224609 25
1777416003491 521.1457443237305 26
1777416006964 483.01832580566406 27
1777416009918 482.97327423095703 28
1777416013251 509.28243255615234 29
1777416015300 516.0425567626953 30
1777416020859 505.62462615966797 31
1777416024675 506.4050064086914 32
1777416031044 463.89550018310547 33
1777416034558 552.2178344726562 34
1777416037580 512.0917892456055 35
1777416045928 477.6519470214844 36
1777416054183 511.9306106567383 37
1777416060514 420.7213363647461 38
1777416065411 435.3834915161133 39
1777416070502 429.1144256591797 40
1777416078425 418.67940521240234 41
1777416084552 369.9907913208008 42
1777416092155 468.72159576416016 43
1777416110721 455.1162872314453 44
1777416125014 344.75563049316406 45
1777416135266 354.6880416870117 46
1777416145126 380.7352981567383 47
1777416153064 402.79229736328125 48
1777416163446 343.60437774658203 49
1777416167015 414.9446258544922 50
1777416173478 384.0355453491211 51
1777416176946 400.3944625854492 52
