1777415280636 48812.109375 1
1777415285541 48150.92578125 2
1777415288845 47514.7265625 3
1777415289254 46953.6796875 4
1777415291909 46369.41015625 5
1777415298269 45755.48828125 6
1777415299214 45073.83203125 7
1777415301744 44302.765625 8
1777415309705 43438.109375 9
1777415310234 42458.1640625 10
1777415314009 41317.35546875 11
1777415320924 40045.2734375 12
1777415332414 38744.82421875 13
1777415335929 37383.95703125 14
1777415343509 35977.41796875 15
1777415348774 34500.9296875 16
1777415354823 32964.99609375 17
1777415362842 31467.84375 18
1777415371127 29942.31640625 19
1777415379816 28466.544921875 20
1777415387368 27032.0234375 21
1777415391400 25602.18359375 22
1777415396094 24060.5078125 23
1777415397929 22547.4375 24
1777415402454 21159.03125 25
1777415407128 19493.93359375 26
1777415407465 18017.03515625 27
1777415407915 16727.4453125 28
1777415415417 15184.6767578125 29
1777415415800 13818.5830078125 30
1777415417863 12565.6455078125 31
1777415418678 10960.9208984375 32
1777415431135 9716.2412109375 33
1777415435991 8417.6103515625 34
1777415436340 7523.99365234375 35
1777415440306 6478.2919921875 36
1777415449797 5434.931640625 37
1777415450110 4617.021484375 38
1777415456874 3911.52783203125 39
1777415458187 3288.551025390625 40
1777415462103 2628.759765625 41
1777415462429 2222.91650390625 42
1777415471030 1910.14990234375 43
1777415472337 1868.01171875 44
1777415479076 1692.364990234375 45
1777415479478 1446.2650146484375 46
1777415482928 1248.5380859375 47
1777415486315 1221.8857421875 48
1777415489372 1087.7083740234375 49
1777415489692 1168.284423828125 50
1777415493490 992.1873168945312 51
1777415506570 943.3150634765625 52
1777415511293 1003.3279418945312 53
1777415524602 863.28271484375 54
1777415524938 885.6275024414062 55
1777415525380 889.7666625976562 56
1777415530489 917.7089233398438 57
1777415536682 690.8920288085938 58
1777415537009 727.4912109375 59
1777415542997 732.6163940429688 60
1777415549370 617.7908935546875 61
1777415559628 678.9466552734375 62
1777415566071 758.8281860351562 63
1777415566387 586.0616455078125 64
1777415571703 705.7017822265625 65
1777415572848 631.027099609375 66
1777415578336 691.1063842773438 67
1777415582849 565.26025390625 68
1777415583292 580.9633178710938 69
1777415588205 552.7901000976562 70
1777415592212 692.2599487304688 71
1777415596494 640.3983764648438 72
1777415600113 591.7623901367188 73
1777415600488 464.4735412597656 74
1777415602275 540.2679443359375 75
1777415602926 551.7069091796875 76
1777415604124 598.1967163085938 77
1777415610714 633.8598022460938 78
1777415614144 829.4662475585938 79
1777415614466 475.3153381347656 80
1777415620909 502.78369140625 81
1777415624304 420.5758361816406 82
1777415624622 682.8230590820312 83
1777415624936 451.6470642089844 84
1777415625395 610.786865234375 85
1777415625910 466.0662536621094 86
1777415630227 497.6090393066406 87
1777415637837 499.3000183105469 88
1777415642050 494.4219665527344 89
1777415651049 448.3726501464844 90
1777415662774 429.2016296386719 91
1777415668100 470.25372314453125 92
1777415677425 524.945068359375 93
1777415686334 433.2860107421875 94
1777415693815 527.39306640625 95
1777415700549 352.349853515625 96
1777415710167 497.52862548828125 97
1777415710490 500.0158386230469 98
1777415713612 436.7306823730469 99
1777415719427 397.3874206542969 100
1777415719783 536.6083374023438 101
1777415724057 396.3045959472656 102
1777415724382 395.4701232910156 103
1777415727975 428.4245300292969 104
1777415731058 437.6167297363281 105
1777415731378 483.33905029296875 106
1777415734202 582.96044921875 107
