1777200699911 159.38892750227654 1
1777200700315 158.7144790801733 2
1777200700690 157.82708416332306 3
1777200701063 156.923429783694 4
1777200701440 156.03952477052502 5
1777200701816 155.0355401478721 6
1777200702189 153.79754239954252 7
1777200702570 152.4023234288411 8
1777200703122 151.02938791701743 9
1777200704605 149.65131952954403 10
1777200704986 148.2527191197949 11
1777200705521 146.8112067213075 12
1777200706256 145.3831734559288 13
1777200707286 143.84078400679638 14
1777200707658 142.22214577496226 15
1777200708034 140.4331186264316 16
1777200708595 138.53156115206562 17
1777200708977 136.5752737747524 18
1777200709359 134.57097770883556 19
1777200709740 132.49580938369473 20
1777200710131 130.35822236110937 21
1777200710510 128.1359623468279 22
1777200712842 125.82287231194434 23
1777200713211 123.47332849239365 24
1777200713629 121.18587016779328 25
1777200714104 118.56398574730542 26
1777200714469 116.07593451705458 27
1777200714835 113.36340864700075 28
1777200715432 110.55192502302347 29
1777200716340 107.46291328470495 30
1777200716704 104.3792328803734 31
1777200717072 101.24434281291502 32
1777200718351 97.96148454057982 33
1777200718837 94.49839122814777 34
1777200719601 90.82201352794242 35
1777200720015 87.61559264294483 36
1777200720590 84.22477851639196 37
1777200721756 80.50226096636537 38
1777200723188 77.50190964685912 39
1777200725258 73.96921129837081 40
1777200725678 70.75826563585946 41
1777200726042 67.71298285645032 42
1777200726420 64.80169506151398 43
1777200727414 61.792895816034665 44
1777200728093 57.73642889751943 45
1777200728498 54.48438000413018 46
1777200728881 51.96171864606462 47
1777200729993 49.321200233589394 48
1777200730452 45.8941673216089 49
1777200730813 43.08342606280736 50
1777200731174 40.42503531876551 51
1777200731536 38.25413416640169 52
1777200734090 35.546017978867575 53
1777200734454 33.71404485652115 54
1777200735019 30.717433608005276 55
1777200735376 29.887487685897387 56
1777200735731 27.253003288981358 57
1777200736093 25.89749136211868 58
1777200736498 24.766574083463766 59
1777200736858 22.546383343090117 60
1777200737216 22.01116145140132 61
1777200737572 21.541104637589513 62
1777200737928 20.83427047617493 63
1777200738285 19.493767127385926 64
1777200738643 19.741793578747643 65
1777200739683 17.636048635593667 66
1777200740533 19.291144760230395 67
1777200741676 19.11776874293598 68
1777200742806 18.85738099356364 69
1777200743180 17.177140429099726 70
1777200743586 18.96163559295959 71
1777200743946 17.54858909714453 72
1777200744739 18.374857485329343 73
1777200745110 16.0447850218956 74
1777200745484 17.63693256680572 75
1777200745858 15.583666584733928 76
1777200746502 16.5215056011135 77
1777200746873 14.756708989616568 78
1777200748762 17.25785203912436 79
1777200749231 15.141517956118268 80
1777200749596 16.721133367075893 81
1777200749963 14.597567076131448 82
1777200752521 14.516008021197317 83
1777200752880 15.301367985383244 84
1777200753241 15.762277761068473 85
1777200753601 15.254889377340875 86
1777200754276 13.836641175006323 87
1777200754636 13.898490797682364 88
1777200755590 15.719573490772259 89
1777200757628 14.595090530650866 90
1777200757987 14.469317641737037 91
1777200758349 14.864579778101188 92
1777200760329 12.912717404816338 93
1777200760691 13.472511450542958 94
1777200761378 12.543166541941224 95
1777200761738 13.375209631390664 96
1777200762099 12.660913353727905 97
1777200763026 12.691576575224916 98
1777200764065 12.112651229114723 99
1777200764442 12.91195060138624 100
1777200765352 11.636482576447518 101
1777200765716 14.404623561373054 102
1777200766086 12.709239631558752 103
1777200766463 15.27124483362759 104
1777200767181 12.527910645541484 105
1777200768014 11.319961264493251 106
1777200768617 12.217710530834903 107
1777200769494 11.210748361687203 108
1777200769859 12.531932976969676 109
1777200770229 12.114587664534188 110
1777200771737 12.355875102618269 111
1777200772105 13.490039370162167 112
1777200772476 12.136449630723865 113
1777200772847 14.031500157229143 114
1777200773217 12.77672202882526 115
1777200773587 11.729516626874348 116
1777200774340 10.912679632481447 117
1777200774704 13.465968278178172 118
1777200775196 11.080827654773042 119
1777200776228 12.263884980049962 120
1777200776612 10.59329524071022 121
1777200776994 12.359244897095373 122
1777200777377 10.728347862319811 123
1777200777885 14.208272106284893 124
1777200778651 12.823994655015534 125
1777200779022 10.596530571588684 126
1777200780319 13.480484480306252 127
1777200780707 11.391607448064924 128
1777200781496 12.110847148906464 129
1777200782627 10.660767332918141 130
1777200784793 9.96462883392083 131
1777200785179 12.598762621126383 132
1777200786205 10.542305438993122 133
1777200788363 12.506922679863044 134
1777200788789 11.985684114278097 135
1777200789178 9.918459713634014 136
1777200789566 11.659979539693136 137
1777200789954 11.506313101095937 138
1777200790780 9.875327798806424 139
1777200791422 11.857093196158822 140
1777200792582 9.323757236030476 141
1777200792985 12.075632022537349 142
1777200794629 9.99118595604888 143
1777200795046 10.64554196053649 144
1777200795447 10.576754597447161 145
1777200795848 10.20284453351149 146
1777200797634 10.559977418873777 147
1777200800479 11.10512679867792 148
1777200800892 10.253938164209801 149
1777200801295 11.441078041556016 150
1777200802113 11.699853654056176 151
1777200802581 9.748621548055132 152
1777200802979 9.657571181086183 153
1777200828600 11.871602014170907 154
1777200832750 9.403470820283022 155
1777200833586 10.802138137313387 156
1777200834198 10.748159926006252 157
1777200835405 11.617636112766412 158
1777200836284 11.598096436496629 159
1777200836721 9.906198522026791 160
1777200837128 11.765131511901032 161
1777200837705 11.048239373068773 162
1777200838115 9.71086642074361 163
1777200838518 9.53638862317545 164
1777200840542 9.579269255460604 165
1777200841387 11.451068504656055 166
1777200841956 9.588637975266032 167
1777200842822 9.078571054701657 168
1777200844981 9.837491113860958 169
1777200846027 9.499252478094991 170
1777200858571 9.265953013005147 171
1777200859894 10.788987514206891 172
1777200862786 10.596174435831138 173
1777200863541 10.944151302120368 174
1777200865198 10.1840935419814 175
1777200865662 10.740024046973488 176
1777200866109 9.910630333654613 177
1777200867698 9.694495566228664 178
1777200868638 10.651140747809508 179
1777200869436 11.891523005048176 180
1777200869841 9.72722990514248 181
1777200870240 10.049776811426133 182
1777200870729 10.587207706269977 183
1777200871156 8.351321573755843 184
1777200871766 10.449249727895381 185
1777200872159 10.97499392750819 186
1777200872559 8.876850425532057 187
1777200873358 10.138261358526547 188
1777200873776 9.626916317259361 189
1777200874479 7.607577241594065 190
1777200874880 9.77262416420722 191
1777200876129 8.100128153388248 192
1777200876938 8.623347064570966 193
1777200877367 9.494480693053303 194
1777200878679 10.150983469946834 195
1777200879304 8.366784531721562 196
1777200879855 8.371796249573327 197
1777200880700 8.430781609719457 198
1777200881203 7.956602512915135 199
1777200881641 8.147738637604997 200
1777200882076 8.381112231973054 201
1777200882520 8.623311153664984 202
1777200885216 8.392076653588608 203
1777200885989 8.33294764981855 204
1777200886410 8.12700415805586 205
1777200886835 9.15398861671712 206
1777200887820 8.637362066326041 207
1777200888227 8.327286123319437 208
1777200889534 8.644872016369142 209
1777200937563 7.777165480102432 210
1777200937940 8.775057423905771 211
1777200938866 9.677881139485331 212
1777200939534 7.907603187135438 213
1777200939913 8.36142161644282 214
1777200940308 8.493099071527325 215
1777200940838 8.60941583103666 216
1777200941495 8.278742622783167 217
1777200941857 7.194627138004538 218
1777200942220 8.48870743574007 219
1777200942583 6.771291018792341 220
1777200943678 7.462677568669748 221
1777200944519 8.99749667939899 222
1777200945095 8.78760487628697 223
1777200945461 7.43734513432295 224
1777200946947 7.9720994426583935 225
1777200947309 8.928024905188533 226
1777200948140 8.423571323970451 227
1777200949024 8.27484214942874 228
1777200949397 7.855759594906657 229
1777200950472 7.424390418768909 230
1777200950859 7.459999511190113 231
1777200951218 7.4020939716086 232
1777200952352 7.107756814323869 233
1777200952820 7.7751268934517554 234
1777200954624 8.672080402295869 235
1777200957518 7.872396245117546 236
1777200957889 8.001958887365658 237
1777200958262 7.479862365733856 238
1777200958855 6.312486770638842 239
1777200959674 6.815284375646012 240
1777200961155 7.267615109419585 241
1777200961517 7.264327601412081 242
1777200961879 7.7873326456693786 243
1777200962242 7.299222964646882 244
1777200962606 6.661202038727434 245
1777200963362 7.278149001120961 246
1777200963717 6.796485208163035 247
1777200964074 7.059109006289237 248
1777200964879 7.575855173927437 249
1777200965713 7.743106109005384 250
1777200967479 7.3667813445005565 251
1777200967839 6.933226285789969 252
1777200968981 6.905870814499824 253
1777200969346 6.667976729952442 254
1777200970108 6.303551948847521 255
1777200970958 6.432321741940761 256
1777200971323 6.485141960789159 257
1777200971693 7.781656475257537 258
1777200972070 6.630320327252552 259
1777200972439 6.820177253526026 260
1777200972811 6.4046219925424035 261
1777200973196 7.204137461086056 262
1777200973580 7.269078718936941 263
1777200974792 7.062689451350931 264
1777200975261 7.540615235226195 265
1777200975682 6.817635599753469 266
1777200976482 6.770579834230774 267
1777200977131 7.0182047965452385 268
1777201036628 6.929959520338846 269
1777201069870 6.551380004591614 270
1777201116213 7.041303652563448 271
1777201128313 6.005368594344896 272
1777201128764 6.671881191883099 273
