1777159156521 50909.5859375 1
1777159157544 49505.90234375 2
1777159158243 48156.876953125 3
1777159158942 46522.859375 4
1777159159629 44395.74609375 5
1777159160342 41970.3671875 6
1777159161008 39340.970703125 7
1777159161673 36625.291015625 8
1777159162338 33686.353515625 9
1777159163009 30777.603515625 10
1777159163662 27626.8544921875 11
1777159164314 24484.0947265625 12
1777159164971 21227.3486328125 13
1777159165626 18025.1162109375 14
1777159166274 14744.01904296875 15
1777159166927 11545.13037109375 16
1777159167580 8800.5986328125 17
1777159168236 6433.42578125 18
1777159168884 4688.569091796875 19
1777159169540 3246.62548828125 20
1777159170195 2325.290283203125 21
1777159170843 1753.699462890625 22
1777159171525 1384.5855102539062 23
1777159172180 1325.8275146484375 24
1777159172832 1063.3429870605469 25
1777159173474 986.2935791015625 26
1777159174126 913.6220397949219 27
1777159174780 921.6495666503906 28
1777159175435 833.9659423828125 29
1777159176086 805.7254333496094 30
1777159177427 733.5443420410156 31
1777159178191 723.4510498046875 32
1777159178992 632.2364501953125 33
1777159179727 648.9081115722656 34
1777159199008 650.9473266601562 35
1777159209294 630.1036682128906 36
1777159251509 559.2098999023438 37
1777159309697 567.0106811523438 38
1777159310411 596.7261962890625 39
1777159330672 544.2754516601562 40
1777159386877 546.8441772460938 41
1777159388508 630.564697265625 42
1777159389213 537.0584716796875 43
1777159389913 539.1657409667969 44
1777159390595 564.6122741699219 45
1777159391267 524.431884765625 46
1777159391926 379.2953796386719 47
1777159392591 471.7674865722656 48
1777159393253 540.10009765625 49
1777159393908 431.8856201171875 50
1777159394558 483.19085693359375 51
1777159395216 439.49298095703125 52
1777159395893 483.37181091308594 53
1777159396545 407.14735412597656 54
1777159397197 446.8960876464844 55
1777159397844 431.93202209472656 56
1777159398493 488.7801818847656 57
1777159399133 333.04539489746094 58
1777159399780 419.45823669433594 59
1777159400429 427.44659423828125 60
1777159401069 390.2130432128906 61
1777159401716 450.0147399902344 62
1777159402362 442.9093475341797 63
1777159403014 352.8210144042969 64
