1777147901166 225.38298521083993 1
1777147902643 222.15448921919028 2
1777147903710 219.07270372159525 3
1777147904749 215.2284929385524 4
1777147906048 210.35604087474871 5
1777147907585 204.6551565150179 6
1777147959049 198.41295501950708 7
1777147959702 191.54208338382426 8
1777147960355 184.05326103887285 9
1777147977584 175.85694117561724 10
1777147978455 167.09939929260685 11
1777147990165 157.6356400940465 12
1777147990912 146.82516504424194 13
1777147991618 135.68489241590754 14
1777147992330 123.29651077255525 15
1777147993049 111.1733870843353 16
1777147993793 98.30460483928448 17
1777147994522 85.81797887084946 18
1777147995257 74.25154066283955 19
1777147996010 63.021123389327414 20
1777147996767 54.0024462156114 21
1777147997533 46.7767135282209 22
1777147998389 42.01750305366575 23
1777147999180 38.167901910097626 24
1777148000034 33.75967278029722 25
1777148000749 32.862619962775064 26
1777148001438 33.0420814522294 27
1777148002130 30.56116625058965 28
1777148002831 29.578867793610044 29
1777148003531 28.163167315472975 30
1777148004335 27.314273092969955 31
1777148005097 28.083622298896472 32
1777148005780 25.175776410157866 33
1777148006457 26.027926808249845 34
1777148007131 25.072651824551887 35
1777148007800 25.425188036395788 36
1777148008465 24.203392923426655 37
1777148009156 24.50804582394584 38
1777148009819 22.126535318070097 39
1777148010480 24.954742607613333 40
1777148011151 23.65470745312895 41
1777148011814 21.865247359040655 42
1777148012486 23.387460210890183 43
1777148013154 23.18412764795341 44
1777148013833 23.983367643111166 45
1777148014519 23.294121634211336 46
1777148015230 23.141638757764227 47
1777148016013 22.63480847089381 48
1777148016721 22.771672978956826 49
1777148017434 20.924497496884946 50
1777148018151 22.94891912784438 51
1777148018892 23.50687993177877 52
1777148019753 20.701997376818248 53
1777148020598 21.500867698465285 54
1777148022232 21.85722965025237 55
1777148022996 21.153366963446466 56
1777148023765 17.736779547744085 57
1777148024534 21.41868090721224 58
1777148025364 20.996335390949483 59
1777148026173 21.440139309824037 60
1777148132314 20.217860337253768 61
1777148147741 20.01203829816931 62
1777148148556 19.122872544568544 63
1777148149224 18.882807449722407 64
1777148149895 18.863920069938153 65
1777148150572 19.84554372435549 66
1777148151255 20.355918711637926 67
