1777385756525 158.39681926196417 1
1777385758030 155.6803778907655 2
1777385759490 153.5429465024526 3
1777385760504 151.4166233602581 4
1777385761783 149.05946124307002 5
1777385762861 146.45077624855782 6
1777385764430 143.62749591856513 7
1777385766052 140.56868652953025 8
1777385767787 137.15911527444388 9
1777385768992 133.37803111409553 10
1777385770183 129.26042551610726 11
1777385771397 124.84550644073218 12
1777385772893 120.4289145074868 13
1777385774161 116.03467860420662 14
1777385775058 111.34958033581306 15
1777385776135 106.67548944693905 16
1777385776607 101.67286935247398 17
1777385777127 96.52871789669052 18
1777385777882 90.97248745356598 19
1777385778240 85.56090188152427 20
1777385778820 80.00087439670888 21
1777385779166 74.52911038267143 22
1777385779525 69.58837268356709 23
1777385779864 63.72469800231181 24
1777385780210 58.36523088846078 25
1777385780575 52.41193436260302 26
1777385780946 47.15865577030238 27
1777385781307 41.4752487724694 28
1777385781658 37.929670020264176 29
1777385782026 32.63058586367004 30
1777385782533 29.15155756396542 31
1777385783085 25.41877721494181 32
1777385783448 22.795682988864005 33
1777385783832 23.58533440039428 34
1777385784193 20.852617419473017 35
1777385784995 18.055524169733715 36
1777385785363 17.87919743706462 37
1777385785709 19.394603843487367 38
1777385944198 16.960294241353616 39
1777385947239 16.030595658459667 40
1777385950973 18.29884525977788 41
1777385954117 14.690530346340106 42
1777385955864 16.64233077783411 43
1777385961253 15.658849151709887 44
1777385973984 15.919634760791109 45
1777385978594 15.829594806440424 46
1777385979287 14.87941668191799 47
1777385979663 16.1101822917488 48
1777385980018 15.874010709895853 49
1777385980435 13.723624602948925 50
1777385981064 12.789605035966659 51
1777385981565 13.238162788305994 52
1777385996282 13.680771156261756 53
1777386120026 14.127229619992178 54
1777386120673 11.905010930664456 55
1777386121027 13.18519740348274 56
1777386121377 11.32651607470868 57
1777386121731 13.467694855408324 58
1777386122105 12.512950478619292 59
1777386122567 11.373669242970886 60
1777386122915 12.611618264310863 61
1777386123271 11.13111248397155 62
1777386124021 12.014784343090046 63
1777386124368 12.533853834401981 64
1777386124737 11.893490852360436 65
1777386125085 11.998606088787264 66
1777386125428 12.293204282356303 67
1777386125774 11.222324957654397 68
1777386126116 12.956713823731759 69
1777386126470 14.383125624373879 70
1777386126994 8.84878789293577 71
1777386127360 11.943688714077245 72
1777386127731 11.489584288314308 73
1777386128082 11.80879718726758 74
1777386128552 11.875164165261628 75
1777386128925 11.838946529507147 76
1777386129292 11.301296980606411 77
1777386129651 10.549303131529113 78
1777386130188 11.17906567298589 79
1777386130558 9.89954993561024 80
1777386130941 10.762801294948378 81
1777386131777 11.748986058842766 82
1777386132334 10.327636421391771 83
1777386276383 12.007316160958021 84
1777386276765 10.93510074021882 85
1777386277133 11.006684336043497 86
1777386277628 9.794971456824507 87
1777386278017 11.900856097585933 88
1777386278580 11.018761997984496 89
1777386278955 9.556395349821761 90
1777386279423 10.384647287065256 91
1777386280004 11.58341061249944 92
1777386280700 11.153272865662768 93
1777386281077 10.884050750060426 94
1777386281444 9.272232112783723 95
1777386281814 11.42086433146326 96
1777386282198 9.108772030313506 97
1777386282604 11.242729767728258 98
1777386282971 12.097519570494565 99
1777386283593 9.709422912586456 100
1777386283957 9.644122517955912 101
1777386284337 9.046211221395907 102
1777386284719 8.430746450888991 103
1777386285069 9.913035554600265 104
1777386285475 10.449914410334086 105
1777386285867 9.153722880100826 106
1777386286627 10.033659497920164 107
1777386286986 8.82123883499934 108
1777386287392 8.161580340552876 109
1777386287750 9.035287126820016 110
1777386288112 9.547158634669628 111
1777386288477 9.433101318614733 112
1777386289120 8.238717037722845 113
1777386289818 9.030368396414076 114
1777386297399 9.56812030682477 115
1777386299785 8.427196110687882 116
1777386300400 7.521651962401233 117
1777386301044 8.870505730544409 118
1777386301632 7.7598621482647525 119
1777386302103 8.919329028933173 120
1777386302501 8.523165291782274 121
1777386302922 7.832557032826503 122
1777386303337 8.097666427099348 123
1777386303786 9.79138674710823 124
1777386304193 8.894954324118613 125
1777386304615 9.097026079035617 126
1777386305040 7.9929120586818625 127
1777386305444 7.203594820400021 128
1777386305855 9.544792749289549 129
1777386306261 8.931071789350078 130
1777386306684 8.285999487094577 131
1777386307124 8.345346397045985 132
1777386307539 7.138907472875912 133
1777386307946 7.460584508903714 134
1777386308399 9.674767790439894 135
1777386308832 8.10596108170586 136
1777386309297 8.860826620548806 137
1777386309753 8.198670924304865 138
1777386310177 7.565889340600615 139
1777386310606 7.027283004922022 140
1777386311043 7.6560637238301466 141
1777386345757 7.910994212206013 142
1777386346111 6.992734550099756 143
1777386346478 6.725316920983253 144
1777386346828 7.22721365739931 145
1777386347215 8.800949497077301 146
1777386347580 8.184729629310523 147
1777386347950 7.054991535348047 148
1777386348304 9.445601025960478 149
1777386348679 8.713849454085686 150
1777386349056 7.4681905594140865 151
1777386349433 8.01722443642787 152
1777386349801 7.740587669054481 153
1777386350183 7.696584115781577 154
1777386350593 7.2968295613108 155
1777386350966 8.518959389248106 156
1777386351357 7.569947551294978 157
1777386351749 5.903626991312293 158
1777386352130 6.453784970626787 159
1777386352498 6.975707160537549 160
1777386352901 6.014638358960065 161
1777386353285 5.922787647280915 162
1777386353734 7.450281194148173 163
1777386354124 6.582985044155692 164
1777386354525 7.076793874493082 165
1777386354919 7.353990135092071 166
1777386355313 6.750440673693726 167
1777386355699 6.86005608194097 168
1777386356088 6.402504101124358 169
1777386356488 7.02709959593508 170
