1777207947595 -1.7169422771752494 1
1777207948225 -1.6205368227906738 2
1777207948832 -1.5163939545819027 3
1777207949437 -1.376654053420196 4
1777207950043 -1.1893703061990855 5
1777207950648 -0.9938104363464797 6
1777207951252 -0.7899862314662891 7
1777207951856 -0.5737244205167993 8
1777207952843 -0.35774489971810786 9
1777207953442 -0.12806718811760542 10
1777207954048 0.11334493009032365 11
1777207954653 0.345331863914103 12
1777207955255 0.5348550262496161 13
1777207956085 0.6840615214949254 14
1777207956690 0.79810325971643 15
1777207957293 0.8623150551736406 16
1777207957894 0.9043122882249798 17
1777207958496 0.9215713208974623 18
1777207959101 0.9255752455954929 19
1777207959701 0.9367355183927955 20
1777207960300 0.9400161750419378 21
1777207960916 0.943473851458739 22
1777207961516 0.9527306223655854 23
1777207962116 0.9514120037763196 24
1777207962738 0.9577002025018501 25
1777207963344 0.9534621761815083 26
1777207963949 0.9589921746001323 27
1777207964558 0.9577349721062427 28
1777207965164 0.9633684708538481 29
1777207965928 0.9649037249364159 30
1777207966759 0.9639754032891396 31
1777207967743 0.9619618566532451 32
1777207968358 0.9672537588678757 33
1777207969112 0.9665266708507557 34
1777207969734 0.9691825677488708 35
1777207970362 0.9680530866223555 36
1777207970999 0.9696764654823747 37
1777207971635 0.968488512769496 38
1777207972266 0.9701514308122762 39
1777207972901 0.9687324860316894 40
1777207974117 0.9750606779303082 41
1777207974789 0.9672777718053067 42
1777207975422 0.9649444577097512 43
1777207976093 0.9723566336501495 44
1777207976722 0.9725780435057497 45
1777207977347 0.9647852915694445 46
1777207977990 0.9763525667928502 47
1777207978625 0.9693843347872398 48
1777207988509 0.9694509462307682 49
1777207990317 0.9762194324085014 50
1777207991945 0.9684116900270441 51
1777208013026 0.9742192496815051 52
1777208014995 0.9729973214966399 53
1777208015957 0.9787509160269467 54
1777208016745 0.9756714451686592 55
1777208017430 0.970327158918792 56
1777208019260 0.9700408909300664 57
1777208019910 0.9722607828254917 58
1777208020555 0.9754576202343254 59
1777208021206 0.9759003968901545 60
1777208021843 0.9755642564295256 61
1777208023788 0.9786766232237364 62
1777208024691 0.9774571308191343 63
1777208025463 0.9808616338522227 64
1777208026186 0.9807631327302571 65
1777208026902 0.9826762742399827 66
1777208027579 0.9753180538558783 67
1777208028287 0.9821747616856488 68
1777208029009 0.9810712202244359 69
1777208029833 0.9860862620489979 70
1777208030528 0.9852416615714621 71
1777208031194 0.9827284669180131 72
1777208031962 0.9813088009599549 73
1777208032655 0.9830975016824126 74
1777208038751 0.9795924165177398 75
1777208040232 0.9832083620879428 76
1777208041564 0.9854603110993609 77
1777208042659 0.9861324604625394 78
1777208043471 0.9862514798609553 79
1777208044379 0.9861092273057243 80
1777208045385 0.9851718807742037 81
1777208046333 0.9865868166213175 82
1777208046988 0.9861515961831738 83
1777208047659 0.9871289387627853 84
1777208050513 0.9867569881929542 85
1777208051160 0.9837451764588997 86
1777208051812 0.9843360037933122 87
1777208052549 0.9866421882209383 88
1777208053188 0.9859063898629821 89
1777208053830 0.9872071608048086 90
1777208054471 0.9877889704308721 91
1777208055102 0.9850024973550607 92
1777208055733 0.988147246136345 93
1777208057363 0.9851545605550645 94
1777208058105 0.9889647002021957 95
1777208058780 0.9896361965589076 96
1777208059488 0.9889589152346514 97
1777208062752 0.984745950728428 98
1777208063412 0.9879808251659526 99
1777208064057 0.988257478651042 100
1777208064712 0.9895429649360117 101
1777208065364 0.9890519877918695 102
1777208066011 0.9904316062745875 103
1777208066665 0.9880669394967551 104
1777208067321 0.9886018833510198 105
1777208067978 0.990189786976948 106
1777208068634 0.9895497246293258 107
1777208069281 0.9901913937794901 108
1777208069925 0.9899919786407851 109
1777208070597 0.9889129823292336 110
1777208071242 0.9899045511211542 111
1777208071885 0.9881203484890282 112
1777208094129 0.9912273957147237 113
