1777297956639 -1.8386185601352187 1
1777297957295 -1.760118471526519 2
1777297957952 -1.684781819343568 3
1777297958626 -1.588435404617197 4
1777297959241 -1.4646555479259642 5
1777297959863 -1.3157017111906681 6
1777297960486 -1.1571121440834558 7
1777297961126 -0.9872522350259687 8
1777297961746 -0.8061399776526911 9
1777297962381 -0.6200699900111901 10
1777297963002 -0.43037600165908363 11
1777297963684 -0.2337705940518202 12
1777297964541 -0.03546894459216687 13
1777297965192 0.16444976440659642 14
1777297965842 0.34519191285367484 15
1777297966493 0.4997098136577207 16
1777297967160 0.6207647687560329 17
1777297967838 0.7361572977035318 18
1777297968488 0.8252868050951923 19
1777297969138 0.8723837600407096 20
1777297969793 0.903348498448627 21
1777297970445 0.9118503316953892 22
1777297971111 0.9321218945306935 23
1777297971759 0.9434227444149805 24
1777297972406 0.948174598514232 25
1777297973056 0.9394681611540243 26
1777297973695 0.9491380218434085 27
1777297974370 0.9537441535607751 28
1777297975027 0.9568524235892064 29
1777297975676 0.9568711015495424 30
1777297976329 0.9549091834822423 31
1777297976979 0.9532532558951783 32
1777297977639 0.9645947960800846 33
1777297978304 0.9627788760053105 34
1777297978974 0.9615617685768663 35
1777297979619 0.9670951694634222 36
1777297980333 0.9626970278794624 37
1777297980994 0.9689261834261425 38
1777297981641 0.9701523652390438 39
1777297982288 0.9661761898993549 40
1777297982940 0.9663219550811961 41
1777297983587 0.972017627992253 42
1777297984298 0.97028168119906 43
1777297984962 0.9726927382575732 44
1777297985612 0.9714093935140795 45
1777297986268 0.9716992144510272 46
1777297986979 0.9711049172137372 47
1777297987657 0.975679506614858 48
1777297988300 0.9673282919143635 49
1777297988948 0.9735379761967795 50
1777297989619 0.9741210153119786 51
1777297990264 0.9764897458123384 52
1777297990916 0.9714319859890486 53
1777297991563 0.9749203042557432 54
1777297992210 0.9706210663574028 55
1777297992854 0.9747226898044719 56
1777297993498 0.9730431289434127 57
1777297994143 0.9699627303550109 58
1777297994830 0.9766671411681045 59
1777297995488 0.9801758889481469 60
1777297996156 0.9785160248828932 61
1777297996808 0.9652794000882904 62
1777297997464 0.9796166842624856 63
1777297998136 0.9794249821733749 64
1777297998789 0.9763177576362958 65
1777297999464 0.9772475856179843 66
1777298000109 0.9785167271366699 67
1777298000789 0.98055794509348 68
1777298001434 0.9741968733442657 69
1777298002079 0.9826583835141833 70
1777298002727 0.9782131975287509 71
1777298003396 0.9828358792912318 72
1777298004055 0.9785868673831273 73
1777298004761 0.9780287324858612 74
1777298005435 0.9829780773591414 75
1777298006096 0.9777621795047032 76
1777298006752 0.979827166342693 77
