1777376559557 -2.8083719993200664 1
1777376561369 -2.728073126923535 2
1777376563398 -2.6410108255435913 3
1777376565201 -2.534158161082279 4
1777376567993 -2.399687267773821 5
1777376569379 -2.2393940475016283 6
1777376571609 -2.0563999931913353 7
1777376573975 -1.8601558577949766 8
1777376575297 -1.648651219858543 9
1777376577040 -1.4249455481709523 10
1777376577965 -1.1863948890245957 11
1777376579007 -0.9407236957618161 12
1777376580915 -0.6789790407384324 13
1777376583212 -0.43033010597966315 14
1777376584065 -0.18394213754295352 15
1777376585863 0.04922990971757335 16
1777376587007 0.243871560604227 17
1777376588179 0.4422849085715258 18
1777376589091 0.6037092823784065 19
1777376589950 0.7250498583121554 20
1777376592394 0.7999035623772779 21
1777376594135 0.8473638605175098 22
1777376595786 0.8822483860316981 23
1777376597912 0.9001142812207003 24
1777376600091 0.9117154252745558 25
1777376601387 0.9209576264388842 26
1777376604789 0.9254483502745501 27
1777376605756 0.9321233992351444 28
1777376608434 0.9321171837054665 29
1777376611193 0.9300867311950862 30
1777376613796 0.935605283361149 31
1777376616692 0.944044963680904 32
1777376619501 0.9396823871250934 33
1777376621501 0.9438904024760222 34
1777376624583 0.9443567202219438 35
1777376626666 0.9430776108489076 36
1777376633116 0.9448329259793227 37
1777376634528 0.9482844103381645 38
1777376635814 0.9486621039578161 39
1777376638294 0.9477341865849254 40
1777376645264 0.9522121587477467 41
1777376647322 0.9533024850693212 42
1777376649616 0.9569110190309171 43
1777376650902 0.9597279692190065 44
1777376651742 0.9559394508602118 45
1777376652855 0.9588877323485953 46
1777376654170 0.9621761410284302 47
1777376654981 0.9549996671449054 48
1777376658259 0.959319638794512 49
1777376659124 0.9590079733368496 50
1777376659984 0.9587839774516614 51
1777376663047 0.9590878170255323 52
1777376664912 0.9577420746968803 53
1777376667833 0.9598653739589097 54
1777376669516 0.9648690392997522 55
1777376671325 0.967620026905884 56
1777376673552 0.96325075000239 57
1777376675713 0.9700626626676254 58
1777376677676 0.9613562157511928 59
1777376678924 0.9637821595731807 60
1777376680105 0.9688198573071778 61
1777376681969 0.9636820990180367 62
