1777376559557 194.21605428059897 1
1777376561369 191.41829935709634 2
1777376563398 188.32406616210938 3
1777376565201 184.55028279622397 4
1777376567993 179.97091674804688 5
1777376569379 174.5334930419922 6
1777376571609 168.36611938476562 7
1777376573975 161.43073527018228 8
1777376575297 153.6045176188151 9
1777376577040 145.06912740071616 10
1777376577965 136.04293823242188 11
1777376579007 126.14209747314453 12
1777376580915 115.45386505126953 13
1777376583212 103.8566411336263 14
1777376584065 92.45815022786458 15
1777376585863 81.3936767578125 16
1777376587007 71.15787251790364 17
1777376588179 60.50782140096029 18
1777376589091 50.80406951904297 19
1777376589950 41.804726918538414 20
1777376592394 35.98431142171224 21
1777376594135 32.1415901184082 22
1777376595786 28.414396286010742 23
1777376597912 26.63180160522461 24
1777376600091 25.403141657511394 25
1777376601387 23.967958450317383 26
1777376604789 23.43989626566569 27
1777376605756 22.447757085164387 28
1777376608434 22.5653076171875 29
1777376611193 22.939156850179035 30
1777376613796 22.089099248250324 31
1777376616692 20.499461491902668 32
1777376619501 21.221119562784832 33
1777376621501 20.79938252766927 34
1777376624583 20.472211201985676 35
1777376626666 20.645962397257488 36
1777376633116 20.341039657592773 37
1777376634528 19.83761469523112 38
1777376635814 19.85899035135905 39
1777376638294 20.084726333618164 40
1777376645264 19.240440368652344 41
1777376647322 18.839208602905273 42
1777376649616 17.949276606241863 43
1777376650902 17.771064122517902 44
1777376651742 18.401666005452473 45
1777376652855 17.571535110473633 46
1777376654170 17.107512791951496 47
1777376654981 18.661800384521484 48
1777376658259 17.613597234090168 49
1777376659124 17.6712163289388 50
1777376659984 17.619948705037434 51
1777376663047 17.573841094970703 52
1777376664912 17.656925837198894 53
1777376667833 17.47097905476888 54
1777376669516 16.501195271809895 55
1777376671325 15.743300755818685 56
1777376673552 16.870005289713543 57
1777376675713 15.206348419189453 58
1777376677676 17.143870671590168 59
1777376678924 16.70861307779948 60
1777376680105 15.5370512008667 61
1777376681969 16.490052541097004 62
