1777376559557 51149.850260416664 1
1777376561369 50071.361979166664 2
1777376563398 48902.036458333336 3
1777376565201 47466.911458333336 4
1777376567993 45660.846354166664 5
1777376569379 43507.966145833336 6
1777376571609 41050.192708333336 7
1777376573975 38414.45703125 8
1777376575297 35573.756510416664 9
1777376577040 32569.192708333332 10
1777376577965 29365.2421875 11
1777376579007 26065.659505208332 12
1777376580915 22550.193359375 13
1777376583212 19210.614583333332 14
1777376584065 15901.404622395834 15
1777376585863 12769.694661458334 16
1777376587007 10155.483072916666 17
1777376588179 7490.612955729167 18
1777376589091 5322.539388020833 19
1777376589950 3692.8269856770835 20
1777376592394 2687.474365234375 21
1777376594135 2050.0401611328125 22
1777376595786 1581.5097249348958 23
1777376597912 1341.5546468098958 24
1777376600091 1185.740966796875 25
1777376601387 1061.6099039713542 26
1777376604789 1001.2953898111979 27
1777376605756 911.6435953776041 28
1777376608434 911.7270304361979 29
1777376611193 938.997802734375 30
1777376613796 864.8786824544271 31
1777376616692 751.5262858072916 32
1777376619501 810.1195068359375 33
1777376621501 753.6021525065104 34
1777376624583 747.339111328125 35
1777376626666 764.5186564127604 36
1777376633116 740.9431966145834 37
1777376634528 694.5866902669271 38
1777376635814 689.5139363606771 39
1777376638294 701.9767049153646 40
1777376645264 641.8335367838541 41
1777376647322 627.189453125 42
1777376649616 578.7236531575521 43
1777376650902 540.8894551595052 44
1777376651742 591.7726847330729 45
1777376652855 552.1745808919271 46
1777376654170 508.0083414713542 47
1777376654981 604.3947550455729 48
1777376658259 546.3737080891927 49
1777376659124 550.5596516927084 50
1777376659984 553.568115234375 51
1777376663047 549.4872639973959 52
1777376664912 567.5617879231771 53
1777376667833 539.0440063476562 54
1777376669516 471.84031168619794 55
1777376671325 434.89207967122394 56
1777376673552 493.57530721028644 57
1777376675713 402.0852762858073 58
1777376677676 519.0206502278646 59
1777376678924 486.4380696614583 60
1777376680105 418.7772623697917 61
1777376681969 487.78192138671875 62
