1777205946376 179.9221649169922 1
1777205947685 175.0218048095703 2
1777205948453 169.6885223388672 3
1777205949456 163.34542846679688 4
1777205950251 156.06735229492188 5
1777205950993 147.57778930664062 6
1777205951743 138.03500366210938 7
1777205952495 127.64161682128906 8
1777205953765 116.16374206542969 9
1777205954973 103.6675033569336 10
1777205956521 90.67353820800781 11
1777205957998 76.4725341796875 12
1777205961362 63.34859848022461 13
1777205964375 51.45368576049805 14
1777205969101 41.33396911621094 15
1777206000399 33.161136627197266 16
1777206001020 27.523691177368164 17
1777206001643 26.195476531982422 18
1777206002402 22.624250411987305 19
1777206003024 20.60232925415039 20
1777206003642 19.299528121948242 21
1777206004453 18.653820037841797 22
1777206005344 19.844572067260742 23
1777206005988 18.493803024291992 24
1777206006634 19.891307830810547 25
1777206007273 18.15134620666504 26
1777206007915 17.8776798248291 27
1777206008557 16.74083709716797 28
1777206009196 17.722911834716797 29
1777206009825 16.022008895874023 30
1777206010464 15.742165565490723 31
1777206011090 16.51512336730957 32
1777206011718 16.243824005126953 33
1777206012356 16.471736907958984 34
1777206013011 14.293546676635742 35
1777206013648 13.423042297363281 36
1777206014287 16.29158592224121 37
1777206014912 15.19920539855957 38
1777206015546 13.891368865966797 39
1777206016182 13.693713188171387 40
1777206016802 14.301222801208496 41
1777206017435 14.0449800491333 42
1777206018063 13.445562362670898 43
1777206018684 12.590827941894531 44
1777206019314 13.388204574584961 45
1777206019941 13.61131763458252 46
1777206020563 13.202790260314941 47
1777206021190 11.47976303100586 48
1777206021833 14.062007904052734 49
1777206022463 12.40430736541748 50
1777206023126 13.817599296569824 51
1777206023752 12.790517807006836 52
1777206024364 12.835020065307617 53
1777206025141 12.990723609924316 54
1777206025734 12.66512393951416 55
1777206026330 10.85028076171875 56
1777206026927 13.518738746643066 57
1777206027520 11.997613906860352 58
1777206028115 12.06169605255127 59
1777206028709 12.430126190185547 60
1777206029304 11.778325080871582 61
1777206029898 11.11716365814209 62
1777206030491 11.120219230651855 63
1777206031086 10.954448699951172 64
1777206031691 10.678817749023438 65
1777206032298 11.615466117858887 66
1777206032947 11.285197257995605 67
1777206033551 10.695280075073242 68
1777206034151 10.577875137329102 69
1777206034752 10.957536697387695 70
