1777429301497 160.80786895751953 1
1777429302561 153.86341857910156 2
1777429303872 145.3195686340332 3
1777429305173 133.91228485107422 4
1777429306221 118.20562362670898 5
1777429307305 98.84448623657227 6
1777429308730 78.95663070678711 7
1777429310158 61.24127388000488 8
1777429311422 45.755897521972656 9
1777429313007 32.846553802490234 10
1777429314088 27.822018146514893 11
1777429315178 24.801697254180908 12
1777429316245 22.051604747772217 13
1777429317286 20.523701190948486 14
1777429318361 21.551198959350586 15
1777429319421 20.2030348777771 16
1777429320462 19.567203998565674 17
1777429321490 18.31362771987915 18
1777429322538 17.57644033432007 19
1777429323598 18.786577701568604 20
1777429324637 18.91660976409912 21
1777429325694 18.49943256378174 22
1777429326724 18.46786594390869 23
1777429327766 17.423577308654785 24
1777429328814 18.22748851776123 25
1777429329890 17.27881622314453 26
1777429330945 17.841787338256836 27
1777429331997 16.60867166519165 28
1777429333106 16.856056690216064 29
1777429334146 17.574485301971436 30
1777429335175 17.01589012145996 31
1777429336219 16.416980981826782 32
1777429337265 15.602182149887085 33
1777429338303 16.071300506591797 34
1777429339356 16.34809112548828 35
1777429340432 16.781493663787842 36
1777429341492 16.490029335021973 37
1777429342532 16.51582169532776 38
1777429343575 16.174965381622314 39
1777429344625 15.135803699493408 40
1777429345676 15.719559907913208 41
1777429346717 15.320719480514526 42
1777429347765 14.722011089324951 43
1777429348834 15.877901077270508 44
1777429349884 14.910084009170532 45
1777429350949 15.737800598144531 46
1777429352006 14.950672626495361 47
1777429353060 12.722265720367432 48
1777429354112 15.018619060516357 49
1777429355212 14.028574466705322 50
1777429356264 14.54063892364502 51
1777429357335 13.948996305465698 52
1777429358398 13.88010311126709 53
1777429359481 13.206869840621948 54
1777429360537 12.859968185424805 55
1777429361586 13.248299598693848 56
1777429362626 14.261305093765259 57
1777429363678 12.701564073562622 58
1777429364718 12.812466621398926 59
1777429365762 13.158013105392456 60
1777429366800 12.666047096252441 61
1777429367846 12.396557331085205 62
1777429368888 13.564356088638306 63
1777429369924 12.540424585342407 64
1777429370958 12.418983697891235 65
1777429371991 12.619683742523193 66
1777429373043 11.711089372634888 67
1777429374097 12.088025093078613 68
1777429375137 12.480372428894043 69
1777429376181 11.905885696411133 70
1777429377211 10.975999593734741 71
1777429378246 11.196402788162231 72
1777429379285 11.222066402435303 73
1777429380333 11.42742133140564 74
1777429381392 11.08602786064148 75
1777429382411 11.846147060394287 76
1777429383460 10.772573709487915 77
1777429384493 11.418078184127808 78
1777429385542 11.025750398635864 79
1777429386579 10.67661166191101 80
1777429387631 10.395745038986206 81
1777429388684 10.518518209457397 82
1777429389721 10.704449892044067 83
1777429390762 11.361868143081665 84
1777429391788 10.8752281665802 85
1777429392826 10.483409404754639 86
1777429393877 10.62331485748291 87
1777429394992 11.023177862167358 88
1777429396226 10.230722188949585 89
1777429397263 10.420765161514282 90
1777429398308 10.126465320587158 91
1777429399357 10.447843313217163 92
1777429400389 10.778747797012329 93
1777429401434 10.40005612373352 94
1777429402469 10.387964248657227 95
1777429403512 10.391071081161499 96
1777429404558 9.701571226119995 97
1777429405643 10.190093755722046 98
1777429406700 10.157047033309937 99
1777429407738 9.708946943283081 100
1777429408797 9.742241859436035 101
1777429409869 9.408569097518921 102
1777429410954 9.588279008865356 103
1777429412032 9.822418451309204 104
1777429413143 9.227601766586304 105
1777429414318 9.55061674118042 106
1777429415475 9.410380125045776 107
1777429416660 9.42224645614624 108
1777429417666 9.63730239868164 109
1777429418686 9.896939992904663 110
1777429419703 9.360954523086548 111
1777429420754 8.925556421279907 112
1777429421830 8.852927446365356 113
1777429422879 9.328993320465088 114
1777429423922 9.399669408798218 115
1777429424950 9.480683088302612 116
1777429425988 9.117621660232544 117
1777429427031 9.188687801361084 118
1777429428063 9.556778192520142 119
1777429429084 8.973166227340698 120
1777429430126 8.942358016967773 121
1777429431151 8.710620880126953 122
1777429432177 8.87464451789856 123
1777429433205 8.508426904678345 124
1777429434251 8.664297580718994 125
1777429435290 9.037034273147583 126
1777429436356 9.218798398971558 127
1777429437394 8.70629334449768 128
1777429438446 9.272613525390625 129
1777429439427 8.920099973678589 130
1777429440542 8.397905111312866 131
1777429441538 9.095744609832764 132
1777429442551 8.39372730255127 133
1777429443633 8.607042789459229 134
1777429444633 8.50959587097168 135
1777429445635 8.989543437957764 136
1777429446632 8.682278156280518 137
1777429447629 8.395616292953491 138
1777429448652 8.431626200675964 139
1777429449655 8.257542133331299 140
1777429450646 8.374675750732422 141
1777429451637 9.060746669769287 142
1777429452619 8.652276039123535 143
1777429453608 8.879827976226807 144
1777429454605 8.093786120414734 145
1777429455603 8.508926153182983 146
1777429456604 8.114748001098633 147
1777429457625 8.279107451438904 148
1777429458621 8.627581596374512 149
1777429459649 8.549195766448975 150
1777429460649 8.276038646697998 151
1777429461646 8.315247654914856 152
1777429462643 8.085612297058105 153
