1777304579090 153.97696319956395 1
1777304580220 142.03671105878183 2
1777304581336 123.84770473047907 3
1777304582449 97.07434874314528 4
1777304583569 67.9233617078117 5
1777304584680 42.88957833218981 6
1777304585809 27.06086858367472 7
1777304586930 20.151223966337554 8
1777304588050 17.475056483503376 9
1777304589167 16.313466651903063 10
1777304590288 15.855825310179016 11
1777304591412 14.531122378104586 12
1777304592527 14.47380531835192 13
1777304593638 13.757516715138783 14
1777304594752 14.008370745665035 15
1777304595875 13.836025855825428 16
1777304597016 12.437035905341856 17
1777304598144 11.709115301771718 18
1777304599257 12.2158757182338 19
1777304600378 12.472588625363022 20
1777304601497 12.104914898516778 21
1777304602609 11.127727123715216 22
1777304603723 11.727861941623743 23
1777304604834 11.512816983198881 24
1777304605957 10.47427686869363 25
1777304607093 10.727901075926516 26
1777304608212 9.812179543477818 27
1777304609334 10.052311803310392 28
1777304610451 9.988666603863415 29
1777304611569 11.676495558894947 30
1777304612681 10.20774387397699 31
1777304613798 9.786348301007758 32
1777304614918 9.770183307929944 33
1777304616039 8.828016037193384 34
1777304617157 9.374863330882505 35
1777304618294 8.345100963724688 36
1777304619416 9.48498632819668 37
1777304620527 8.058289332230233 38
1777304621639 8.024504004235975 39
1777304622752 7.462164085777942 40
1777304623868 7.575049303114169 41
1777304624985 8.01753299822894 42
1777304626103 7.722911833372805 43
1777304627216 8.247106822490412 44
1777304628341 7.643610965372602 45
1777304629485 7.83951058961753 46
1777304630594 6.773794156050444 47
1777304631709 6.879234330764744 48
1777304632825 6.822216059247396 49
1777304633946 6.6213721445008575 50
1777304635063 6.4892570329846455 51
1777304636184 6.065351912923512 52
1777304637295 6.61581166435954 53
1777304638408 9.795334362269708 54
1777304639523 6.995105976590813 55
1777304640654 7.244377775970656 56
1777304641775 7.171260123664466 57
1777304642893 5.847893747272592 58
1777304644023 6.464917218034154 59
1777304645147 6.244033496294453 60
1777304646273 6.629875181313479 61
1777304663854 5.518439604601857 62
1777304664967 5.820975023315573 63
1777304666079 5.596421586830197 64
1777304667192 5.944473919389672 65
1777304668302 5.7944672634373395 66
1777304669416 5.615252581219496 67
1777304670524 5.563568097314482 68
1777304671651 5.442911674468152 69
1777304672768 5.367623646120709 70
1777304673884 5.665452673347012 71
1777304674999 9.312017261820966 72
1777304676117 6.624320318162686 73
1777304677839 6.0410920132487504 74
1777304678952 5.663972564087989 75
1777304680071 5.479060725751374 76
1777304681488 5.398489311955218 77
1777304682627 5.33918166415382 78
1777304683759 5.262616058524328 79
1777304684896 5.435843696639038 80
1777304686028 4.957363564283513 81
1777304687159 5.305967159797637 82
1777304688309 5.278095715310528 83
1777304689444 4.7705127928863185 84
1777304690576 4.6815073716661475 85
1777304691708 4.689535473181231 86
1777304692854 6.017091893673783 87
1777304693990 5.055144621971699 88
1777304695111 4.587826174788103 89
1777304696219 5.075671199231867 90
1777304697328 4.589667082364882 91
1777304698449 4.638055703168187 92
1777304699558 5.365652066430693 93
1777304700675 4.790395005562694 94
1777304701785 4.489713497688262 95
1777304702896 4.7210357872094395 96
1777304704027 4.673185359486677 97
1777304705148 4.667836674731126 98
1777304706258 4.6705930439920476 99
1777304707362 5.00886480316861 100
1777304708470 4.365604122428423 101
1777304709579 4.09953371989888 102
1777304710694 4.204964464941377 103
1777304711807 4.23341065797117 104
1777304712923 4.1344838530472705 105
1777304714058 4.940765627481905 106
1777304715197 4.355398587794144 107
1777304716320 4.248589084656604 108
1777304717447 4.142319286142596 109
1777304718569 4.536551665139772 110
1777304719690 4.279417962406358 111
1777304720802 4.305177308920896 112
1777304721916 4.269684096833082 113
1777304723031 4.2467441785076545 114
1777304724149 4.340068502196549 115
1777304725281 4.993990342503635 116
1777304726403 4.226265803912214 117
1777304727517 4.470249258008902 118
1777304728629 5.13711715727362 119
1777304729762 4.294509322994678 120
1777304730879 4.517578382598465 121
1777304731995 3.968436550604058 122
1777304733113 3.9233940410110018 123
1777304734228 4.031285968809637 124
1777304735342 3.9031794719953643 125
1777304736473 4.682857733842421 126
1777304737592 3.7725409166713497 127
1777304738704 3.5885483124083937 128
1777304739820 3.9330763438835747 129
1777304740941 3.9542159010505786 130
1777304742058 4.030704052645672 131
1777304743169 4.144128004019217 132
1777304744286 3.854104272211851 133
1777304745405 3.941088480117807 134
1777304746520 3.9649342634925686 135
1777304747656 3.799839888890211 136
1777304748780 6.3935700008887375 137
1777304749901 4.4066817305470245 138
1777304751018 3.8054569757341707 139
1777304752138 3.8799777440302385 140
1777304753256 3.6812407544551005 141
1777304754370 3.7252520618407923 142
1777304755497 3.5569449727701845 143
1777304756615 3.6470608818202037 144
1777304757735 3.5634781089867835 145
1777304758868 3.659517207120491 146
1777304759990 4.195464355862987 147
1777304761108 3.747369309614073 148
1777304762228 3.4085399885844008 149
1777304763349 3.7125045695727668 150
1777304764465 3.58972637290753 151
1777304765580 4.415907042991114 152
1777304766699 3.5969905333594583 153
1777304767815 4.3677022955239835 154
1777304768957 3.6436522738624166 155
1777304770086 3.432931212124514 156
1777304771208 3.597734352062537 157
1777304772326 3.865311906649936 158
1777304773441 3.631354743567762 159
1777304774560 4.425378217265946 160
1777304775676 4.086076413276121 161
1777304776792 3.537695770353271 162
1777304777911 3.514010793044157 163
