1777300488544 -1.9191264632370861 1
1777300489261 -1.8333571837307132 2
1777300489955 -1.75297783556137 3
1777300490644 -1.6548347753256776 4
1777300491334 -1.5332806170814937 5
1777300492029 -1.3813606549819364 6
1777300492742 -1.215963573003661 7
1777300493431 -1.0501605233345295 8
1777300494153 -0.8687147961657542 9
1777300494859 -0.6808399660324885 10
1777300495565 -0.48140780072790323 11
1777300496255 -0.27817656879956276 12
1777300496947 -0.04313225961073541 13
1777300497638 0.20609741842939655 14
1777300498328 0.4115157817945594 15
1777300499042 0.5877047674878975 16
1777300499734 0.7006550301349667 17
1777300500422 0.7903004441378644 18
1777300501108 0.8424039783191097 19
1777300501794 0.8806329336273773 20
1777300502508 0.9019254722293224 21
1777300503199 0.9262823956435642 22
1777300503899 0.9288764521322119 23
1777300504592 0.9354962946675334 24
1777300505321 0.9414226035623414 25
1777300506012 0.9454751545240774 26
1777300506707 0.9463043170761389 27
1777300507403 0.9504144987352715 28
1777300508098 0.9525807176658041 29
1777300508788 0.9602844274134732 30
1777300509489 0.956398022370386 31
1777300510185 0.9559518295477276 32
1777300510909 0.9659580433400172 33
1777300511600 0.9670551509267674 34
1777300512291 0.9620717580889357 35
1777300513273 0.9617270715042479 36
1777300513975 0.9596802728084217 37
1777300514679 0.9637069106504519 38
1777300515425 0.9678726549255989 39
1777300516211 0.9636741509932352 40
1777300516904 0.9659125481715678 41
1777300517607 0.9642175433485165 42
1777300518299 0.9688794312246323 43
1777300518999 0.9648954674321357 44
1777300519716 0.971853221271189 45
1777300520416 0.9674350995832541 46
1777300521117 0.9728973638752159 47
1777300521811 0.9757571627046133 48
1777300522511 0.9694477882180181 49
1777300523214 0.9705847995423171 50
1777300523918 0.9767863804613786 51
1777300524615 0.9714651550014537 52
1777300525347 0.9755139709201411 53
1777300526052 0.9707921448100956 54
1777300526756 0.9677105088302055 55
1777300527448 0.9726699358768451 56
1777300528210 0.9766662006843327 57
1777300528917 0.9807438529007785 58
1777300529626 0.9789451922393665 59
1777300530327 0.9767763834504801 60
1777300531021 0.9805367201403747 61
1777300531726 0.97909681303545 62
1777300532427 0.9795195553060142 63
1777300533139 0.9799914104630727 64
1777300533849 0.9721583183602954 65
1777300534553 0.9815080933601692 66
1777300535249 0.9830926804420579 67
1777300535987 0.9831227076298679 68
1777300536688 0.9818394923000773 69
1777300537408 0.9830380337479081 70
1777300538113 0.9792484048159156 71
1777300538811 0.9834395160200617 72
1777300539512 0.9757147173871126 73
1777300540213 0.9822866713068703 74
1777300540916 0.9836653130139799 75
1777300541614 0.9796069902805492 76
1777300542316 0.9831213293542671 77
1777300543017 0.9838528514786491 78
1777300543719 0.9805653677489179 79
1777300544420 0.9837055570740108 80
1777300545131 0.9833215578645562 81
1777300545861 0.984919533470648 82
1777300546567 0.9859604911207851 83
1777300547267 0.9874472200428868 84
1777300547973 0.9877919853384245 85
1777300548677 0.9816088174230263 86
1777300549385 0.9841953883962611 87
