1777424579220 -1.7484032900583704 1
1777424586049 -1.606042146270057 2
1777424590683 -1.418184507006157 3
1777424592852 -1.1286568853687893 4
1777424605151 -0.7387119106489852 5
1777424618077 -0.3493535410377601 6
1777424628314 0.016932438450706577 7
1777424631592 0.3489676498445362 8
1777424633304 0.6079182719292164 9
1777424646861 0.7863684512472382 10
1777424649367 0.8767452790709267 11
1777424660439 0.9175126686631752 12
1777424673353 0.9293546967427949 13
1777424676646 0.9396696439239883 14
1777424698447 0.9468581922334003 15
1777424711549 0.9471387876148551 16
1777424725452 0.9495920216164714 17
1777424744356 0.9540591547841113 18
1777424756973 0.9576265394426586 19
1777424769564 0.9567761200632515 20
1777424777561 0.9620059787844351 21
1777424800971 0.9573155191876032 22
1777424817905 0.9628242005942684 23
1777424826581 0.9640058178895928 24
1777424831286 0.9610057181666634 25
1777424845232 0.9648074842005878 26
1777424855868 0.9640079875638705 27
1777424875297 0.9679291410666121 28
1777424881589 0.9644705600596546 29
1777424891782 0.964839521613942 30
1777424894460 0.9673787428364207 31
1777424909292 0.9737612856894737 32
1777424915481 0.9684451052264519 33
1777424923569 0.9710378447816986 34
1777424929969 0.9709710141599459 35
1777424937216 0.9662722072115167 36
1777424940503 0.9733171631493632 37
1777424947162 0.9723024019149337 38
1777424957753 0.9710920665342598 39
1777424965295 0.9742030160512868 40
1777424968867 0.9736230003694492 41
1777424974415 0.9737527079721336 42
1777424996696 0.9743396757845904 43
1777425018728 0.975908112944092 44
1777425027163 0.9718221670559373 45
1777425041025 0.9781411404434185 46
1777425050688 0.9749267495795699 47
1777425053605 0.9770477567565341 48
1777425065404 0.9753230990860944 49
1777425086542 0.9789984373170918 50
1777425101602 0.9740707432774399 51
1777425118208 0.9788612323858138 52
1777425134574 0.9798893943094231 53
1777425158912 0.9794077973710034 54
1777425172910 0.9791831034469114 55
1777425176415 0.978899206674274 56
1777425190660 0.980843889575316 57
1777425195526 0.9812099493200706 58
1777425210506 0.9827523008151546 59
1777425213915 0.9815344251741702 60
1777425231843 0.9819046338587982 61
1777425242772 0.9833331729187005 62
1777425245400 0.983875328939589 63
1777425246521 0.9810042489472809 64
1777425259301 0.9829703598585093 65
1777425273114 0.9834808624091578 66
1777425278856 0.9833001809477058 67
1777425279887 0.9849733007397178 68
1777425289043 0.9858006736328797 69
1777425302554 0.9845891795376536 70
1777425311291 0.9823302090727459 71
1777425314398 0.985572057729602 72
1777425316053 0.9859213068245818 73
1777425322631 0.9836656897474724 74
1777425326223 0.9846941745104091 75
1777425331238 0.9852183333168607 76
1777425334445 0.9834703715050035 77
1777425337737 0.9860325307508571 78
1777425343442 0.98656280881662 79
1777425350351 0.9864787537693802 80
1777425356211 0.9881280361619197 81
1777425365450 0.9856705079091471 82
1777425368897 0.9867252384209623 83
1777425371547 0.9866794105310717 84
1777425380630 0.9855056935744904 85
1777425386246 0.9854653627608895 86
1777425391248 0.988225869919375 87
1777425403262 0.987998899164025 88
1777425412750 0.9875545793241345 89
1777425418010 0.9877328834229707 90
1777425421721 0.9879985861196332 91
1777425427909 0.9885334898542116 92
1777425439113 0.9891848635154967 93
1777425448691 0.987712859605127 94
1777425452160 0.9876408696910274 95
1777425474845 0.9879504269195878 96
1777425480966 0.9877174770223671 97
1777425489450 0.9889296060447117 98
1777425492644 0.9882672861873956 99
1777425497972 0.9877641969871715 100
1777425505840 0.9876382503520743 101
1777425516958 0.988973288226275 102
1777425520585 0.9889867438084463 103
1777425523938 0.9878350523016985 104
1777425530610 0.989442571818536 105
1777425535388 0.9896022713187344 106
1777425541160 0.9900953081660143 107
1777425547058 0.9897979351558893 108
1777425550069 0.9891855414058293 109
1777425553142 0.9902593715551866 110
1777425572084 0.9897720468967569 111
1777425582831 0.9901835771719469 112
1777425592767 0.9901945663055864 113
1777425600533 0.9894797713440016 114
1777425605195 0.9903539693093135 115
1777425620854 0.989832310948322 116
1777425628934 0.9910874888951132 117
1777425632280 0.990054249271239 118
