1777441115944 169.00625610351562 1
1777441120913 159.1534423828125 2
1777441126598 145.8311309814453 3
1777441128677 126.21583557128906 4
1777441133494 104.19619750976562 5
1777441140848 80.77111053466797 6
1777441147934 58.97639083862305 7
1777441149618 40.14783477783203 8
1777441153803 28.33986473083496 9
1777441162056 24.35757064819336 10
1777441169220 22.01659393310547 11
1777441174266 21.294761657714844 12
1777441176328 19.69265365600586 13
1777441178496 19.410795211791992 14
1777441183170 18.59840202331543 15
1777441194802 18.623483657836914 16
1777441205873 19.047119140625 17
1777441207816 16.913694381713867 18
1777441211600 17.382753372192383 19
1777441216223 17.34587287902832 20
1777441221707 17.446353912353516 21
1777441224605 16.29502296447754 22
1777441229940 15.468944549560547 23
1777441241556 15.52333927154541 24
1777441243592 15.406494140625 25
1777441245914 15.543353080749512 26
1777441250822 14.917179107666016 27
1777441259214 14.936661720275879 28
1777441260992 15.63060188293457 29
1777441265076 14.747550010681152 30
1777441267282 14.706371307373047 31
1777441275766 15.049382209777832 32
1777441289219 14.846765518188477 33
1777441296742 13.963532447814941 34
1777441298884 14.043620109558105 35
1777441300541 14.508708953857422 36
1777441304779 14.086158752441406 37
1777441312738 13.623106002807617 38
1777441323516 13.864453315734863 39
1777441325775 13.142781257629395 40
1777441327557 13.325080871582031 41
1777441332474 13.099108695983887 42
1777441343746 12.726483345031738 43
1777441345575 12.842283248901367 44
1777441353021 13.218873977661133 45
1777441357936 12.06330680847168 46
1777441359546 12.833395957946777 47
1777441362669 11.91109848022461 48
1777441370474 11.853594779968262 49
1777441375048 12.35323715209961 50
1777441378126 11.99618911743164 51
1777441380598 11.281180381774902 52
1777441385731 11.616741180419922 53
1777441387694 11.99423599243164 54
1777441393319 11.594161033630371 55
1777441395278 10.735278129577637 56
1777441399275 11.093605041503906 57
1777441407405 11.611454963684082 58
1777441408822 10.927094459533691 59
1777441414540 10.840739250183105 60
1777441419233 11.464962005615234 61
