1777386385050 160.5523223876953 1
1777386385685 158.75653076171875 2
1777386386041 157.06407165527344 3
1777386387434 155.5685577392578 4
1777386387788 153.99807739257812 5
1777386388279 152.29074096679688 6
1777386388637 150.42544555664062 7
1777386389112 148.37106323242188 8
1777386389574 146.1282958984375 9
1777386390826 143.6671600341797 10
1777386391200 141.05770874023438 11
1777386391583 138.25225830078125 12
1777386391959 135.1506805419922 13
1777386392334 131.849365234375 14
1777386392726 128.30545043945312 15
1777386393135 124.79560089111328 16
1777386393536 121.24982452392578 17
1777386393945 117.69416046142578 18
1777386394971 113.93647766113281 19
1777386396142 110.0769271850586 20
1777386397684 106.14410400390625 21
1777386400504 102.01205444335938 22
1777386400886 97.89683532714844 23
1777386401259 93.61143493652344 24
1777386401641 88.80779266357422 25
1777386402008 83.75305938720703 26
1777386402369 79.11045837402344 27
1777386402738 74.4775619506836 28
1777386403103 69.25476837158203 29
1777386403464 64.33689880371094 30
1777386403864 59.39137649536133 31
1777386404356 54.65046310424805 32
1777386404730 49.74520492553711 33
1777386405088 44.90522003173828 34
1777386405546 40.92988586425781 35
1777386406110 37.08943176269531 36
1777386406477 34.20050811767578 37
1777386406875 30.166648864746094 38
1777386407240 29.092573165893555 39
1777386407910 26.58004379272461 40
1777386408265 26.155818939208984 41
1777386408626 24.074817657470703 42
1777386408997 23.156553268432617 43
1777386409358 21.343629837036133 44
1777386409737 22.17710304260254 45
1777386410105 20.53128433227539 46
1777386410472 20.409976959228516 47
1777386410846 19.279321670532227 48
1777386411214 20.19251251220703 49
1777386411581 19.20614242553711 50
1777386411950 19.54107093811035 51
1777386412488 17.260276794433594 52
1777386412875 19.30780601501465 53
1777386413249 17.047208786010742 54
1777386413653 16.581146240234375 55
1777386414038 17.700824737548828 56
1777386414423 16.383649826049805 57
1777386414779 19.635549545288086 58
1777386415145 16.706348419189453 59
1777386415507 16.820016860961914 60
1777386415871 16.934127807617188 61
1777386416240 16.512943267822266 62
1777386416624 17.566974639892578 63
1777386417269 15.897696495056152 64
1777386417629 15.310993194580078 65
1777386417998 15.757622718811035 66
1777386418363 16.018512725830078 67
1777386418738 14.680233001708984 68
1777386419092 15.186854362487793 69
1777386419450 14.908809661865234 70
1777386419813 15.553289413452148 71
1777386420190 16.94353485107422 72
1777386420797 16.532276153564453 73
1777386421163 16.785350799560547 74
1777386421524 14.500802040100098 75
1777386422288 14.194153785705566 76
1777386422649 15.024759292602539 77
1777386423003 14.397965431213379 78
1777386423362 13.638957977294922 79
1777386423939 16.26030158996582 80
1777386424277 15.236881256103516 81
1777386424623 15.766974449157715 82
1777386424973 13.994158744812012 83
1777386425327 15.203737258911133 84
1777386425689 16.790754318237305 85
1777386426449 13.870931625366211 86
1777386426807 12.962757110595703 87
1777386427158 14.849130630493164 88
1777386427518 15.278751373291016 89
1777386427864 16.683101654052734 90
1777386428222 13.74094295501709 91
1777386429254 15.76439380645752 92
1777386429588 14.184293746948242 93
1777386429931 14.449438095092773 94
1777386430271 15.115251541137695 95
1777386430628 13.853788375854492 96
1777386430976 12.811164855957031 97
1777386431726 13.766775131225586 98
1777386432089 14.021183967590332 99
1777386432441 12.795347213745117 100
1777386432784 12.502947807312012 101
1777386433123 13.661727905273438 102
1777386433456 12.939352989196777 103
1777386433974 13.129959106445312 104
1777386435092 15.635932922363281 105
1777386435443 12.822731971740723 106
1777386435792 13.42192268371582 107
1777386436137 11.469797134399414 108
1777386436483 14.263015747070312 109
1777386437106 11.857921600341797 110
1777386437454 11.948894500732422 111
1777386437814 13.084613800048828 112
1777386438162 12.995205879211426 113
1777386438508 12.178312301635742 114
1777386438852 12.514474868774414 115
1777386439197 13.48740291595459 116
1777386439549 12.670891761779785 117
1777386439889 11.895146369934082 118
1777386440231 12.60849380493164 119
1777386440575 12.350603103637695 120
1777386440932 11.216714859008789 121
1777386441276 13.182909965515137 122
1777386441630 11.225793838500977 123
1777386442363 11.685895919799805 124
1777386442722 11.255120277404785 125
1777386443142 13.28972053527832 126
1777386443476 13.313596725463867 127
1777386443823 13.6325044631958 128
1777386444166 12.820011138916016 129
1777386444528 11.536192893981934 130
1777386444877 10.341434478759766 131
1777386445220 11.577516555786133 132
1777386445566 12.751163482666016 133
1777386445911 12.874214172363281 134
1777386446255 13.411652565002441 135
1777386446597 11.738506317138672 136
1777386446944 10.767046928405762 137
1777386447285 12.168296813964844 138
1777386447644 12.42605972290039 139
1777386447988 11.805807113647461 140
1777386448325 12.5225191116333 141
1777386448711 10.659374237060547 142
1777386449068 10.736598014831543 143
1777386449406 12.21097183227539 144
1777386449748 12.580848693847656 145
1777386450089 10.81113338470459 146
1777386450444 10.798903465270996 147
1777386450794 12.46813678741455 148
1777386451134 12.888932228088379 149
1777386451476 12.197912216186523 150
1777386451850 12.783468246459961 151
1777386452198 11.6281156539917 152
1777386452538 11.611638069152832 153
1777386452874 12.60528564453125 154
1777386453221 10.892071723937988 155
1777386453573 11.780527114868164 156
1777386453915 12.053491592407227 157
1777386454267 10.456035614013672 158
1777386454695 12.25084114074707 159
1777386455044 11.301654815673828 160
1777386457416 10.399772644042969 161
1777386460000 9.710765838623047 162
1777386460345 10.598301887512207 163
1777386460697 10.46180248260498 164
1777386461061 10.687139511108398 165
1777386461422 10.525294303894043 166
1777386461773 10.259888648986816 167
1777386462132 10.854450225830078 168
1777386462848 10.484806060791016 169
1777386463199 10.566526412963867 170
1777386463553 10.006767272949219 171
1777386463917 10.417832374572754 172
