1777303477546 -1.650362937009354 1
1777303478659 -1.3593504852285463 2
1777303479773 -0.8705948085475494 3
1777303480881 -0.27210902371661905 4
1777303481995 0.3107677424181876 5
1777303483090 0.6899123759540078 6
1777303484189 0.8613406110843992 7
1777303485291 0.9215619599017388 8
1777303486385 0.9450943229645631 9
1777303487507 0.947192587806577 10
1777303488601 0.9545310609082135 11
1777303489700 0.95934484097271 12
1777303490797 0.9626007600742674 13
1777303491893 0.9669616602104859 14
1777303493004 0.9644304282712777 15
1777303494102 0.9648533415327152 16
1777303495209 0.9667073676693004 17
1777303496309 0.9652913109457358 18
1777303497412 0.9683507332818171 19
1777303498532 0.9667894165277745 20
1777303499637 0.9697158010379296 21
1777303520965 0.9677353245521118 22
1777303522072 0.9718287657008925 23
1777303523171 0.9717493972906596 24
1777303524277 0.9731591507098791 25
1777303525372 0.9711818196581637 26
1777303526476 0.9724512934809437 27
1777303527576 0.9735841382184977 28
1777303528674 0.9752234378390341 29
1777303529787 0.9730229709092955 30
1777303530885 0.9761437335374651 31
1777303531985 0.9793576917628956 32
1777303533082 0.977881213069354 33
1777303534188 0.9799104471610024 34
1777303535285 0.9805344208554883 35
1777303536394 0.9821131704799055 36
1777303545437 0.9793723936566816 37
1777303546545 0.9803968578142864 38
1777303547648 0.9814027850357446 39
1777303548754 0.9817748734809824 40
1777303549860 0.9837262225461161 41
1777303550970 0.9828235098967091 42
1777303552095 0.983149642126651 43
1777303553200 0.9844410879771271 44
1777303554309 0.9876417305319418 45
1777303555410 0.984722975631274 46
1777303556515 0.9865230047583263 47
1777303557616 0.985317317304327 48
1777303558720 0.9854273247084085 49
1777303559827 0.9870353068291592 50
1777303560922 0.9887913402058202 51
1777303562030 0.9887534312221805 52
1777303563141 0.9883058163751461 53
1777303564244 0.986301127261336 54
1777303565350 0.9893427067599012 55
1777303566446 0.9890599712913175 56
1777303567543 0.987865466825662 57
1777303568645 0.9883351576259729 58
1777303569751 0.9898650044746453 59
1777303570862 0.9887263759607744 60
1777303571961 0.9891586630324738 61
1777303573065 0.9907927982033752 62
1777303574166 0.9901885774577363 63
1777303575261 0.9904694718797203 64
1777303576366 0.9896091399971426 65
1777303577467 0.9898159048002795 66
1777303578568 0.9883221415115594 67
1777303579676 0.9906883728853055 68
1777303580775 0.9910452739406413 69
1777303581876 0.9888595766915284 70
1777303582971 0.9901003279054585 71
1777303584079 0.9895804706252601 72
1777303585178 0.9911334550158464 73
1777303586275 0.9906352954783559 74
1777303587367 0.9912808829712212 75
1777303588472 0.9901380495997082 76
1777303589565 0.9909856575163762 77
1777303590669 0.9918670478536072 78
1777303591779 0.9899148348824516 79
1777303592880 0.9909032864396174 80
1777303593982 0.990921315981448 81
1777303595090 0.9911276611283143 82
1777303596194 0.9915599964644597 83
1777303597289 0.9924287015472278 84
1777303598392 0.9921582737927608 85
1777303599492 0.9916865140039933 86
1777303600605 0.9923087824589005 87
1777303601703 0.9928154068118883 88
1777303602808 0.9925675061447031 89
1777303603907 0.9917394156724084 90
1777303605003 0.9926007978407184 91
1777303606114 0.9933219088147973 92
1777303607232 0.9926027568273226 93
1777303608333 0.9918558235803222 94
1777303609434 0.9927472490813556 95
1777303610534 0.9930570266834117 96
1777303611639 0.9932955235953683 97
1777303612742 0.9936324779216017 98
1777303613850 0.9925175995638453 99
1777303614943 0.9926729419845656 100
1777303616043 0.9931016741134002 101
1777303617160 0.993674135618035 102
1777303618263 0.9925531402429397 103
1777303619360 0.992350533903649 104
1777303620453 0.9921538729977275 105
1777303621556 0.9933379396048225 106
1777303622655 0.9934758369474948 107
1777303623759 0.9933975781815946 108
1777303624863 0.9930710612466354 109
1777303625958 0.9926516186861085 110
1777303627059 0.9925094998011913 111
1777303628178 0.9934800706769742 112
1777303629276 0.9934927086830745 113
1777303630375 0.9930748005460762 114
1777303631481 0.9935709527643461 115
1777303632582 0.9937209076159256 116
1777303633677 0.9930124789986178 117
1777303634772 0.9926301946944375 118
1777303635879 0.9936155946893268 119
1777303636973 0.9939620407905819 120
1777303638069 0.9941071431218221 121
1777303639178 0.9940334578417007 122
