1777433275862 202.96370519134695 1
1777433276188 201.53515318363196 2
1777433276506 200.124853607067 3
1777433276835 198.8740080899211 4
1777433277138 197.58474249989547 5
1777433277442 196.25711571494676 6
1777433277738 194.7972603920548 7
1777433278042 193.2553160653026 8
1777433278357 191.553537718571 9
1777433278648 189.65556774057544 10
1777433278937 187.4708623193215 11
1777433279265 184.78621515822007 12
1777433279554 181.84942904433328 13
1777433279876 178.93724895197198 14
1777433280190 175.1882413915814 15
1777433280518 171.56326274875983 16
1777433280819 167.36253687728328 17
1777433281140 162.62999007524718 18
1777433281433 158.3002055530093 19
1777433281726 153.2346928529894 20
1777433282027 148.29049957979439 21
1777433282346 143.3935662564747 22
1777433282649 138.08889516811263 23
1777433282980 131.84104272522652 24
1777433283321 126.00084092601327 25
1777433283619 120.3808044745403 26
1777433283923 115.00009765620854 27
1777433284247 108.36778198281536 28
1777433284570 103.61611749475803 29
1777433284947 97.45955190648324 30
1777433285273 92.30784517715708 31
1777433285579 86.407216314669 32
1777433285882 80.37691361446706 33
1777433286180 75.54933262548552 34
1777433286479 70.17365109921066 35
1777433286770 65.91527320877537 36
1777433287064 60.016015522030656 37
1777433287360 54.643308037501264 38
1777433287662 51.35913494391723 39
1777433287960 48.147950087789305 40
1777433288260 47.01492397283946 41
1777433288555 42.664369362337204 42
1777433288844 40.39794572196323 43
1777433289142 39.275427484644425 44
1777433289429 37.44528560530017 45
1777433289760 36.895793263553436 46
1777433290071 32.47976571134808 47
1777433290383 34.24302791719067 48
1777433290791 32.32347454770198 49
1777433291170 31.720746358049627 50
1777433291483 30.408472025053108 51
1777433291792 29.74702605441477 52
1777433292070 30.23036956672255 53
1777433292385 28.073958676355545 54
1777433292686 27.918980683790643 55
1777433292983 27.529759066823374 56
1777433293288 25.97870879291107 57
1777433293597 28.511302112399765 58
1777433293922 27.370819190591693 59
1777433294216 26.738043564045828 60
1777433294547 26.743866119168334 61
1777433294867 25.66181497007945 62
1777433295150 28.710718536580007 63
1777433295439 25.16741551512466 64
1777433295736 26.15391407953478 65
1777433296033 25.225571703599456 66
1777433296326 26.611461080516488 67
1777433296616 24.30709692533232 68
1777433296927 25.750450352554516 69
1777433297228 27.226852805123748 70
1777433297540 25.96713527245184 71
1777433297849 23.3094339681182 72
1777433298132 23.825296963325034 73
1777433298433 25.048185984093738 74
1777433298714 28.484888186202674 75
1777433299005 28.03369946446709 76
1777433299332 21.903291554198038 77
1777433299634 25.878067498200213 78
1777433299928 20.96705659262175 79
1777433300241 20.881996307235347 80
1777433300529 23.322899511029124 81
1777433300841 23.49621941207045 82
1777433301156 24.93854384759225 83
1777433301465 23.272753011082376 84
1777433301763 23.39487921608394 85
1777433302061 23.184991335823 86
1777433302376 23.024541615449426 87
1777433302676 21.538486543578 88
1777433302977 21.56780038454859 89
1777433303277 23.923541030325914 90
1777433303578 22.888891785918776 91
1777433303890 19.7920378425995 92
1777433304194 22.061158223185778 93
1777433304495 22.710918687642707 94
1777433304796 21.189172189267005 95
1777433305100 21.006610374911975 96
1777433305403 25.05321362986381 97
1777433305706 21.336707007361017 98
1777433306015 20.834977392811933 99
1777433306310 22.37552237300492 100
1777433306596 21.15416478483943 101
1777433306890 21.101059208177944 102
1777433307198 21.943312002758166 103
1777433307497 21.63352630638886 104
1777433307821 24.150776587216093 105
1777433308110 22.852649546794215 106
1777433308397 20.96602388901729 107
1777433308680 21.956601426254615 108
1777433308969 23.51756766269699 109
1777433309274 19.178628566745118 110
1777433309579 19.413990976980926 111
1777433309899 22.86050706356106 112
1777433310197 23.49356835191815 113
1777433310493 27.07366163445342 114
1777433310790 21.964619016167582 115
1777433311091 21.898158778996837 116
1777433311409 22.964153717414263 117
1777433311754 24.802166456531573 118
1777433312105 22.46774964632466 119
1777433312430 20.702320886506676 120
1777433312799 23.358881161167854 121
1777433313206 23.261616091817977 122
1777433313539 21.536512022555005 123
1777433313881 20.25378985320942 124
1777433314223 17.769593506018662 125
1777433314525 20.51476593427014 126
1777433314827 20.57074273192314 127
1777433315122 17.510533241853672 128
1777433315408 24.27171501773914 129
1777433315718 21.708269447432787 130
1777433316019 21.677430907332802 131
1777433316320 19.456187792273262 132
1777433316618 22.283739205056776 133
1777433316929 21.109666304198402 134
1777433317275 21.74963448754477 135
1777433317645 20.86014745760741 136
1777433317977 22.19858602883723 137
1777433318273 19.376337214439065 138
1777433318569 22.23616403444616 139
1777433318866 21.551554060481926 140
1777433319146 20.551915375116195 141
1777433319446 21.322418679176106 142
1777433319756 21.636853095245492 143
1777433320041 18.732062546242155 144
1777433320348 22.08903450938136 145
1777433320641 23.338786913834554 146
1777433320930 21.406133097308526 147
1777433321245 20.21584047965427 148
1777433321530 22.361222271481704 149
1777433321827 20.135762813754955 150
1777433322167 20.12280716411263 151
1777433322475 21.56392446042152 152
1777433322770 23.26333596655838 153
1777433323074 19.332928269626297 154
1777433323378 20.120831739096843 155
1777433323681 21.331088822228388 156
1777433323976 22.321681081161035 157
1777433324306 19.461237013451893 158
1777433324597 23.524568741480813 159
1777433324906 20.28237775538434 160
1777433325197 21.949670963819067 161
1777433325494 21.309335244316927 162
1777433325788 22.064313343946232 163
1777433326104 21.820571936114337 164
1777433326397 20.355640036580233 165
1777433326688 19.285474713164554 166
1777433326974 19.13543296928175 167
1777433327277 21.070143764387396 168
1777433327589 20.35516327910785 169
1777433327894 19.564448347964127 170
1777433328190 22.1293913368059 171
1777433328504 20.089706654816105 172
1777433328803 20.728745202870986 173
1777433329108 19.482124938996563 174
1777433329473 22.226165692855123 175
1777433329776 22.74234450091805 176
1777433330074 19.95439059098077 177
1777433330379 19.24070773085998 178
1777433330699 19.787265821024263 179
1777433331002 18.43593081246171 180
1777433331313 17.805619902088672 181
1777433331662 20.16608135960836 182
1777433331950 17.539976834463484 183
1777433332261 19.703677164398226 184
1777433332589 18.09769967146205 185
1777433332895 20.696731029149717 186
1777433333198 19.93317081721132 187
1777433333480 18.86891490539483 188
1777433333784 20.224089446630533 189
1777433334118 17.1944739047558 190
1777433334446 17.958775254526078 191
1777433334748 19.47629142661341 192
1777433335048 19.137486190342422 193
1777433335343 18.392937241801793 194
1777433335674 18.68377628033878 195
1777433335968 19.599830377584347 196
1777433336277 18.457837697328944 197
1777433336604 21.573024492226107 198
1777433336942 19.07649092740894 199
1777433337318 18.5187579759728 200
1777433337679 17.922980090711235 201
1777433338042 18.777236077936564 202
1777433338428 17.743500715105604 203
1777433338792 18.925298707083694 204
1777433339148 17.30916191447872 205
1777433339474 18.244638151771124 206
1777433339798 17.602389502875383 207
1777433340114 20.109523722255023 208
1777433340461 17.388981524712623 209
1777433340823 15.568745903219805 210
1777433341163 18.90785359289188 211
1777433341494 21.22750417721664 212
1777433341815 17.956988338131236 213
