1777432627033 156.22689775739397 1
1777432627691 153.44466857910157 2
1777432628901 151.2197740827288 3
1777432629805 148.987884812128 4
1777432630112 146.61826171875 5
1777432630847 144.1804972330729 6
1777432631932 141.56200212751116 7
1777432632537 138.77987118675594 8
1777432633249 135.6403308686756 9
1777432634302 132.0269984654018 10
1777432636200 128.21607520693826 11
1777432636509 123.9764423915318 12
1777432636819 119.28595065162295 13
1777432638079 113.86911054338728 14
1777432638975 108.12199547177269 15
1777432640729 102.62464977446056 16
1777432641025 96.57572283063617 17
1777432641927 90.2740987141927 18
1777432642463 83.86584185645694 19
1777432642805 76.68211175827753 20
1777432643141 70.27008238292876 21
1777432643508 64.43179335821243 22
1777432643908 59.03343622116815 23
1777432644226 52.72570074172247 24
1777432644551 47.99152980986096 25
1777432646142 43.08895103817894 26
1777432646454 38.25444746471587 27
1777432646767 33.763463156563894 28
1777432647042 31.990389433361234 29
1777432647615 27.97682378859747 30
1777432647921 24.92040067400251 31
1777432648958 22.03550545828683 32
1777432649665 21.106485212416874 33
1777432649994 20.663261231921968 34
1777432650342 20.656246303376697 35
1777432650676 20.96150948660714 36
1777432651346 18.856971904209683 37
1777432651654 17.07291438693092 38
1777432653244 16.48862228393555 39
1777432653991 16.98077643258231 40
1777432654530 18.256595284598216 41
1777432654885 15.520498693557013 42
1777432655189 15.445460001627604 43
1777432655489 15.990950738816034 44
1777432656079 14.07642092023577 45
1777432656621 15.069418453034901 46
1777432657251 14.846410606020973 47
1777432657982 13.731353178478422 48
1777432658708 14.6989014398484 49
1777432659995 14.234768426985967 50
1777432660315 15.568533979143416 51
1777432660856 14.094492340087891 52
1777432661175 13.929213660103935 53
1777432661492 14.364713178362166 54
1777432662877 13.897938937232608 55
1777432664838 11.913720367068336 56
1777432665911 12.63128411429269 57
1777432666199 16.006656283424014 58
1777432666777 12.91054801940918 59
1777432667076 12.589174361456008 60
1777432667369 13.351693489438011 61
1777432668389 11.535553359985352 62
1777432668927 11.660262126014347 63
1777432670161 13.115557370867048 64
1777432670462 12.26962167649042 65
1777432670839 14.987482225327264 66
1777432671311 11.05461601075672 67
1777432672866 12.36462667556036 68
1777432673196 14.066246777489072 69
1777432673662 12.427056739443824 70
1777432673997 12.586389677865165 71
1777432674328 12.567929331461588 72
1777432674670 11.82425795055571 73
1777432675026 11.67637717837379 74
1777432676592 12.994803446815128 75
1777432676925 11.696607153756277 76
1777432678844 11.301216497875394 77
1777432679490 13.735573323567708 78
1777432679974 11.34834793635777 79
1777432680807 12.430012911841983 80
1777432681123 14.138951110839844 81
1777432681430 9.631186176481702 82
1777432683063 13.539658646356491 83
1777432684535 10.460753613426572 84
1777432684840 10.149844287690662 85
1777432686319 11.406618808564685 86
1777432686817 10.63386928013393 87
1777432688509 12.391596376328241 88
1777432688807 9.847938165210543 89
1777432690011 10.323234930492582 90
1777432690324 12.300069082350959 91
1777432690634 11.469697734287807 92
1777432691472 10.882196898687454 93
1777432691783 11.092338652837844 94
1777432693369 9.093683533441453 95
1777432694463 11.543009821573893 96
1777432694811 10.379626065208798 97
1777432695146 8.860185041881742 98
1777432697216 11.971044985453288 99
1777432697539 12.586480167933873 100
1777432698503 11.431523295811244 101
1777432698827 9.796486550285703 102
1777432699131 10.452542114257813 103
1777432700248 11.980585443405879 104
1777432700993 9.682245642798287 105
1777432701631 9.169549487885975 106
1777432702365 10.6743959517706 107
1777432703415 11.573365202404204 108
1777432703730 9.982572373889742 109
1777432704029 10.229725919451033 110
1777432704357 11.219906543550037 111
1777432704679 9.69247864314488 112
1777432705013 11.401610065641858 113
1777432706286 10.008758880978538 114
1777432706578 10.309901214781261 115
1777432706902 9.97826278323219 116
1777432707805 11.560157557896206 117
1777432708320 12.081455703008743 118
1777432709028 9.117177418300084 119
1777432709751 10.537755675542922 120
1777432711103 12.908396893455869 121
1777432712361 9.615135624295188 122
1777432713119 11.263458488101051 123
1777432713419 11.528916531517392 124
1777432714172 9.70140464873541 125
1777432714494 9.944644991556803 126
1777432715515 9.566490681966146 127
1777432715852 9.166963659014021 128
1777432716736 9.857686070033482 129
1777432717054 9.543112327938989 130
1777432717448 10.672317704700289 131
1777432718366 9.758953185308547 132
1777432718673 9.702240825834728 133
1777432719757 9.94163600376674 134
1777432720051 8.796234494163876 135
1777432720347 8.682426679702033 136
1777432720935 9.306094723656065 137
1777432721701 9.446359489077613 138
1777432722160 8.899515778677804 139
1777432722592 10.4037657056536 140
1777432723287 11.238272221883138 141
1777432723810 9.685864348638626 142
1777432724972 10.060266058785574 143
1777432725537 8.149271183922178 144
1777432726681 8.789243289402553 145
1777432728138 9.002161262148903 146
1777432728957 9.383098547799246 147
1777432729260 8.775774769555955 148
1777432729758 9.001695160638718 149
1777432730564 8.39054344722203 150
1777432732042 7.644619696480888 151
1777432733004 8.987932913643974 152
1777432734394 8.099345252627419 153
1777432735802 8.781055341448102 154
1777432736114 8.397119667416527 155
1777432736769 8.0282772064209 156
1777432737840 8.267885426112583 157
1777432738640 8.08819096883138 158
1777432739550 10.162499545869373 159
1777432739900 9.733828317551385 160
1777432740938 8.254909760611397 161
1777432741777 7.993099907466344 162
