1777432627033 161.22689819335938 1
1777432627691 158.4446563720703 2
1777432628901 156.2191925048828 3
1777432629805 153.9763641357422 4
1777432630112 151.56787109375 5
1777432630847 149.05348205566406 6
1777432631932 146.32054138183594 7
1777432632537 143.456298828125 8
1777432633249 140.3782958984375 9
1777432634302 136.86463928222656 10
1777432636200 133.0635528564453 11
1777432636509 128.87904357910156 12
1777432636819 124.22257995605469 13
1777432638079 118.81343841552734 14
1777432638975 113.0658950805664 15
1777432640729 107.56827545166016 16
1777432641025 101.51119995117188 17
1777432641927 95.19783020019531 18
1777432642463 88.75189971923828 19
1777432642805 81.521484375 20
1777432643141 75.06989288330078 21
1777432643508 69.17190551757812 22
1777432643908 63.67803192138672 23
1777432644226 57.30341339111328 24
1777432644551 52.523475646972656 25
1777432646142 47.54827117919922 26
1777432646454 42.67620086669922 27
1777432646767 38.11912155151367 28
1777432647042 36.36612319946289 29
1777432647615 32.32865524291992 30
1777432647921 29.232845306396484 31
1777432648958 26.293399810791016 32
1777432649665 25.393796920776367 33
1777432649994 24.946107864379883 34
1777432650342 25.026491165161133 35
1777432650676 25.319496154785156 36
1777432651346 23.114105224609375 37
1777432651654 21.34432601928711 38
1777432653244 20.713565826416016 39
1777432653991 21.303136825561523 40
1777432654530 22.573476791381836 41
1777432654885 19.798648834228516 42
1777432655189 19.74036407470703 43
1777432655489 20.25560760498047 44
1777432656079 18.228683471679688 45
1777432656621 19.358356475830078 46
1777432657251 19.02798843383789 47
1777432657982 17.965456008911133 48
1777432658708 18.97920036315918 49
1777432659995 18.39520835876465 50
1777432660315 19.822731018066406 51
1777432660856 18.25503921508789 52
1777432661175 18.089874267578125 53
1777432661492 18.57476234436035 54
1777432662877 18.134801864624023 55
1777432664838 16.013837814331055 56
1777432665911 16.748994827270508 57
1777432666199 20.27570152282715 58
1777432666777 17.128759384155273 59
1777432667076 16.749286651611328 60
1777432667369 17.467361450195312 61
1777432668389 15.597646713256836 62
1777432668927 15.768193244934082 63
1777432670161 17.340944290161133 64
1777432670462 16.384376525878906 65
1777432670839 19.17894172668457 66
1777432671311 15.137176513671875 67
1777432672866 16.512405395507812 68
1777432673196 18.18221092224121 69
1777432673662 16.496318817138672 70
1777432673997 16.738656997680664 71
1777432674328 16.68280601501465 72
1777432674670 15.933279991149902 73
1777432675026 15.742345809936523 74
1777432676592 17.130268096923828 75
1777432676925 15.798402786254883 76
1777432678844 15.361035346984863 77
1777432679490 17.850975036621094 78
1777432679974 15.388880729675293 79
1777432680807 16.51875877380371 80
1777432681123 18.3093204498291 81
1777432681430 13.669219970703125 82
1777432683063 17.67369270324707 83
1777432684535 14.507780075073242 84
1777432684840 14.152077674865723 85
1777432686319 15.506295204162598 86
1777432686817 14.669336318969727 87
1777432688509 16.51517105102539 88
1777432688807 13.763251304626465 89
1777432690011 14.355342864990234 90
1777432690324 16.407001495361328 91
1777432690634 15.590725898742676 92
1777432691472 14.900169372558594 93
1777432691783 15.120695114135742 94
1777432693369 13.058344841003418 95
1777432694463 15.67304801940918 96
1777432694811 14.371428489685059 97
1777432695146 12.835662841796875 98
1777432697216 16.09012222290039 99
1777432697539 16.621158599853516 100
1777432698503 15.498971939086914 101
1777432698827 13.79407787322998 102
1777432699131 14.442794799804688 103
1777432700248 16.088605880737305 104
1777432700993 13.63257884979248 105
1777432701631 13.138062477111816 106
1777432702365 14.708725929260254 107
1777432703415 15.662507057189941 108
1777432703730 14.016059875488281 109
1777432704029 14.244519233703613 110
1777432704357 15.258702278137207 111
1777432704679 13.713149070739746 112
1777432705013 15.429765701293945 113
1777432706286 13.944659233093262 114
1777432706578 14.279131889343262 115
1777432706902 13.933561325073242 116
1777432707805 15.605494499206543 117
1777432708320 16.160430908203125 118
1777432709028 13.077610969543457 119
1777432709751 14.593648910522461 120
1777432711103 17.071483612060547 121
1777432712361 13.564289093017578 122
1777432713119 15.282808303833008 123
1777432713419 15.628610610961914 124
1777432714172 13.684382438659668 125
1777432714494 13.868342399597168 126
1777432715515 13.556224822998047 127
1777432715852 13.108805656433105 128
1777432716736 13.867816925048828 129
1777432717054 13.535017013549805 130
1777432717448 14.688076972961426 131
1777432718366 13.761679649353027 132
1777432718673 13.692139625549316 133
1777432719757 13.917391777038574 134
1777432720051 12.784918785095215 135
1777432720347 12.628798484802246 136
1777432720935 13.271707534790039 137
1777432721701 13.426621437072754 138
1777432722160 12.854002952575684 139
1777432722592 14.414624214172363 140
1777432723287 15.303451538085938 141
1777432723810 13.688779830932617 142
1777432724972 14.040820121765137 143
1777432725537 12.082530975341797 144
1777432726681 12.706133842468262 145
1777432728138 12.909473419189453 146
1777432728957 13.312060356140137 147
1777432729260 12.725281715393066 148
1777432729758 12.964035034179688 149
1777432730564 12.308521270751953 150
1777432732042 11.529935836791992 151
1777432733004 13.01119327545166 152
1777432734394 11.965194702148438 153
1777432735802 12.729302406311035 154
1777432736114 12.392852783203125 155
1777432736769 11.949219703674316 156
1777432737840 12.182693481445312 157
1777432738640 11.995637893676758 158
1777432739550 14.201675415039062 159
1777432739900 13.780673027038574 160
1777432740938 12.21103286743164 161
1777432741777 11.909360885620117 162
