1777426486230 -2.7568197294432317 1
1777426489784 -2.571390411872486 2
1777426502845 -2.3507065785871237 3
1777426510486 -2.057145815636693 4
1777426523831 -1.667944042345574 5
1777426542600 -1.2269064985573581 6
1777426551386 -0.7549253406530148 7
1777426561850 -0.2880784607608444 8
1777426566149 0.10916200411381072 9
1777426569474 0.4427187831263558 10
1777426573772 0.6445614860263817 11
1777426577309 0.7871099426453347 12
1777426590637 0.8577646532570009 13
1777426594823 0.8909679112259374 14
1777426604626 0.9057380990824657 15
1777426606359 0.9158255515647925 16
1777426612465 0.9258673675560033 17
1777426625718 0.9268275711755951 18
1777426629510 0.9387162253768068 19
1777426632770 0.9415750185529514 20
1777426648325 0.9417211752441259 21
1777426658985 0.9449486969276292 22
1777426663596 0.9521490997528905 23
1777426674082 0.9529709021162257 24
1777426683399 0.9580560280753544 25
1777426689796 0.9552559296176824 26
1777426699928 0.9583378735819287 27
1777426712653 0.9581237478895659 28
1777426716326 0.9584010357799743 29
1777426726121 0.9592534855068903 30
1777426732643 0.9620113972214227 31
1777426736944 0.962675243358056 32
1777426751349 0.9633155226154289 33
1777426770724 0.9586743446685434 34
1777426783884 0.9601715627127985 35
1777426803965 0.9666764820863198 36
1777426809987 0.9650111011683292 37
1777426818389 0.9641668589896593 38
1777426832133 0.963465134181485 39
1777426836294 0.967006333386277 40
1777426844950 0.9613421653097293 41
1777426860803 0.9678603434523015 42
1777426870691 0.9634809240454344 43
1777426877719 0.9669282588436401 44
1777426880972 0.9681606826793474 45
1777426890749 0.9673386252869488 46
1777426901988 0.9675590197582259 47
1777426922301 0.9677358289398864 48
1777426927105 0.9706657646133299 49
1777426933077 0.9699487133811172 50
1777426943288 0.9668815199688305 51
1777426957406 0.9699363348736723 52
