1777306794532 160.63436889648438 1
1777306796387 127.6953125 2
1777306798241 75.85248565673828 3
1777306800112 35.8347053527832 4
1777306801997 24.585678100585938 5
1777306803853 22.048137664794922 6
1777306805713 19.91637420654297 7
1777306807581 18.860998153686523 8
1777306809443 19.377826690673828 9
1777306811307 17.90126609802246 10
1777306813188 17.26430892944336 11
1777306815044 16.910316467285156 12
1777306816897 16.79322624206543 13
1777306818746 16.26848602294922 14
1777306820609 16.766355514526367 15
1777306822448 15.876087188720703 16
1777306824327 15.335370063781738 17
1777306826177 15.273943901062012 18
1777306828030 14.543574333190918 19
1777306829888 14.549854278564453 20
1777306831755 14.192143440246582 21
1777306833615 14.050909042358398 22
1777306835513 13.453256607055664 23
1777306837375 13.26347827911377 24
1777306839224 13.173352241516113 25
1777306841082 13.220847129821777 26
1777306842927 12.419654846191406 27
1777306844785 12.351499557495117 28
1777306846653 11.911166191101074 29
1777306848501 11.129594802856445 30
1777306850362 11.33964729309082 31
1777306852208 11.01608943939209 32
1777306854063 10.989426612854004 33
1777306855944 10.554237365722656 34
1777306857805 10.547221183776855 35
1777306859658 10.57779312133789 36
1777306861512 10.1570405960083 37
1777306863363 10.043310165405273 38
1777306865213 9.985812187194824 39
1777306867098 10.020288467407227 40
1777306868972 9.837647438049316 41
1777306870840 9.882877349853516 42
1777306872724 9.720928192138672 43
1777306874569 9.741594314575195 44
1777306876434 9.607871055603027 45
1777306878314 9.356725692749023 46
1777306880178 9.487407684326172 47
1777306882038 8.98682689666748 48
1777306883887 9.394585609436035 49
1777306885728 9.08370590209961 50
1777306887586 9.197929382324219 51
