1777306794532 -1.5975269359056319 1
1777306796387 -0.8531857202365558 2
1777306798241 0.18718153070605414 3
1777306800112 0.8105140145769142 4
1777306801997 0.9251933318684517 5
1777306803853 0.9415915924384479 6
1777306805713 0.9515029946429766 7
1777306807581 0.9570510464215127 8
1777306809443 0.9553358343557385 9
1777306811307 0.961906892823171 10
1777306813188 0.9640138474468991 11
1777306815044 0.9654562322805639 12
1777306816897 0.9658997649244974 13
1777306818746 0.9677100523294206 14
1777306820609 0.9659229402578107 15
1777306822448 0.96956771553988 16
1777306824327 0.9707787894687833 17
1777306826177 0.9714889157808603 18
1777306828030 0.9745091116936107 19
1777306829888 0.9742599496181217 20
1777306831755 0.9753487759970911 21
1777306833615 0.9754005742878529 22
1777306835513 0.9777328840073957 23
1777306837375 0.9786918223237587 24
1777306839224 0.9789334925269747 25
1777306841082 0.9787088695517854 26
1777306842927 0.9813723857731824 27
1777306844785 0.981372195478926 28
1777306846653 0.9829167559197067 29
1777306848501 0.9854346286611204 30
1777306850362 0.9844112521491228 31
1777306852208 0.9855137117113135 32
1777306854063 0.985769598233843 33
1777306855944 0.9867145243594299 34
1777306857805 0.9867199477039593 35
1777306859658 0.9868563903814593 36
1777306861512 0.9881211205861614 37
1777306863363 0.9879688780344543 38
1777306865213 0.9882958096719255 39
1777306867098 0.9881040906888773 40
1777306868972 0.9887108016376209 41
1777306870840 0.9885033130471436 42
1777306872724 0.9889162835380849 43
1777306874569 0.988597646085388 44
1777306876434 0.9889370740745664 45
1777306878314 0.9897664876095295 46
1777306880178 0.989010566277015 47
1777306882038 0.9903588491199258 48
1777306883887 0.9897943572786215 49
1777306885728 0.9903017506811527 50
1777306887586 0.9899486316920636 51
