1777306794532 41790.583203125 1
1777306796387 29815.173046875 2
1777306798241 13077.116015625 3
1777306800112 3048.5654541015624 4
1777306801997 1203.5348754882812 5
1777306803853 939.7097106933594 6
1777306805713 780.2492309570313 7
1777306807581 690.9888122558593 8
1777306809443 718.5841186523437 9
1777306811307 612.8650024414062 10
1777306813188 578.9670227050781 11
1777306815044 555.7610321044922 12
1777306816897 548.6252502441406 13
1777306818746 519.5001953125 14
1777306820609 548.2523895263672 15
1777306822448 489.6130340576172 16
1777306824327 470.1285430908203 17
1777306826177 458.7035827636719 18
1777306828030 410.1128662109375 19
1777306829888 414.1214538574219 20
1777306831755 396.6038360595703 21
1777306833615 395.7704345703125 22
1777306835513 358.2468505859375 23
1777306837375 342.8188903808594 24
1777306839224 338.9307342529297 25
1777306841082 342.54454650878904 26
1777306842927 299.69232177734375 27
1777306844785 299.69542236328124 28
1777306846653 274.845524597168 29
1777306848501 234.3364730834961 30
1777306850362 250.80119934082032 31
1777306852208 233.06417236328124 32
1777306854063 228.9472915649414 33
1777306855944 213.74477844238282 34
1777306857805 213.6575164794922 35
1777306859658 211.46233215332032 36
1777306861512 191.11458282470704 37
1777306863363 193.56397552490233 38
1777306865213 188.30408325195313 39
1777306867098 191.38855743408203 40
1777306868972 181.62747802734376 41
1777306870840 184.96569366455077 42
1777306872724 178.3215576171875 43
1777306874569 183.4479736328125 44
1777306876434 177.98705596923827 45
1777306878314 164.64292755126954 46
1777306880178 176.8046417236328 47
1777306882038 155.11268005371093 48
1777306883887 164.1945541381836 49
1777306885728 156.03131713867188 50
1777306887586 161.71249237060547 51
