1777204140738 204.94838336456817 1
1777204141149 202.7539591937726 2
1777204141539 200.8453521213523 3
1777204141923 198.62582598947196 4
1777204142311 196.09445468000874 5
1777204142712 193.65090207639105 6
1777204143126 190.99472342187886 7
1777204143516 187.78024889481853 8
1777204143911 184.43362415446376 9
1777204144298 180.8379799710227 10
1777204144689 177.1831679364606 11
1777204145077 173.35085673641765 12
1777204145463 169.33370114584397 13
1777204145849 165.22587522464514 14
1777204146235 160.72420331502659 15
1777204146623 156.48719496335795 16
1777204147010 151.85621668827062 17
1777204147395 146.92133577615607 18
1777204147781 142.25621279271076 19
1777204148171 137.1880125275164 20
1777204148558 131.70259761580255 21
1777204148944 125.51798535842383 22
1777204149328 119.39468914853374 23
1777204149714 110.47428380764684 24
1777204150098 99.41138779555138 25
1777204150485 90.70211697329616 26
1777204150869 81.5458495935722 27
1777204151258 74.94830900986025 28
1777204151646 66.55870000890192 29
1777204152037 60.866208297379586 30
1777204152425 53.7584636323377 31
1777204152816 48.72411923187401 32
1777204153245 44.335021328639705 33
1777204153632 40.626883970738824 34
1777204154023 36.60684410265723 35
1777204154414 33.2819927293884 36
1777204154804 33.79886689402934 37
1777204155193 31.01748065922364 38
1777204155584 31.404195750602938 39
1777204155974 28.543234707345167 40
1777204156365 29.46441469634918 41
1777204156755 30.94136457870253 42
1777204157147 30.15811198914813 43
1777204157550 27.44632879558701 44
1777204157938 29.172204529137726 45
1777204158325 27.165303888444953 46
1777204158714 24.630382898338183 47
1777204159103 25.725799743855145 48
1777204159493 24.21498962742396 49
1777204159882 23.493470928526744 50
1777204160274 25.41913183378995 51
1777204160668 24.099349067729637 52
1777204161064 29.051448041376204 53
1777204161453 24.679833412040967 54
1777204161849 22.908823823679274 55
1777204162239 21.44420321015354 56
1777204162630 22.253797571373212 57
1777204163031 24.641781738067614 58
1777204163449 23.03539438627544 59
1777204163841 22.71070771942582 60
1777204164237 21.75406371991399 61
1777204164629 22.37900136620125 62
1777204165026 23.455100162497974 63
1777204165422 21.63119224137225 64
1777204165818 22.793202722128175 65
1777204166216 23.323606080234196 66
1777204166615 21.295468502941315 67
1777204167010 21.757581770545023 68
1777204167403 21.76309336160684 69
1777204167803 22.82034726974414 70
1777204168202 21.242612025686203 71
1777204168603 22.686532832776724 72
1777204169004 24.663490847033774 73
1777204169411 21.571933794556266 74
1777204169809 22.115883538477497 75
1777204170205 19.092391394995218 76
1777204170611 20.030817321770098 77
1777204171014 23.435196501386407 78
1777204171411 23.651911187725005 79
1777204171811 22.082359129332104 80
1777204172216 19.70788952231639 81
1777204172634 21.58531189715047 82
1777204173038 22.618667643708868 83
1777204173480 18.95464976090547 84
1777204173879 19.67754196943776 85
1777204174288 21.145790117592334 86
1777204174686 17.073793802621992 87
1777204175090 19.84151839075783 88
1777204175505 21.49011926048988 89
1777204175999 18.847327960223815 90
1777204176430 20.96444671635879 91
1777204176842 18.038896707769954 92
1777204177254 20.422486182992785 93
1777204177728 19.931590768096633 94
1777204178140 18.191033403549742 95
1777204178618 17.47150739222694 96
1777204179049 17.805504211468133 97
1777204179473 18.49069887333139 98
1777204179952 17.655059072114252 99
1777204180382 17.969122788252545 100
1777204180799 16.94550520003387 101
1777204181217 17.451124549635047 102
1777204181638 17.897538068027245 103
1777204182228 17.000257602310676 104
1777204182739 16.452792983948235 105
1777204183643 18.574689054902862 106
1777204184615 19.65349478280477 107
1777204185314 18.32182413140005 108
1777204185910 17.78516268462985 109
1777204186368 20.465891677812838 110
1777204187059 16.974995793158076 111
1777204187732 18.53599963505349 112
1777204188227 16.66559892413111 113
1777204188878 15.807097103758686 114
1777204189648 18.057752572746022 115
1777204190338 14.664107243871534 116
1777204191101 14.660118779928133 117
1777204192453 16.44677843822594 118
1777204194144 16.446356298525423 119
1777204195191 16.77436172931123 120
1777204196435 15.580079471644984 121
1777204197825 13.80536173721328 122
1777204198855 16.484396289974402 123
1777204202238 15.259088028321178 124
1777204202866 15.145031991334806 125
1777204203473 14.885054580132236 126
1777204203918 16.681773142438463 127
1777204204392 17.08686179341501 128
1777204204817 17.3503550556362 129
1777204209017 14.883008836467416 130
1777204209423 14.126187705009036 131
1777204209825 15.292203445091054 132
1777204210222 15.444059268042347 133
1777204211251 14.80786729951214 134
1777204211640 14.722955252834028 135
1777204212026 15.81363381403202 136
1777204212417 15.508609472594166 137
1777204212804 16.115280652468094 138
1777204213192 15.303801638955342 139
1777204213923 17.141956705332678 140
1777204214308 13.44298125852995 141
1777204214696 14.506266325120068 142
1777204215109 17.743022568139725 143
1777204215636 16.69925210157488 144
1777204216028 14.42872042221558 145
1777204216962 16.979837465979873 146
1777204217348 16.945340414626617 147
1777204217735 16.819346342142822 148
1777204218125 15.96898840560172 149
1777204218513 17.279310893694156 150
1777204218901 13.889478123351592 151
1777204219287 14.204673556773214 152
1777204219785 14.102053748368533 153
1777204220801 14.66567891580623 154
1777204221189 13.008067048935802 155
1777204222465 14.577024886478572 156
1777204222867 12.86023287501472 157
1777204223266 13.31890858162425 158
1777204223667 15.332993600371175 159
1777204224067 12.6506703074784 160
1777204224469 13.756876942388043 161
1777204224869 16.63117487681502 162
1777204225298 14.169150699423334 163
1777204225699 13.662160052845609 164
