1777420744730 157.34373677571614 1
1777420758331 154.60695960635232 2
1777420780733 152.4197509765625 3
1777420793040 150.25600702194942 4
1777420796704 147.95018121628533 5
1777420811668 145.4976808820452 6
1777420829509 142.77817905970983 7
1777420853465 139.78576979864212 8
1777420879959 136.4152096702939 9
1777420884653 132.7103733607701 10
1777420902763 128.52309177943638 11
1777420911449 123.8326420375279 12
1777420930407 118.52305850074404 13
1777420940024 113.38152974446615 14
1777420940719 108.43307102748327 15
1777420955980 103.34249732607887 16
1777420962411 98.17774600074405 17
1777420966026 92.73358234223865 18
1777420969429 87.33217482793899 19
1777420969743 81.98039031255813 20
1777420970483 76.18031521751767 21
1777420976329 70.69784320649647 22
1777420983266 65.01756722586495 23
1777420983598 59.293797374906994 24
1777420983927 55.272989363897416 25
1777420984250 50.230286952427456 26
1777420984604 45.13021014985584 27
1777420987702 39.857364690871464 28
1777420990542 36.349991208031064 29
1777420993101 31.972911071777343 30
1777420996582 29.540300223940896 31
1777421001150 26.389168076288133 32
1777421001493 24.86537920633952 33
1777421015587 22.4166500273205 34
1777421022067 20.37638219197591 35
1777421035734 19.208209228515624 36
1777421054770 17.056892049880254 37
1777421060931 19.989672724405924 38
1777421064131 17.12290114448184 39
1777421086797 17.599322800409226 40
1777421090926 16.76079602922712 41
1777421091265 16.324253463745116 42
1777421091590 17.555944279261997 43
1777421097885 15.774966448829288 44
1777421105147 15.40081293015253 45
1777421107743 14.870521218436105 46
1777421114424 14.930662482125419 47
1777421122103 13.601607231866746 48
1777421138696 13.826990291050501 49
1777421153956 14.464479455493745 50
1777421159340 14.663696834019252 51
1777421177330 13.061853535970052 52
1777421177682 12.903243582589285 53
1777421192202 13.678286870320639 54
1777421200757 13.578882780529204 55
1777421201080 14.587623691558838 56
1777421201443 13.342622602553595 57
1777421207855 12.079883875165667 58
1777421218014 15.216811007545108 59
1777421234579 10.77124621073405 60
1777421248118 12.841722615559895 61
1777421260485 13.367958822704496 62
1777421276653 14.497536032540458 63
1777421284109 12.122920263381232 64
1777421292293 10.84131904783703 65
1777421297436 11.431527273995536 66
1777421308010 12.126123609996977 67
1777421314542 10.095347613380069 68
1777421317724 13.328541237967356 69
1777421324406 10.181022062755765 70
1777421331074 9.242831657046363 71
1777421337761 11.980081358410063 72
1777421338120 11.343837120419456 73
1777421356306 10.886351921444847 74
1777421375320 12.555849620274135 75
1777421387363 11.324309975760324 76
1777421404156 10.698462894984655 77
1777421423199 11.662822378249395 78
1777421438089 10.425867098853702 79
1777421447054 11.474550610496884 80
1777421447381 10.176002756754558 81
1777421457061 10.920139212835403 82
1777421466840 9.614824585687547 83
1777421484111 10.870171719505674 84
1777421498439 10.580279886154901 85
1777421509334 12.147596958705357 86
1777421521625 10.903378059750512 87
1777421524989 11.732267161778042 88
1777421525357 10.351684011731829 89
1777421525724 11.918871489025298 90
1777421535107 11.568210747128441 91
1777421538623 11.481590389070057 92
1777421550756 10.355803044637044 93
1777421553587 9.996259843735467 94
1777421572954 9.200947588966006 95
1777421576658 9.057194791521345 96
1777421579361 9.517667071024578 97
1777421582583 9.73429836091541 98
1777421592491 9.384304882231213 99
1777421598843 9.579474635351271 100
1777421613398 9.803713807605561 101
1777421613780 9.72207718803769 102
1777421622749 8.886728958856493 103
1777421629340 10.985825039091564 104
1777421629722 9.742210751488095 105
1777421630084 11.362638727823894 106
1777421638628 10.580870019821894 107
1777421645373 9.304746373494465 108
1777421674508 10.176619284493583 109
1777421690932 10.083051409040179 110
1777421701315 9.858389155069988 111
1777421702066 8.632355108715238 112
1777421712894 9.75928608122326 113
1777421713296 8.400817480541411 114
1777421716824 10.619679750714983 115
1777421723351 8.29528554280599 116
1777421726592 9.330117007664272 117
1777421732929 9.132973443894159 118
1777421740038 10.250666382199242 119
1777421746655 8.44401136807033 120
1777421753270 9.900647245134627 121
1777421753617 7.882327579316639 122
1777421760124 8.177397064935594 123
1777421760483 8.791161954970587 124
1777421760832 8.97431634721302 125
1777421767270 8.0571960630871 126
1777421770831 8.370132591610863 127
1777421784072 8.62309173402332 128
1777421800218 7.6148171197800405 129
1777421803973 8.182171412876674 130
1777421814546 9.975128101167225 131
1777421818142 9.12739995320638 132
1777421832218 8.337407702491397 133
1777421844369 8.048953219822474 134
1777421847926 8.656133270263672 135
1777421864032 7.27785138856797 136
1777421891493 6.830557596115839 137
1777421916510 7.118311082749139 138
1777421929714 7.4220464797247026 139
1777421942773 7.6539010910760785 140
1777421943112 6.637403506324405 141
1777421943442 9.19792366027832 142
1777421946592 8.386836605980283 143
1777421953926 7.464054352896554 144
1777421958185 8.011871873764765 145
1777421964793 8.226966194879441 146
1777421971287 8.270178922017415 147
1777421978597 8.642911066327777 148
1777421983061 9.477769792647589 149
1777421985279 7.130111113048735 150
1777421989628 6.803854442778087 151
1777421992724 8.235203606741768 152
1777421993109 7.470953859601702 153
1777421995413 6.195636749267578 154
1777422003230 6.825231751941499 155
1777422005271 7.9503355298723495 156
1777422013335 7.052052134559268 157
1777422019104 6.554185812813895 158
1777422022308 7.278928302583241 159
1777422022663 7.967056515103295 160
1777422025359 8.26991134144011 161
1777422032384 7.797734996250697 162
1777422038030 7.304372878301711 163
1777422045426 6.884269133068266 164
1777422048993 7.358734230768113 165
1777422054839 7.32343248639788 166
1777422060992 6.852364235832578 167
1777422061323 6.7993027142116 168
1777422067291 8.01219086874099 169
1777422067623 6.272207223801386 170
1777422083278 6.511291013445173 171
1777422089311 7.535430036272321 172
1777422093926 7.139959426153274 173
1777422106149 6.440819794791086 174
1777422109708 7.170989685966855 175
1777422118145 7.030639212472098 176
1777422124191 6.713529205322265 177
1777422127453 6.356443459647043 178
1777422132899 7.799530556088402 179
1777422138944 5.67521904536656 180
1777422147206 7.155699702671596 181
1777422152242 6.926988974071684 182
1777422156904 6.533050827752977 183
1777422159947 6.169879922412691 184
1777422165334 6.3183375948951355 185
1777422177306 6.204156026386079 186
1777422179923 6.118331863766625 187
1777422182472 5.8475072406587145 188
1777422188420 5.639512071155367 189
1777422188795 5.747615723382859 190
1777422196230 6.1211868649437315 191
1777422198905 6.305312183925084 192
1777422203401 5.910665194193522 193
1777422206562 5.84518750281561 194
1777422212757 5.730867217835926 195
1777422213094 5.968714205423991 196
1777422223669 5.944711712428502 197
1777422231560 6.061651988256545 198
1777422231897 5.715510014125279 199
1777422247508 6.553697538375855 200
1777422254113 5.729393686567034 201
1777422257104 6.050840600331624 202
1777422265970 5.983842995053246 203
1777422275439 5.594964781261626 204
1777422279835 5.374633344014486 205
1777422291735 5.658307865687779 206
1777422295269 6.709741031555902 207
1777422295771 6.216168076651437 208
1777422306172 6.419296709696452 209
1777422313028 7.347498880113874 210
1777422319473 6.344844345819382 211
1777422322854 7.8198583148774645 212
1777422338816 6.835553555261521 213
1777422339242 5.264411306381225 214
1777422347695 5.221174880436489 215
1777422367650 5.783812470663161 216
1777422398015 5.562900225321452 217
1777422416233 5.642961697351365 218
1777422428107 5.491119625454857 219
1777422449461 5.237271545046852 220
1777422456800 5.883252834138416 221
1777422457170 6.595114153907413 222
1777422469457 5.399752498808361 223
1777422475703 6.5295885540190195 224
1777422479622 5.570575187319801 225
1777422482922 5.522231120154971 226
1777422492656 4.967379140853882 227
1777422518963 5.630595166342599 228
1777422534382 4.2166359356471474 229
1777422545622 5.69427882149106 230
1777422554589 5.484979161762056 231
1777422568690 5.535534722464425 232
1777422581833 5.101258859180269 233
1777422585331 5.143644214811779 234
1777422596970 5.013239379156204 235
1777422603230 5.04810612088158 236
1777422603554 4.914425836290632 237
1777422609875 4.720279112316313 238
1777422613094 5.464120519728888 239
1777422616171 5.4434562660398935 240
1777422626206 4.765037777310326 241
1777422636092 4.645625922793434 242
1777422636426 5.566273988996233 243
1777422646764 5.446759687151228 244
1777422659517 4.886565998622349 245
1777422662899 5.473699615115211 246
1777422669163 3.928540511358352 247
1777422678213 4.595643733796619 248
1777422691463 4.659107203710647 249
1777422694017 5.360322934105283 250
1777422696255 5.608642959594727 251
1777422699290 4.750832684834799 252
1777422699617 5.00753261475336 253
1777422705842 4.746567553565615 254
1777422709109 5.504166630336217 255
1777422709438 5.287522933596656 256
1777422712908 4.8783400172279 257
1777422719676 5.620346051170713 258
1777422736520 4.830841584432693 259
1777422743677 4.394260029565721 260
1777422753269 4.206219005584717 261
1777422762013 4.470895140511649 262
