1777411560394 162.0984649658203 1
1777411572218 157.08137003580728 2
1777411584344 151.3799082438151 3
1777411590646 144.32128397623697 4
1777411591687 135.41072591145834 5
1777411592742 123.45000712076823 6
1777411599516 110.6686503092448 7
1777411600345 97.00282796223958 8
1777411615200 83.39132944742839 9
1777411618924 69.38503519694011 10
1777411622619 56.0308469136556 11
1777411627790 44.96087773640951 12
1777411631728 34.904371897379555 13
1777411638057 29.151226043701172 14
1777411638924 25.760587056477863 15
1777411639821 23.965946197509766 16
1777411643643 22.688330968221027 17
1777411644521 22.079854329427082 18
1777411649497 20.72833824157715 19
1777411656748 19.41851043701172 20
1777411666088 19.397637049357098 21
1777411667053 18.33417002360026 22
1777411668023 19.741235097249348 23
1777411670785 18.81199010213216 24
1777411676534 18.453187306722004 25
1777411688660 18.517802556355793 26
1777411697564 17.15445327758789 27
1777411701363 17.473203659057617 28
1777411707738 17.68569501241048 29
1777411708607 16.97504425048828 30
1777411715445 16.384850819905598 31
1777411719238 16.436382293701172 32
1777411724154 16.391812006632488 33
1777411737467 15.767524719238281 34
1777411740171 15.278147379557291 35
1777411753959 15.833090464274088 36
1777411761039 15.731127421061197 37
1777411773893 16.34945265452067 38
1777411780240 15.37144915262858 39
1777411790066 15.673263231913248 40
1777411796348 14.940448760986328 41
1777411802417 15.504436810811361 42
1777411805774 14.381642659505209 43
1777411808277 14.934520403544107 44
1777411810992 14.168092091878256 45
1777411818195 13.115071614583334 46
1777411819058 14.826533635457357 47
1777411821782 14.40691884358724 48
1777411825730 12.9811004002889 49
1777411826577 14.222228050231934 50
1777411830864 14.321778933207193 51
1777411838530 13.577977498372396 52
1777411846655 13.962394714355469 53
1777411853050 12.733447074890137 54
1777411857095 13.179256757100424 55
1777411859607 13.227433522542318 56
1777411866340 13.025728543599447 57
1777411871946 13.58577569325765 58
1777411880622 12.810373624165853 59
1777411884386 12.509809811909994 60
1777411890638 11.804860432942709 61
1777411897077 12.27362028757731 62
1777411902679 12.470964431762695 63
1777411915400 11.901075998942057 64
1777411918769 12.409541765848795 65
1777411922952 12.190779685974121 66
1777411928391 11.3131103515625 67
1777411935955 11.037590344746908 68
1777411956929 11.9752779006958 69
1777411962495 11.546329498291016 70
1777411979375 11.12114397684733 71
1777411990656 11.299334843953451 72
1777411997857 10.945738474527994 73
1777412008724 10.338191032409668 74
1777412017547 10.559947649637857 75
1777412027359 10.953457514444986 76
1777412036258 10.920881907145182 77
1777412039012 10.724337895711264 78
1777412047261 12.112467447916666 79
1777412052417 10.612635930379232 80
1777412063697 11.385659535725912 81
1777412068426 10.12191645304362 82
1777412084678 11.239888509114584 83
1777412096368 10.600451787312826 84
1777412110820 10.364561080932617 85
1777412122522 10.800005276997885 86
1777412132505 10.052253723144531 87
1777412141955 10.130538940429688 88
1777412151539 10.183759053548178 89
1777412158832 9.742997805277506 90
1777412168858 9.801239649454752 91
1777412169716 10.289695421854654 92
1777412180729 9.7281494140625 93
1777412184340 9.78164291381836 94
1777412187952 10.12494150797526 95
1777412194030 10.30956236521403 96
1777412197242 10.078714688618978 97
1777412200749 9.6381254196167 98
1777412204657 9.249916712443033 99
1777412209815 9.861523310343424 100
1777412224716 9.045849800109863 101
1777412231717 9.046896616617838 102
1777412245389 9.24381160736084 103
1777412271005 9.341456731160482 104
