1777411560394 203.98867985830643 1
1777411572218 200.0262070534267 2
1777411584344 195.2650593354999 3
1777411590646 188.27199118928525 4
1777411591687 178.42852568229318 5
1777411592742 166.16216227560292 6
1777411599516 153.01339528685878 7
1777411600345 139.0995677864906 8
1777411615200 122.79261892644284 9
1777411618924 105.51893209178719 10
1777411622619 87.76451621727892 11
1777411627790 71.26076830468116 12
1777411631728 54.642694346440784 13
1777411638057 44.56700817452066 14
1777411638924 37.94486789389018 15
1777411639821 35.58078610582766 16
1777411643643 32.905441963087085 17
1777411644521 31.580960860110796 18
1777411649497 29.26516746374263 19
1777411656748 27.54069605206701 20
1777411666088 27.36134678571554 21
1777411667053 25.86403352979959 22
1777411668023 27.82113724478918 23
1777411670785 26.402866292870318 24
1777411676534 26.22590789613497 25
1777411688660 25.944961497343087 26
1777411697564 23.95369583248632 27
1777411701363 24.47058194170187 28
1777411707738 24.58397511862104 29
1777411708607 24.288353478871073 30
1777411715445 23.235977613433676 31
1777411719238 22.933675769243298 32
1777411724154 23.172656202638333 33
1777411737467 22.371353260389498 34
1777411740171 21.49085020533798 35
1777411753959 22.03766878998337 36
1777411761039 22.27182895868312 37
1777411773893 22.644024431364926 38
1777411780240 21.8012840681174 39
1777411790066 22.01436123219607 40
1777411796348 20.979195461190702 41
1777411802417 21.561952438663486 42
1777411805774 20.224629184246538 43
1777411808277 21.186104416214118 44
1777411810992 19.759779030060884 45
1777411818195 18.316371134320704 46
1777411819058 20.623485206981858 47
1777411821782 20.181387291151953 48
1777411825730 18.43772924593515 49
1777411826577 20.28820107700975 50
1777411830864 19.859716285853064 51
1777411838530 18.882823870588016 52
1777411846655 19.538313349916447 53
1777411853050 17.3220815217424 54
1777411857095 18.144782637742406 55
1777411859607 18.664757314066858 56
1777411866340 17.990928097545176 57
1777411871946 18.928940420012992 58
1777411880622 17.910462750485014 59
1777411884386 17.40910472951184 60
1777411890638 16.182442333536276 61
1777411897077 17.04778921428901 62
1777411902679 17.151677543391674 63
1777411915400 16.474716203228894 64
1777411918769 17.09487699331896 65
1777411922952 16.825856420647096 66
1777411928391 15.683565014892446 67
1777411935955 15.140248207510401 68
1777411956929 16.51507059201685 69
1777411962495 15.699077909501419 70
1777411979375 15.044124767601255 71
1777411990656 15.505995016949734 72
1777411997857 15.013562190685043 73
1777412008724 14.073092363790273 74
1777412017547 14.299649282293126 75
1777412027359 14.7970415264531 76
1777412036258 15.046587174531274 77
1777412039012 14.664718873958783 78
1777412047261 16.62815374644545 79
1777412052417 14.697997524965492 80
1777412063697 15.538522066877002 81
1777412068426 13.89146112794314 82
1777412084678 15.738044511984677 83
1777412096368 14.497239740458546 84
1777412110820 14.006932714036926 85
1777412122522 14.925638440760276 86
1777412132505 13.666989064185245 87
1777412141955 13.90344753672849 88
1777412151539 14.058962352818297 89
1777412158832 13.182294674847746 90
1777412168858 13.336267032933508 91
1777412169716 13.960125320448611 92
1777412180729 13.14784674030052 93
1777412184340 13.22129785004257 94
1777412187952 13.825020935459321 95
1777412194030 14.212143772545666 96
1777412197242 13.834208807466096 97
1777412200749 13.088575668006888 98
1777412204657 12.57598544891068 99
1777412209815 13.565336169549914 100
1777412224716 12.315378406949263 101
1777412231717 12.164892356347645 102
1777412245389 12.626073059159935 103
1777412271005 12.689008721607289 104
