1777411560394 157.0984684124131 1
1777411572218 152.0889457303919 2
1777411584344 146.46738565101109 3
1777411590646 139.47169094417958 4
1777411591687 130.4895703981571 5
1777411592742 118.53505970060208 6
1777411599516 105.80660439097595 7
1777411600345 92.2194399024484 8
1777411615200 78.71072202821748 9
1777411618924 64.79864482614573 10
1777411622619 51.51135430342532 11
1777411627790 40.51398835076724 12
1777411631728 30.533711346611163 13
1777411638057 24.809236607502108 14
1777411638924 21.458568379985863 15
1777411639821 19.6850714971931 16
1777411643643 18.429917358843447 17
1777411644521 17.811670187985413 18
1777411649497 16.467923751804175 19
1777411656748 15.230089225701843 20
1777411666088 15.198023862161149 21
1777411667053 14.171999000807661 22
1777411668023 15.527552122518166 23
1777411670785 14.604137824225225 24
1777411676534 14.303368506634111 25
1777411688660 14.331064452721803 26
1777411697564 13.009414905810175 27
1777411701363 13.330865154949553 28
1777411707738 13.531329397353485 29
1777411708607 12.860767896872114 30
1777411715445 12.305721445358017 31
1777411719238 12.313085538390379 32
1777411724154 12.307039548889207 33
1777411737467 11.695456448635445 34
1777411740171 11.24655510213049 35
1777411753959 11.71969325221852 36
1777411761039 11.652253819202626 37
1777411773893 12.228002307232543 38
1777411780240 11.31705619817985 39
1777411790066 11.584836031924397 40
1777411796348 10.864633809192513 41
1777411802417 11.39135635414803 42
1777411805774 10.36729589556733 43
1777411808277 10.886847444046358 44
1777411810992 10.131018177733587 45
1777411818195 9.154200675973316 46
1777411819058 10.7496920807951 47
1777411821782 10.384591671930037 48
1777411825730 9.052171809819376 49
1777411826577 10.23327543255307 50
1777411830864 10.261154303323922 51
1777411838530 9.567189396932696 52
1777411846655 9.953716457648435 53
1777411853050 8.774875674468941 54
1777411857095 9.161332905934174 55
1777411859607 9.256131311339347 56
1777411866340 9.048345968993495 57
1777411871946 9.580247670242898 58
1777411880622 8.862515071806177 59
1777411884386 8.618252006989213 60
1777411890638 7.911954276831002 61
1777411897077 8.336241477761723 62
1777411902679 8.519209997274563 63
1777411915400 8.013017148928624 64
1777411918769 8.453415939919424 65
1777411922952 8.237751740862372 66
1777411928391 7.462605991389658 67
1777411935955 7.180019960498642 68
1777411956929 8.042515195263041 69
1777411962495 7.648352679358837 70
1777411979375 7.232581512408612 71
1777411990656 7.4139257609482545 72
1777411997857 7.080253832539506 73
1777412008724 6.547719363901194 74
1777412017547 6.722812444735796 75
1777412027359 7.096522368384238 76
1777412036258 7.089128099091717 77
1777412039012 6.8940109033410994 78
1777412047261 8.184073113769813 79
1777412052417 6.819501012102875 80
1777412063697 7.523599720206553 81
1777412068426 6.334489214511318 82
1777412084678 7.406168254767175 83
1777412096368 6.777541119890405 84
1777412110820 6.5301209604887145 85
1777412122522 7.000130631541478 86
1777412132505 6.278889440748178 87
1777412141955 6.378631993314482 88
1777412151539 6.415143551343947 89
1777412158832 5.9889056384855115 90
1777412168858 6.026992914797532 91
1777412169716 6.492356871177269 92
1777412180729 5.977074029698113 93
1777412184340 6.02241063505312 94
1777412187952 6.326808816977363 95
1777412194030 6.542312003460666 96
1777412197242 6.317198081734269 97
1777412200749 5.881111184592629 98
1777412204657 5.567148877067513 99
1777412209815 6.092520200569211 100
1777412224716 5.37044025181464 101
1777412231717 5.347693177859922 102
1777412245389 5.5557117449091615 103
1777412271005 5.637450486392418 104
