1777381366105 -2.1015758960890967 1
1777381366973 -2.0313640416219 2
1777381368205 -1.9559498871638552 3
1777381369946 -1.8653379055998194 4
1777381371947 -1.7486831141084922 5
1777381373385 -1.5857462105620628 6
1777381374241 -1.3903481054996814 7
1777381375451 -1.1674518826233529 8
1777381377498 -0.9347966537197134 9
1777381379310 -0.7200134008761898 10
1777381381712 -0.5109481449105164 11
1777381383389 -0.29743472468567567 12
1777381385174 -0.08771048536994752 13
1777381387296 0.11387831362609224 14
1777381389676 0.3075796326158181 15
1777381390907 0.4796470691101119 16
1777381392363 0.6297042207890065 17
1777381393215 0.7464961211362934 18
1777381395118 0.82474776618055 19
1777381396794 0.8747288391320743 20
1777381401246 0.8971593872341322 21
1777381402734 0.9082243960901909 22
1777381404924 0.9286361493644779 23
1777381407023 0.9318672266313767 24
1777381408131 0.9357907154359667 25
1777381409076 0.941935633319719 26
1777381410412 0.9407887207722455 27
1777381411948 0.9483000434295066 28
1777381413080 0.9491327540710434 29
1777381415566 0.950866766597958 30
1777381417549 0.9512267573556862 31
1777381418719 0.9606376266739534 32
1777381419657 0.9548756057102534 33
1777381420542 0.9605341632851965 34
1777381421843 0.9607779755503616 35
1777381422957 0.9580466289465291 36
1777381423849 0.9663175503649482 37
1777381424933 0.9630381737504542 38
1777381426684 0.959975914456613 39
1777381427951 0.9622596717680583 40
1777381428924 0.9671581981698532 41
1777381429783 0.9659349717310347 42
1777381431284 0.9693789525849459 43
1777381433303 0.965794992486377 44
1777381434947 0.9674201236776059 45
1777381436835 0.9718868825595037 46
1777381438071 0.9725496928849823 47
1777381438935 0.9673480934635609 48
1777381440283 0.9701313560906843 49
1777381441370 0.971279823216262 50
1777381442561 0.9712135284405077 51
1777381444134 0.9708633525539903 52
1777381445986 0.9732414962080256 53
1777381447440 0.9746432804054044 54
1777381448646 0.9755402045349716 55
1777381450262 0.9733177264553834 56
1777381451127 0.9764371263456332 57
1777381453688 0.9749201780142251 58
1777381454537 0.9781181264805173 59
1777381456014 0.9761256653313205 60
1777381457465 0.97635952956872 61
1777381458651 0.9747758238326728 62
1777381459910 0.9760646212978857 63
