1777234250792 166.31553073459202 1
1777234252498 160.8795413547092 2
1777234253907 154.2701872083876 3
1777234255337 145.93590912995515 4
1777234256712 134.57003394232856 5
1777234258238 120.18354181360316 6
1777234259744 103.50450416847512 7
1777234261542 85.37815139205368 8
1777234263336 68.44700484099212 9
1777234303454 53.25826495135272 10
1777234314997 40.08748092651367 11
1777234316420 30.21989551120334 12
1777234318154 25.59885723679154 13
1777234319593 22.053126780192056 14
1777234321429 20.499783127396196 15
1777234322817 18.428755654229057 16
1777234324128 18.161340042396827 17
1777234325601 17.11737964771412 18
1777234327004 17.145312711927627 19
1777234328458 16.763824794910573 20
1777234329799 16.210323573924878 21
1777234331157 16.29623278865108 22
1777234332519 15.578999907882125 23
1777234333856 16.737984198111075 24
1777234335191 15.579180745725278 25
1777234336564 14.344475767347548 26
1777234337919 14.358199776543511 27
1777234339347 14.608567704094781 28
1777234340946 15.322727012634278 29
1777234358517 14.606768459743924 30
1777234360299 14.087835234182853 31
1777234604517 14.154821939821597 32
1777234605862 13.831385690194589 33
1777234607226 13.627220881426776 34
1777234608532 13.22183607949151 35
1777234609835 14.548142097614429 36
1777234611354 13.897069860387731 37
1777234612770 13.4501699730202 38
1777234614112 13.932900859691479 39
1777234615302 12.963563092549641 40
1777234616517 12.919612149839049 41
1777234617857 12.601021275696931 42
1777234668257 12.550809439906368 43
1777234673593 12.16659193392153 44
1777234679513 11.816476934927481 45
1777234691751 12.297936372403745 46
1777234824679 12.253532264850758 47
1777234826037 12.250801443170618 48
1777234827372 12.10549270135385 49
1777234828704 11.41468012774432 50
1777234830044 12.123003136670148 51
1777234831416 11.2084654490153 52
1777234832780 11.800966446487992 53
1777234834257 11.453069072299533 54
1777234836399 12.109620945541947 55
1777234841702 11.23285261436745 56
1777234876583 11.205217188375968 57
1777234900053 10.83841531894825 58
1777234914055 10.977424102359349 59
1777234925787 10.029296129721182 60
1777234935367 10.665577934406421 61
1777234945344 10.88206279542711 62
