1777405525586 161.83130391438803 1
1777405534493 156.9504140218099 2
1777405538876 151.47157287597656 3
1777405545758 144.52490234375 4
1777405548952 135.8263142903646 5
1777405554877 124.49282836914062 6
1777405558059 111.86267852783203 7
1777405561408 99.04649607340495 8
1777405564591 85.68752797444661 9
1777405567636 72.1433334350586 10
1777405568472 58.66000239054362 11
1777405569627 46.51146952311198 12
1777405572449 37.12733459472656 13
1777405587848 29.420342763264973 14
1777405588740 25.654285430908203 15
1777405596016 22.961111704508465 16
1777405598234 21.90545717875163 17
1777405609390 20.571897506713867 18
1777405613818 19.697353998819988 19
1777405618416 17.642903010050457 20
1777405622601 18.49297332763672 21
1777405625245 18.997604370117188 22
1777405632148 18.534098943074543 23
1777405635621 16.57857100168864 24
1777405636468 18.09316571553548 25
1777405638801 16.32823371887207 26
1777405644087 17.004823048909504 27
1777405644961 16.93695004781087 28
1777405647230 16.194549560546875 29
1777405651975 16.81485430399577 30
1777405654359 16.477598190307617 31
1777405664156 15.38081137339274 32
1777405666928 15.638280232747396 33
1777405679993 17.01572036743164 34
1777405690538 16.051010767618816 35
1777405695497 16.35172398885091 36
1777405701641 15.903060913085938 37
1777405703199 15.870372454325357 38
1777405705700 14.479159990946451 39
1777405712518 15.806978543599447 40
1777405716246 14.713971773783365 41
1777405721631 14.835420608520508 42
1777405727242 14.845049222310385 43
1777405730949 14.137605667114258 44
1777405731806 14.493408838907877 45
1777405732657 16.136046409606934 46
1777405736044 15.392674446105957 47
1777405736916 14.001947085062662 48
1777405743701 14.190105756123861 49
1777405753848 13.97007687886556 50
1777405755000 15.144659678141275 51
1777405756320 13.482785860697428 52
1777405760157 13.95842711130778 53
1777405765983 13.412214914957682 54
1777405778756 14.18299643198649 55
1777405785256 12.863944053649902 56
1777405787804 13.798434257507324 57
1777405788646 13.356634775797525 58
1777405789503 13.292318344116211 59
1777405790340 13.702901840209961 60
1777405791199 13.491703033447266 61
1777405794200 12.313252131144205 62
1777405799487 11.910247802734375 63
1777405802572 13.694571812947592 64
1777405808863 12.75622526804606 65
1777405818389 12.333736101786295 66
1777405825167 11.759766260782877 67
1777405828311 12.184763590494791 68
1777405836698 12.024640719095865 69
1777405839347 11.14370346069336 70
1777405852394 11.432068824768066 71
1777405858927 11.522062301635742 72
1777405871739 11.39388116200765 73
1777405881636 11.232094446818033 74
1777405894093 11.080421129862467 75
1777405897564 10.729667981465658 76
1777405905622 10.396209398905436 77
1777405908718 11.12414264678955 78
1777405909574 10.597232182820639 79
1777405914235 11.66838010152181 80
1777405916726 10.538641293843588 81
1777405922919 10.888419469197592 82
1777405925804 10.653139114379883 83
1777405930580 10.0808474222819 84
1777405933083 10.882965087890625 85
1777405938785 10.189183235168457 86
1777405942862 10.383291880289713 87
1777405949731 10.103066126505533 88
1777405955733 9.993857065836588 89
1777405970985 10.421562512715658 90
1777405979350 9.88547166188558 91
1777405991816 10.03357219696045 92
1777406005102 10.255069096883139 93
1777406011497 9.650101979573568 94
1777406015376 9.974173545837402 95
1777406018797 9.506130854288736 96
1777406024001 9.626511255900065 97
1777406028783 9.585132598876953 98
1777406029678 9.468449910481771 99
1777406037163 9.426651000976562 100
1777406038019 9.344016710917154 101
1777406048333 9.707796732584635 102
1777406051572 9.815574328104654 103
1777406054903 10.232345898946127 104
1777406057727 9.549686431884766 105
1777406060834 8.866603215535482 106
1777406064171 9.622373263041178 107
1777406068864 9.748285293579102 108
1777406071313 9.089569409688314 109
1777406076426 8.95722230275472 110
1777406088690 8.631805102030436 111
1777406105877 9.441910743713379 112
1777406111897 9.079847653706869 113
1777406116694 8.841841697692871 114
1777406121864 8.508016586303711 115
1777406130776 9.085663159688314 116
1777406134069 8.63431453704834 117
1777406142735 9.410757382710775 118
1777406147401 8.923696200052897 119
1777406152181 8.792093276977539 120
1777406159148 9.079172770182291 121
1777406164180 8.830914179484049 122
1777406175596 8.418779691060385 123
1777406181713 8.137438774108887 124
1777406189598 8.075193087259928 125
1777406197492 8.263313134511312 126
1777406201254 8.211839040120443 127
1777406205315 8.523752530415853 128
1777406210402 8.713675498962402 129
1777406217806 8.869213104248047 130
1777406220585 8.513111114501953 131
1777406221807 8.329771041870117 132
1777406226837 8.550559997558594 133
1777406237055 8.825791358947754 134
1777406243414 8.92833391825358 135
1777406248625 8.002612272898356 136
1777406254494 7.821094830830892 137
1777406255425 8.74166170756022 138
1777406263791 7.891577084859212 139
1777406275007 8.769924481709799 140
1777406283865 8.182154337565104 141
1777406297690 7.817275206247966 142
1777406307341 7.712731679280599 143
1777406321207 8.30660343170166 144
1777406326787 7.715378443400065 145
1777406346616 7.845710436503093 146
1777406354880 8.160450299580893 147
1777406360256 7.552794297536214 148
1777406368906 7.654359181722005 149
1777406381289 8.053014437357584 150
1777406388769 7.93516206741333 151
1777406393211 8.056843916575113 152
1777406398769 8.009552160898844 153
1777406399713 7.917402426401774 154
1777406403072 7.999407609303792 155
1777406409070 8.07770029703776 156
1777406423140 7.634452819824219 157
1777406428784 7.685581684112549 158
1777406433257 8.30832608540853 159
1777406436583 8.249088287353516 160
1777406440129 7.8217399915059405 161
1777406447969 7.686794598897298 162
1777406454881 7.607950528462728 163
1777406463000 7.901027838389079 164
1777406480738 7.229920864105225 165
1777406487656 7.55292272567749 166
1777406492243 7.645689805348714 167
1777406496255 7.865228652954102 168
1777406504165 7.581633885701497 169
1777406508036 7.538406213124593 170
1777406512382 7.251162846883138 171
1777406518158 7.475039958953857 172
1777406522644 8.145793755849203 173
1777406527323 7.651177088419597 174
1777406535117 7.138808409372966 175
1777406540405 7.179812749226888 176
1777406545792 7.248197078704834 177
1777406552571 7.304984887440999 178
1777406557077 7.172450065612793 179
1777406561750 7.278143723805745 180
1777406569257 7.5143195788065595 181
1777406574094 7.400986830393474 182
1777406581108 7.285069465637207 183
1777406598364 7.511369546254476 184
1777406602177 7.556233088175456 185
1777406615388 7.576167901357015 186
1777406616525 7.136569182078044 187
1777406619905 7.58439826965332 188
1777406621675 7.380655447642009 189
1777406625862 7.117121855417888 190
1777406631520 7.151766935984294 191
1777406636863 7.159417629241943 192
1777406643244 7.053448518117269 193
1777406655233 6.893585681915283 194
1777406660769 7.027372678120931 195
1777406663763 7.307987054189046 196
