1777381718251 156.63785371326264 1
1777381718595 154.78438720703124 2
1777381720518 152.94294230143228 3
1777381721961 151.26092979794456 4
1777381724208 149.4719709123884 5
1777381725287 147.54727805001394 6
1777381725806 145.41876998174757 7
1777381726158 143.1272222609747 8
1777381727152 140.6757364908854 9
1777381728352 138.07625892275857 10
1777381728981 135.2583008539109 11
1777381729929 132.2269784109933 12
1777381732425 128.88880469912576 13
1777381732840 125.21696225120908 14
1777381734370 121.40118960425967 15
1777381735722 117.57603512718563 16
1777381736072 113.66446249825614 17
1777381736423 109.75076657249814 18
1777381736792 105.53502342587426 19
1777381737849 101.25327511742002 20
1777381738588 97.14947393508184 21
1777381739403 92.45034132457914 22
1777381739767 88.37784496489026 23
1777381740119 82.95331406366257 24
1777381740771 77.80025017147972 25
1777381741701 72.86436644054595 26
1777381742759 67.7107418968564 27
1777381743110 63.0393798828125 28
1777381743887 56.89298335484096 29
1777381744242 52.62830430893671 30
1777381744591 48.27168404715402 31
1777381745459 43.771031988234746 32
1777381746693 40.25208020891462 33
1777381747297 36.01321854364304 34
1777381748163 33.189133961995445 35
1777381749094 30.58533477783203 36
1777381749900 27.349319748651414 37
1777381750269 25.697394489106678 38
1777381751499 23.70016706557501 39
1777381752220 22.25561158316476 40
1777381752703 21.715368234543572 41
1777381754237 20.56571073986235 42
1777381755704 18.07200720650809 43
1777381756535 18.847537104288737 44
1777381757655 17.75313404174078 45
1777381758314 17.290284365699407 46
1777381759489 16.19020774478004 47
1777381760388 15.336437706720261 48
1777381761255 15.675615910121373 49
1777381761697 15.09757316226051 50
1777381762434 14.567785844348727 51
1777381762968 14.839672088623047 52
1777381763303 15.764254106794084 53
1777381764495 15.28903579711914 54
1777381766614 13.29640966142927 55
1777381767143 13.06072077978225 56
1777381767502 14.68821888878232 57
1777381768265 17.34461337498256 58
1777381769883 14.106446484157017 59
1777381770616 12.777903111775716 60
1777381770995 13.538642474583217 61
1777381772081 13.559673963274275 62
1777381772445 12.653485634213402 63
1777381773109 12.9546568552653 64
1777381773860 13.425403267996652 65
1777381775359 11.217146610078357 66
1777381776077 11.362926787421816 67
1777381776705 13.741357966831751 68
1777381777083 11.614081700642904 69
1777381777803 13.034362266177222 70
1777381778243 12.50513855162121 71
1777381779365 12.757775333949498 72
1777381779901 11.749783416021438 73
1777381781979 13.786261195228214 74
1777381782468 11.395679582868304 75
1777381783188 12.366069521222796 76
1777381783734 11.275026030767531 77
1777381784088 12.916571444556826 78
1777381784431 13.102169545491536 79
1777381785554 12.913602738153367 80
1777381785977 12.746992292858305 81
1777381787001 10.232518255142939 82
1777381787841 10.063185937064034 83
1777381788579 11.204473404657273 84
1777381790678 10.762504164377848 85
1777381791780 10.597219848632813 86
1777381792447 11.314596498580206 87
1777381792903 10.811693209693546 88
1777381793668 10.976827385312035 89
1777381794062 9.832483509608677 90
1777381795650 11.871622539701915 91
1777381796407 9.639276014055525 92
1777381796918 10.957467415219261 93
1777381797278 10.98138813745408 94
1777381799015 10.622323417663575 95
1777381800244 10.167289788382394 96
1777381801668 10.789906955900646 97
1777381802155 11.245124144781203 98
1777381805501 10.159595144362676 99
1777381807382 11.081519944327217 100
1777381808595 9.036541112263997 101
1777381810353 10.235140918550037 102
1777381810977 10.218335723876953 103
1777381811820 11.226308659144811 104
1777381812786 10.969277209327334 105
1777381813398 12.409367116292318 106
1777381815048 11.000826118105934 107
1777381817725 9.016169974917457 108
1777381823505 9.658713840302967 109
1777381824374 10.454707554408483 110
1777381824744 8.961583346412295 111
1777381826441 9.399299494425456 112
1777381827162 9.374218150547572 113
1777381827749 7.904463777087984 114
1777381828326 9.19034029642741 115
1777381828810 10.106034188043504 116
1777381829500 8.801675487699963 117
1777381830457 8.677426174708776 118
1777381832709 8.427587363833473 119
1777381833689 9.579938870384579 120
1777381834039 8.163411712646484 121
1777381834783 8.441717856270927 122
1777381835829 8.473138364156087 123
1777381836205 7.6904426801772345 124
1777381836572 8.695499056861514 125
1777381837125 9.061882972717285 126
1777381838557 8.72549945286342 127
1777381838906 8.382942145211356 128
1777381840022 10.56345053173247 129
1777381840379 9.315680531093053 130
1777381841091 9.518327749343145 131
1777381841451 7.9073080153692334 132
1777381841973 8.765871919904436 133
1777381843754 9.640802692231677 134
1777381845097 7.93083001999628 135
1777381846012 8.777466210864839 136
1777381846580 9.068214852469309 137
1777381847144 9.33477339063372 138
1777381849569 8.611821783156621 139
1777381855259 7.774087615240187 140
1777381856768 7.020216551281157 141
1777381861333 7.843588438488188 142
1777381867842 8.977619189307804 143
1777381868853 8.073509661356608 144
1777381888048 9.10010890052432 145
1777381889488 7.69512273697626 146
1777381890694 7.659052308400472 147
1777381891588 7.155710056849888 148
1777381892949 7.429217965262277 149
1777381894270 6.783565920875186 150
1777381894872 7.311989974975586 151
1777381900342 8.579333441598076 152
1777381902381 7.931768072219122 153
1777381903151 7.338672372273036 154
1777381904601 8.243974721999395 155
1777381906325 7.428102602277483 156
1777382024259 6.947331467128936 157
1777382024692 7.2337802796136765 158
1777382025066 7.1527572359357565 159
1777382025421 7.257921527680897 160
1777382025787 8.495214389619374 161
1777382026363 7.846573184785389 162
1777382026721 6.70736925034296 163
1777382027319 7.461352729797364 164
1777382028129 6.687113661993117 165
1777382029441 7.556826073782784 166
1777382029851 6.7600197474161785 167
1777382031326 6.844268072219122 168
1777382032376 7.138585081554594 169
1777382033347 7.056130345662435 170
1777382035860 8.976986576261975 171
1777382091988 7.489517352694556 172
1777382096504 8.077472650437128 173
1777382096869 6.362183191662743 174
1777382097215 6.600170925685338 175
1777382097943 5.777433876764206 176
1777382098858 5.91953361147926 177
1777382099227 7.482464563278925 178
1777382100571 8.108647246587845 179
1777382101198 6.162528619312105 180
1777382101583 7.344072491782052 181
1777382101947 6.8539033708118255 182
1777382103329 8.081077475774856 183
1777382103810 7.72132951645624 184
1777382104155 5.681913085210891 185
1777382104495 6.695902397519066 186
1777382104837 6.445925794328962 187
1777382105184 6.067018963041759 188
1777382105524 6.036897727421352 189
1777382105916 6.312951532999675 190
1777382106258 6.576111584617978 191
1777382106601 5.626689234234038 192
1777382106954 7.074694188435872 193
1777382107302 6.393072141919817 194
1777382107639 5.761950438363211 195
1777382107983 8.213393456595284 196
1777382108321 6.459366135370164 197
1777382108685 6.977415620713007 198
1777382109038 5.609037517365955 199
1777382109411 5.921423694065639 200
1777382109897 6.371073368617466 201
1777382110233 6.722204798743839 202
1777382110577 5.560803304399763 203
1777382110920 6.79146698088873 204
