1777429470155 194.65451049804688 1
1777429470472 191.84249877929688 2
1777429470774 189.61441040039062 3
1777429471082 187.39967346191406 4
1777429471373 185.03150939941406 5
1777429471669 182.47592163085938 6
1777429472003 179.662353515625 7
1777429472313 176.5709686279297 8
1777429472622 173.00387573242188 9
1777429472929 169.0174560546875 10
1777429473233 165.1879425048828 11
1777429473547 161.6355743408203 12
1777429473852 157.0239715576172 13
1777429474153 151.88597106933594 14
1777429474447 146.73883056640625 15
1777429474742 141.59671020507812 16
1777429475045 136.3480224609375 17
1777429475379 130.74530029296875 18
1777429475694 125.1348648071289 19
1777429475997 119.5380630493164 20
1777429476305 113.59217834472656 21
1777429476634 107.68218994140625 22
1777429476945 101.70574951171875 23
1777429477266 95.6896743774414 24
1777429477595 90.00003814697266 25
1777429477931 83.92623901367188 26
1777429478245 78.96607208251953 27
1777429478561 73.53265380859375 28
1777429478874 68.30319213867188 29
1777429479189 63.18888854980469 30
1777429479493 58.7080078125 31
1777429479796 52.55255126953125 32
1777429480119 46.83444595336914 33
1777429480477 41.99201965332031 34
1777429480812 38.170372009277344 35
1777429481141 35.90387725830078 36
1777429481492 32.17244338989258 37
1777429481876 30.431859970092773 38
1777429482218 28.320592880249023 39
1777429482541 27.794601440429688 40
1777429482883 25.76890754699707 41
1777429483215 25.66399574279785 42
1777429483550 25.92909812927246 43
1777429483906 23.915037155151367 44
1777429484284 23.816600799560547 45
1777429484688 22.385618209838867 46
1777429485113 23.028398513793945 47
1777429485590 22.419384002685547 48
1777429486029 22.263566970825195 49
1777429486434 21.357643127441406 50
1777429486817 21.25725746154785 51
1777429487241 21.3057918548584 52
1777429487554 20.65359878540039 53
1777429487866 18.82453155517578 54
1777429488177 18.680810928344727 55
1777429488485 20.088830947875977 56
1777429488786 18.674592971801758 57
1777429489089 20.234556198120117 58
1777429489381 18.97203254699707 59
1777429489675 19.436307907104492 60
1777429489964 20.62969970703125 61
1777429490252 18.387874603271484 62
1777429490561 19.246641159057617 63
1777429490844 17.479225158691406 64
1777429491136 17.992311477661133 65
1777429491425 17.98871421813965 66
1777429491726 18.062835693359375 67
1777429492061 18.493553161621094 68
1777429492415 18.661834716796875 69
1777429492707 17.936351776123047 70
1777429493038 20.619239807128906 71
1777429493335 16.801313400268555 72
1777429493617 17.594755172729492 73
1777429493903 17.391122817993164 74
1777429494191 16.425636291503906 75
1777429494473 16.63711929321289 76
1777429494769 18.65102195739746 77
