1777430575918 161.09714126586914 1
1777430577166 154.1818733215332 2
1777430578292 145.39326858520508 3
1777430579391 133.33090591430664 4
1777430581400 117.08868598937988 5
1777430606554 99.26301765441895 6
1777430607615 81.24479484558105 7
1777430608666 63.73305130004883 8
1777430609720 46.7846040725708 9
1777430610776 34.62308979034424 10
1777430611814 28.96242046356201 11
1777430612882 24.59221076965332 12
1777430613947 22.592617511749268 13
1777430615022 22.18208360671997 14
1777430616094 22.27257251739502 15
1777430617168 20.074888706207275 16
1777430618236 18.503934860229492 17
1777430619298 18.806994438171387 18
1777430620403 18.910264015197754 19
1777430621484 19.21539306640625 20
1777430622575 18.030207633972168 21
1777430623652 18.53231382369995 22
1777430624768 18.47208595275879 23
1777430625851 17.47773504257202 24
1777430626917 18.313910007476807 25
1777430627977 17.245117664337158 26
1777430629053 16.508231163024902 27
1777430630108 16.53484296798706 28
1777430631224 16.394049167633057 29
1777430632303 16.328208446502686 30
1777430633447 16.500436782836914 31
1777430634595 16.290831327438354 32
1777430635827 16.542083024978638 33
1777430637029 15.014105796813965 34
1777430638752 15.854893445968628 35
1777430639989 15.105939626693726 36
1777430641021 14.943122863769531 37
1777430642053 16.22899293899536 38
1777430643091 15.19205117225647 39
1777430644120 14.764559268951416 40
1777430645155 15.327199697494507 41
1777430646183 15.771852254867554 42
1777430647215 14.745670318603516 43
1777430648256 13.407526969909668 44
1777430649297 14.114825248718262 45
1777430650308 14.630841255187988 46
1777430651334 14.625458478927612 47
1777430652363 14.216272354125977 48
1777430653400 15.197504997253418 49
1777430654413 13.867367029190063 50
1777430655423 13.587368249893188 51
1777430656478 13.617658853530884 52
1777430657542 13.485264778137207 53
1777430658560 13.134631156921387 54
1777430659603 14.304567337036133 55
1777430660659 12.722606897354126 56
1777430661714 13.149226427078247 57
1777430662754 13.18938684463501 58
1777430663820 13.392650127410889 59
1777430664883 12.93368411064148 60
1777430665931 12.908942937850952 61
1777430666985 11.959944725036621 62
1777430668044 12.056909322738647 63
1777430669117 11.642856121063232 64
1777430670432 12.293884038925171 65
1777430671470 11.65008282661438 66
1777430672507 11.863044261932373 67
1777430673559 11.463988304138184 68
1777430674596 12.25515866279602 69
1777430675612 11.799528121948242 70
1777430676646 11.569129467010498 71
1777430677694 12.149662971496582 72
1777430678717 11.563642501831055 73
1777430679765 11.889528036117554 74
1777430680804 11.24414587020874 75
1777430681833 11.318333148956299 76
1777430682873 11.593774557113647 77
1777430683909 11.644545316696167 78
1777430684951 11.496188402175903 79
1777430686009 11.158611297607422 80
1777430687058 11.430143117904663 81
1777430688098 10.762612581253052 82
1777430689173 11.045589208602905 83
1777430690525 10.924719095230103 84
1777430691593 10.385544300079346 85
1777430692668 11.302562236785889 86
1777430693741 10.886734008789062 87
1777430694805 10.77308988571167 88
1777430695996 10.668543100357056 89
1777430697148 10.577929496765137 90
1777430698514 10.416672468185425 91
1777430700076 11.017358303070068 92
1777430701459 10.450562715530396 93
1777430702523 10.458675622940063 94
1777430703570 9.632085800170898 95
1777430704614 9.838971376419067 96
1777430705671 10.330911636352539 97
1777430706715 10.034881830215454 98
1777430707751 10.195911884307861 99
1777430708820 9.849954605102539 100
1777430709865 9.630540132522583 101
1777430710945 9.82717490196228 102
1777430712002 9.397507429122925 103
1777430713069 10.04280138015747 104
1777430714113 9.891632080078125 105
1777430715152 9.776062965393066 106
1777430716192 9.865012884140015 107
1777430717256 9.841958045959473 108
1777430718333 9.748908996582031 109
1777430719406 9.286102533340454 110
1777430720482 9.719526529312134 111
1777430721551 9.55527949333191 112
1777430722653 9.775920629501343 113
1777430723726 9.252763748168945 114
1777430724798 9.339567422866821 115
1777430725858 9.43784236907959 116
1777430727226 9.890509843826294 117
1777430728263 9.3877592086792 118
1777430729292 9.420387268066406 119
1777430730326 9.241394996643066 120
1777430731385 8.936095952987671 121
1777430732419 9.293002367019653 122
1777430733482 9.074942350387573 123
1777430734525 8.941091299057007 124
1777430735573 9.055324792861938 125
1777430736640 9.456108331680298 126
1777430737697 9.389764785766602 127
1777430738737 9.235499382019043 128
1777430739774 9.35058331489563 129
1777430740797 8.947221279144287 130
1777430741859 9.319190502166748 131
1777430742941 9.787684679031372 132
1777430744019 9.068253755569458 133
1777430745083 8.806981563568115 134
1777430746136 8.489561080932617 135
1777430747189 9.34506630897522 136
