1777218058478 176.48538208007812 1
1777218060025 163.51962280273438 2
1777218061331 143.52285766601562 3
1777218062542 114.15354919433594 4
1777218064110 81.61405944824219 5
1777218065307 50.91766357421875 6
1777218066503 31.668136596679688 7
1777218067812 24.699283599853516 8
1777218069020 21.56462287902832 9
1777218070219 19.812902450561523 10
1777218071399 19.01092529296875 11
1777218097475 17.730314254760742 12
1777218099714 17.72800636291504 13
1777218101007 17.021930694580078 14
1777218102227 16.609804153442383 15
1777218103404 15.030923843383789 16
1777218104582 15.631242752075195 17
1777218105764 15.267679214477539 18
1777218106975 14.345523834228516 19
1777218108162 13.919407844543457 20
1777218109356 14.428910255432129 21
1777218110513 13.981817245483398 22
1777218111698 14.114099502563477 23
1777218112838 13.367484092712402 24
1777218113993 13.16982364654541 25
1777218115129 12.78831672668457 26
1777218116266 12.69974136352539 27
1777218117391 12.766030311584473 28
1777218118510 12.064397811889648 29
1777218119884 12.806763648986816 30
1777218121312 11.442611694335938 31
1777218122679 11.754538536071777 32
1777218123821 11.871743202209473 33
1777218124947 11.390716552734375 34
1777218126057 11.237278938293457 35
1777218127171 11.416152954101562 36
1777218128281 11.211355209350586 37
1777218129393 10.92886734008789 38
1777218130499 10.44570541381836 39
1777218131621 10.77196979522705 40
1777218132728 10.962952613830566 41
1777218133841 10.830251693725586 42
1777218134972 10.50663948059082 43
1777218136079 10.66131591796875 44
1777218137200 10.384339332580566 45
1777218138304 10.55415153503418 46
1777218139542 10.56043529510498 47
1777218140952 10.487248420715332 48
1777218142367 10.074117660522461 49
1777218143762 10.31420612335205 50
1777218145156 9.771878242492676 51
1777218146569 10.279840469360352 52
1777218147738 10.219159126281738 53
