1777227499891 -1.9486331613800636 1
1777227500927 -1.9056345795658611 2
1777227505015 -1.858932829679973 3
1777227505713 -1.809961470087023 4
1777227507320 -1.7562553427733025 5
1777227508961 -1.6932171540780718 6
1777227510537 -1.6192717076172305 7
1777227511198 -1.5310172173534893 8
1777227511879 -1.4267644885988977 9
1777227512931 -1.308407004727047 10
1777227513600 -1.1790033071553525 11
1777227514275 -1.0475995834051166 12
1777227515229 -0.9142236844479592 13
1777227516980 -0.7789032451111104 14
1777227517629 -0.6417993228941619 15
1777227518265 -0.498434178161016 16
1777227518903 -0.35464654926227324 17
1777227519552 -0.21375707678996037 18
1777227523233 -0.06629348126445045 19
1777227530757 0.0669891527674511 20
1777227531407 0.19725631252986164 21
1777227532037 0.329563309697799 22
1777227532709 0.4390223199300396 23
1777227533343 0.5465735824942528 24
1777227538397 0.6339377149172731 25
1777227540882 0.7196028882260055 26
1777227545175 0.7736934545831277 27
1777227564704 0.8225161616352956 28
1777227574471 0.8500558045383202 29
1777227575347 0.8812036314426255 30
1777227576169 0.9011761978023103 31
1777227577088 0.9165209346040059 32
1777227578043 0.9224386942348507 33
1777227578943 0.929141040584066 34
1777227580760 0.9333712126687075 35
1777227581650 0.9327365493870613 36
1777227582530 0.9429924461422416 37
1777227583210 0.9406263471958307 38
1777227583919 0.9437347835899824 39
1777227584584 0.9484428211710372 40
1777227586008 0.9480606508967374 41
1777227586665 0.9549283751982582 42
1777227587447 0.9542228789360222 43
1777227591697 0.9548348402025015 44
1777227593156 0.953282725981672 45
1777227593817 0.9546657646159905 46
1777227594481 0.9571129661802562 47
1777227595144 0.961635358381697 48
1777227595806 0.9609932015818828 49
1777227599825 0.9606731541991931 50
1777227600882 0.9620087162720773 51
1777227601655 0.9536811025822257 52
1777227604857 0.9590174311975199 53
1777227605506 0.966572500248903 54
1777227606145 0.9594865958908433 55
1777227606790 0.9681644075225164 56
1777227607441 0.9619531597880577 57
1777227608092 0.9653032157679422 58
1777227612451 0.9653713607869662 59
1777227613478 0.9679920550570713 60
1777227614125 0.969531813973381 61
1777227614784 0.9690272860940495 62
1777227616185 0.9621759211877675 63
1777227617571 0.9650174963746352 64
1777227619350 0.9717216971519307 65
1777227627230 0.9690014699863424 66
1777227628189 0.9713722314426793 67
1777227634541 0.9702050555311715 68
1777227635589 0.9694579735088243 69
1777227636239 0.9659253107134649 70
1777227636889 0.9681158108459568 71
1777227639022 0.9712825542213498 72
1777227639766 0.9637533006017303 73
1777227640370 0.9667639834525554 74
1777227640984 0.9707600373206317 75
1777227642653 0.9708611581685053 76
1777227643992 0.9735322478170602 77
1777227644676 0.9698246031984008 78
1777227646822 0.9742615767719155 79
1777227647534 0.9685716045797786 80
1777227648275 0.9731899609242546 81
1777227649063 0.9758249046717272 82
1777227649791 0.9742910147682737 83
1777227650593 0.9768217110312447 84
1777227652837 0.9781749301253744 85
1777227653554 0.9744054810183322 86
1777227656259 0.9748082930966393 87
1777227657371 0.9780969717669101 88
1777227659560 0.9748635668364832 89
1777227660215 0.97236752908439 90
1777227660857 0.9772072735618189 91
1777227661500 0.9784178217949779 92
1777227664234 0.9774187470974414 93
1777227665654 0.9780795541638035 94
1777227666290 0.9800670443363286 95
1777227666957 0.9801900243395228 96
1777227667591 0.9773479597765592 97
1777227668228 0.979033814604128 98
1777227668877 0.9751878145850955 99
1777227671366 0.9804845066770184 100
1777227672823 0.9810402389347258 101
1777227673748 0.9748328051981537 102
1777227674340 0.9790365420187256 103
1777227675433 0.982101368773285 104
1777227676027 0.9807443482418653 105
1777227677016 0.9783903046931384 106
1777227677611 0.9815037309297462 107
1777227678212 0.9781215228769001 108
1777227678806 0.9818079074032412 109
1777227679823 0.981368269037061 110
1777227680471 0.9786015111890084 111
1777227681123 0.9817724530356648 112
1777227682262 0.9794171360286794 113
1777227682899 0.9812132478164993 114
1777227684357 0.982783447477834 115
1777227685132 0.9851978175945713 116
1777227685764 0.9781593568571847 117
1777227686404 0.9791823231657623 118
1777227687646 0.9819713133274004 119
1777227688748 0.9850833044929113 120
1777227689339 0.9854896585643852 121
1777227690237 0.9799052415781913 122
1777227690837 0.9796706690296815 123
1777227691424 0.982727353275406 124
1777227692014 0.9853717915644833 125
1777227692824 0.9833245043666423 126
1777227693416 0.9847727102969698 127
1777227694020 0.9837497632167687 128
1777227694611 0.9813084097204404 129
1777227696023 0.9842507841790005 130
1777227696696 0.9860657293647529 131
1777227697441 0.986080379628451 132
1777227698187 0.9833268903407506 133
1777227698886 0.9849855136890807 134
1777227703229 0.9830082879076072 135
1777227709645 0.9823774176467848 136
1777227710787 0.9859196770087616 137
1777227713585 0.9837461398718848 138
1777227714210 0.985956968687606 139
1777227714827 0.9844901583004897 140
1777227715450 0.9848412441376512 141
1777227718573 0.984808609331334 142
1777227719833 0.985788106460264 143
1777227720529 0.9863331724254454 144
1777227721121 0.9850264121081136 145
1777227721708 0.9866365564030276 146
1777227722293 0.9871694758287616 147
