1777163671833 191.94223022460938 1
1777163674740 182.9842071533203 2
1777163676670 171.3258056640625 3
1777163678125 155.30825805664062 4
1777163679404 132.9925079345703 5
1777163680622 106.4402847290039 6
1777163681810 79.60226440429688 7
1777163683002 54.65386962890625 8
1777163684172 38.2852897644043 9
1777163685340 29.838842391967773 10
1777163686502 25.199718475341797 11
1777163687652 23.089866638183594 12
1777163688834 22.87626838684082 13
1777163689981 23.13649559020996 14
1777163691112 20.220605850219727 15
1777163692245 19.57249641418457 16
1777163693774 20.7968692779541 17
1777163695049 18.85040283203125 18
1777163696180 18.312685012817383 19
1777163699052 18.489681243896484 20
1777163700264 17.8660888671875 21
1777163701646 17.081661224365234 22
1777163702818 18.266674041748047 23
1777163703983 17.615732192993164 24
1777163705158 16.402223587036133 25
1777163706306 17.3481502532959 26
1777163707469 16.659732818603516 27
1777163708627 15.91552734375 28
1777163709761 16.2381591796875 29
1777163710914 18.713451385498047 30
1777163712047 16.177188873291016 31
1777163713180 15.597881317138672 32
1777163714310 16.308170318603516 33
1777163715477 15.440905570983887 34
1777163716609 15.535921096801758 35
1777163717743 15.822114944458008 36
1777163718885 14.973064422607422 37
1777163736964 14.912254333496094 38
1777163738656 14.377607345581055 39
1777163740700 14.606850624084473 40
1777163742946 15.130619049072266 41
1777163771741 14.678525924682617 42
1777163772871 14.97836685180664 43
1777163774011 14.390689849853516 44
1777163775144 14.118036270141602 45
1777163776276 13.790384292602539 46
1777163777409 13.060394287109375 47
1777163778566 14.69808292388916 48
1777163779692 14.852527618408203 49
