1777432566675 160.2848663330078 1
1777432567336 158.3565673828125 2
1777432567646 156.54794311523438 3
1777432567940 154.9332733154297 4
1777432568241 153.219970703125 5
1777432568544 151.41278076171875 6
1777432568872 149.5343780517578 7
1777432569195 147.4791259765625 8
1777432569500 145.36590576171875 9
1777432569824 143.11570739746094 10
1777432570141 140.67623901367188 11
1777432570463 138.0411834716797 12
1777432570803 135.167724609375 13
1777432571150 132.18162536621094 14
1777432571534 128.85598754882812 15
1777432571940 125.30223846435547 16
1777432572337 121.39530944824219 17
1777432572738 117.072998046875 18
1777432573118 112.73648071289062 19
1777432573573 108.12543487548828 20
1777432574023 103.73553466796875 21
1777432574414 98.39402770996094 22
1777432574930 93.34236907958984 23
1777432575319 88.01351928710938 24
1777432575682 82.64653015136719 25
1777432576050 77.80070495605469 26
1777432576410 73.11994934082031 27
1777432576801 68.51595306396484 28
1777432577184 62.91329574584961 29
1777432577542 58.49259948730469 30
1777432577911 53.96787643432617 31
1777432578256 48.90576171875 32
1777432578615 45.345947265625 33
1777432578921 42.28385925292969 34
1777432579215 38.34489059448242 35
1777432579520 36.15055847167969 36
1777432579820 32.512542724609375 37
1777432580114 29.03931427001953 38
1777432580420 28.927989959716797 39
1777432580900 26.345815658569336 40
1777432581211 24.985984802246094 41
1777432581527 25.02954864501953 42
1777432581824 21.55301284790039 43
1777432582137 21.039947509765625 44
1777432582429 21.22771453857422 45
1777432582732 20.92774772644043 46
1777432583047 20.4412899017334 47
1777432583347 18.995389938354492 48
1777432583630 20.20548439025879 49
1777432583916 21.54205322265625 50
1777432584235 20.102706909179688 51
1777432584544 20.03817367553711 52
1777432584845 18.246360778808594 53
1777432585145 17.54619598388672 54
1777432585442 18.9986572265625 55
1777432585730 17.262941360473633 56
1777432586018 19.594480514526367 57
1777432586310 16.410972595214844 58
1777432586615 18.136930465698242 59
1777432586905 18.735761642456055 60
1777432587216 17.712162017822266 61
1777432587510 17.266820907592773 62
1777432587802 17.246044158935547 63
1777432588151 16.886415481567383 64
1777432588444 19.492137908935547 65
1777432588746 15.979231834411621 66
1777432589046 16.14615821838379 67
1777432589377 15.675308227539062 68
1777432589700 15.390738487243652 69
1777432590009 14.502568244934082 70
1777432590315 15.719856262207031 71
1777432590631 18.118953704833984 72
1777432590942 17.1189022064209 73
1777432591243 14.28222370147705 74
1777432591544 16.919057846069336 75
1777432591844 15.628965377807617 76
1777432592182 15.128068923950195 77
1777432592526 13.91960334777832 78
1777432592816 16.718358993530273 79
1777432593114 15.251812934875488 80
1777432593414 15.409371376037598 81
1777432593739 14.388812065124512 82
1777432594093 15.74992561340332 83
1777432594476 16.492713928222656 84
1777432594836 16.95075035095215 85
1777432595184 15.232063293457031 86
1777432595488 15.45569133758545 87
1777432595785 14.043476104736328 88
1777432596088 16.388914108276367 89
1777432596390 13.979724884033203 90
1777432596698 14.370104789733887 91
1777432596990 14.450156211853027 92
1777432597283 15.173294067382812 93
1777432597579 14.64297103881836 94
1777432597861 15.330033302307129 95
1777432598163 15.254722595214844 96
1777432598460 15.69629192352295 97
1777432598745 15.912954330444336 98
1777432599037 13.82840347290039 99
1777432599319 13.210389137268066 100
1777432599629 15.403873443603516 101
1777432599909 14.974955558776855 102
1777432600199 15.337348937988281 103
1777432600567 14.630672454833984 104
1777432600975 15.343718528747559 105
1777432601335 14.676675796508789 106
1777432601681 13.721376419067383 107
1777432601977 12.322285652160645 108
1777432602295 13.88548469543457 109
1777432602645 14.935166358947754 110
1777432602967 13.696545600891113 111
1777432604163 13.885311126708984 112
1777432604978 13.182040214538574 113
1777432605887 12.202715873718262 114
1777432606787 14.234914779663086 115
1777432607501 13.397295951843262 116
1777432608140 13.727566719055176 117
1777432608490 14.881718635559082 118
1777432609008 13.332995414733887 119
1777432609375 13.220026969909668 120
1777432610175 12.960785865783691 121
1777432610573 12.746991157531738 122
1777432611328 13.738306999206543 123
1777432611695 14.59634780883789 124
1777432612599 13.011892318725586 125
1777432612891 13.991068840026855 126
1777432613952 14.420844078063965 127
1777432614278 13.704907417297363 128
1777432615454 12.889339447021484 129
1777432616796 14.711603164672852 130
1777432617665 12.755712509155273 131
1777432617968 13.51082706451416 132
1777432619142 12.222503662109375 133
1777432619678 13.23167610168457 134
1777432620178 14.53405475616455 135
1777432621146 13.601631164550781 136
1777432621493 12.601959228515625 137
1777432622198 11.962404251098633 138
1777432622496 15.072181701660156 139
1777432622814 13.806792259216309 140
1777432623116 14.373795509338379 141
1777432623429 12.260920524597168 142
1777432623887 13.528345108032227 143
1777432625058 12.739938735961914 144
1777432625621 12.5602445602417 145
1777432626236 12.533430099487305 146
1777432626644 15.698326110839844 147
1777432627065 13.065964698791504 148
1777432627690 13.037787437438965 149
1777432628852 13.840237617492676 150
1777432629744 13.827857971191406 151
1777432630050 12.10801887512207 152
1777432630787 14.615886688232422 153
1777432631900 13.950573921203613 154
1777432632528 14.567399978637695 155
1777432633255 12.618021011352539 156
1777432634295 13.227605819702148 157
1777432636225 13.776073455810547 158
1777432636566 13.97220230102539 159
1777432636923 14.48421859741211 160
1777432638203 13.152832984924316 161
1777432639409 11.132499694824219 162
1777432640767 11.985445976257324 163
1777432641036 13.058758735656738 164
1777432641922 12.704126358032227 165
1777432642445 12.723036766052246 166
1777432642785 12.547554016113281 167
1777432643086 13.176807403564453 168
1777432643416 11.985552787780762 169
1777432643719 11.999602317810059 170
1777432644067 12.804805755615234 171
1777432644432 12.494399070739746 172
1777432646188 13.462364196777344 173
1777432646531 11.189831733703613 174
1777432646898 12.354888916015625 175
1777432647652 11.594512939453125 176
1777432648026 10.670797348022461 177
1777432649038 11.58452320098877 178
1777432649712 12.07083511352539 179
1777432650103 11.78939437866211 180
1777432650461 13.380635261535645 181
1777432651284 12.010673522949219 182
1777432651631 12.081015586853027 183
1777432653252 11.744760513305664 184
1777432654048 12.313517570495605 185
1777432654594 12.814834594726562 186
1777432654935 12.17076301574707 187
1777432655238 13.010014533996582 188
1777432656004 12.091663360595703 189
1777432656624 11.31125259399414 190
1777432657240 11.500429153442383 191
1777432657971 11.482430458068848 192
1777432658687 12.258849143981934 193
1777432659955 12.178284645080566 194
1777432660275 12.11487865447998 195
1777432660678 13.003020286560059 196
1777432661050 11.713790893554688 197
1777432661414 13.409811973571777 198
1777432662895 11.15671443939209 199
1777432664925 12.141311645507812 200
1777432665985 11.873411178588867 201
1777432666838 10.931424140930176 202
1777432667210 11.992857933044434 203
1777432667594 10.050501823425293 204
1777432668430 10.886012077331543 205
1777432670194 12.279316902160645 206
1777432670832 11.490163803100586 207
1777432671679 11.438690185546875 208
1777432672941 12.02306842803955 209
1777432673679 11.255192756652832 210
1777432674046 11.11907958984375 211
1777432674411 11.495651245117188 212
1777432674737 12.16625690460205 213
1777432675019 12.569052696228027 214
1777432676536 12.09422779083252 215
1777432676834 12.177314758300781 216
1777432678831 11.502998352050781 217
1777432679484 11.209771156311035 218
1777432679961 11.59438419342041 219
1777432680797 10.624731063842773 220
1777432681105 11.135610580444336 221
1777432681391 11.236714363098145 222
1777432682510 11.385004043579102 223
1777432683124 11.079154014587402 224
1777432684547 10.788114547729492 225
1777432684844 10.308686256408691 226
1777432686286 11.384428024291992 227
1777432686819 12.613271713256836 228
1777432688497 10.327136993408203 229
1777432688790 9.846322059631348 230
1777432690014 10.589625358581543 231
1777432690310 10.569071769714355 232
1777432690615 12.01867961883545 233
1777432691442 10.961577415466309 234
1777432691729 10.480955123901367 235
1777432693352 10.401348114013672 236
1777432694415 9.475540161132812 237
1777432694743 8.927044868469238 238
1777432695044 11.526328086853027 239
1777432697182 9.740730285644531 240
1777432697484 10.98205280303955 241
1777432698469 10.635889053344727 242
1777432698787 11.581711769104004 243
1777432699079 10.705315589904785 244
1777432700872 10.149370193481445 245
1777432701639 9.842191696166992 246
1777432702430 10.658788681030273 247
1777432703541 10.233563423156738 248
1777432703907 10.767964363098145 249
1777432704285 10.953479766845703 250
1777432704587 10.6051607131958 251
1777432704890 10.805962562561035 252
