1777174423372 -2.726095676194833 1
1777174424936 -2.48245554023606 2
1777174426316 -2.117519626791909 3
1777174427603 -1.6334602962748441 4
1777174428920 -1.063076833215464 5
1777174430234 -0.47545571069666515 6
1777174431579 0.11170197845337453 7
1777174433210 0.5436954155535549 8
1777174484792 0.7722899445350324 9
1777174485931 0.8653352849076388 10
1777174487074 0.9044523442150718 11
1777174496026 0.9277952742929256 12
1777174497157 0.9330558325218897 13
1777174498289 0.9419852796000283 14
1777174499447 0.946409926088681 15
1777174500580 0.9528516405675628 16
1777174501743 0.9513806367348909 17
1777174502898 0.953622147770424 18
1777174504049 0.9607970144559376 19
1777174505201 0.959775177551378 20
1777174506368 0.9586452308714414 21
1777174507528 0.9580607783492858 22
1777174508695 0.9601584097690464 23
1777174509856 0.9651660386327301 24
1777174511030 0.9596004388320265 25
1777174512212 0.9623602192595262 26
1777174513387 0.9631086160313623 27
1777174516651 0.9648595230906416 28
1777174517902 0.9648787631203722 29
1777174519265 0.9634911645771995 30
1777174520591 0.9668729065760857 31
1777174522042 0.9684679380973467 32
1777174523228 0.96851721438672 33
1777174524354 0.9702244074363209 34
1777174525492 0.9665474421689048 35
1777174526642 0.9671413475014538 36
1777174527773 0.9679578008480603 37
1777174528901 0.9686364274079764 38
1777174530053 0.968796598438076 39
1777174531186 0.9739936607499488 40
1777174532314 0.9697264172675546 41
1777174533456 0.9709524709375532 42
1777174534624 0.9709535038230536 43
1777174535759 0.9653169826137716 44
1777174536897 0.9711111041159078 45
1777174538053 0.9687895283641508 46
1777174539185 0.9716007077268717 47
1777174540324 0.9727258112862011 48
1777174541470 0.9721037109073059 49
