1777381213246 -1.7383305017569652 1
1777381213685 -1.6792286804343841 2
1777381215060 -1.6318030165856179 3
1777381215670 -1.5849217257174595 4
1777381216446 -1.532681933041363 5
1777381216819 -1.4702583444754258 6
1777381217204 -1.3951328830366583 7
1777381217736 -1.3078061799498673 8
1777381218437 -1.2087454529700628 9
1777381219119 -1.1103154393423682 10
1777381220208 -1.0119471192779987 11
1777381220957 -0.902658885419285 12
1777381222087 -0.7966396449879873 13
1777381223398 -0.6874037664609296 14
1777381225135 -0.5761088843936104 15
1777381225727 -0.48191138599871475 16
1777381226372 -0.36628096197870086 17
1777381227104 -0.2518894610554405 18
1777381227905 -0.1405219397925932 19
1777381228276 -0.035788083987749575 20
1777381228792 0.09087576692141164 21
1777381229532 0.19045782747417983 22
1777381230376 0.2979108691811718 23
1777381232456 0.4133556767110319 24
1777381235679 0.5066504283492792 25
1777381239192 0.604542957855795 26
1777381240664 0.6771159437905812 27
1777381242334 0.7332371469957072 28
1777381243873 0.7940751905228889 29
1777381249505 0.8404258669935762 30
1777381252147 0.8554777856480871 31
1777381253796 0.8834074702179299 32
1777381255974 0.8950164039051567 33
1777381256981 0.9052894346634547 34
1777381258269 0.9042490829397243 35
1777381259397 0.9252477999279272 36
1777381259871 0.9321471935705203 37
1777381260702 0.9347494602195924 38
1777381261524 0.9402255102578179 39
1777381262022 0.9340332484676881 40
1777381262437 0.938129842676821 41
1777381262817 0.9407628317253715 42
1777381263606 0.9453137557816667 43
1777381264723 0.9470552116058605 44
1777381266134 0.9496084286190164 45
1777381266928 0.9577990959060886 46
1777381268062 0.9574978326882809 47
1777381269208 0.9639024363943954 48
1777381270781 0.9454085828452704 49
1777381271148 0.9618169848962522 50
1777381272425 0.9521965204830285 51
1777381273950 0.953523611412605 52
1777381274912 0.9681638226457017 53
1777381275399 0.9637624059747231 54
1777381276569 0.961911390974002 55
1777381277615 0.9652254896869181 56
1777381278352 0.9642064025327427 57
1777381278890 0.9559222213708953 58
1777381280984 0.9630038612248454 59
1777381281821 0.9612672371701116 60
1777381283002 0.9600814180900836 61
1777381283951 0.9694796761233357 62
1777381285494 0.9588445281636475 63
1777381286296 0.9682776538718605 64
1777381287079 0.9637069578322198 65
1777381289254 0.9620490868357571 66
1777381289709 0.9650898915785378 67
1777381290657 0.966790425664155 68
1777381291645 0.9652634525646917 69
1777381294213 0.9711539582082017 70
1777381295524 0.9595590320524852 71
1777381296536 0.9677027594168413 72
1777381297817 0.9663484527085924 73
1777381299164 0.970807484642436 74
1777381299727 0.9741418385156437 75
1777381300121 0.9641666935204612 76
1777381301393 0.976996945441458 77
1777381303853 0.9743119455042232 78
1777381305444 0.9711762467228164 79
1777381305859 0.9754508270535001 80
1777381306570 0.9729783532135611 81
1777381307764 0.9758982967448149 82
1777381309036 0.9697453421168332 83
1777381310722 0.9724561968046102 84
1777381312020 0.9664197834992222 85
1777381312485 0.9703043156522847 86
1777381312875 0.9629712348211636 87
1777381313242 0.9743016911499283 88
1777381313600 0.9749955595560268 89
1777381314186 0.97141600055861 90
1777381315867 0.9733082291176474 91
1777381317338 0.9688797688894821 92
1777381318065 0.9759570242714419 93
1777381318981 0.9735751102294051 94
1777381322594 0.9742904106426142 95
1777381325855 0.9747735134377153 96
1777381327332 0.9700261612091081 97
1777381328231 0.9705939322509813 98
1777381329207 0.9720362490634978 99
1777381330895 0.9788982275883206 100
1777381334699 0.9735277254011843 101
1777381336062 0.9744438958658577 102
1777381336416 0.9784269721962572 103
1777381338089 0.9813828813144434 104
1777381338974 0.9810968644820511 105
1777381340168 0.9795689298126261 106
1777381341743 0.9808272660979632 107
1777381342154 0.9726258373599992 108
1777381343198 0.973558213388085 109
1777381344270 0.9762312822035043 110
1777381345584 0.9793057729904967 111
1777381346072 0.9817667414784044 112
1777381346473 0.9793845786719994 113
1777381347287 0.9776314978975201 114
1777381348162 0.9821067031032474 115
1777381349393 0.9806548353153092 116
1777381350069 0.9789785115042422 117
1777381350777 0.9775923581729276 118
1777381352314 0.9767743108997371 119
1777381353741 0.9707503071091804 120
1777381354423 0.9811306270691454 121
1777381354870 0.982725598951883 122
1777381355549 0.9790404753596215 123
1777381355937 0.9835660517619712 124
1777381356669 0.9800336383962674 125
1777381357059 0.9814527482224447 126
1777381357785 0.9811233267917234 127
1777381358164 0.9834003723007535 128
1777381358541 0.9822362411680995 129
1777381359062 0.9815620634185337 130
1777381359421 0.9848729138428721 131
1777381360414 0.9826842275238714 132
1777381361683 0.9817287475050848 133
1777381363301 0.9814728024576695 134
1777381363905 0.9810700553374424 135
1777381364529 0.9786324467804992 136
1777381365867 0.9824088979914535 137
1777381366229 0.984468387100626 138
1777381367271 0.9792822599737672 139
1777381367781 0.9802378177314189 140
1777381368214 0.982742592792738 141
1777381369410 0.9843001291010528 142
1777381370207 0.9846515817261369 143
1777381370735 0.985585461104275 144
1777381371537 0.9842352709679276 145
1777381371907 0.9859355383494385 146
1777381372557 0.9855379291702017 147
