1777381213246 158.3103344973857 1
1777381213685 155.5120728829295 2
1777381215060 153.22382082801948 3
1777381215670 150.97124094579476 4
1777381216446 148.50413646686798 5
1777381216819 145.72737351852658 6
1777381217204 142.63706989926726 7
1777381217736 139.26613637999233 8
1777381218437 135.51992227998957 9
1777381219119 131.42999088379193 10
1777381220208 126.94927069529042 11
1777381220957 122.26282654883788 12
1777381222087 117.53796960155333 13
1777381223398 112.78045171355753 14
1777381225135 107.77576394117516 15
1777381225727 102.86693030025283 16
1777381226372 97.35852259996003 17
1777381227104 91.77994975494904 18
1777381227905 86.0357331944016 19
1777381228276 80.22191835359763 20
1777381228792 74.45994726910146 21
1777381229532 69.2695810180234 22
1777381230376 63.01336631842102 23
1777381232456 56.99693755521119 24
1777381235679 51.71758892083966 25
1777381239192 45.28077522250952 26
1777381240664 40.88431748879075 27
1777381242334 36.55677175045854 28
1777381243873 31.63494562136728 29
1777381249505 27.481762984046778 30
1777381252147 26.815553285483396 31
1777381253796 23.441656906746164 32
1777381255974 22.154857900936467 33
1777381256981 21.510761781783224 34
1777381258269 21.88845804811434 35
1777381259397 18.157471063762852 36
1777381259871 17.833304313932945 37
1777381260702 17.43058133307304 38
1777381261524 16.76418426970629 39
1777381262022 17.66482440009932 40
1777381262437 16.86943258038004 41
1777381262817 16.470565217421886 42
1777381263606 16.34123027597675 43
1777381264723 15.697696637631303 44
1777381266134 15.359069495500709 45
1777381266928 13.642687304749323 46
1777381268062 13.645882451387273 47
1777381269208 12.593860112143767 48
1777381270781 15.841232273484845 49
1777381271148 13.024627520907856 50
1777381272425 15.081392253488215 51
1777381273950 14.278052375936817 52
1777381274912 11.740031734607673 53
1777381275399 12.491426309416452 54
1777381276569 12.742586657781148 55
1777381277615 12.433261881977828 56
1777381278352 12.664150268276929 57
1777381278890 13.55563792185579 58
1777381280984 12.624005687285786 59
1777381281821 12.848954884500554 60
1777381283002 13.488755568293215 61
1777381283951 11.502744341484602 62
1777381285494 13.657140048615595 63
1777381286296 11.508921182792605 64
1777381287079 11.533641303908594 65
1777381289254 12.633391063351947 66
1777381289709 12.118416442355898 67
1777381290657 12.206237296811707 68
1777381291645 11.980305653212005 69
1777381294213 10.771279700699793 70
1777381295524 13.642557916680435 71
1777381296536 11.7453143119252 72
1777381297817 11.87292885374337 73
1777381299164 10.708160454150304 74
1777381299727 10.147595502458035 75
1777381300121 11.966164773167124 76
1777381301393 9.624762963492662 77
1777381303853 10.158146198539264 78
1777381305444 10.911069888475007 79
1777381305859 9.727658824226259 80
1777381306570 10.66009929049946 81
1777381307764 9.734345903133407 82
1777381309036 11.029334465335973 83
1777381310722 10.772606760630941 84
1777381312020 11.985121317632185 85
1777381312485 10.85132217351227 86
1777381312875 12.113742248212597 87
1777381313242 10.242105288849952 88
1777381313600 9.939733320730124 89
1777381314186 10.72910026543573 90
1777381315867 10.279191665347016 91
1777381317338 11.457406114565927 92
1777381318065 9.4690501671711 93
1777381318981 10.454748997041497 94
1777381322594 10.203059183872243 95
1777381325855 10.158762850624214 96
1777381327332 11.146154488246019 97
1777381328231 11.205877320037054 98
1777381329207 10.836790729955023 99
1777381330895 8.86326739344258 100
1777381334699 10.43975732582706 101
1777381336062 9.984747551219714 102
1777381336416 9.044440852706739 103
1777381338089 8.344691506708921 104
1777381338974 8.144895326790218 105
1777381340168 9.156237843592448 106
1777381341743 8.366575635326518 107
1777381342154 10.774054889040558 108
1777381343198 10.63782748235231 109
1777381344270 9.420754463478039 110
1777381345584 8.99919974404927 111
1777381346072 8.319288856900585 112
1777381346473 8.775199921216533 113
1777381347287 9.08429432307281 114
1777381348162 8.191031444793719 115
1777381349393 8.486544830828503 116
1777381350069 8.973178310808684 117
1777381350777 9.426660056682593 118
1777381352314 9.462812547465317 119
1777381353741 11.204674904443065 120
1777381354423 8.391938166973945 121
1777381354870 7.89755178295859 122
1777381355549 8.958465188934182 123
1777381355937 7.785399549790011 124
1777381356669 8.710115419859335 125
1777381357059 8.245794398744037 126
1777381357785 8.411442896931996 127
1777381358164 7.673379237835224 128
1777381358541 7.877275031801538 129
1777381359062 8.076272864518135 130
1777381359421 7.209345514047727 131
1777381360414 7.973324721936121 132
1777381361683 7.990384182227197 133
1777381363301 8.524158760021521 134
1777381363905 8.220188031109794 135
1777381364529 9.167390395526807 136
1777381365867 7.949045571592088 137
1777381366229 7.33029103405113 138
1777381367271 9.175989119921162 139
1777381367781 8.74098613859973 140
1777381368214 7.717481635839045 141
1777381369410 7.50801550411016 142
1777381370207 7.306846699291863 143
1777381370735 7.128357118672647 144
1777381371537 7.5667048951001705 145
1777381371907 6.853915597576291 146
1777381372557 7.032504253645049 147
