1777299378714 189.29042434240938 1
1777299379426 185.8418385342028 2
1777299380124 182.54394534861547 3
1777299380818 178.6155667999087 4
1777299381524 173.7331595336192 5
1777299382200 168.22032582661103 6
1777299382900 162.09252958579881 7
1777299383573 155.04656036196377 8
1777299384309 147.714081009182 9
1777299384994 139.93952380298862 10
1777299385705 131.63414172110473 11
1777299386390 122.39431954107341 12
1777299387091 112.30435814490686 13
1777299387776 102.00164596286751 14
1777299388450 91.18214393028846 15
1777299389136 80.16941996467185 16
1777299389816 69.46252855379906 17
1777299390493 58.494426086245205 18
1777299391182 48.431423778646796 19
1777299391862 39.8314306225297 20
1777299392548 32.9963979416345 21
1777299393265 28.32373754964072 22
1777299393948 24.629392955712312 23
1777299394688 22.09079999754415 24
1777299395376 19.1731356152416 25
1777299396060 18.80787908565363 26
1777299396745 17.848594640697954 27
1777299397423 17.62438661925186 28
1777299398129 16.348049697650254 29
1777299398823 16.259784770717282 30
1777299399513 14.23805578671969 31
1777299400206 13.346832326178015 32
1777299400900 14.94384203577888 33
1777299401598 15.157171716633632 34
1777299402283 14.455465394646458 35
1777299402984 12.960025235463881 36
1777299403671 14.06550551194411 37
1777299404372 13.906703016743858 38
1777299405065 12.934081756998095 39
1777299405750 13.589795790903667 40
1777299406458 13.287031774125861 41
1777299407143 12.045903125740367 42
1777299407835 12.196591795972113 43
1777299408533 11.731474137165137 44
1777299409230 11.601177450326773 45
1777299409921 11.282346960214468 46
1777299410609 12.635152917218631 47
1777299411298 11.550401154354478 48
1777299412000 11.669396169086886 49
1777299412687 10.97352664992654 50
1777299413429 10.612066581545497 51
1777299414123 11.666636883436576 52
1777299414807 10.06723441061889 53
1777299415495 11.81584953894982 54
1777299416185 11.978630436665913 55
1777299416865 11.579946089073045 56
1777299417549 9.705864056468716 57
1777299418239 10.997224594432222 58
1777299418916 10.259959438707702 59
1777299419635 9.077760351621187 60
1777299420348 10.5501967593763 61
1777299421060 9.45543553617579 62
1777299421747 10.369644819632084 63
1777299422440 9.47043114611383 64
1777299423140 10.145422596338937 65
