1777206945742 175.10953448154578 1
1777206946345 170.39037909360047 2
1777206946945 165.48946326661013 3
1777206947545 159.4872145884083 4
1777206948170 152.19937137356283 5
1777206948767 143.5967977892788 6
1777206949368 133.76925240922992 7
1777206949971 123.20072709601362 8
1777206950568 111.78878282093291 9
1777206951165 99.5075240723227 10
1777206951761 86.19427384555445 11
1777206952360 73.6867306150239 12
1777206952956 59.60561956319803 13
1777206953552 47.45403017571347 14
1777206954149 36.73428904557353 15
1777206954748 28.42846150846944 16
1777206955346 23.313935105386776 17
1777206955945 21.634907001782967 18
1777206956542 18.35468482079386 19
1777206957138 16.62595273792082 20
1777206957821 15.459127896574769 21
1777206958425 16.310965084876322 22
1777206959030 14.578774597127838 23
1777206959633 13.970455273628792 24
1777206960232 13.50122821937173 25
1777206960837 12.172104611444167 26
1777206961905 13.78198941864513 27
1777206962532 12.798802869909343 28
1777206963167 12.259846546300178 29
1777206963798 13.59981992243327 30
1777206964436 11.928306675458916 31
1777206965066 12.082091568646412 32
1777206965693 10.767793609133106 33
1777206966327 10.604484345186949 34
1777206966976 10.258403015582621 35
1777206967616 11.459856394506351 36
1777206968353 9.741278815589963 37
1777206969001 10.290596395121339 38
1777206969634 10.158673344962713 39
1777206970260 9.223078611230099 40
1777206970882 9.401639202057723 41
1777206971486 9.76740195331763 42
1777206972089 8.639558250342525 43
1777206972695 9.006898493184325 44
1777206973299 8.716290815053524 45
1777206973904 8.444073892768401 46
1777206974515 11.119206324298085 47
1777206975120 7.553155640145619 48
1777206975722 8.719403873055668 49
1777206976324 8.778137984574014 50
1777206976924 8.924543174507324 51
1777206977529 7.196459599087491 52
1777206978281 7.745226394078106 53
1777206978908 7.482374880203791 54
1777206979534 7.760316645311794 55
1777206980161 7.298147400243459 56
1777206980793 7.270656303659926 57
1777206981415 6.978677008320615 58
1777206982094 8.086428070402786 59
1777206982731 8.00369276852722 60
1777206983357 7.259800048128058 61
1777206983996 7.655352118696684 62
1777206984634 6.644759613195405 63
1777206985274 6.781790573369823 64
1777206985907 6.485254120506228 65
1777206986534 6.541363847388084 66
1777206987160 6.6237489175267 67
1777206987813 7.5289189262323255 68
1777206988443 6.025655004589408 69
1777206989070 6.415637982511716 70
