1777206945742 180.1095428466797 1
1777206946345 175.3839340209961 2
1777206946945 170.40855407714844 3
1777206947545 164.29556274414062 4
1777206948170 157.0522003173828 5
1777206948767 148.4336395263672 6
1777206949368 138.53870391845703 7
1777206949971 127.94700622558594 8
1777206950568 116.51253128051758 9
1777206951165 104.24495697021484 10
1777206951761 90.89304733276367 11
1777206952360 78.35032272338867 12
1777206952956 64.22478485107422 13
1777206953552 52.047048568725586 14
1777206954149 41.235862731933594 15
1777206954748 32.8328914642334 16
1777206955346 27.679577827453613 17
1777206955945 25.948123931884766 18
1777206956542 22.598133087158203 19
1777206957138 20.845788955688477 20
1777206957821 19.68391227722168 21
1777206958425 20.55651569366455 22
1777206959030 18.740288734436035 23
1777206959633 18.123756408691406 24
1777206960232 17.637165069580078 25
1777206960837 16.28862953186035 26
1777206961905 17.9617862701416 27
1777206962532 16.912245750427246 28
1777206963167 16.316845893859863 29
1777206963798 17.78976821899414 30
1777206964436 16.011799812316895 31
1777206965066 16.20087242126465 32
1777206965693 14.822637557983398 33
1777206966327 14.657895565032959 34
1777206966976 14.326000690460205 35
1777206967616 15.553975582122803 36
1777206968353 13.747978210449219 37
1777206969001 14.349361419677734 38
1777206969634 14.217331886291504 39
1777206970260 13.241612911224365 40
1777206970882 13.406954288482666 41
1777206971486 13.77058219909668 42
1777206972089 12.597900390625 43
1777206972695 12.968995571136475 44
1777206973299 12.623318195343018 45
1777206973904 12.38895845413208 46
1777206974515 15.137185096740723 47
1777206975120 11.465344905853271 48
1777206975722 12.637595653533936 49
1777206976324 12.794909954071045 50
1777206976924 12.900781154632568 51
1777206977529 10.998771667480469 52
1777206978281 11.651336193084717 53
1777206978908 11.330624103546143 54
1777206979534 11.66014289855957 55
1777206980161 11.115588188171387 56
1777206980793 11.07987356185913 57
1777206981415 10.764963150024414 58
1777206982094 12.003059387207031 59
1777206982731 11.92365837097168 60
1777206983357 11.10688066482544 61
1777206983996 11.50898551940918 62
1777206984634 10.437818050384521 63
1777206985274 10.570401191711426 64
1777206985907 10.260098934173584 65
1777206986534 10.324913501739502 66
1777206987160 10.385541915893555 67
1777206987813 11.355131149291992 68
1777206988443 9.768638610839844 69
1777206989070 10.209940433502197 70
