1777206945742 -2.0700248535932815 1
1777206946345 -1.9634468117030208 2
1777206946945 -1.848252526951086 3
1777206947545 -1.6833032703879067 4
1777206948170 -1.4734195820874767 5
1777206948767 -1.2592842875365429 6
1777206949368 -1.0250579347310596 7
1777206949971 -0.7846439200907066 8
1777206950568 -0.5414409831978251 9
1777206951165 -0.2916214876972699 10
1777206951761 -0.04303109392366422 11
1777206952360 0.19982545636416565 12
1777206952956 0.43022792357978884 13
1777206953552 0.6148967092004252 14
1777206954149 0.757246776862328 15
1777206954748 0.8475190572316018 16
1777206955346 0.8942765581839225 17
1777206955945 0.9081705940313249 18
1777206956542 0.9325184308119903 19
1777206957138 0.9436296576054577 20
1777206957821 0.9517016252369488 21
1777206958425 0.9472655469733571 22
1777206959030 0.955186462086871 23
1777206959633 0.9591821619690004 24
1777206960232 0.9606707357332064 25
1777206960837 0.9668383411550707 26
1777206961905 0.9597535418832359 27
1777206962532 0.9647490733803945 28
1777206963167 0.9662923641286232 29
1777206963798 0.9615990281013314 30
1777206964436 0.9677001461605249 31
1777206965066 0.9672443620413698 32
1777206965693 0.9721388121407935 33
1777206966327 0.973158163499408 34
1777206966976 0.9747880484945723 35
1777206967616 0.9707828962549363 36
1777206968353 0.9765015826090293 37
1777206969001 0.9744246171954278 38
1777206969634 0.9753525703482622 39
1777206970260 0.9788546464950495 40
1777206970882 0.9781723298530718 41
1777206971486 0.9761461686008264 42
1777206972089 0.9806640336783572 43
1777206972695 0.9793588498084691 44
1777206973299 0.9800708939976789 45
1777206973904 0.9817177295038497 46
1777206974515 0.9662037404531062 47
1777206975120 0.9842254258795065 48
1777206975722 0.980168036810459 49
1777206976324 0.9807071074602862 50
1777206976924 0.9796769467309404 51
1777206977529 0.9850685810320844 52
1777206978281 0.9832343046078456 53
1777206978908 0.9839575984989815 54
1777206979534 0.9839675644971492 55
1777206980161 0.9850804162652347 56
1777206980793 0.9848460237449398 57
1777206981415 0.9860571872777265 58
1777206982094 0.9824406253874748 59
1777206982731 0.983023424067774 60
1777206983357 0.985216010292151 61
1777206983996 0.9842118619371015 62
1777206984634 0.9871154987685482 63
1777206985274 0.986576124472428 64
1777206985907 0.987619458006591 65
1777206986534 0.9874633856144217 66
1777206987160 0.9870970925505393 67
1777206987813 0.9845051689136411 68
1777206988443 0.988631294719841 69
1777206989070 0.9875189044331816 70
