1777437257337 -1.717873709911191 1
1777437258370 -1.5200075903196995 2
1777437259384 -1.206578436149422 3
1777437260391 -0.7571273314407887 4
1777437261423 -0.24818973143941986 5
1777437262425 0.21703126671796147 6
1777437263437 0.5667676516101441 7
1777437264483 0.782985578086914 8
1777437265464 0.8931246295157675 9
1777437266474 0.9274732034670586 10
1777437267489 0.9353266358355323 11
1777437268510 0.9491135218097893 12
1777437269621 0.954634103617509 13
1777437270643 0.9618288781124532 14
1777437271649 0.9591342319272291 15
1777437272684 0.9587822349447683 16
1777437273695 0.9653376148176402 17
1777437274712 0.9679571931700527 18
1777437275722 0.9630143983775402 19
1777437276698 0.9670953777671207 20
1777437277709 0.9711377117696397 21
1777437278725 0.9666003980457835 22
1777437279728 0.9645439294985981 23
1777437280721 0.9704356829600559 24
1777437281743 0.9640125197642329 25
1777437282752 0.9691589736229163 26
1777437283736 0.9694924937570718 27
1777437284728 0.9749321296428138 28
1777437285724 0.97338485830132 29
1777437286718 0.9712622206268817 30
1777437287716 0.9726823144181465 31
1777437288717 0.9730273806244051 32
1777437289723 0.9762050712492707 33
1777437290729 0.976154609645798 34
1777437291930 0.9783003130678019 35
1777437292913 0.9763056712683156 36
1777437293907 0.98024017078436 37
1777437294914 0.9778217279920037 38
1777437295938 0.9791167742911016 39
1777437296954 0.9764948924623598 40
1777437297955 0.9779787583636486 41
1777437298959 0.9813388203221896 42
1777437299960 0.9806527794932645 43
1777437300989 0.9828971943218189 44
1777437301985 0.9825989300083542 45
1777437302991 0.9809583211682047 46
1777437304005 0.982635364509502 47
1777437305014 0.9809042312660526 48
1777437306217 0.9823314974368154 49
1777437307238 0.9840784518399519 50
1777437308247 0.9843398212486132 51
1777437309250 0.9849286749737465 52
1777437310259 0.9847109317904169 53
1777437311278 0.986340317188589 54
1777437312298 0.9844445368259095 55
1777437313334 0.9847030487696473 56
1777437314540 0.9857398737810652 57
1777437315547 0.9865334765534117 58
1777437316546 0.987874211716406 59
1777437317557 0.986662234075506 60
1777437318598 0.9864795455893685 61
1777437319593 0.9884482942907515 62
1777437320607 0.987645011446581 63
1777437321629 0.9873332080822307 64
1777437322669 0.9883446469706383 65
1777437323675 0.9889628065972658 66
1777437324672 0.9883407251998482 67
1777437325683 0.9893032609695398 68
1777437326696 0.9890784662239946 69
1777437327711 0.9883148187914028 70
1777437328726 0.9890819043146284 71
1777437329748 0.9899376241542988 72
1777437330764 0.9895557234339364 73
1777437331771 0.9901046977188285 74
1777437332768 0.9899121107655209 75
1777437333785 0.9899428551856476 76
1777437334816 0.9905052866798569 77
1777437335828 0.9903297529996539 78
1777437336854 0.9902660509706138 79
1777437337862 0.990931194030599 80
1777437338884 0.9914687603669119 81
1777437339906 0.9918497651504408 82
1777437340905 0.9915723024746234 83
1777437341923 0.9905429486603402 84
1777437342931 0.9900315416053894 85
1777437343950 0.990977170010171 86
1777437344968 0.9913942742696904 87
1777437345974 0.9895393652320934 88
1777437347007 0.9921291417252778 89
1777437348038 0.9912923590777831 90
1777437349044 0.9916443902895525 91
1777437350056 0.9911099974168086 92
1777437351082 0.9922392819195658 93
1777437352093 0.9919914833190963 94
1777437353664 0.9909218773633971 95
1777437354684 0.9908810672589821 96
1777437355694 0.9918553608413601 97
1777437356729 0.9920316440136852 98
1777437357730 0.9916934688589382 99
1777437358740 0.9927157417708483 100
1777437359741 0.9927358572223278 101
1777437360746 0.9924004298129545 102
1777437361761 0.9918531025591175 103
1777437362795 0.9934686138450151 104
1777437363990 0.9925812098951579 105
1777437365000 0.9916967710685687 106
1777437366002 0.9925002157796672 107
1777437367026 0.9926289120549887 108
1777437368043 0.9928660101356612 109
1777437369049 0.9925040564395742 110
1777437370063 0.9930385409566818 111
1777437371065 0.9919920780658478 112
1777437372098 0.992917472104033 113
1777437373103 0.9922146611379818 114
1777437374135 0.9933152768102727 115
1777437375129 0.9935239714803146 116
1777437376125 0.9921956869493576 117
1777437377125 0.9933928907327622 118
1777437378113 0.9928754618723727 119
1777437379116 0.992920200970141 120
1777437380135 0.990621836430217 121
1777437381130 0.9937860660013161 122
1777437382131 0.992967409709106 123
1777437383149 0.9940985063285322 124
1777437384158 0.9934691661163717 125
1777437385152 0.9934745482139615 126
1777437386138 0.9937981249606278 127
1777437387130 0.9935834268113704 128
1777437388142 0.9932636073056792 129
1777437389131 0.9936462176640007 130
1777437390099 0.9935802661990308 131
1777437391065 0.9933129446356217 132
1777437392033 0.9935435442112809 133
1777437393010 0.9934069993413985 134
1777437393971 0.9938158882703474 135
1777437394957 0.9937466298657234 136
1777437395926 0.9931042973733043 137
1777437396896 0.9934792247719415 138
1777437397868 0.9945426361621389 139
1777437398847 0.993406967630546 140
1777437399811 0.9932452061321606 141
1777437400775 0.9940792229892531 142
