1777122386350 -1.7442183769945814 1
1777122387013 -1.6650473048694274 2
1777122387651 -1.5926825511698781 3
1777122388276 -1.503495705837266 4
1777122388906 -1.387776519694305 5
1777122389541 -1.2416572847436722 6
1777122390169 -1.0815732629716015 7
1777122390805 -0.9152250082648996 8
1777122391432 -0.735053603024663 9
1777122392069 -0.5576097330550227 10
1777122392696 -0.37441433806900215 11
1777122393321 -0.18601115004224278 12
1777122393950 0.016607694008633045 13
1777122394578 0.20350486517419442 14
1777122395206 0.38353209906537356 15
1777122395865 0.5412011686213503 16
1777122396501 0.6590339332097894 17
1777122397134 0.7559710274188445 18
1777122397764 0.8433006665730085 19
1777122398397 0.8810713274466739 20
1777122399033 0.9149520088055818 21
1777122399660 0.9294758931971983 22
1777122400293 0.9389771443708784 23
1777122400924 0.9413607640439844 24
1777122401553 0.9485671415144131 25
1777122402180 0.9462752329155021 26
1777122402811 0.9517335091705337 27
1777122403439 0.9548873679871602 28
1777122404068 0.9601803455710494 29
1777122404702 0.962278127541245 30
1777122405332 0.9581834229570052 31
1777122405967 0.9634271574972466 32
1777122406612 0.9611373137225918 33
1777122407245 0.9605887874483091 34
1777122407881 0.9580005531481373 35
1777122408510 0.9577725560063748 36
1777122409141 0.9682560846496489 37
1777122409771 0.9609195866760798 38
1777122410409 0.9722698344482757 39
1777122411038 0.9667052127027478 40
1777122411666 0.9647531739308636 41
1777122412301 0.9686710993161319 42
1777122412934 0.974043288616149 43
1777122413561 0.9684822365881464 44
1777122414191 0.969886370822198 45
1777122414822 0.9652787875070163 46
1777122415460 0.9714044394352028 47
1777122416095 0.9747436305295077 48
1777122416838 0.9746811327648973 49
1777122417478 0.9691893522115131 50
1777122418113 0.9695057151453467 51
1777122418745 0.9710860623879033 52
1777122419380 0.9747340772602164 53
1777122420011 0.9746427006799773 54
1777122420652 0.9642558803229658 55
1777122421285 0.9747321867450023 56
1777122421917 0.9791001831287461 57
1777122422556 0.96895436444292 58
1777122423192 0.9752782284582563 59
1777122423823 0.9738120466539847 60
1777122424457 0.9763424721150287 61
1777122425092 0.9737219690235457 62
1777122425719 0.9733155388609777 63
1777122426357 0.9754069088231018 64
1777122427015 0.9746981398498333 65
1777122427647 0.9784449245139176 66
1777122428277 0.9761686278012348 67
1777122428909 0.979387148737742 68
1777122429543 0.9779224727048873 69
1777122430174 0.9801463428947319 70
1777122430802 0.9757280099700788 71
1777122431432 0.9761457811071164 72
1777122432058 0.9794623615387664 73
1777122432690 0.9798277927061059 74
1777122433328 0.9813684416496932 75
1777122433968 0.9830765509574112 76
1777122434603 0.9799275381435958 77
1777122435237 0.9833211460981984 78
1777122435874 0.9779603132171372 79
1777122436506 0.982151752849457 80
1777122437165 0.9835751296223723 81
1777122437805 0.9847792794715943 82
1777122438445 0.9838450188554096 83
1777122439081 0.9834745559832108 84
1777122439718 0.9831492980273394 85
1777122440352 0.9862540637263174 86
1777122440987 0.9857616902805676 87
1777122441625 0.9869742809476988 88
1777122442264 0.9860724837932248 89
1777122442895 0.9867710858048014 90
1777122443527 0.9850000909259781 91
1777122444168 0.984225379943715 92
1777122444818 0.9838760701272697 93
1777122445461 0.9821454796618222 94
1777122446107 0.9879012146219434 95
1777122446756 0.9871110701703665 96
1777122447410 0.9862238458422239 97
1777122448097 0.9875164447132998 98
1777122448785 0.9859995528214439 99
1777122449477 0.9869273677706805 100
1777122450192 0.9856390182572905 101
1777122450993 0.9854351308649265 102
1777122451768 0.9869757030299393 103
1777122452587 0.9836595117353518 104
1777122453449 0.9866616270552995 105
1777122455605 0.9873986311280283 106
1777122456444 0.9867072840629859 107
1777122457308 0.9880103270455122 108
1777122458529 0.988662534948603 109
1777122475846 0.9879106435674271 110
1777122484976 0.9880069553741341 111
1777122485741 0.9863746841253929 112
1777122486439 0.9892429327965445 113
1777122487128 0.9873089006456046 114
1777122487811 0.9873865894775262 115
1777122586448 0.9890528479262636 116
1777122587114 0.989066605136401 117
1777122587780 0.9904663111346805 118
1777122588443 0.9895909654598893 119
1777122589109 0.9890607690835402 120
1777122589772 0.9881757751102309 121
1777122590433 0.9893999051087229 122
1777122591092 0.9889454401034836 123
