1777432740148 -1.6778079424773094 1
1777432741463 -1.5309984386272533 2
1777432742342 -1.3299558531270674 3
1777432743540 -1.0371171736366507 4
1777432744607 -0.7024409729355594 5
1777432746504 -0.37409216314166277 6
1777432748127 -0.05768774259628769 7
1777432749415 0.26298427533638297 8
1777432750702 0.5350366497527308 9
1777432753779 0.7516748284342315 10
1777432754680 0.8658210381225399 11
1777432756019 0.9026925866126091 12
1777432756929 0.9252130701896192 13
1777432757875 0.9382636651497909 14
1777432759317 0.9483314078971231 15
1777432760208 0.9500675774784918 16
1777432761575 0.9562401629638791 17
1777432763452 0.9594640696779511 18
1777432764370 0.9484392616025487 19
1777432765447 0.9625366745653818 20
1777432767386 0.9628763312146774 21
1777432769192 0.9662934686073145 22
1777432771241 0.9607616570791603 23
1777432772495 0.9674182574956659 24
1777432774356 0.9695108824970818 25
1777432775254 0.9651821464823596 26
1777432776179 0.9705842122433607 27
1777432777550 0.9675611287725308 28
1777432779720 0.9709692077934126 29
1777432781611 0.968937584261735 30
1777432782739 0.9665518527519391 31
1777432784038 0.9692539726904181 32
1777432785369 0.9691576291209539 33
1777432786287 0.9709886728079061 34
1777432787196 0.9695902399251962 35
1777432788791 0.9745865829614115 36
1777432790434 0.9738608063809563 37
1777432791951 0.9753733991438832 38
1777432793763 0.9773028480793048 39
1777432795560 0.9770658037375175 40
1777432797040 0.9791612640148742 41
1777432798407 0.9772822247512841 42
1777432800055 0.9727746885495624 43
1777432801462 0.9796305942737096 44
1777432802788 0.9771282467832343 45
1777432804340 0.9783007701253691 46
1777432805219 0.9799913759612638 47
1777432806132 0.9819101249734711 48
1777432807138 0.9798003811376294 49
1777432808364 0.9768499304837541 50
1777432809269 0.9819371877273643 51
1777432810695 0.98161222452089 52
1777432812289 0.9858701492000655 53
1777432813290 0.9839964866753129 54
1777432815915 0.9838161743677226 55
1777432816858 0.9844093900792669 56
1777432817721 0.9836806500115989 57
1777432818586 0.9838596866044801 58
1777432820259 0.9864381934657587 59
1777432821127 0.9831358169763744 60
1777432822402 0.9845776277471368 61
1777432823505 0.9857664204384192 62
1777432824586 0.9883589386338105 63
1777432826740 0.987148199211906 64
1777432828587 0.986073173216084 65
1777432829478 0.9869651409807633 66
1777432831377 0.9839067640651883 67
1777432832648 0.9870322559329409 68
1777432834324 0.9878632481224795 69
1777432835544 0.987377546058659 70
1777432836914 0.9877161032013397 71
1777432838445 0.9869462488419062 72
1777432839445 0.9870731823835385 73
1777432841404 0.9889895479354394 74
1777432842310 0.9884510332759721 75
1777432843231 0.9892930137544242 76
1777432844631 0.9896215979973677 77
1777432845688 0.9877520671936287 78
1777432846769 0.9874006715770457 79
1777432847686 0.9874271330893963 80
1777432849374 0.9896836770657317 81
1777432850259 0.9892155738849819 82
1777432851565 0.9899108543477991 83
1777432854514 0.9903110739582591 84
1777432855516 0.9906160614656953 85
1777432856694 0.9900810988743706 86
1777432858004 0.9909361827368576 87
1777432859444 0.9905406796828732 88
1777432860343 0.9899741664741614 89
1777432861686 0.9908559273251866 90
1777432863036 0.9906934800067821 91
1777432864696 0.9906016528660487 92
1777432866224 0.9896541155666383 93
1777432867758 0.9905743065259491 94
1777432869842 0.9906555270955298 95
1777432871420 0.9907347234646621 96
1777432872327 0.991536087578746 97
1777432873501 0.9903292329598193 98
1777432874707 0.9913103715880117 99
1777432876191 0.9906454427700858 100
1777432878558 0.9897476489757949 101
1777432880410 0.9918047871819553 102
1777432881316 0.9917877063586547 103
1777432882248 0.9915381751843303 104
1777432884448 0.9913898272860248 105
1777432885553 0.9906510124607731 106
1777432886891 0.9925259718292595 107
1777432888129 0.9923097302128738 108
1777432889001 0.9900291142973021 109
1777432890110 0.9921442640352091 110
1777432892596 0.9926685538776804 111
1777432893496 0.9920974612518242 112
1777432894712 0.9925271050227158 113
1777432896057 0.9935325914634504 114
1777432898433 0.9931985844363417 115
1777432899855 0.993036129344051 116
1777432902194 0.9926383302029208 117
1777432904329 0.9911686867258261 118
1777432905223 0.9923262433431294 119
1777432907199 0.9917700416965438 120
1777432908419 0.9914959900714696 121
1777432910446 0.9923885508441583 122
1777432912002 0.9924801573261132 123
1777432913384 0.9916603912266829 124
1777432914304 0.9913274203191144 125
1777432916153 0.9930343136432253 126
1777432917440 0.9921516286963579 127
1777432918369 0.9921939543191057 128
1777432919408 0.992631964161861 129
1777432920732 0.9914476779581197 130
1777432922144 0.993926061147787 131
1777432923113 0.992047247734297 132
1777432924011 0.9925236721541663 133
1777432926156 0.9921121736310355 134
1777432927451 0.9932075535080674 135
1777432929042 0.9930521559087432 136
1777432930633 0.9937519502089952 137
1777432932290 0.9933338745792183 138
1777432935135 0.993623874232798 139
1777432936498 0.9934854047696703 140
1777432939107 0.9918702628407319 141
1777432940020 0.993941495701122 142
1777432941510 0.9939248707464993 143
1777432942384 0.993660903446869 144
1777432943413 0.9933051054185573 145
1777432944321 0.9933068521510565 146
1777432945219 0.9926913263818874 147
1777432946200 0.9937378928295546 148
1777432947543 0.9925799923672712 149
1777432949469 0.9941574937357305 150
1777432951257 0.992278768417557 151
1777432952792 0.9939920267607439 152
1777432954498 0.9936121372588147 153
1777432956157 0.9938540779154286 154
1777432957084 0.9939193060390726 155
1777432958759 0.9944022256495147 156
1777432959743 0.9937128523437915 157
1777432961410 0.9940503127704834 158
1777432962298 0.9936032610750661 159
1777432963198 0.9937443810348322 160
1777432964865 0.9940709496485355 161
1777432967496 0.9947464379956342 162
1777432968922 0.9939007988072629 163
1777432970206 0.9946708939578478 164
1777432971826 0.9931675486894379 165
1777432973286 0.9937710522427882 166
1777432975017 0.993958756519795 167
1777432976487 0.9946274078333756 168
1777432977386 0.9943531800002071 169
1777432978294 0.994680916690191 170
1777432979365 0.9952078312160104 171
1777432981282 0.9937109290045374 172
1777432982806 0.9948072131440343 173
1777432983964 0.9943517767140273 174
1777432986058 0.9948186254087581 175
1777432988366 0.9943255669560013 176
1777432989334 0.9942799529792606 177
1777432990514 0.9945013195801593 178
1777432991383 0.9941823103734283 179
1777432993076 0.9947492890186783 180
1777432993948 0.994832651792318 181
