1777204864976 -2.0762445932579725 1
1777204865731 -1.9705769086439089 2
1777204866406 -1.856648168343741 3
1777204867049 -1.6998951141580072 4
1777204867702 -1.5056922144257676 5
1777204868446 -1.3024771976450782 6
1777204869092 -1.082500298229713 7
1777204869754 -0.8507174447695025 8
1777204870435 -0.6057954519427904 9
1777204871165 -0.36293169447134743 10
1777204871823 -0.1024042126821374 11
1777204894616 0.14674974772640426 12
1777204895228 0.37198847695682324 13
1777204897012 0.5712468306334376 14
1777204897683 0.7093777029979935 15
1777204898343 0.8084914777555342 16
1777204899120 0.8784340617324642 17
1777204899778 0.9075999742765235 18
1777204900423 0.9214005147083015 19
1777204901060 0.9358024546524842 20
1777204901692 0.9442451013861581 21
1777204902319 0.9496886978146534 22
1777204902945 0.9457580062455526 23
1777204903567 0.9518312328811681 24
1777204904186 0.9624114743677642 25
1777204904813 0.9612969947698085 26
1777204905433 0.9524696896799769 27
1777204906049 0.9627305675473277 28
1777204906663 0.9576928652858898 29
1777204908079 0.964545660774787 30
1777204908710 0.9675791360597333 31
1777204909345 0.9711262718871497 32
1777204909971 0.9670209087937814 33
1777204910593 0.9705530633243654 34
1777204911223 0.9654557928851311 35
1777204911836 0.9735946424742642 36
1777204912443 0.9746727432722441 37
1777204913048 0.9749133506596266 38
1777204913655 0.9719738834720546 39
1777204914260 0.9737995685199831 40
1777204914867 0.9782435565600908 41
1777204915493 0.9798745456426833 42
1777204916102 0.9790288115827571 43
1777204916753 0.9785566145373313 44
1777204917369 0.9769431007218837 45
1777204917983 0.9807881072079598 46
1777204918598 0.9802926523851139 47
1777204919212 0.9796316566494557 48
1777204919826 0.9724637359970063 49
1777204920438 0.9788378687435738 50
1777204921050 0.9816962879561161 51
1777204921668 0.9767301790266065 52
1777204922284 0.9795239019440174 53
1777204922905 0.9825754617170063 54
1777204923521 0.9841999404174708 55
1777204924135 0.9817289785183606 56
1777204924757 0.9823323607699944 57
1777204925380 0.9823918390014009 58
1777204925993 0.9863638040955833 59
1777204926608 0.9829309919809599 60
1777204927608 0.9848332892174684 61
1777204928227 0.9819560126313609 62
1777204928851 0.9850802180982263 63
1777204929872 0.9826943094660304 64
1777204930492 0.9846028477634228 65
1777204931109 0.9850036977033962 66
1777204931726 0.9860250177781451 67
1777204932343 0.9842265286146072 68
1777204932969 0.9884718138064941 69
1777204933586 0.9866991982601142 70
1777204934206 0.9842273096257578 71
1777204934824 0.9860001932804431 72
1777204935443 0.986703527626402 73
1777204936063 0.9857309729084344 74
1777204937874 0.9838619969057224 75
1777204938522 0.9898393728984504 76
