1777213645831 -1.8610728132797574 1
1777213646758 -1.8262779857969373 2
1777213648574 -1.7821771145108953 3
1777213649329 -1.7373395257371862 4
1777213650071 -1.6844810153474956 5
1777213653079 -1.6211753415601033 6
1777213656043 -1.5460842390825402 7
1777213656854 -1.456906073174776 8
1777213657652 -1.3520062075214834 9
1777213658512 -1.239477712855351 10
1777213659365 -1.1220090764714734 11
1777213660262 -0.9990480235133246 12
1777213662530 -0.869998643939037 13
1777213664047 -0.7393582673959229 14
1777213664748 -0.5987810702585644 15
1777213665416 -0.4600626572413662 16
1777213667690 -0.3043841304143241 17
1777213682130 -0.16216312945778066 18
1777213683202 -0.02106167703375872 19
1777213686841 0.10770087956919705 20
1777213688725 0.23190929321465892 21
1777213690115 0.3555917602014227 22
1777213691682 0.45867035524840555 23
1777213694790 0.5667491333979111 24
1777213697226 0.6533747447998036 25
1777213719286 0.7340026975179517 26
1777213721170 0.7883846439076141 27
1777213722040 0.8327263403407523 28
1777213722988 0.8719744686905178 29
1777213724050 0.8987814820360007 30
1777213724828 0.9079740521151853 31
1777213726811 0.9241404416889885 32
1777213727517 0.9271249717748434 33
1777213729239 0.9298948854919822 34
1777213732436 0.9425051957970134 35
1777213735468 0.9381520400624291 36
1777213736268 0.9474110022677247 37
1777213737080 0.9478350324861129 38
1777213737824 0.9469402705503486 39
1777213738642 0.9530297216549987 40
1777213741611 0.955302600777451 41
1777214125819 0.94801068390638 42
1777214142452 0.9511577482877482 43
1777214143107 0.9513184438012019 44
1777214305047 0.9512964742053811 45
1777214305682 0.9541516086900312 46
1777214306339 0.9563843006725221 47
1777214307530 0.9587178607973105 48
1777214308221 0.9620812838262887 49
1777214309703 0.9607678375540163 50
1777214310500 0.9565982482354122 51
1777214372539 0.9618415289175861 52
1777214375474 0.9634254400507434 53
1777214386054 0.9605433852281438 54
1777214390001 0.9617853862149419 55
1777214391072 0.962020327156002 56
1777214393568 0.9640243995653411 57
1777214395357 0.9656252101984417 58
1777214396116 0.9572542352556384 59
1777214409210 0.9654216110885501 60
1777214410208 0.9674728151591789 61
1777214485671 0.9692876819439735 62
1777214666792 0.96701261650984 63
1777214667390 0.9594833188814949 64
1777214669025 0.9679708134855047 65
1777214669620 0.9633703182510854 66
1777214670213 0.9686561930829077 67
1777214671207 0.9656154859913866 68
1777214673947 0.9678534879092957 69
1777214674732 0.9681813918360522 70
1777214676213 0.9698837619786576 71
1777214677021 0.9721773833850519 72
1777214678563 0.9731924631336661 73
1777214679349 0.9702879994973138 74
1777214679947 0.9751180146224377 75
1777214680547 0.9721802487517446 76
1777214681973 0.9698832933289354 77
1777214682616 0.9701580136998127 78
1777214683264 0.972417907607241 79
1777214683923 0.9697933497529415 80
1777214684585 0.9687179318062293 81
1777214685236 0.972589529591674 82
1777214685876 0.971105185950811 83
1777214686534 0.9764455571648039 84
1777214687185 0.9749786834050871 85
1777214687954 0.9727599827336618 86
1777214688604 0.9734178397251319 87
1777214689268 0.9765934390749147 88
1777214690074 0.9759020300808133 89
