1777381488894 -2.8187797968365413 1
1777381489241 -2.7688945689940407 2
1777381489592 -2.7145299468154684 3
1777381490287 -2.6671052659191594 4
1777381491678 -2.618828569250065 5
1777381492503 -2.565967915800136 6
1777381492943 -2.5049547025604544 7
1777381493506 -2.435331443229378 8
1777381494355 -2.3561488887070134 9
1777381495011 -2.273824438582464 10
1777381496133 -2.1843998570180427 11
1777381496846 -2.095681790995914 12
1777381497466 -2.0016424737557457 13
1777381498908 -1.9041823271782539 14
1777381499599 -1.8071354222409695 15
1777381500221 -1.7033498629989414 16
1777381501715 -1.6049525340474036 17
1777381502050 -1.5004929869588421 18
1777381502395 -1.3883712438381002 19
1777381503160 -1.2688968424351423 20
1777381505279 -1.1503097825820836 21
1777381507375 -1.0313512774290667 22
1777381508366 -0.9216547713233036 23
1777381509845 -0.7947110666216175 24
1777381510718 -0.6857875304903427 25
1777381511594 -0.5563217052067397 26
1777381512721 -0.44884364041576696 27
1777381513679 -0.31463699091532926 28
1777381515246 -0.20532854371757292 29
1777381516692 -0.08753937425107594 30
1777381517944 0.01916869352684869 31
1777381519715 0.13618970222118698 32
1777381522186 0.2174310325409866 33
1777381523434 0.3412317923599788 34
1777381530943 0.42774781207526 35
1777381537652 0.507996391874092 36
1777381551010 0.5988422238870806 37
1777381554581 0.649577035027082 38
1777381555681 0.7038190662662612 39
1777381586903 0.7636394224480274 40
1777381588260 0.7884120171298541 41
1777381589735 0.8282694400199783 42
1777381590300 0.8445807131924639 43
1777381592741 0.8646909064454503 44
1777381634349 0.8848043677700201 45
1777381637838 0.8976490695330213 46
1777381639202 0.9145678433298288 47
1777381639940 0.9129793638002421 48
1777381643865 0.9228758605848969 49
1777381646881 0.9218110485390167 50
1777381650968 0.9252670178433648 51
1777381651345 0.9311331298253788 52
1777381653045 0.9340460855366475 53
1777381661338 0.9334808894978214 54
1777381670653 0.945566037867834 55
1777381671927 0.9395007921193438 56
1777381680264 0.949909895222346 57
1777381680980 0.9470595465814091 58
1777381682263 0.9427386859580386 59
1777381683345 0.9520392405989713 60
1777381684280 0.9431147874402522 61
1777381686779 0.9403612567862217 62
1777381690186 0.949866044041101 63
1777381690576 0.953501964952632 64
1777381690978 0.9567667302093454 65
1777381692353 0.9501733629999909 66
1777381692761 0.9515699553566119 67
1777381693155 0.9544576572906458 68
1777381693553 0.95710993237562 69
1777381693950 0.9568861295871921 70
1777381694794 0.9570658571292665 71
1777381695433 0.9595303301307543 72
1777381695977 0.9525924464219885 73
1777381696692 0.9565357163499238 74
1777381697048 0.9531617903978242 75
1777381698068 0.9593056228843881 76
1777381699479 0.9588688216177667 77
1777381700375 0.9659654117359227 78
1777381702000 0.9536189433343056 79
1777381702926 0.9624658426404514 80
1777381705080 0.9628506580693869 81
1777381705427 0.9617275754327758 82
1777381706625 0.9554317502925744 83
1777381707129 0.9625863568788382 84
1777381707503 0.9577134954655343 85
1777381708638 0.9675160187971608 86
1777381709003 0.969968209205198 87
1777381709993 0.9610848883889067 88
1777381711461 0.9626175784389644 89
