1777381488894 226.47213715212297 1
1777381489241 224.98807260052698 2
1777381489592 223.35949687387372 3
1777381490287 221.92906031545306 4
1777381491678 220.46339690524593 5
1777381492503 218.8473087137468 6
1777381492943 216.96701038118675 7
1777381493506 214.80125261506274 8
1777381494355 212.31129488913209 9
1777381495011 209.69118849214908 10
1777381496133 206.80750409499169 11
1777381496846 203.90630507662092 12
1777381497466 200.78533312968852 13
1777381498908 197.49878361967194 14
1777381499599 194.1709137589871 15
1777381500221 190.54765849059913 16
1777381501715 187.04771491854692 17
1777381502050 183.2590060031157 18
1777381502395 179.10322944289697 19
1777381503160 174.56608593703132 20
1777381505279 169.9428959698669 21
1777381507375 165.17526203248477 22
1777381508366 160.6534933385359 23
1777381509845 155.25649141018226 24
1777381510718 150.4713817267257 25
1777381511594 144.5779890642936 26
1777381512721 139.4964787301995 27
1777381513679 132.87871143687767 28
1777381515246 127.23459662420831 29
1777381516692 120.85788319215052 30
1777381517944 114.77562179912161 31
1777381519715 107.71140187440696 32
1777381522186 102.52122969932861 33
1777381523434 94.06299833755035 34
1777381530943 87.66903594360582 35
1777381537652 81.28990906875373 36
1777381551010 73.40237191756817 37
1777381554581 68.60389660147774 38
1777381555681 63.071192646063665 39
1777381586903 56.34300687599239 40
1777381588260 53.308687491902994 41
1777381589735 48.02598631291319 42
1777381590300 45.68829353363534 43
1777381592741 42.63006436419388 44
1777381634349 39.33421591937721 45
1777381637838 37.07647060942509 46
1777381639202 33.87374233712412 47
1777381639940 34.18720720852685 48
1777381643865 32.18456638633745 49
1777381646881 32.405982550728574 50
1777381650968 31.681712327399442 51
1777381651345 30.41288849519384 52
1777381653045 29.76273156868649 53
1777381661338 29.88998586287408 54
1777381670653 27.03880290976227 55
1777381671927 28.505413411315402 56
1777381680264 25.93752117845521 57
1777381680980 26.665290542699182 58
1777381682263 27.73212468863671 59
1777381683345 25.38022743838634 60
1777381684280 27.6408999156057 61
1777381686779 28.301974666435047 62
1777381690186 25.948871518920985 63
1777381690576 24.990203158562956 64
1777381690978 24.096920136369995 65
1777381692353 25.869216641191635 66
1777381692761 25.504096207077087 67
1777381693155 24.732054090020885 68
1777381693553 24.0010846210808 69
1777381693950 24.06362238656685 70
1777381694794 24.013412542443728 71
1777381695433 23.314028937798373 72
1777381695977 25.2334292585934 73
1777381696692 24.161214419531202 74
1777381697048 25.081449351313413 75
1777381698068 23.378664433273208 76
1777381699479 23.50379945598557 77
1777381700375 21.380248379098713 78
1777381702000 24.95874892596219 79
1777381702926 22.45255821962096 80
1777381705080 22.337165086281583 81
1777381705427 22.67229496509727 82
1777381706625 24.466130726667323 83
1777381707129 22.416483862981206 84
1777381707503 23.831609632498207 85
1777381708638 20.8875314708863 86
1777381709003 20.083671260961214 87
1777381709993 22.861863330049783 88
1777381711461 22.40712848042518 89
