1777381488894 51289.62890625 1
1777381489241 50619.6328125 2
1777381489592 49889.46484375 3
1777381490287 49252.5078125 4
1777381491678 48604.109375 5
1777381492503 47894.14453125 6
1777381492943 47074.68359375 7
1777381493506 46139.578125 8
1777381494355 45076.0859375 9
1777381495011 43970.39453125 10
1777381496133 42769.34375 11
1777381496846 41577.78125 12
1777381497466 40314.75 13
1777381498908 39005.76953125 14
1777381499599 37702.34375 15
1777381500221 36308.41015625 16
1777381501715 34986.84765625 17
1777381502050 33583.86328125 18
1777381502395 32077.966796875 19
1777381503160 30473.318359375 20
1777381505279 28880.587890625 21
1777381507375 27282.8671875 22
1777381508366 25809.544921875 23
1777381509845 24104.578125 24
1777381510718 22641.63671875 25
1777381511594 20902.794921875 26
1777381512721 19459.267578125 27
1777381513679 17656.751953125 28
1777381515246 16188.642578125 29
1777381516692 14606.6279296875 30
1777381517944 13173.443359375 31
1777381519715 11601.74609375 32
1777381522186 10510.6025390625 33
1777381523434 8847.84765625 34
1777381530943 7685.85986328125 35
1777381537652 6608.04931640625 36
1777381551010 5387.908203125 37
1777381554581 4706.49462890625 38
1777381555681 3977.975341796875 39
1777381586903 3174.534423828125 40
1777381588260 2841.816162109375 41
1777381589735 2306.495361328125 42
1777381590300 2087.420166015625 43
1777381592741 1817.3223876953125 44
1777381634349 1547.1805419921875 45
1777381637838 1374.6646728515625 46
1777381639202 1147.430419921875 47
1777381639940 1168.76513671875 48
1777381643865 1035.8463134765625 49
1777381646881 1050.147705078125 50
1777381650968 1003.7308959960938 51
1777381651345 924.9437866210938 52
1777381653045 885.8201904296875 53
1777381661338 893.4112548828125 54
1777381670653 731.0968627929688 55
1777381671927 812.55859375 56
1777381680264 672.7550048828125 57
1777381680980 711.0377197265625 58
1777381682263 769.0707397460938 59
1777381683345 644.1559448242188 60
1777381684280 764.0193481445312 61
1777381686779 801.0017700195312 62
1777381690186 673.3439331054688 63
1777381690576 624.51025390625 64
1777381690978 580.6615600585938 65
1777381692353 669.2163696289062 66
1777381692761 650.4589233398438 67
1777381693155 611.6744995117188 68
1777381693553 576.0520629882812 69
1777381693950 579.0579223632812 70
1777381694794 576.6439819335938 71
1777381695433 543.5439453125 72
1777381695977 636.7259521484375 73
1777381696692 583.7642822265625 74
1777381697048 629.0791015625 75
1777381698068 546.5619506835938 76
1777381699479 552.4285888671875 77
1777381700375 457.1150207519531 78
1777381702000 622.9391479492188 79
1777381702926 504.11737060546875 80
1777381705080 498.9489440917969 81
1777381705427 514.032958984375 82
1777381706625 598.591552734375 83
1777381707129 502.4987487792969 84
1777381707503 567.9456176757812 85
1777381708638 436.2889709472656 86
1777381709003 403.3538513183594 87
1777381709993 522.664794921875 88
1777381711461 502.07940673828125 89
