1777430911735 194.34042358398438 1
1777430912405 192.4224853515625 2
1777430914206 190.48756408691406 3
1777430914872 188.7581787109375 4
1777430915455 186.90968322753906 5
1777430916338 184.97059631347656 6
1777430917176 182.89540100097656 7
1777430917546 180.68463134765625 8
1777430918791 178.34791564941406 9
1777430919425 175.83016967773438 10
1777430920605 173.08970642089844 11
1777430920967 170.14892578125 12
1777430921384 166.91184997558594 13
1777430921890 163.45614624023438 14
1777430922223 159.84548950195312 15
1777430922832 155.8390350341797 16
1777430923434 151.30093383789062 17
1777430923880 146.74697875976562 18
1777430924215 141.90823364257812 19
1777430925232 137.36013793945312 20
1777430926072 132.51651000976562 21
1777430926630 127.45793914794922 22
1777430926980 122.45392608642578 23
1777430927655 117.25392150878906 24
1777430928065 111.91549682617188 25
1777430928658 106.6581039428711 26
1777430928994 100.93777465820312 27
1777430929534 95.64256286621094 28
1777430929871 90.64765167236328 29
1777430930630 85.5362777709961 30
1777430930980 80.87646484375 31
1777430931383 75.2505111694336 32
1777430931954 70.3656997680664 33
1777430932625 65.60092163085938 34
1777430933729 60.43672180175781 35
1777430934930 55.99562454223633 36
1777430935783 51.44266891479492 37
1777430936697 47.8730354309082 38
1777430937245 44.24531936645508 39
1777430937547 40.45733642578125 40
1777430938692 38.000816345214844 41
1777430939165 35.72404098510742 42
1777430940006 32.09877395629883 43
1777430940316 30.754268646240234 44
1777430941734 29.282773971557617 45
1777430942625 27.050159454345703 46
1777430944140 28.411924362182617 47
1777430945193 27.186304092407227 48
1777430945502 26.379541397094727 49
1777430945842 24.274282455444336 50
1777430946139 24.388668060302734 51
1777430946700 23.259658813476562 52
1777430947498 23.32388687133789 53
1777430947874 23.025867462158203 54
1777430948691 22.884353637695312 55
1777430950088 21.99822235107422 56
1777430950388 20.40487289428711 57
1777430951058 21.78398895263672 58
1777430951357 21.124343872070312 59
1777430952363 22.484399795532227 60
1777430952757 21.055421829223633 61
1777430953381 21.47150230407715 62
1777430953957 19.805448532104492 63
1777430955075 20.32278060913086 64
1777430955717 20.934091567993164 65
1777430956411 21.181400299072266 66
1777430957181 20.37693977355957 67
1777430958089 21.260231018066406 68
1777430958776 19.925268173217773 69
1777430959888 18.43074607849121 70
1777430960476 19.47881507873535 71
1777430960806 19.080564498901367 72
1777430961221 19.848588943481445 73
1777430962115 18.654691696166992 74
1777430962924 18.738935470581055 75
1777430963475 18.26758575439453 76
1777430963779 20.507816314697266 77
1777430964899 17.527267456054688 78
1777430965880 16.800329208374023 79
1777430966357 18.653594970703125 80
1777430967061 17.2774715423584 81
1777430967668 17.643085479736328 82
1777430968033 18.565765380859375 83
1777430968325 18.68114471435547 84
1777430968613 17.4747257232666 85
1777430969300 15.937408447265625 86
