1777158965250 -2.788385855791979 1
1777158966135 -2.6832972965383615 2
1777158966834 -2.588994890292978 3
1777158967610 -2.48116773256018 4
1777158968291 -2.350373823246541 5
1777158968951 -2.1973899064213356 6
1777158969617 -2.0056322702478817 7
1777158970276 -1.80603733318357 8
1777158970931 -1.596909201316981 9
1777158971589 -1.385400008424186 10
1777158972240 -1.1588208245873903 11
1777158974988 -0.9242111100970887 12
1777158975697 -0.6916277633084587 13
1777158976403 -0.45759756260223106 14
1777158977092 -0.21017431044528845 15
1777158977771 0.02774373977689948 16
1777158978473 0.25012232619851593 17
1777158979246 0.42187278426362085 18
1777158979958 0.5876732661972524 19
1777158980683 0.707060433003152 20
1777158981389 0.8015722075578987 21
1777158982099 0.8496883709379629 22
1777158982827 0.8861502984443337 23
1777158983681 0.9017963479399356 24
1777158984406 0.9144085826658336 25
1777158985118 0.9244700331526814 26
1777158985852 0.933748928329484 27
1777158986615 0.9418414173341664 28
1777158987420 0.9385335203619591 29
1777158988207 0.9365480999073339 30
1777158988899 0.9445469295556479 31
1777159112341 0.9464965313853574 32
1777159112953 0.954802981547523 33
1777159113557 0.9490180777762958 34
1777159114164 0.9563505993676595 35
1777159114771 0.9540777227670643 36
1777159115385 0.9610892943954593 37
1777159115993 0.9613211569478473 38
1777159116602 0.9623117501597085 39
1777159117219 0.9609638173539983 40
1777159117829 0.9614179802400191 41
1777159118447 0.9607574275432266 42
1777159119083 0.9621147690018041 43
1777159119696 0.9588709144892487 44
1777159120306 0.963914646214908 45
1777159120915 0.9631877941883648 46
1777159121531 0.9635541941695859 47
1777159122141 0.9645256163257212 48
1777159122755 0.960148508633913 49
1777159123367 0.9717965881608598 50
1777159123979 0.9695953061708916 51
1777159124589 0.9675865985463015 52
1777159125200 0.9639855909127606 53
1777159125811 0.9634710464681601 54
1777159126421 0.9703923103856171 55
1777159127035 0.966105485724515 56
1777159127643 0.9681807148009435 57
1777159128253 0.967990172441329 58
1777159128881 0.9681404147244238 59
1777159129499 0.968554206235477 60
1777159130112 0.9735356999006648 61
1777159130726 0.9743802492111101 62
1777159143090 0.9725643188782495 63
1777159143876 0.9755851737839337 64
1777159144605 0.9683133902433888 65
