1777158965250 -2.7883855047842356 1
1777158966135 -2.6832974720422333 2
1777158966834 -2.5889952052342275 3
1777158967610 -2.4811675570563088 4
1777158968291 -2.3503739987504124 5
1777158968951 -2.197389730917464 6
1777158969617 -2.0056320947440103 7
1777158970276 -1.8060372454316342 8
1777158970931 -1.5969092013169812 9
1777158971589 -1.38539990371113 10
1777158972240 -1.1588208245873903 11
1777158974988 -0.924211022345153 12
1777158975697 -0.6916276755565227 13
1777158976403 -0.4575976064781989 14
1777158977092 -0.21017439819722428 15
1777158977771 0.027743695900931564 16
1777158978473 0.25012232619851593 17
1777158979246 0.42187278426362085 18
1777158979958 0.5876732661972524 19
1777158980683 0.707060433003152 20
1777158981389 0.8015722075578987 21
1777158982099 0.8496883489999789 22
1777158982827 0.8861502984443337 23
1777158983681 0.9017963534244315 24
1777158984406 0.9144085826658337 25
1777158985118 0.9244700331526814 26
1777158985852 0.933748925587236 27
1777158986615 0.9418414200764144 28
1777158987420 0.9385335176197112 29
1777158988207 0.9365481026495819 30
1777158988899 0.9445469192050377 31
1777159112341 0.9464965341276054 32
1777159112953 0.954802978805275 33
1777159113557 0.9490180832607917 34
1777159114164 0.9563505993676595 35
1777159114771 0.9540777227670643 36
1777159115385 0.9610892943954594 37
1777159115993 0.9613211596900952 38
1777159116602 0.962311754591314 39
1777159117219 0.9609638173539983 40
1777159117829 0.9614179802400191 41
1777159118447 0.9607574275432266 42
1777159119083 0.9621147690018041 43
1777159119696 0.9588709131181246 44
1777159120306 0.963914647586032 45
1777159120915 0.9631877928172408 46
1777159121531 0.9635541927984619 47
1777159122141 0.9645256163257212 48
1777159122755 0.9601485103655856 49
1777159123367 0.9717965881608599 50
1777159123979 0.9695953061708916 51
1777159124589 0.9675865971751775 52
1777159125200 0.9639855922838845 53
1777159125811 0.9634710478392841 54
1777159126421 0.9703923130459655 55
1777159127035 0.9661054870956391 56
1777159127643 0.9681807162406226 57
1777159128253 0.967990171070205 58
1777159128881 0.9681404147244239 59
1777159129499 0.968554206235477 60
1777159130112 0.9735356985295408 61
1777159130726 0.9743802492111101 62
1777159143090 0.9725643201211386 63
1777159143876 0.9755851737839336 64
1777159144605 0.9683133902433887 65
