1777238731033 48324.08984375 1
1777238732388 46575.24765625 2
1777238733733 44182.6921875 3
1777238735013 40763.7125 4
1777238736273 36100.45390625 5
1777238737704 30320.20859375 6
1777238739019 24293.245703125 7
1777238740349 18929.01875 8
1777238741741 13872.1390625 9
1777238743084 9391.7416015625 10
1777238744402 5864.858203125 11
1777238745772 3544.897900390625 12
1777238747101 2360.963037109375 13
1777238748500 1687.0128662109375 14
1777238749864 1366.1666259765625 15
1777238751190 1188.3948486328125 16
1777238752524 1069.0084350585937 17
1777238753900 974.104833984375 18
1777238755258 881.4212524414063 19
1777238756584 895.53291015625 20
1777238758021 832.9780151367188 21
1777238759441 832.8203247070312 22
1777238760824 795.5398071289062 23
1777238762158 734.5843872070312 24
1777238763636 735.2740844726562 25
1777238765035 664.1559936523438 26
1777238766449 648.0976440429688 27
1777238796340 658.5774169921875 28
1777238799716 596.1731811523438 29
1777238806518 544.7936645507813 30
1777238808098 601.0146728515625 31
1777238809534 596.3564819335937 32
1777238810947 527.1096923828125 33
1777238812304 522.9101257324219 34
1777238813677 543.7213134765625 35
1777238815098 547.2997314453125 36
1777238816475 533.8760925292969 37
1777238824996 480.5617431640625 38
1777238826462 520.1577087402344 39
1777238827939 534.5236206054688 40
1777238829364 508.78395385742186 41
1777238830772 459.5783447265625 42
1777238832035 503.50559692382814 43
1777238833361 452.2235107421875 44
1777238834593 481.2972351074219 45
1777238835946 509.0551025390625 46
1777238837355 451.8210754394531 47
1777238838735 429.5005859375 48
1777238839955 450.0560546875 49
1777238841239 402.7604919433594 50
1777238842682 432.74346313476565 51
1777238843936 398.4287109375 52
1777238845206 398.78101806640626 53
