1777238731033 180.7142120361328 1
1777238732388 175.84075622558595 2
1777238733733 169.2287841796875 3
1777238735013 160.95317993164062 4
1777238736273 150.2751678466797 5
1777238737704 136.1241485595703 6
1777238739019 118.86631774902344 7
1777238740349 100.7241714477539 8
1777238741741 82.84370422363281 9
1777238743084 66.05886840820312 10
1777238744402 50.790618896484375 11
1777238745772 38.92414474487305 12
1777238747101 32.11802101135254 13
1777238748500 27.913949966430664 14
1777238749864 25.82012367248535 15
1777238751190 24.371858596801758 16
1777238752524 23.249855041503906 17
1777238753900 22.221769714355467 18
1777238755258 21.390935516357423 19
1777238756584 21.530275726318358 20
1777238758021 21.073649215698243 21
1777238759441 21.09225082397461 22
1777238760824 20.67987480163574 23
1777238762158 19.865497589111328 24
1777238763636 19.76179313659668 25
1777238765035 18.77500228881836 26
1777238766449 18.638347625732422 27
1777238796340 18.75465087890625 28
1777238799716 17.866129684448243 29
1777238806518 17.075888061523436 30
1777238808098 17.92585868835449 31
1777238809534 17.736127853393555 32
1777238810947 16.571047592163087 33
1777238812304 16.943485260009766 34
1777238813677 16.88564109802246 35
1777238815098 16.872047424316406 36
1777238816475 16.877473449707033 37
1777238824996 16.09439334869385 38
1777238826462 16.529450607299804 39
1777238827939 16.54137191772461 40
1777238829364 16.372273445129395 41
1777238830772 15.633662986755372 42
1777238832035 16.412290954589842 43
1777238833361 15.539048194885254 44
1777238834593 15.893498039245605 45
1777238835946 16.55764694213867 46
1777238837355 15.297218132019044 47
1777238838735 15.212139511108399 48
1777238839955 15.294681739807128 49
1777238841239 14.861286544799805 50
1777238842682 15.323401641845702 51
1777238843936 14.70880126953125 52
1777238845206 14.6193021774292 53
