1777420265220 187.36228236813517 1
1777420271899 180.5059976972772 2
1777420274810 171.18901780709712 3
1777420278224 160.30676982811923 4
1777420291266 147.73219689363557 5
1777420304294 131.09582718166374 6
1777420311641 113.25778634336574 7
1777420312663 94.68476001807218 8
1777420324866 76.51027093921188 9
1777420328666 57.82401145167605 10
1777420334334 40.569161587777224 11
1777420340626 30.626812726082886 12
1777420345399 24.200904139682386 13
1777420355474 21.273151372875688 14
1777420368157 19.26310493311233 15
1777420371142 17.838142416463096 16
1777420375378 16.885305567182733 17
1777420381038 16.60482985366731 18
1777420394349 16.300654633651824 19
1777420397648 15.536139794073161 20
1777420405043 14.129449691998182 21
1777420418688 14.687074152252379 22
1777420432176 14.476022881727951 23
1777420435700 14.171268116651907 24
1777420445510 13.783996315679607 25
1777420454465 13.776299948381954 26
1777420457391 14.125578684496457 27
1777420462192 12.131854213060006 28
1777420468495 13.620229828287158 29
1777420473927 12.391066428190152 30
1777420485556 12.63093233954977 31
1777420487910 12.516734505828316 32
1777420494009 12.52470867224699 33
1777420501446 12.454934202566655 34
1777420507121 12.351083459797696 35
1777420513230 11.288661685356727 36
1777420522676 12.34951994630712 37
1777420526234 11.368877031111857 38
1777420529136 11.771847495806993 39
1777420535077 11.010358506829075 40
1777420542971 11.037244133131038 41
1777420548830 10.633832606479261 42
1777420554299 10.536335744237054 43
1777420557679 10.1922124354797 44
1777420560669 11.283616161346435 45
1777420566324 9.49957255696404 46
1777420569285 10.258161308920595 47
1777420577868 10.421132510935767 48
1777420582200 9.699788144354285 49
1777420585331 9.842029334525385 50
1777420594708 9.994756011285725 51
1777420601045 8.753255340756748 52
1777420603530 9.349429863021218 53
