1777420265220 192.36228561401367 1
1777420271899 185.4873390197754 2
1777420274810 176.01611328125 3
1777420278224 165.19387435913086 4
1777420291266 152.5445213317871 5
1777420304294 135.8611297607422 6
1777420311641 118.00166511535645 7
1777420312663 99.3692455291748 8
1777420324866 81.15119743347168 9
1777420328666 62.43023109436035 10
1777420334334 45.15349292755127 11
1777420340626 35.15896129608154 12
1777420345399 28.669649600982666 13
1777420355474 25.698294162750244 14
1777420368157 23.659794807434082 15
1777420371142 22.17269277572632 16
1777420375378 21.175964832305908 17
1777420381038 20.942577362060547 18
1777420394349 20.639185428619385 19
1777420397648 19.825878143310547 20
1777420405043 18.38872480392456 21
1777420418688 18.96986150741577 22
1777420432176 18.752049922943115 23
1777420435700 18.454238414764404 24
1777420445510 18.01711368560791 25
1777420454465 18.044161319732666 26
1777420457391 18.415698528289795 27
1777420462192 16.346436262130737 28
1777420468495 17.87263536453247 29
1777420473927 16.586752891540527 30
1777420485556 16.854106426239014 31
1777420487910 16.73185110092163 32
1777420494009 16.733572959899902 33
1777420501446 16.680614471435547 34
1777420507121 16.55561351776123 35
1777420513230 15.470266819000244 36
1777420522676 16.56906270980835 37
1777420526234 15.527083396911621 38
1777420529136 15.953787088394165 39
1777420535077 15.170001029968262 40
1777420542971 15.166822671890259 41
1777420548830 14.776102304458618 42
1777420554299 14.6607506275177 43
1777420557679 14.327023029327393 44
1777420560669 15.457557916641235 45
1777420566324 13.603525638580322 46
1777420569285 14.39330244064331 47
1777420577868 14.525268316268921 48
1777420582200 13.77712631225586 49
1777420585331 13.968782424926758 50
1777420594708 14.108670234680176 51
1777420601045 12.808047533035278 52
1777420603530 13.434253931045532 53
