1777178344381 214.1087419235664 1
1777178346243 192.46056589201766 2
1777178348087 146.52762633722702 3
1777178349957 89.31436482055969 4
1777178351801 47.36255821930216 5
1777178353646 34.732114160009324 6
1777178355485 30.538978152401068 7
1777178357321 29.03197339586516 8
1777178359160 28.291997153162942 9
1777178361025 26.773372818611584 10
1777178362868 25.38464531121955 11
1777178364706 25.20083349296497 12
1777178366543 23.539360871714706 13
1777178368380 23.586315268915584 14
1777178370219 21.689057732378856 15
1777178372080 21.2874238692053 16
1777178373922 20.810091458000777 17
1777178375758 20.056769110650148 18
1777178377609 19.37476446624901 19
1777178379448 18.90262972761493 20
1777178381284 18.41342429422972 21
1777178383148 18.053812970351906 22
1777178384986 18.12872613004668 23
1777178386829 17.45472744518836 24
1777178388670 16.88757884904826 25
1777178390518 16.847715174349204 26
1777178392388 16.385865962986145 27
1777178394245 16.15794542388631 28
1777178396101 15.77526964587835 29
1777178397957 16.10277412239526 30
1777178399821 16.631765417079855 31
1777178401671 15.317940694607731 32
1777178403571 15.097002346216925 33
1777178405440 14.588115925938391 34
1777178407299 15.21662700594147 35
1777178409153 15.857925702558337 36
1777178411001 14.695305715754316 37
1777178412850 14.550981501319503 38
1777178414713 15.690299109960904 39
1777178416562 14.647920168357047 40
1777178418413 14.830102547321246 41
1777178420270 14.889264025440534 42
1777178422121 13.803539202995841 43
1777178423980 13.833533337318247 44
1777178425849 14.191695724672652 45
1777178427691 13.95037208851483 46
1777178429537 13.997383215319696 47
1777178431376 13.962532420566998 48
