1777431257091 163.64659118652344 1
1777431258931 161.7747344970703 2
1777431261058 159.9137420654297 3
1777431262054 158.32843017578125 4
1777431262819 156.69894409179688 5
1777431263521 154.92657470703125 6
1777431264914 153.03257751464844 7
1777431265528 150.96273803710938 8
1777431266293 148.76414489746094 9
1777431266651 146.49249267578125 10
1777431267475 144.0787353515625 11
1777431268199 141.4360809326172 12
1777431269577 138.58969116210938 13
1777431270259 135.50474548339844 14
1777431271222 132.13214111328125 15
1777431271809 128.46279907226562 16
1777431272539 124.24664306640625 17
1777431272831 119.94015502929688 18
1777431273296 115.50390625 19
1777431273928 111.1553726196289 20
1777431274666 106.57110595703125 21
1777431274954 102.03409576416016 22
1777431276052 97.3066635131836 23
1777431276791 92.67698669433594 24
1777431277566 87.84077453613281 25
1777431277866 83.43658447265625 26
1777431278493 78.4613265991211 27
1777431279011 73.6209716796875 28
1777431280697 68.52920532226562 29
1777431281020 64.48440551757812 30
1777431281954 59.34064483642578 31
1777431282301 55.17106628417969 32
1777431283025 51.70690155029297 33
1777431283646 47.36026382446289 34
1777431283938 43.142295837402344 35
1777431284991 39.92526626586914 36
1777431287614 36.85328674316406 37
1777431287964 34.80514907836914 38
1777431289783 32.72056579589844 39
1777431291201 30.03462028503418 40
1777431291751 28.005558013916016 41
1777431292421 29.092330932617188 42
1777431293142 26.715469360351562 43
1777431293804 26.108016967773438 44
1777431296075 24.68832778930664 45
1777431296942 23.89373016357422 46
1777431297629 23.530521392822266 47
1777431297988 23.92713165283203 48
1777431299346 23.60369300842285 49
1777431300359 22.375774383544922 50
1777431300703 21.190786361694336 51
1777431301524 20.943923950195312 52
1777431301878 21.103679656982422 53
1777431302491 19.120113372802734 54
1777431302860 22.72488784790039 55
1777431303448 20.12323570251465 56
1777431304819 18.844173431396484 57
1777431306186 20.02145767211914 58
1777431306949 21.35085678100586 59
1777431307310 19.12652587890625 60
1777431308548 18.917980194091797 61
1777431309205 18.66706085205078 62
1777431309960 21.602018356323242 63
1777431311251 19.30122947692871 64
1777431312285 17.84872055053711 65
1777431312885 17.978534698486328 66
1777431313950 18.90516471862793 67
1777431314367 16.666170120239258 68
1777431314715 16.541336059570312 69
1777431316065 18.352928161621094 70
1777431317237 18.410140991210938 71
1777431317952 22.055381774902344 72
1777431319304 19.467191696166992 73
1777431319777 20.907041549682617 74
1777431321438 17.359792709350586 75
1777431322575 18.719934463500977 76
1777431323025 16.665002822875977 77
1777431323324 19.42042350769043 78
1777431324537 16.91248893737793 79
1777431325098 16.755401611328125 80
1777431325392 18.204578399658203 81
1777431326423 17.748613357543945 82
1777431326993 17.956026077270508 83
1777431327301 20.762510299682617 84
1777431328183 18.56585693359375 85
1777431329036 16.838064193725586 86
1777431329585 20.521625518798828 87
1777431330144 15.635599136352539 88
1777431330468 15.833765029907227 89
1777431331650 17.41634178161621 90
1777431331945 18.791126251220703 91
1777431332989 17.422203063964844 92
1777431333543 17.675613403320312 93
1777431334233 17.638612747192383 94
1777431335277 15.885135650634766 95
1777431335989 17.861709594726562 96
1777431337130 16.850492477416992 97
1777431338148 16.4050235748291 98
1777431338946 17.075912475585938 99
1777431340945 17.849590301513672 100
1777431341541 16.996129989624023 101
1777431342622 15.04961109161377 102
1777431343586 15.683884620666504 103
1777431344186 16.91175651550293 104
1777431344485 18.938879013061523 105
1777431344784 19.09671974182129 106
1777431345523 15.552785873413086 107
1777431345811 15.133170127868652 108
1777431346110 15.27071475982666 109
1777431346891 18.361417770385742 110
1777431347781 16.634395599365234 111
1777431348465 16.606557846069336 112
1777431348953 15.21092414855957 113
1777431349585 14.190608978271484 114
1777431350185 16.656383514404297 115
1777431352625 13.76023006439209 116
1777431354489 15.944826126098633 117
1777431355569 15.086252212524414 118
1777431356200 18.5703125 119
1777431356504 17.34664535522461 120
1777431356792 17.694852828979492 121
1777431357482 13.825828552246094 122
1777431358411 15.993770599365234 123
1777431359483 15.864850044250488 124
1777431359782 15.080893516540527 125
1777431361004 16.262117385864258 126
1777431361690 14.945294380187988 127
1777431362364 16.461275100708008 128
1777431362658 14.435290336608887 129
1777431362962 16.79201316833496 130
1777431363721 17.23371124267578 131
1777431364507 14.960268020629883 132
1777431365139 15.057372093200684 133
1777431365439 15.458309173583984 134
1777431365977 16.56884765625 135
1777431366773 14.09471321105957 136
1777431367384 15.895546913146973 137
1777431369388 15.396711349487305 138
1777431370140 14.337235450744629 139
1777431370876 13.927061080932617 140
1777431371204 16.54376220703125 141
1777431371633 14.831476211547852 142
1777431371909 14.22439956665039 143
1777431372579 15.953500747680664 144
1777431373636 16.48588752746582 145
1777431373907 14.365852355957031 146
1777431375127 14.526965141296387 147
1777431375585 14.573526382446289 148
1777431375874 15.561569213867188 149
1777431377405 13.855708122253418 150
1777431377732 15.510310173034668 151
1777431378377 17.10106658935547 152
1777431379328 15.59830093383789 153
1777431379791 14.334829330444336 154
1777431380140 16.343265533447266 155
1777431381326 14.10277271270752 156
1777431381689 15.843520164489746 157
1777431382849 15.672026634216309 158
1777431383210 15.62148666381836 159
1777431384423 14.94162368774414 160
1777431385355 14.925636291503906 161
1777431385726 13.955214500427246 162
1777431386216 13.686925888061523 163
1777431386929 16.26375961303711 164
1777431387743 14.813020706176758 165
1777431388069 14.449625015258789 166
1777431388415 14.550291061401367 167
1777431388769 16.261497497558594 168
1777431389803 13.58193302154541 169
1777431390364 15.694915771484375 170
1777431391317 13.109166145324707 171
1777431392012 12.77421760559082 172
1777431392874 16.831554412841797 173
1777431393262 15.155325889587402 174
1777431393631 13.552937507629395 175
1777431394561 14.627209663391113 176
1777431396312 15.439169883728027 177
1777431396660 13.868901252746582 178
1777431397306 14.152078628540039 179
1777431399002 13.780682563781738 180
1777431399345 14.497969627380371 181
1777431400115 15.3414306640625 182
1777431400884 13.973642349243164 183
1777431402490 13.65993595123291 184
1777431402830 15.158215522766113 185
1777431403521 15.832534790039062 186
1777431403882 12.366379737854004 187
1777431405276 14.742341995239258 188
1777431406024 12.977436065673828 189
1777431407273 12.692188262939453 190
1777431407591 11.961784362792969 191
1777431408156 14.415461540222168 192
1777431408448 12.662043571472168 193
1777431410024 16.09800910949707 194
1777431410357 14.693144798278809 195
1777431410645 15.135209083557129 196
1777431411352 14.878975868225098 197
1777431412410 15.104122161865234 198
1777431414709 13.845293998718262 199
1777431415018 15.95008373260498 200
1777431415314 13.76964282989502 201
1777431415643 13.406967163085938 202
1777431416853 14.277789115905762 203
1777431418363 12.949980735778809 204
1777431419072 12.939475059509277 205
1777431419438 13.701570510864258 206
1777431419771 13.88782787322998 207
1777431421053 14.409692764282227 208
1777431421393 12.068115234375 209
1777431421730 13.31584644317627 210
1777431422701 13.733954429626465 211
1777431423505 14.81228256225586 212
1777431423816 13.161788940429688 213
1777431424152 13.132417678833008 214
1777431424612 12.868151664733887 215
1777431425280 15.306182861328125 216
1777431426258 13.599319458007812 217
1777431426559 12.8635892868042 218
1777431426936 14.250173568725586 219
1777431427775 12.528693199157715 220
1777431428498 12.138769149780273 221
1777431429466 14.13105297088623 222
1777431431587 12.767061233520508 223
1777431431898 12.268523216247559 224
1777431432503 11.971762657165527 225
1777431433894 11.945640563964844 226
1777431434202 11.244772911071777 227
1777431434516 13.532269477844238 228
1777431435492 12.894556045532227 229
1777431435801 13.259857177734375 230
1777431436867 13.623710632324219 231
1777431437384 11.930962562561035 232
1777431437683 12.556577682495117 233
1777431438146 11.737205505371094 234
1777431438736 12.343059539794922 235
1777431439834 12.728759765625 236
1777431440564 11.990806579589844 237
1777431441026 12.314970016479492 238
1777431441597 12.361705780029297 239
1777431442265 12.730457305908203 240
1777431443751 13.734115600585938 241
1777431444304 11.508196830749512 242
1777431444823 11.396839141845703 243
1777431445566 11.496607780456543 244
1777431446041 12.48049259185791 245
1777431446618 11.840076446533203 246
1777431447241 12.281808853149414 247
1777431447975 11.36684799194336 248
1777431448834 11.2959566116333 249
1777431449517 10.649330139160156 250
1777431450692 12.200191497802734 251
1777431451404 11.526860237121582 252
1777431452431 12.797866821289062 253
1777431452778 12.394790649414062 254
1777431453732 11.14501667022705 255
1777431454463 11.803905487060547 256
1777431455380 12.269465446472168 257
1777431455701 12.043925285339355 258
1777431456173 12.906229019165039 259
1777431456773 12.001562118530273 260
1777431457099 11.362658500671387 261
1777431457390 10.697071075439453 262
1777431457795 11.220455169677734 263
1777431458279 14.659209251403809 264
1777431459073 11.51572036743164 265
