1777179288182 180.381317959403 1
1777179290061 154.13481846986906 2
1777179291905 112.92217590905467 3
1777179293754 64.08007789562537 4
1777179295620 32.886915572251006 5
1777179297503 22.53215075597578 6
1777179299380 19.595806772318294 7
1777179301246 17.612170223117364 8
1777179303098 17.003538645342807 9
1777179304942 15.982717148248266 10
1777179306806 15.188467604457387 11
1777179308652 14.83814456646259 12
1777179310492 14.962362555091127 13
1777179312328 14.128891541351658 14
1777179314165 14.003768971970134 15
1777179316005 13.823718867859137 16
1777179317875 13.150664465831996 17
1777179319715 13.504310049705483 18
1777179321546 13.12908093054296 19
1777179323383 13.014272780314796 20
1777179325219 13.052488161043357 21
1777179327050 12.7285870214385 22
1777179328909 12.272039150925712 23
1777179330741 11.633565363321175 24
1777179332576 12.18694350712452 25
1777179334405 11.755317800435611 26
1777179336239 12.166552255913851 27
1777179338072 12.407105630100718 28
1777179339927 11.67509877725132 29
1777179341759 11.612521615871175 30
1777179343589 11.665173458339044 31
1777179345422 10.792152898478214 32
1777179347256 10.83097566469095 33
1777179349089 11.12113441807763 34
1777179350948 10.50110912670196 35
1777179352788 10.951807088846328 36
1777179354625 10.510585907663378 37
1777179356463 10.493394026697487 38
1777179358301 10.325158378032118 39
1777179360138 10.2158654321031 40
1777179362012 9.69767020545283 41
1777179363867 10.096025164072751 42
1777179366144 9.459251177121944 43
1777179368009 9.555400357831596 44
1777179369844 9.347230231866932 45
