1777179288182 185.32208251953125 1
1777179290061 158.9158172607422 2
1777179291905 117.7528305053711 3
1777179293754 68.77787017822266 4
1777179295620 37.44948196411133 5
1777179297503 27.04240608215332 6
1777179299380 24.08455467224121 7
1777179301246 22.05445098876953 8
1777179303098 21.431644439697266 9
1777179304942 20.362600326538086 10
1777179306806 19.572538375854492 11
1777179308652 19.203536987304688 12
1777179310492 19.324790954589844 13
1777179312328 18.472034454345703 14
1777179314165 18.347332000732422 15
1777179316005 18.15777587890625 16
1777179317875 17.46247100830078 17
1777179319715 17.805770874023438 18
1777179321546 17.432052612304688 19
1777179323383 17.311317443847656 20
1777179325219 17.34276580810547 21
1777179327050 17.02181053161621 22
1777179328909 16.522560119628906 23
1777179330741 15.878927230834961 24
1777179332576 16.43959617614746 25
1777179334405 16.01031494140625 26
1777179336239 16.42487144470215 27
1777179338072 16.671979904174805 28
1777179339927 15.91943645477295 29
1777179341759 15.846567153930664 30
1777179343589 15.89403247833252 31
1777179345422 14.983563423156738 32
1777179347256 15.027815818786621 33
1777179349089 15.32278060913086 34
1777179350948 14.684466361999512 35
1777179352788 15.14189624786377 36
1777179354625 14.680448532104492 37
1777179356463 14.66545295715332 38
1777179358301 14.47996711730957 39
1777179360138 14.369233131408691 40
1777179362012 13.823270797729492 41
1777179363867 14.25129508972168 42
1777179366144 13.573928833007812 43
1777179368009 13.687228202819824 44
1777179369844 13.459030151367188 45
