1777179288182 47779.665625 1
1777179290061 37819.09296875 2
1777179291905 24027.5701171875 3
1777179293754 9989.49580078125 4
1777179295620 3080.9791259765625 5
1777179297503 1372.593701171875 6
1777179299380 1029.857647705078 7
1777179301246 861.3007995605469 8
1777179303098 794.9227905273438 9
1777179304942 725.9410522460937 10
1777179306806 664.7435607910156 11
1777179308652 639.0528259277344 12
1777179310492 648.4751525878906 13
1777179312328 597.9784362792968 14
1777179314165 585.4438171386719 15
1777179316005 580.0388244628906 16
1777179317875 539.2278533935547 17
1777179319715 561.6597229003906 18
1777179321546 528.7639739990234 19
1777179323383 526.7792083740235 20
1777179325219 544.7456237792969 21
1777179327050 510.7491058349609 22
1777179328909 495.2998779296875 23
1777179330741 440.5447113037109 24
1777179332576 482.7044616699219 25
1777179334405 458.49083557128904 26
1777179336239 480.23296813964845 27
1777179338072 499.60718688964846 28
1777179339927 447.6232513427734 29
1777179341759 452.61542358398435 30
1777179343589 459.0107482910156 31
1777179345422 405.9267303466797 32
1777179347256 407.45203857421876 33
1777179349089 425.29869689941404 34
1777179350948 386.81968078613284 35
1777179352788 421.74024658203126 36
1777179354625 388.49321899414065 37
1777179356463 393.33372802734374 38
1777179358301 387.2037628173828 39
1777179360138 375.49451904296876 40
1777179362012 350.07408752441404 41
1777179363867 364.2950164794922 42
1777179366144 335.55872497558596 43
1777179368009 337.6337921142578 44
1777179369844 328.08836059570314 45
