1777370540014 -2.7123135865736865 1
1777370541142 -2.4226170315014994 2
1777370542296 -2.002233008825848 3
1777370543765 -1.484704252223548 4
1777370544957 -0.9566645751008533 5
1777370546417 -0.37917849730439834 6
1777370547613 0.1771791282717441 7
1777370548980 0.5904398653843059 8
1777370550203 0.8005874921566282 9
1777370551351 0.8952489103221921 10
1777370552494 0.9128906296452522 11
1777370554167 0.933004943510235 12
1777370555507 0.9408562636100426 13
1777370557033 0.9449132935795925 14
1777370558187 0.9565792729675262 15
1777370560011 0.9567438569872638 16
1777370561188 0.9616252235841883 17
1777370562789 0.9573765031817683 18
1777370564209 0.9631316493780215 19
1777370565925 0.9647492245817043 20
1777370567044 0.9610776478068989 21
1777370568189 0.9641471299380016 22
1777370569375 0.9618320542603936 23
1777370570510 0.9683976931393143 24
1777370571905 0.9649886835097173 25
1777370573195 0.9696600715889114 26
1777370574578 0.9700286291814703 27
1777370576042 0.9693291110285677 28
1777370577458 0.9692168292701695 29
1777370578893 0.970414058330203 30
1777370580386 0.9702370141044286 31
1777370582496 0.9723462384343056 32
1777370583972 0.973836907532505 33
1777370585191 0.9745045209999503 34
1777370586446 0.9708039928271185 35
1777370587640 0.9744721900442866 36
1777370589143 0.9760133754409601 37
1777370590394 0.9774548354693187 38
1777370591874 0.9735534356591685 39
1777370593165 0.9754837423603635 40
1777370594430 0.9740397290827679 41
1777370595717 0.9752566846163586 42
1777370597537 0.9761252877651794 43
1777370598790 0.9770222389757344 44
1777370600083 0.9792306531036669 45
1777370602435 0.9774512073162278 46
1777370603630 0.9788454141370262 47
1777370604861 0.9794860173753857 48
1777370606618 0.9812504503162182 49
