1777407450615 172.53370666503906 1
1777407453902 169.8997344970703 2
1777407459725 167.89981079101562 3
1777407472494 165.8515625 4
1777407477598 163.64500427246094 5
1777407482625 161.2378692626953 6
1777407482951 158.60279846191406 7
1777407490026 155.66229248046875 8
1777407497142 152.4116973876953 9
1777407503481 148.84713745117188 10
1777407506670 145.00625610351562 11
1777407509786 140.80299377441406 12
1777407510157 136.00428771972656 13
1777407510506 131.09347534179688 14
1777407514061 125.4273910522461 15
1777407514396 120.21855163574219 16
1777407517169 114.69176483154297 17
1777407519342 109.22514343261719 18
1777407524933 103.37156677246094 19
1777407527977 97.31591796875 20
1777407530949 91.32466888427734 21
1777407536799 85.43836212158203 22
1777407537144 80.18887329101562 23
1777407540475 73.39984130859375 24
1777407549552 67.82320404052734 25
1777407549879 62.122371673583984 26
1777407550213 56.16468811035156 27
1777407555282 50.780731201171875 28
1777407558014 47.008056640625 29
1777407560469 41.53849411010742 30
1777407562931 38.795654296875 31
1777407568654 33.23948669433594 32
1777407577978 32.4942626953125 33
1777407579044 29.236413955688477 34
1777407592581 27.98674201965332 35
1777407592896 26.910755157470703 36
1777407593215 24.82452392578125 37
1777407596620 23.69241714477539 38
1777407607849 22.6033935546875 39
1777407621738 20.444910049438477 40
1777407625092 21.756731033325195 41
1777407625472 21.62429428100586 42
1777407628196 20.544673919677734 43
1777407630789 20.814815521240234 44
1777407631104 20.247743606567383 45
1777407633917 20.41411590576172 46
1777407647238 20.047073364257812 47
1777407647540 19.49336051940918 48
1777407655046 19.36416244506836 49
1777407658020 20.216676712036133 50
1777407664183 19.895524978637695 51
1777407665408 19.64820671081543 52
1777407677749 16.626419067382812 53
1777407680385 16.927297592163086 54
1777407683097 17.825841903686523 55
1777407688322 18.71875 56
1777407705679 18.368362426757812 57
1777407710900 18.078739166259766 58
1777407718938 17.84298324584961 59
1777407722679 17.72190284729004 60
1777407725689 16.32752799987793 61
1777407729019 16.39194679260254 62
1777407737051 16.049863815307617 63
1777407737388 15.803922653198242 64
1777407743565 18.904369354248047 65
1777407746175 16.083993911743164 66
1777407748733 17.77901268005371 67
1777407759238 15.743597984313965 68
1777407772898 16.258262634277344 69
1777407789173 16.73575782775879 70
1777407798548 16.44239044189453 71
1777407808320 15.586309432983398 72
1777407818859 17.35329818725586 73
1777407830303 15.351442337036133 74
1777407831222 15.481133460998535 75
1777407835875 14.470133781433105 76
1777407847541 14.533729553222656 77
1777407851188 16.067502975463867 78
1777407851524 17.16965103149414 79
1777407851828 16.000703811645508 80
1777407861539 17.442636489868164 81
1777407864903 15.417726516723633 82
1777407871510 15.777122497558594 83
1777407881734 17.378494262695312 84
1777407885867 16.58150291442871 85
1777407889043 15.211634635925293 86
1777407902686 15.732953071594238 87
1777407914038 16.911972045898438 88
1777407931972 15.625396728515625 89
1777407939597 14.00391960144043 90
1777407955045 17.75147247314453 91
1777407969020 13.127177238464355 92
1777407978472 16.766633987426758 93
1777407988473 16.352401733398438 94
1777407996813 14.648277282714844 95
1777408004227 14.488760948181152 96
1777408008923 14.80523681640625 97
1777408018557 14.658933639526367 98
1777408024867 14.010444641113281 99
1777408028092 14.668821334838867 100
1777408040215 14.599431991577148 101
1777408040954 14.065727233886719 102
1777408047269 14.559085845947266 103
1777408048332 14.40421199798584 104
1777408065191 13.660540580749512 105
1777408069649 12.75224494934082 106
1777408078470 14.731975555419922 107
1777408087149 13.768464088439941 108
1777408094132 13.668787002563477 109
1777408099386 13.991642951965332 110
1777408099716 13.79931640625 111
1777408106119 12.749000549316406 112
1777408114705 14.612076759338379 113
1777408122466 14.318254470825195 114
1777408124895 11.558591842651367 115
1777408132359 14.772688865661621 116
1777408135668 15.075085639953613 117
1777408140147 12.499932289123535 118
1777408143864 13.613414764404297 119
