1777408971323 192.900634765625 1
1777408983026 188.03099060058594 2
1777408987934 182.45834350585938 3
1777408996682 175.27407836914062 4
1777408999648 166.2938690185547 5
1777409004431 155.29457092285156 6
1777409011992 142.79226684570312 7
1777409023380 129.61753845214844 8
1777409041150 115.57200622558594 9
1777409050253 99.44219207763672 10
1777409051100 83.16624450683594 11
1777409056060 67.794921875 12
1777409058606 53.34536361694336 13
1777409063314 42.32258605957031 14
1777409068135 33.79052734375 15
1777409073288 28.857194900512695 16
1777409079277 26.862796783447266 17
1777409083773 23.896915435791016 18
1777409086152 22.160173416137695 19
1777409088713 20.911623001098633 20
1777409091583 21.701370239257812 21
1777409094286 20.941320419311523 22
1777409096602 20.107690811157227 23
1777409107195 19.779565811157227 24
1777409111934 19.504695892333984 25
1777409115136 19.754764556884766 26
1777409118347 17.74283218383789 27
1777409123350 16.827861785888672 28
1777409124200 17.828886032104492 29
1777409130891 18.08729362487793 30
1777409133139 16.48537826538086 31
1777409133986 16.837221145629883 32
1777409136840 17.72458839416504 33
1777409141707 17.535734176635742 34
1777409144326 16.664247512817383 35
1777409148224 17.835948944091797 36
1777409154107 16.841564178466797 37
1777409166721 15.61521053314209 38
1777409172367 15.749813079833984 39
1777409180381 15.85480785369873 40
1777409187275 15.479948043823242 41
1777409191993 15.165562629699707 42
1777409195582 15.691977500915527 43
1777409198044 15.332342147827148 44
1777409205994 14.848724365234375 45
1777409213666 15.48222541809082 46
1777409219416 14.185882568359375 47
1777409222149 15.512211799621582 48
1777409225545 14.94467830657959 49
1777409229108 15.269842147827148 50
1777409235260 15.757393836975098 51
1777409244796 14.798332214355469 52
1777409256976 14.868927955627441 53
1777409271449 13.919135093688965 54
1777409281312 14.220606803894043 55
1777409291524 14.092633247375488 56
1777409300679 14.096242904663086 57
