1777170968166 224.1361487404278 1
1777170969299 216.74852278136328 2
1777170970425 207.00778470649516 3
1777170971565 192.24163532051557 4
1777170972709 171.1581795429135 5
1777170973832 145.52635852308384 6
1777170974955 116.89949271847463 7
1777170976091 87.21938285357788 8
1777170977223 59.501025226103664 9
1777170978343 45.04278198594316 10
1777170979462 36.55439214884779 11
1777170980600 32.55060924632435 12
1777170981748 31.22486321400654 13
1777170982883 30.113326876793774 14
1777170984016 27.575242572373906 15
1777170985142 27.08017701960288 16
1777170986269 25.699768050318095 17
1777170987391 25.231261734004697 18
1777170988525 25.044804164305827 19
1777170989641 24.828154837734328 20
1777170990768 23.817975011196886 21
1777170991899 24.64237451019825 22
1777170993047 22.5231766876514 23
1777170994167 23.517163890310957 24
1777170995291 23.62282273046495 25
1777170996432 24.415697591319947 26
1777170997551 20.85802400461685 27
1777170998673 23.159731064863003 28
1777170999803 21.601602372399167 29
1777171000930 20.570922257986435 30
1777171002051 21.470378591218672 31
1777171003173 20.13003949894021 32
1777171004330 22.98287685660986 33
1777171005450 20.939904923632007 34
1777171006575 20.894792285059694 35
1777171007702 20.40591075413007 36
1777171008828 20.963685840286207 37
1777171009944 21.09264059990022 38
1777171011066 19.707162424591882 39
1777171012204 21.816610449531947 40
1777171013340 20.24002746394431 41
1777171014480 19.641470590797514 42
1777171015613 20.006702951062945 43
1777171016739 19.701262885910886 44
1777171017867 19.337846532564015 45
1777171018994 20.4215764036651 46
1777171020136 20.16736561813186 47
1777171021260 19.545860451219152 48
1777171022389 18.710610894919 49
1777171023527 18.254708440725047 50
1777171024646 17.65910078580385 51
