1777170968166 186.69405553693602 1
1777170969299 178.052156614044 2
1777170970425 167.19165142352765 3
1777170971565 151.89080589520157 4
1777170972709 130.2957359232705 5
1777170973832 104.65327300844814 6
1777170974955 78.65148939505131 7
1777170976091 54.393256557848325 8
1777170977223 36.014550039076944 9
1777170978343 26.99982084014712 10
1777170979462 21.70111606936483 11
1777170980600 19.345999811838364 12
1777170981748 18.222124748455702 13
1777170982883 17.775366591955784 14
1777170984016 15.998632299660226 15
1777170985142 15.717823529666697 16
1777170986269 14.80648443639631 17
1777170987391 14.532683586707481 18
1777170988525 14.448880145733174 19
1777170989641 14.181894379564996 20
1777170990768 13.492248779500025 21
1777170991899 14.103654877250717 22
1777170993047 12.50100616455078 23
1777170994167 13.312016569510014 24
1777170995291 13.39097024048574 25
1777170996432 13.816289871486687 26
1777170997551 11.454006149021126 27
1777170998673 12.936629855364737 28
1777170999803 11.808370587049856 29
1777171000930 11.013366580037676 30
1777171002051 11.690310437806259 31
1777171003173 10.857712013199485 32
1777171004330 12.641126647588065 33
1777171005450 11.342082261305588 34
1777171006575 11.278215409679525 35
1777171007702 10.97271111302122 36
1777171008828 11.41271913607445 37
1777171009944 11.46051683775772 38
1777171011066 10.639809362648506 39
1777171012204 11.990823892446665 40
1777171013340 10.89919610085572 41
1777171014480 10.501969266812477 42
1777171015613 10.730639447996602 43
1777171016739 10.456302240247558 44
1777171017867 10.243003316123104 45
1777171018994 10.935297638481185 46
1777171020136 10.61484467275044 47
1777171021260 10.175751450216982 48
1777171022389 9.784008193157128 49
1777171023527 9.40984565689719 50
1777171024646 9.097431013118586 51
