1777170968166 -2.7250941051759603 1
1777170969299 -2.48357999817476 2
1777170970425 -2.177509880867972 3
1777170971565 -1.7403659606730926 4
1777170972709 -1.1722518550759229 5
1777170973832 -0.5703526925803983 6
1777170974955 -0.0133206736540608 7
1777170976091 0.43589118233448226 8
1777170977223 0.737449073164054 9
1777170978343 0.8495357356133779 10
1777170979462 0.9008973754273519 11
1777170980600 0.9213885263027652 12
1777170981748 0.9276526170698576 13
1777170982883 0.9327450121799687 14
1777170984016 0.9435631498030848 15
1777170985142 0.9455765192492646 16
1777170986269 0.9509784107362478 17
1777170987391 0.9527779729039573 18
1777170988525 0.9534408768041798 19
1777170989641 0.9542733004424452 20
1777170990768 0.9579213513403232 21
1777170991899 0.9549617603633365 22
1777170993047 0.9623621384181484 23
1777170994167 0.9589664549578089 24
1777170995291 0.9586027429280716 25
1777170996432 0.9557730323981224 26
1777170997551 0.9676897630620063 27
1777170998673 0.9601796638618223 28
1777170999803 0.9653652948552794 29
1777171000930 0.9686010076335408 30
1777171002051 0.9657926785927398 31
1777171003173 0.969925091095579 32
1777171004330 0.9608049775749927 33
1777171005450 0.9674649666849776 34
1777171006575 0.9676166903304388 35
1777171007702 0.9690787395926204 36
1777171008828 0.967396702808764 37
1777171009944 0.966993409719931 38
1777171011066 0.9711703749346998 39
1777171012204 0.9646774896979228 40
1777171013340 0.9695950149441547 41
1777171014480 0.9713656613646776 42
1777171015613 0.970299726608844 43
1777171016739 0.9711839820248935 44
1777171017867 0.9722553234711858 45
1777171018994 0.9690638162531515 46
1777171020136 0.9697793756653634 47
1777171021260 0.9716520146528185 48
1777171022389 0.9740173812453052 49
1777171023527 0.9752681638828828 50
1777171024646 0.9768562190049727 51
