1777404013870 48807.6484375 1
1777404030347 48183.38671875 2
1777404046587 47581.62890625 3
1777404054064 47037.40625 4
1777404065382 46476.9609375 5
1777404073054 45862.73828125 6
1777404084249 45179.37890625 7
1777404097437 44419.6484375 8
1777404104899 43529.94140625 9
1777404111983 42535.52734375 10
1777404125331 41426.015625 11
1777404140068 40055.95703125 12
1777404153342 38662.4140625 13
1777404159886 37278.6796875 14
1777404168810 35858.578125 15
1777404182004 34342.9609375 16
1777404186180 32771.7109375 17
1777404186567 31153.6015625 18
1777404189891 29645.1796875 19
1777404190213 28072.59375 20
1777404193130 26587.64453125 21
1777404196160 25139.361328125 22
1777404196516 23539.306640625 23
1777404198756 22151.12890625 24
1777404199854 20578.8515625 25
1777404203299 19009.509765625 26
1777404203637 17632.916015625 27
1777404204441 16335.7734375 28
1777404208080 14673.7509765625 29
1777404208390 13190.244140625 30
1777404208730 11674.3681640625 31
1777404209051 10431.0107421875 32
1777404209420 8827.7421875 33
1777404209799 7581.4677734375 34
1777404210176 6457.744140625 35
1777404210544 5531.365234375 36
1777404213546 4690.23876953125 37
1777404213949 3739.550537109375 38
1777404217099 3179.025146484375 39
1777404217490 2619.525634765625 40
1777404224629 2230.594970703125 41
1777404229069 1900.4056396484375 42
1777404235396 1701.031005859375 43
1777404238783 1489.52001953125 44
1777404245569 1464.28125 45
1777404252337 1231.3480224609375 46
1777404252730 1210.5986328125 47
1777404262971 1248.52197265625 48
1777404272800 965.1202392578125 49
1777404274965 998.03759765625 50
1777404275344 1021.4868774414062 51
1777404278368 1043.6900634765625 52
1777404279450 948.022705078125 53
1777404282942 666.3240966796875 54
1777404283325 730.5679931640625 55
1777404284128 664.6747436523438 56
1777404286967 777.8283081054688 57
1777404287299 662.0368041992188 58
1777404287647 718.1680297851562 59
1777404292568 741.3756713867188 60
1777404296700 692.7821655273438 61
1777404302285 569.4987182617188 62
1777404308385 558.0816040039062 63
1777404308768 822.5548095703125 64
1777404312004 729.90283203125 65
1777404313836 652.8939208984375 66
1777404315264 637.5896606445312 67
1777404317429 734.6328125 68
1777404318219 611.3516235351562 69
1777404322121 582.6563720703125 70
1777404325346 598.0440673828125 71
1777404325778 631.009033203125 72
1777404326312 644.6107788085938 73
1777404327000 459.1200256347656 74
1777404330064 653.7738037109375 75
1777404330479 545.2135009765625 76
1777404330843 548.1569213867188 77
1777404336806 689.5447998046875 78
1777404339655 504.1585693359375 79
1777404340045 543.0472412109375 80
1777404343136 489.0428161621094 81
1777404351935 427.53857421875 82
1777404352307 511.3503723144531 83
1777404352678 604.3773193359375 84
1777404356936 567.6179809570312 85
1777404357308 775.3590698242188 86
1777404364154 456.5018005371094 87
1777404369621 507.76666259765625 88
1777404369976 512.642333984375 89
1777404370362 558.6038208007812 90
1777404375992 707.5731201171875 91
1777404376417 424.5892639160156 92
1777404383065 497.9891052246094 93
1777404386575 489.2767333984375 94
1777404387996 365.678955078125 95
1777404392238 380.32330322265625 96
1777404393664 372.3685607910156 97
1777404395831 449.8573913574219 98
1777404398685 405.07025146484375 99
1777404403288 447.03900146484375 100
1777404403675 325.3132629394531 101
1777404407677 533.8829345703125 102
1777404407996 395.9176330566406 103
1777404408318 401.8221130371094 104
1777404408637 439.2455139160156 105
1777404413360 487.10809326171875 106
1777404413878 417.605224609375 107
1777404414271 363.3343505859375 108
1777404425573 394.40509033203125 109
1777404430674 305.6731872558594 110
1777404437224 420.7757263183594 111
1777404455041 420.0411071777344 112
1777404461846 428.7730712890625 113
