1777228716508 196.29855992615217 1
1777228717844 192.267092833031 2
1777228719151 187.16131548591156 3
1777228720482 179.79679157436937 4
1777228721690 169.1503676731391 5
1777228722975 154.5311817143455 6
1777228724325 137.01444078692424 7
1777228725695 118.60794824034633 8
1777228727021 99.57616151086238 9
1777228728287 79.80598731265854 10
1777228729647 60.408829692391905 11
1777228730884 45.2674563252134 12
1777228732180 37.54317258191764 13
1777228733552 32.83377825188016 14
1777228734860 30.24213882030754 15
1777228736408 27.698936649065224 16
1777228737715 27.564605522523454 17
1777228739032 27.667486971090767 18
1777228740330 26.438593378463253 19
1777228741655 25.166341093974488 20
1777228743020 25.19809452976333 21
1777228744311 25.256824901871603 22
1777228745659 23.466986223822488 23
1777228747017 24.176562869658284 24
1777228748353 24.269559212694386 25
1777228749704 24.03104570782879 26
1777228751040 23.576208652465304 27
1777228752349 22.40551835411427 28
1777228753766 23.251217335675978 29
1777228755099 21.682416366374913 30
1777228756452 22.38799482338745 31
1777228757838 21.79795153736898 32
1777228759159 22.122522272877962 33
1777228760503 23.105384632757673 34
1777228761840 21.794564687697694 35
1777228763184 20.61122144601885 36
1777228764631 21.245962229153513 37
1777228765951 20.682157590191544 38
1777228767305 21.785404859712617 39
1777228768501 20.736950687932204 40
1777228770823 21.10683032205 41
1777228772175 20.81997578681566 42
1777228773498 20.10137740937269 43
1777228774933 19.575599774264507 44
1777228776300 19.031417543516056 45
1777228777484 19.896071166346644 46
1777228778642 19.399211562248546 47
1777228779952 20.57919850084548 48
1777228781258 18.983176796560564 49
1777228796002 19.67699873853566 50
1777228797320 19.686561395090244 51
1777228798613 18.574089129562932 52
1777228799894 19.111492478093076 53
1777228801167 19.138418602564762 54
1777228802463 18.51343748606697 55
1777228803668 18.635983378235476 56
1777228804842 18.90039755693943 57
1777228805979 18.042415626573067 58
1777228807315 18.43001818229221 59
1777228808578 18.384205573465106 60
1777228809925 17.565481903197504 61
1777228811208 19.539628952548256 62
1777228812499 18.27144198990352 63
1777228813875 17.80768712731327 64
1777228815311 17.578435296125527 65
1777228816740 16.960838478740264 66
1777228818010 17.764554523595393 67
1777228819431 16.70695406746595 68
1777228820728 16.84879021553985 69
1777228822104 18.136515499885405 70
1777228823317 17.776642189253057 71
1777228824609 17.441997705427358 72
1777228825919 16.750220212462313 73
1777228827241 17.416767220206317 74
1777228828487 16.45713804438695 75
1777228829855 16.592373348450952 76
1777228831243 16.699247016930855 77
1777228832520 16.558926704442694 78
1777228833793 16.890127721514165 79
1777228835064 16.545947841536204 80
1777228836296 16.365487005228985 81
1777228837603 16.600060834398864 82
1777228838791 16.13969474465545 83
1777228840054 16.444436092345036 84
1777228841404 15.703026392040982 85
1777228842686 15.66896884444115 86
1777228843977 16.04690661113878 87
1777228845145 16.458598692006042 88
1777228846387 16.1300213062866 89
1777228847584 15.302335078117306 90
1777228848840 15.449120744509235 91
1777228850122 15.22582298872492 92
1777228851419 15.16186363374824 93
1777228852718 16.243144504560615 94
1777228853996 14.918437084951318 95
1777228855365 15.288362850132504 96
1777228856686 15.251972138687695 97
1777228858021 15.706161471460423 98
1777228859251 15.91795669280729 99
1777228860532 15.691583597901063 100
1777228861870 14.470320060335348 101
1777228863211 14.370152376528077 102
1777228864634 14.845709398937885 103
1777228866032 14.838787270728279 104
1777228867314 14.327930906843047 105
1777228868479 14.670698881602538 106
1777228869665 15.84214524872171 107
1777228870969 15.34865543771247 108
