1777212459565 51642.25 1
1777212460664 50952.83984375 2
1777212461425 50264.208984375 3
1777212463914 49554.2109375 4
1777212464900 48728.07421875 5
1777212465590 47784.36328125 6
1777212466295 46675.904296875 7
1777212468150 45413.916015625 8
1777212475612 44038.29296875 9
1777212477634 42473.408203125 10
1777212478364 40875.68359375 11
1777212479733 39112.626953125 12
1777212481037 37339.07421875 13
1777212481728 35396.634765625 14
1777212482416 33427.03515625 15
1777212483067 31368.0712890625 16
1777212483752 29247.2529296875 17
1777212484433 27240.029296875 18
1777212485107 25143.39453125 19
1777212486394 23029.9990234375 20
1777212486990 20872.6083984375 21
1777212487596 18717.4248046875 22
1777212488193 16613.064453125 23
1777212488787 14481.75732421875 24
1777212489380 12626.82373046875 25
1777212490389 10541.4609375 26
1777212491031 8933.19580078125 27
1777212491685 7333.646728515625 28
1777212492447 6000.710693359375 29
1777212493750 4684.015625 30
1777212496754 3766.387451171875 31
1777212499847 3143.7012939453125 32
1777212500443 2475.5281982421875 33
1777212501043 2025.5859375 34
1777212501639 1739.0048217773438 35
1777212502235 1510.5770874023438 36
1777212502832 1472.3335571289062 37
1777212504492 1402.9122924804688 38
1777212513535 1215.3006591796875 39
1777212517697 1128.3179321289062 40
1777212531852 1064.7413940429688 41
1777212552277 1116.0774536132812 42
1777212552924 926.1806030273438 43
1777212553602 915.3023986816406 44
1777212554253 841.919921875 45
1777212554891 896.377197265625 46
1777212555522 916.3014831542969 47
1777212557916 893.2095947265625 48
1777212558827 796.8697509765625 49
1777212560240 715.4159851074219 50
1777212561324 857.2291870117188 51
1777212562015 736.0351257324219 52
1777212562653 780.8516845703125 53
1777212563739 780.2293701171875 54
1777212564417 745.3248901367188 55
1777212565605 778.4336547851562 56
1777212567268 683.8349609375 57
1777212568039 693.1766967773438 58
1777212568935 730.5318908691406 59
1777212569783 658.6254272460938 60
1777212570536 603.8243408203125 61
1777212571662 706.2127380371094 62
1777212572753 770.8129577636719 63
1777212573786 638.8212280273438 64
1777212575072 651.3339233398438 65
1777212576291 596.8497314453125 66
1777212578226 731.3846130371094 67
1777212581368 641.056884765625 68
1777212596122 646.52587890625 69
