1777305317104 192.82693734323976 1
1777305318919 162.87764148018016 2
1777305320736 107.74056562275616 3
1777305322568 51.85163814266082 4
1777305324384 33.844349699761906 5
1777305326196 29.435048637808006 6
1777305328005 26.257906059109285 7
1777305329812 26.092995150954255 8
1777305331619 24.92871020768255 9
1777305333441 24.171159524658385 10
1777305335251 23.352581264397035 11
1777305337069 22.56746447858225 12
1777305338875 23.147699506081587 13
1777305340700 21.85191088294862 14
1777305342508 21.50652036224233 15
1777305344327 21.58678010728615 16
1777305346134 21.392189295499946 17
1777305347945 20.741200514968362 18
1777305349788 20.042962053353456 19
1777305351596 19.090543480228373 20
1777305353405 18.51289404313952 21
1777305355228 18.450785817681957 22
1777305373728 17.79257242178003 23
1777305375575 17.140441318775455 24
1777305377400 16.452735845620367 25
1777305379220 15.627774331398928 26
1777305381029 15.33500357495989 27
1777305382833 15.004095475842513 28
1777305384656 14.503554124823768 29
1777305386483 14.705889208801684 30
1777305388308 14.556742466697576 31
1777305390131 13.583795312054857 32
1777305391956 13.629042505716518 33
1777305393778 13.844207760480964 34
1777305395591 13.651944755665905 35
1777305397418 13.50220463117079 36
1777305399234 13.318634087830006 37
1777305401060 12.799131998296891 38
1777305402892 13.933410035563128 39
1777305404700 12.984682986826538 40
1777305406513 12.617315531075434 41
1777305408354 12.504058077809322 42
1777305410178 12.507596398387575 43
1777305412003 12.728175210645883 44
1777305413817 12.289583803709526 45
1777305415638 12.041214110969644 46
1777305417457 12.158492917348163 47
1777305419282 11.95807424539621 48
1777305421103 11.826017984128963 49
1777305422918 11.708614348360117 50
1777305424725 11.713865650594515 51
1777305426515 11.90913420925967 52
1777305428330 11.590735208038797 53
1777305430164 11.18957319677672 54
1777305431990 11.627989565170807 55
1777305433799 10.998726080106541 56
1777305435603 11.2329108506642 57
1777305437424 11.16342322772741 58
1777305439234 11.363877095688037 59
1777305441080 10.797601635999662 60
1777305442890 10.969175935542424 61
1777305444702 10.987517646903958 62
1777305446511 11.354781958227083 63
1777305448337 10.84476067294094 64
1777305450172 10.65579113811248 65
1777305452010 10.387436772734727 66
1777305453833 10.692120930683435 67
1777305455647 10.841288868230475 68
1777305457466 11.185100472605502 69
1777305459293 10.695087819400495 70
1777305461133 10.744682271971572 71
1777305462954 10.294515334557719 72
