1777130116886 224.31446780970236 1
1777130118097 216.71069965220914 2
1777130119279 206.2701126557117 3
1777130120449 190.40848359513816 4
1777130121624 168.60445691210242 5
1777130122799 141.81535778301657 6
1777130123977 113.21020617086606 7
1777130125169 83.89532051722253 8
1777130126347 57.840862974954824 9
1777130127526 42.24876627729057 10
1777130128696 34.56143512430528 11
1777130129929 31.09199508238616 12
1777130131109 30.490034632877386 13
1777130132285 29.337319999048354 14
1777130133955 26.635576180308757 15
1777130135174 25.517556523263913 16
1777130136358 26.8834357218518 17
1777130137538 25.33966400285023 18
1777130138716 24.83604071620578 19
1777130139929 24.49047666472878 20
1777130141118 23.360886500011215 21
1777130142309 22.80066179352381 22
1777130143493 24.02983654612727 23
1777130144681 23.131978729486292 24
1777130145890 21.833990577337207 25
1777130147084 22.93702235750984 26
1777130148269 22.041464830518866 27
1777130149457 21.30319198546385 28
1777130150645 21.8167961720974 29
1777130151831 23.284339402821402 30
1777130153026 21.414898315729797 31
1777130154213 21.234907467799705 32
1777130155407 21.615837140467246 33
1777130156623 20.45953170881828 34
1777130157826 21.190897531336272 35
1777130163510 21.28581755659703 36
1777130164880 20.422838837718086 37
1777130166356 20.56050596453254 38
1777130167818 19.643483781603635 39
1777130169803 20.459958303936695 40
1777130171218 20.910543368707792 41
1777130172911 20.301641478671513 42
1777130174491 20.734736332335753 43
1777130199866 20.000135802761598 44
1777130201038 19.933071302309855 45
1777130202209 19.22184537445896 46
1777130209406 18.521599609634407 47
1777130210609 19.786289531338834 48
1777130211785 20.152024599503257 49
1777130212965 19.35472729722638 50
