1777301665143 185.4171477621406 1
1777301666252 173.81020051674025 2
1777301667356 156.96903144068972 3
1777301668475 131.63456283975634 4
1777301669579 100.89951448519554 5
1777301670693 69.65582747058755 6
1777301671793 44.17594922398674 7
1777301672897 29.8672845693735 8
1777301673999 22.27185228426781 9
1777301675099 19.18159111248671 10
1777301676203 16.54104116405961 11
1777301677308 16.021642676359097 12
1777301678409 15.420320553751386 13
1777301679527 13.825865066799187 14
1777301680634 15.542859762519068 15
1777301681729 12.914431820480075 16
1777301682835 13.999325131749261 17
1777301683939 12.55270133701302 18
1777301685047 12.563216560860358 19
1777301686148 12.272382234652367 20
1777301687253 11.46340095463589 21
1777301688352 12.446477211495123 22
1777301689461 11.592611986871301 23
1777301690568 11.588976974938749 24
1777301691671 11.602280424219616 25
1777301692779 11.416138415816267 26
1777301693875 11.255998157749515 27
1777301694975 10.837407024992993 28
1777301696077 11.046439656816291 29
1777301697186 10.459745366023137 30
1777301698282 10.383215166802943 31
1777301699387 10.40538692180927 32
1777301700508 11.032400891907821 33
1777301701620 9.950323598286104 34
1777301702726 9.85726841853215 35
1777301703828 10.364416767549233 36
1777301704925 9.899732275968473 37
1777301706026 10.700635682958117 38
1777301707133 9.056473332692885 39
1777301708237 8.88319286007853 40
1777301709337 9.010163989546736 41
1777301710443 9.542407488399709 42
1777301711566 9.192134805713179 43
1777301712672 8.945388662123822 44
1777301713768 9.413874784390602 45
1777301714875 9.201982837202987 46
1777301715982 8.519150491748336 47
1777301717083 8.076105538091715 48
1777301718184 10.618852537256727 49
