1777200624795 189.13114526897616 1
1777200625198 186.32443908404687 2
1777200625586 184.0803596196424 3
1777200625974 181.7020202744238 4
1777200627258 179.1458559333053 5
1777200627633 176.36018062463873 6
1777200628009 173.31592567430408 7
1777200628387 169.95753401052372 8
1777200628762 166.33167458140562 9
1777200629139 162.6326858690747 10
1777200629518 158.81290790156905 11
1777200629898 154.8649201317528 12
1777200630307 150.6725751750272 13
1777200630687 146.41698270787649 14
1777200631065 141.87006464637312 15
1777200631445 137.34655767542716 16
1777200631824 132.7159374010822 17
1777200632205 127.97880507607496 18
1777200632596 122.74140630913564 19
1777200632974 117.40928951404547 20
1777200633355 112.05030425828272 21
1777200633733 106.57885838506925 22
1777200634112 101.01699210865247 23
1777200634497 95.12084773674616 24
1777200634875 88.9512037410501 25
1777200635254 82.4056114425256 26
1777200635631 75.31908597738968 27
1777200636015 68.17728723334483 28
1777200636393 61.54806988279888 29
1777200636770 54.233913329791406 30
1777200637151 48.08033218876586 31
1777200637528 43.168386993587404 32
1777200637906 38.13452068245978 33
1777200638283 34.8469997390326 34
1777200638660 30.829612557214634 35
1777200639036 27.71750432102385 36
1777200639412 24.341308107672898 37
1777200639796 24.080954420097562 38
1777200640169 23.37780730694935 39
1777200640544 21.02857119548482 40
1777200640923 20.250224289863304 41
1777200642076 18.798598115330783 42
1777200642459 17.887837307493754 43
1777200642841 17.107131763128972 44
1777200643225 16.9671637232137 45
1777200643608 15.208641794241672 46
1777200643991 13.318738123142783 47
1777200644374 16.433251994116755 48
1777200644756 14.352766309145682 49
1777200645376 16.26800330582606 50
1777200645770 15.324213020114149 51
1777200646155 14.127513726458995 52
1777200646544 13.596966596750113 53
1777200646929 13.811266842549223 54
1777200647315 13.159734066836076 55
1777200647700 12.035452555434114 56
1777200648085 13.105231535413724 57
1777200648471 13.603579947336659 58
1777200648858 12.184718130339053 59
1777200649245 12.179746590847838 60
1777200649629 14.402356848321938 61
1777200650015 12.234262982747588 62
1777200650400 11.398691499926242 63
1777200650786 11.501793889388994 64
1777200651175 12.069258656840567 65
1777200651568 11.557335404459337 66
1777200651956 12.114115636907322 67
1777200652346 13.20438298210283 68
1777200653118 10.802988438765862 69
1777200653506 13.037405994032245 70
1777200653896 10.87887944295976 71
1777200654284 12.793454843343039 72
1777200654672 11.610830919643185 73
1777200655059 8.875878212526134 74
1777200655451 11.001211815977964 75
1777200655842 10.757747111149696 76
1777200656231 9.442945784984865 77
1777200656618 10.505327139051955 78
1777200657004 9.962542130116917 79
1777200657391 11.537939607012083 80
1777200657779 11.065889209561396 81
1777200658166 11.620856691092795 82
1777200658555 9.476965124160488 83
1777200658941 9.933046385462118 84
1777200659325 11.469390631142044 85
1777200659713 11.164747192239453 86
1777200660097 10.262880708915096 87
1777200660484 11.057250960322596 88
1777200660872 10.033763591779797 89
1777200662642 9.11095021405223 90
1777200663344 9.827007312181061 91
1777200663732 9.401479120752914 92
