1777413328397 167.5575521963614 1
1777413328941 164.81123578106914 2
1777413344840 162.6934814453125 3
1777413345192 160.60653799551505 4
1777413345544 158.3646353262442 5
1777413352151 155.93065219455295 6
1777413352488 153.26023836489077 7
1777413352803 150.324626216182 8
1777413358462 147.0225312974718 9
1777413358781 143.3739180388274 10
1777413361365 139.44399120189524 11
1777413373955 135.16735896357784 12
1777413374278 130.12277956362124 13
1777413374589 124.9107157389323 14
1777413377248 119.78806333188658 15
1777413385758 114.81692617910879 16
1777413388322 109.40105890344691 17
1777413388634 103.81982139304831 18
1777413395388 98.26911615442347 19
1777413395701 92.40473485876012 20
1777413398453 87.21022598831742 21
1777413398776 81.18410209373191 22
1777413399113 75.22885965417933 23
1777413403861 69.91100042837637 24
1777413406901 63.76188702053494 25
1777413410127 58.60443673310456 26
1777413410459 52.486718071831596 27
1777413410799 47.27184535838939 28
1777413414126 42.180626410025134 29
1777413414513 38.51240603129069 30
1777413414857 35.19303477251971 31
1777413420828 30.403255533289027 32
1777413432485 28.263602009526007 33
1777413432821 25.381531256216544 34
1777413433151 23.01344150967068 35
1777413433470 20.983644485473633 36
1777413436563 20.03222080513283 37
1777413436893 19.9501661018089 38
1777413440106 20.196601761711968 39
1777413465242 17.758684370252823 40
1777413468638 17.40681701236301 41
1777413471367 19.017158932156033 42
1777413478717 17.1657545654862 43
1777413491660 16.164342209144873 44
1777413508029 16.417605223479093 45
1777413519520 15.550905898765281 46
1777413531145 15.061974030953866 47
1777413542220 15.893669446309408 48
1777413556457 13.33104423240379 49
1777413565216 14.602860344780815 50
1777413585753 12.932197111624259 51
1777413597544 14.65736519848859 52
1777413608499 13.654021227801287 53
1777413616306 16.283408376905655 54
1777413624798 13.528407697324399 55
1777413639326 13.441704679418493 56
1777413643326 12.079709353270355 57
1777413651196 12.644857159367314 58
1777413660593 12.105546845330132 59
1777413669681 11.519845626972339 60
1777413679972 11.814664558128074 61
1777413681921 15.44764840161359 62
1777413693769 11.39973580395734 63
1777413698837 12.347796652052137 64
1777413707032 10.780934916602241 65
1777413707405 12.965721607208252 66
1777413710587 13.251849598354763 67
1777413714669 11.922982569094058 68
1777413714975 13.780210283067492 69
1777413715282 11.143056233723959 70
1777413722523 12.680015934838188 71
1777413733723 12.350869355378327 72
1777413744438 11.405171359026873 73
1777413744748 10.95500177807278 74
1777413745063 11.050504649126971 75
1777413745393 9.632731490665012 76
1777413745712 10.150616963704428 77
1777413746027 12.104834468276412 78
1777413749236 10.459589004516602 79
1777413749563 10.337822525589555 80
1777413749881 12.667457774833396 81
1777413750243 11.814671145545113 82
1777413750563 11.141862710316977 83
1777413753940 9.267478360070122 84
1777413765372 11.474584968001754 85
1777413771933 9.848970589814362 86
1777413772286 10.296924396797463 87
1777413772632 10.827297917118779 88
1777413775897 10.684978202537254 89
1777413776221 10.711318069034153 90
1777413779034 12.617326259613037 91
1777413785053 11.111351878554732 92
1777413791555 11.608334223429361 93
1777413791914 11.364478252552173 94
1777413792263 13.37460094028049 95
1777413792679 9.602966237951208 96
1777413793288 8.242850692183882 97
1777413793624 12.016187120366979 98
1777413802919 10.437537564171684 99
1777413803361 11.773294696101436 100
1777413814608 10.937593795635083 101
1777413814933 11.089289117742467 102
1777413818504 9.910412753069842 103
1777413821908 10.43397476055004 104
1777413829666 10.65986133504797 105
1777413830018 9.29181937818174 106
1777413830382 9.241080778616446 107
1777413833892 10.542138011367232 108
1777413841455 11.050867080688477 109
1777413844939 9.795159339904785 110
1777413853936 7.960933137823035 111
1777413857652 8.460063174918846 112
1777413858009 8.684912964149758 113
1777413858376 8.144245359632704 114
1777413858772 10.782149438504819 115
1777413859093 10.762841012742784 116
1777413865945 10.56489105577822 117
1777413886867 9.84379694196913 118
1777413887178 8.000681541584155 119
1777413887517 10.430252110516584 120
1777413887960 9.156874886265507 121
1777413889248 10.557519806755913 122
1777413893537 9.01206710603502 123
1777413901958 8.64531894966408 124
1777413908711 10.306792276876944 125
1777413921638 8.54420750229447 126
1777413934353 8.864660245400888 127
1777413943907 9.74050341712104 128
1777413955209 8.776117554417363 129
1777413961970 10.391851389849627 130
1777413970690 8.238074567582872 131
1777413974196 9.28987487157186 132
1777413978843 8.023805759571216 133
1777413982801 9.373629887898764 134
1777413985593 9.467869546678331 135
1777413991766 9.115805837843153 136
1777414000465 7.54693368629173 137
