1777305801640 150.2574005126953 1
1777305803478 117.72521209716797 2
1777305805314 68.71172332763672 3
1777305837064 33.2410888671875 4
1777305838870 23.533605575561523 5
1777305840712 21.15526008605957 6
1777305842530 19.4763126373291 7
1777305844339 18.78156280517578 8
1777305846147 18.51483917236328 9
1777305847960 17.303808212280273 10
1777305849773 17.49708366394043 11
1777306012157 16.923065185546875 12
1777306013972 16.864051818847656 13
1777306015790 16.376163482666016 14
1777306017600 15.886094093322754 15
1777306019419 15.659802436828613 16
1777306021249 14.556784629821777 17
1777306023086 14.321187019348145 18
1777306024904 14.650240898132324 19
1777306026722 14.211718559265137 20
1777306028525 14.107690811157227 21
1777306030337 13.981584548950195 22
1777306032156 13.593354225158691 23
1777306034006 13.200835227966309 24
1777306035822 13.090970993041992 25
1777306037628 12.716668128967285 26
1777306039451 12.376103401184082 27
1777306041263 12.4754056930542 28
1777306043082 12.108111381530762 29
1777306044953 11.916555404663086 30
1777306046757 11.649897575378418 31
1777306048577 11.240327835083008 32
1777306050392 11.262578010559082 33
1777306052208 10.962759017944336 34
1777306054033 10.552371978759766 35
1777306055870 10.347455024719238 36
1777306057690 9.991003036499023 37
1777306059511 9.9837646484375 38
1777306061346 9.743462562561035 39
1777306063157 9.919848442077637 40
1777306064977 9.835598945617676 41
1777306066816 9.869699478149414 42
1777306068642 9.399962425231934 43
1777306070467 9.6238374710083 44
1777306072291 9.330764770507812 45
1777306074111 9.128545761108398 46
1777306075944 9.146140098571777 47
1777306077788 9.088648796081543 48
1777306079613 9.189499855041504 49
1777306081425 8.960871696472168 50
1777306083242 8.951857566833496 51
1777306085062 8.756051063537598 52
1777306086878 8.66894245147705 53
1777306088704 8.849157333374023 54
1777306090525 8.631632804870605 55
1777306092344 8.524798393249512 56
1777306094156 8.488887786865234 57
1777306095996 8.316926956176758 58
1777306097809 8.316625595092773 59
1777306099642 8.42538833618164 60
1777306101487 8.483381271362305 61
1777306103316 8.339860916137695 62
1777306105128 8.284042358398438 63
1777306106947 8.251069068908691 64
1777306108772 7.995388031005859 65
1777306110599 8.151652336120605 66
1777306112416 8.071856498718262 67
1777306114236 8.182920455932617 68
1777306116068 8.147931098937988 69
1777306117892 7.863779544830322 70
1777306119724 7.895025253295898 71
1777306121565 7.948628902435303 72
1777306123387 7.966996669769287 73
1777306125207 7.726747512817383 74
1777306127053 7.747488975524902 75
1777306128895 7.644482135772705 76
1777306130733 7.580923080444336 77
1777306132548 7.801445484161377 78
1777306134384 7.782573223114014 79
1777306136215 7.520230293273926 80
1777306138035 7.383920669555664 81
1777306139865 7.440965175628662 82
1777306141722 7.405782699584961 83
1777306143564 7.557117462158203 84
1777306145394 7.469654083251953 85
1777306147230 7.2465500831604 86
1777306149053 7.1341705322265625 87
1777306150881 7.313061714172363 88
1777306152733 7.385180473327637 89
1777306154555 7.487219333648682 90
1777306156388 7.1992082595825195 91
1777306158216 7.017293453216553 92
