1777433580532 -1.8608396471104678 1
1777433580870 -1.8205406187019153 2
1777433581219 -1.7855440304361947 3
1777433581539 -1.7552077773004187 4
1777433581844 -1.7242630240303356 5
1777433582135 -1.6915135402867008 6
1777433582463 -1.6568924765953588 7
1777433582764 -1.6191483721333428 8
1777433583109 -1.5785302400853607 9
1777433583461 -1.5331860490462432 10
1777433584157 -1.4811832333313308 11
1777433584501 -1.421822725783251 12
1777433584847 -1.3509000899604366 13
1777433585196 -1.2753212371736238 14
1777433585528 -1.196103119343301 15
1777433585824 -1.108526609802746 16
1777433586162 -1.023911419364191 17
1777433586535 -0.925574626336862 18
1777433586875 -0.8215229407403475 19
1777433587223 -0.7188958282600946 20
1777433587569 -0.6139122780412525 21
1777433587872 -0.5105716282551309 22
1777433588158 -0.4158722439499718 23
1777433588471 -0.30010219016434947 24
1777433588786 -0.20080527714143237 25
1777433589091 -0.1057618922409933 26
1777433589419 -0.017566995161920174 27
1777433589733 0.04405270149285401 28
1777433590040 0.14819725890061652 29
1777433590334 0.2285329614536974 30
1777433590669 0.300295635677856 31
1777433590988 0.3667609938424037 32
1777433591302 0.446793782924942 33
1777433591617 0.5175513148612638 34
1777433591970 0.565737195385364 35
1777433592267 0.623665314082783 36
1777433592592 0.6763078524562509 37
1777433592904 0.7205452588044147 38
1777433593266 0.7601198657175918 39
1777433593630 0.7981068201953088 40
1777433593986 0.8234083459257562 41
1777433594303 0.8449661002744135 42
1777433594617 0.8731534190541312 43
1777433594940 0.8821186636073164 44
1777433595246 0.8883829628829235 45
1777433595567 0.8983777176522808 46
1777433595867 0.9123891815830375 47
1777433596165 0.9203262028026938 48
1777433596491 0.919253346772604 49
1777433596789 0.9198744492576016 50
1777433597099 0.9351350178201531 51
1777433597408 0.9361580167122824 52
1777433597719 0.9378166015673475 53
1777433598028 0.9236561093176574 54
1777433598321 0.9414717344019717 55
1777433598634 0.9464726999369953 56
1777433598926 0.9500405253632337 57
1777433599218 0.9378251668728335 58
1777433599512 0.949487794731937 59
1777433599811 0.9505028900286996 60
1777433600129 0.9448646469608841 61
1777433600457 0.9427639849631904 62
1777433600759 0.9434995895847325 63
1777433601099 0.9510485497846273 64
1777433601440 0.9491826945039245 65
1777433601739 0.9599230300516778 66
1777433602032 0.9525524015010622 67
1777433602325 0.9521520633528662 68
1777433602640 0.9650011816074969 69
1777433602949 0.9586366095715884 70
1777433603276 0.9592106124539632 71
1777433603603 0.9515848727561689 72
1777433603925 0.9559001780864146 73
1777433604258 0.9587686262360479 74
1777433604563 0.9664724717826014 75
1777433604868 0.9641518970536143 76
1777433605155 0.9630228370001891 77
1777433605452 0.9557249512699313 78
1777433605767 0.9601685867938367 79
1777433606059 0.9551573872296907 80
1777433606351 0.9615613846669154 81
1777433606633 0.9589705590891875 82
1777433606941 0.9515176452294426 83
1777433607244 0.9514579508845474 84
1777433607549 0.9572199935743577 85
1777433607861 0.9612051253496803 86
1777433608167 0.9651048195557659 87
1777433608476 0.9656655437919174 88
1777433608778 0.968913197159164 89
1777433609057 0.970733041324609 90
1777433609356 0.9676718123844695 91
1777433609656 0.965228793922257 92
1777433609954 0.961148794958187 93
1777433610255 0.964820629014453 94
1777433610567 0.9712794113277787 95
1777433610859 0.9586969533808576 96
1777433611144 0.9639883941512843 97
1777433611443 0.9712432231128021 98
1777433611747 0.9707195189328771 99
1777433612107 0.9694000122656973 100
1777433612451 0.9688323955351138 101
1777433612752 0.9694022468887034 102
1777433613063 0.9590864867688007 103
1777433613398 0.9719179288165113 104
1777433613803 0.9685769853129594 105
1777433614177 0.9697518102694461 106
1777433614522 0.9714807520275269 107
1777433614865 0.9743296962783141 108
1777433615223 0.9616119734068173 109
1777433615604 0.9616141675638131 110
1777433615959 0.9650587624918573 111
1777433616321 0.9646568335513822 112
1777433616689 0.9713672673501166 113
1777433617027 0.9729471705446293 114
1777433617329 0.9673296992458215 115
1777433617623 0.9665777531005058 116
1777433617989 0.9708480839434109 117
1777433618334 0.9629060247054884 118
1777433618698 0.9760705884714251 119
1777433619104 0.9714766514718297 120
1777433619488 0.9710714023648696 121
1777433619869 0.9686259334609302 122
1777433620335 0.9733801411166676 123
1777433620680 0.9698274682197942 124
1777433621000 0.9619043358340729 125
1777433621304 0.9664199536457357 126
1777433621674 0.969001939113083 127
1777433622052 0.9726285704060018 128
1777433622442 0.9687484488029435 129
1777433622873 0.9760685094947648 130
1777433623227 0.9730993879381075 131
1777433623574 0.9680703598705231 132
1777433623875 0.9755258715389421 133
1777433624182 0.9751133075343615 134
1777433624479 0.9680531460794192 135
1777433624815 0.9744094880988933 136
1777433625180 0.9649382299843423 137
1777433625540 0.975141847314143 138
1777433625883 0.9754392086007208 139
