1777225959026 203.72064727106076 1
1777225968274 169.50748040611822 2
1777225973667 108.00879398097206 3
1777226009283 48.746894204519094 4
1777226014064 33.283178004318344 5
1777226016818 30.77971339819366 6
1777226024614 27.24430091468375 7
1777226031117 26.913829961658262 8
1777226036553 25.827472388769298 9
1777226080885 25.54625562058882 10
1777226098688 24.054927912605002 11
1777226186445 24.308141542785215 12
1777226191042 24.036121838796927 13
1777226192918 23.07049312084277 14
1777226269788 22.715929973580995 15
1777226290951 21.702523818261447 16
1777226297901 21.238660040000646 17
1777226302785 20.47766100251755 18
1777226387912 20.84076736993577 19
1777226389743 20.934477849821945 20
1777226391569 19.82363698851386 21
1777226393665 19.475011172992453 22
1777226396074 19.90922020898653 23
1777226398381 18.99418827866224 24
1777226400508 18.395211867734155 25
1777226408433 17.911552784855132 26
1777226414435 17.622434512610887 27
1777226418250 17.078735704644632 28
1777226423847 17.116710798587814 29
1777226429141 16.105175429973094 30
1777226435379 15.43812881067305 31
1777226524366 15.398316536721804 32
1777226526386 15.033032279595025 33
1777226528349 14.800621522291252 34
1777226530210 14.867816903828862 35
1777226532171 14.010773616857497 36
1777226534047 13.80196193358874 37
1777226535927 14.181527335059082 38
1777226537755 13.936403352969304 39
1777226539581 13.65524201453952 40
1777226541398 13.76854053454355 41
1777226543214 13.415680622054555 42
1777226545054 13.271335609300362 43
1777226546875 13.171600605178849 44
1777226548694 13.174058600010323 45
1777226550514 13.024026545682167 46
1777226552326 12.837378205891085 47
1777226554154 12.51010533986304 48
1777226555988 12.84474534318154 49
1777226557813 12.596696250283227 50
1777226559643 12.743950498759641 51
