1777201333566 154.90071439205363 1
1777201334273 152.16477103304084 2
1777201334784 149.65257303028503 3
1777201335315 146.8163768009899 4
1777201335801 143.62239278459407 5
1777201336313 140.5460007257207 6
1777201336902 137.36755297742894 7
1777201337359 133.87431308282234 8
1777201337821 130.17411037184718 9
1777201338362 126.3467026345454 10
1777201338916 122.39052758825285 11
1777201339591 118.36446688960497 12
1777201340253 114.24574109538726 13
1777201340989 109.88544782417819 14
1777201341740 105.56052720610396 15
1777201342454 100.83198028473896 16
1777201343195 95.95446179670112 17
1777201343985 90.58356535597441 18
1777201436074 85.07614469443301 19
1777201436461 79.1986541476377 20
1777201436862 71.65111275738 21
1777201437246 65.25875384956156 22
1777201437622 58.272895616027654 23
1777201437999 52.23777833480156 24
1777201438375 46.20003441377634 25
1777201438769 41.02713284365147 26
1777201439143 36.52741862673434 27
1777201439520 30.215407607534164 28
1777201439898 26.81000774168473 29
1777201440276 24.250977594845374 30
1777201440661 22.95476056333819 31
1777201441075 19.974489085256877 32
1777201441456 18.23811063568387 33
1777201441837 21.19064879374971 34
1777201442216 18.332462254193132 35
1777201442604 18.69955057149825 36
1777201442980 16.554517391668938 37
1777201443361 14.540161691999577 38
1777201443742 16.11549732876107 39
1777201444125 14.796241099190642 40
1777201444503 16.618189305155497 41
1777201444884 13.386614794405702 42
1777201445268 14.916019756645406 43
1777201445651 11.959375299119808 44
1777201446035 15.605359442509954 45
1777201446415 12.842771297534071 46
1777201446793 13.003962565458847 47
1777201447411 14.531989942601598 48
1777201447800 13.20776507097465 49
1777201448188 13.205161658946414 50
1777201449340 12.602469616898443 51
1777201450862 9.464467222400518 52
1777201451242 10.400259760508552 53
1777201451625 12.060467677017348 54
1777201452024 11.684006578349218 55
1777201452409 10.433099821979285 56
1777201452789 10.789769050417032 57
1777201453173 11.29186951611799 58
1777201453561 11.276323495066839 59
1777201453943 12.095740988983245 60
1777201454774 12.137253472076326 61
1777201455163 9.742240533347653 62
1777201455554 10.034266801828446 63
1777201455944 9.777909491111688 64
1777201456335 10.64108824687471 65
1777201456722 10.747549877676128 66
1777201457111 11.141663408137925 67
1777201457507 8.654538412688394 68
1777201457895 9.146740249497954 69
1777201458285 10.627622130079864 70
1777201458669 12.374428150844857 71
1777201459053 11.063950572028004 72
1777201459444 9.588938998893036 73
1777201459834 10.473029160994804 74
1777201460220 10.100769334447843 75
1777201460612 8.827748832646039 76
1777201461002 9.39644059993393 77
1777201461391 9.577313999323179 78
1777201461797 8.758469688008022 79
1777201462185 8.109689522921508 80
1777201462574 7.821995915715702 81
1777201462961 8.55384514692629 82
1777201463347 8.267284514713005 83
1777201463733 8.195041925051092 84
1777201464120 9.013548255037483 85
1777201464511 6.605988555138472 86
1777201464898 7.014027915298055 87
1777201465286 7.5194448333819475 88
1777201465675 8.493280898640347 89
1777201466068 7.888884911692815 90
1777201466457 7.187397688574182 91
1777201466844 8.377994651398248 92
1777201467231 8.122504314116979 93
1777201467618 7.502593596540502 94
1777201468618 9.331901973645127 95
1777201469005 7.512365500226573 96
1777201469392 7.6449245509478745 97
1777201469780 7.664799436688069 98
1777201470167 8.09268847389108 99
1777201470555 8.348062358482656 100
1777201470941 6.6888250515086005 101
1777201471326 7.854341436210655 102
1777201471726 7.264486242967826 103
1777201473063 9.296356096465793 104
1777201473453 8.128336587787029 105
1777201473845 7.779813889862876 106
1777201474618 6.578037732857271 107
1777201475002 7.495960552260854 108
1777201475385 6.6102921607586325 109
1777201475768 6.790554626759152 110
1777201476484 6.649604474189373 111
1777201476870 6.7724809689054855 112
1777201477268 5.888091087907288 113
1777201477657 7.254246059157374 114
1777201478047 6.461291781235873 115
1777201478439 6.496337652913894 116
1777201478825 6.462281961752328 117
1777201479211 7.394398026508818 118
1777201479598 6.027099354118551 119
1777201479987 6.198854783168533 120
1777201480371 6.82947469408505 121
1777201480757 6.306838165758625 122
1777201481145 6.918497377333372 123
1777201481530 6.108436753700325 124
1777201481921 6.771870579139415 125
1777201482332 5.534652031352329 126
1777201482718 5.825444638622974 127
1777201483107 7.39711142406973 128
1777201483492 6.083202556049788 129
1777201483880 6.84486376312437 130
1777201484269 6.5889306405177805 131
1777201484655 6.445922545084968 132
1777201485040 5.471901027668124 133
1777201485427 6.4381005550350565 134
1777201485812 5.510876603508562 135
1777201486199 6.370539789737509 136
1777201486584 5.959127571887008 137
1777201486969 5.535543909270968 138
1777201487357 5.332147928798234 139
1777201487744 5.686088984797899 140
1777201488132 7.447724416489417 141
1777201488521 5.965633768143923 142
1777201488909 6.284065706156835 143
1777201489294 6.341937055502871 144
1777201489680 5.621900689212787 145
1777201490067 6.00069302635306 146
1777201490455 6.366364461519598 147
1777201490841 5.1844468730847275 148
1777201491228 5.3635933227991845 149
1777201491613 5.763419403166728 150
1777201492005 6.470332279827899 151
1777201493326 7.961668737847303 152
1777201493713 6.805234422881808 153
1777201494099 5.507839458986276 154
1777201494839 5.375943805909652 155
1777201495227 5.548448886644946 156
1777201495614 5.513903165641807 157
1777201496003 5.428004084284298 158
1777201496390 5.3479487472896405 159
1777201496782 4.826268445419628 160
1777201497170 6.084934676648602 161
1777201497556 5.2716912804442275 162
1777201497944 5.159337754065629 163
1777201498330 5.637969688279693 164
1777201498717 5.860360638536402 165
1777201499104 5.591286930910558 166
1777201499490 6.810152227588507 167
1777201499876 5.412117718659806 168
1777201500263 4.739326796828816 169
1777201500649 5.017971010519418 170
1777201501035 4.580976678214371 171
