1777217804034 39185.665625 1
1777217805190 34903.553125 2
1777217806346 27506.680078125 3
1777217807471 18413.63125 4
1777217808591 9801.1955078125 5
1777217809701 4474.4595703125 6
1777217810810 1902.1220947265624 7
1777217812189 1098.2444091796874 8
1777217813359 959.50478515625 9
1777217814465 780.5686645507812 10
1777217815585 672.173486328125 11
1777217816687 602.8452880859375 12
1777217817826 513.5676208496094 13
1777217818967 551.1651000976562 14
1777217820080 549.1421997070313 15
1777217821181 511.56524047851565 16
1777217822289 543.851708984375 17
1777217823461 479.62636108398436 18
1777217824578 516.4263549804688 19
1777217825737 471.6400939941406 20
1777217826851 493.1412658691406 21
1777217827985 453.9429931640625 22
1777217829195 421.69676513671874 23
1777217830607 424.52252197265625 24
1777217831847 467.926171875 25
1777217832975 454.68275756835936 26
1777217834107 428.43735961914064 27
1777217835462 398.7861267089844 28
1777217836843 425.9804321289063 29
1777217838225 385.19713134765624 30
1777217839357 328.6525451660156 31
1777217840463 388.3473815917969 32
1777217841616 348.07163696289064 33
1777217842742 322.9155639648437 34
1777217844001 319.1279724121094 35
1777217846115 338.94371337890624 36
1777217847393 357.27240600585935 37
1777217849092 320.7466674804688 38
1777217851730 305.278369140625 39
1777217856777 302.9569030761719 40
1777217936009 326.4504089355469 41
1777217946838 317.5031799316406 42
1777217948930 285.06129150390626 43
1777217950344 243.37659606933593 44
1777217951562 275.1982116699219 45
1777217952703 232.41834106445313 46
1777217954545 263.76954956054686 47
1777217955903 264.1225280761719 48
1777217957414 222.36790161132814 49
1777217959129 230.56602783203124 50
1777217960359 212.99542541503905 51
1777217961585 218.4595458984375 52
1777217962839 214.56876525878906 53
1777217964128 184.0176208496094 54
1777217965435 194.6538055419922 55
1777217966780 235.42782897949218 56
1777217967938 188.5029266357422 57
1777217969061 194.11007080078124 58
1777217970213 177.34734497070312 59
1777217971388 178.47211608886718 60
1777217972738 174.69348754882813 61
1777217973912 166.92596740722655 62
1777217975095 179.14073486328124 63
1777217976343 177.11819152832032 64
1777217977701 159.73830871582032 65
1777217978941 176.325244140625 66
1777217980187 148.94635620117188 67
1777217981596 146.7632293701172 68
1777217983039 178.87740173339844 69
1777217984672 152.03375854492188 70
1777217987047 155.60914306640626 71
1777218022994 138.62008209228514 72
1777218024634 149.14175720214843 73
1777218025875 129.73585662841796 74
1777218027120 154.23187866210938 75
1777218028404 148.70526733398438 76
1777218029769 133.89539031982423 77
1777218030999 142.58550109863282 78
1777218032306 137.15784149169923 79
1777218045025 124.30416564941406 80
1777218046391 128.9590621948242 81
1777218047651 124.73390045166016 82
1777218049082 117.70665283203125 83
1777218050490 116.94505157470704 84
