1777122340818 -2.782137188529825 1
1777122341469 -2.6745859364233944 2
1777122342113 -2.573569953083171 3
1777122342762 -2.449176349776958 4
1777122343405 -2.2933858253395645 5
1777122344049 -2.117076620561281 6
1777122344702 -1.9305320341841599 7
1777122345383 -1.732413073441685 8
1777122346034 -1.5233650285998892 9
1777122346689 -1.304955541984861 10
1777122347339 -1.080326620036641 11
1777122347985 -0.8499493897034802 12
1777122349773 -0.609812101841767 13
1777122350442 -0.3711681150235284 14
1777122351107 -0.13863251468468074 15
1777122351772 0.08174139992207341 16
1777122352440 0.28230621013171264 17
1777122353103 0.45880502503976994 18
1777122353782 0.596598687280132 19
1777122354424 0.7173924714823046 20
1777122355063 0.7945089708237062 21
1777122355700 0.8465269208653626 22
1777122356336 0.874441564169449 23
1777122356977 0.9010809818957141 24
1777122357616 0.9159795354887653 25
1777122358249 0.9249904559193761 26
1777122358882 0.92580118906216 27
1777122359521 0.9337004022591708 28
1777122360154 0.9401359784470789 29
1777122360805 0.9425731400978349 30
1777122361438 0.9490950360025631 31
1777122362067 0.9423394784446305 32
1777122362705 0.9532576738692778 33
1777122363335 0.9494852262616025 34
1777122363971 0.9536314199353504 35
1777122364631 0.9537484912220691 36
1777122365265 0.9588007249522752 37
1777122365899 0.954589448561996 38
1777122366532 0.9650923201804272 39
1777122367168 0.9554764130267126 40
1777122367803 0.9606945314472866 41
1777122368439 0.9667002660494449 42
1777122369080 0.9613957808164749 43
1777122369719 0.9623261708352833 44
1777122370357 0.9568846157814587 45
1777122370993 0.9603493837400694 46
1777122371634 0.9622656158734456 47
1777122372269 0.961987671303787 48
1777122372901 0.961415802496728 49
1777122373538 0.9674175995644786 50
1777122374172 0.9640980039362009 51
1777122374834 0.9613415959582764 52
1777122375472 0.9677262629140199 53
1777122376110 0.9659622830219069 54
1777122376740 0.9653331491846041 55
1777122377377 0.968097407638832 56
1777122378017 0.9777971943856847 57
1777122378650 0.9665442402238535 58
1777122379285 0.9695839812640472 59
1777122379924 0.9630235734856609 60
1777122380551 0.97029776252736 61
1777122381188 0.9696304939015817 62
1777122381829 0.9697043042273413 63
1777122382469 0.9742820582301716 64
1777122383106 0.9748286841900009 65
