1777122340818 50797.4921875 1
1777122341469 49352.98046875 2
1777122342113 47996.24609375 3
1777122342762 46325.52734375 4
1777122343405 44233.12109375 5
1777122344049 41865.1328125 6
1777122344702 39359.671875 7
1777122345383 36698.75390625 8
1777122346034 33891.0546875 9
1777122346689 30957.619140625 10
1777122347339 27940.650390625 11
1777122347985 24846.478515625 12
1777122349773 21621.21875 13
1777122350442 18416.015625 14
1777122351107 15292.8544921875 15
1777122351772 12333.0361328125 16
1777122352440 9639.2705078125 17
1777122353103 7268.73291015625 18
1777122353782 5418.041015625 19
1777122354424 3795.67236328125 20
1777122355063 2759.9287109375 21
1777122355700 2061.281005859375 22
1777122356336 1686.3623046875 23
1777122356977 1328.571044921875 24
1777122357616 1128.4700927734375 25
1777122358249 1007.4453735351562 26
1777122358882 996.5565185546875 27
1777122359521 890.4630126953125 28
1777122360154 804.0274658203125 29
1777122360805 771.294189453125 30
1777122361438 683.6992797851562 31
1777122362067 774.4324951171875 32
1777122362705 627.7913208007812 33
1777122363335 678.4586791992188 34
1777122363971 622.7716064453125 35
1777122364631 621.19921875 36
1777122365265 553.3432006835938 37
1777122365899 609.9044189453125 38
1777122366532 468.8414306640625 39
1777122367168 597.99169921875 40
1777122367803 527.9076538085938 41
1777122368439 447.2452697753906 42
1777122369080 518.4891967773438 43
1777122369719 505.9932861328125 44
1777122370357 579.0782470703125 45
1777122370993 532.5433349609375 46
1777122371634 506.80657958984375 47
1777122372269 510.5396423339844 48
1777122372901 518.2203369140625 49
1777122373538 437.61083984375 50
1777122374172 482.19598388671875 51
1777122374834 519.2169799804688 52
1777122375472 433.4652099609375 53
1777122376110 457.15704345703125 54
1777122376740 465.60687255859375 55
1777122377377 428.48040771484375 56
1777122378017 298.2035827636719 57
1777122378650 449.3408203125 58
1777122379285 408.5143737792969 59
1777122379924 496.6265563964844 60
1777122380551 398.92767333984375 61
1777122381188 407.8896789550781 62
1777122381829 406.8983459472656 63
1777122382469 345.4150085449219 64
1777122383106 338.0733337402344 65
