1777302414927 155.407763671875 1
1777302416042 143.65065307617186 2
1777302417159 125.47123107910156 3
1777302418269 101.11865692138672 4
1777302419381 74.58152770996094 5
1777302420487 47.8860580444336 6
1777302421609 29.603753662109376 7
1777302422735 22.347762680053712 8
1777302423842 20.397572708129882 9
1777302424955 18.2213996887207 10
1777302426071 17.402415084838868 11
1777302427183 16.90488204956055 12
1777302428296 15.648908424377442 13
1777302429409 16.004707908630373 14
1777302430521 15.664660835266114 15
1777302431636 15.997344017028809 16
1777302432751 15.41861686706543 17
1777302433864 15.544644546508788 18
1777302434981 14.877485466003417 19
1777302436091 14.88790683746338 20
1777302437213 14.82239646911621 21
1777302438316 13.789517402648926 22
1777302439425 14.375468063354493 23
1777302440543 13.17033576965332 24
1777302441656 13.62009220123291 25
1777302442770 12.686356925964356 26
1777302443893 13.360290145874023 27
1777302445011 12.865024375915528 28
1777302446123 12.515707778930665 29
1777302447239 12.472299385070801 30
1777302448346 12.336188507080077 31
1777302449463 11.928540420532226 32
1777302450575 12.218953323364257 33
1777302451689 11.830603408813477 34
1777302452803 11.328656768798828 35
1777302453917 11.500959587097167 36
1777302455045 11.128153991699218 37
1777302456156 10.388917350769043 38
1777302457265 10.762893867492675 39
1777302458375 11.000948524475097 40
1777302459484 11.045099258422852 41
1777302460602 10.954773139953613 42
1777302461727 10.65451774597168 43
1777302462836 10.013619804382325 44
1777302463954 10.09378719329834 45
1777302465066 10.540958786010743 46
1777302466193 10.245393753051758 47
1777302467313 10.655574989318847 48
1777302468425 10.568886184692383 49
1777302469537 10.14743595123291 50
1777302470652 9.649442100524903 51
1777302471765 9.949943733215331 52
1777302472881 9.39422378540039 53
1777302473993 9.941517639160157 54
1777302475109 9.258364486694337 55
1777302476223 9.279343032836914 56
1777302477349 9.95400447845459 57
1777302478462 9.006609153747558 58
1777302479573 9.665630912780761 59
1777302480685 8.592305755615234 60
1777302481793 8.910989379882812 61
1777302482905 9.837673950195313 62
1777302484012 9.253873062133788 63
1777302485124 8.986677932739259 64
1777302486235 8.823818016052247 65
1777302487346 8.988569641113282 66
1777302488477 8.426043701171874 67
1777302489589 8.446898078918457 68
1777302490709 8.480982398986816 69
1777302491820 8.505234336853027 70
1777302492939 8.602751731872559 71
1777302494053 8.332990264892578 72
1777302495167 9.229975128173828 73
1777302496282 7.842948150634766 74
1777302497400 7.7266027450561525 75
1777302498532 8.10333023071289 76
1777302499644 8.065516567230224 77
1777302500758 7.866725158691406 78
1777302501867 7.860955142974854 79
1777302502981 7.539691638946533 80
1777302504094 7.824768543243408 81
1777302505204 7.565070152282715 82
1777302506314 7.809121608734131 83
1777302507432 7.788079071044922 84
1777302508546 7.4750371932983395 85
1777302509680 7.780591583251953 86
1777302510793 7.681861209869385 87
1777302511905 7.703008842468262 88
1777302513019 7.779870986938477 89
1777302514130 7.487292003631592 90
1777302515245 7.933504581451416 91
1777302516357 7.809021949768066 92
1777302517472 7.641312313079834 93
1777302518582 7.585136985778808 94
