1777302414927 155.40777587890625 1
1777302416042 143.65065002441406 2
1777302417159 125.4712142944336 3
1777302418269 101.11865997314453 4
1777302419381 74.58152770996094 5
1777302420487 47.88605880737305 6
1777302421609 29.603755950927734 7
1777302422735 22.347759246826172 8
1777302423842 20.39756965637207 9
1777302424955 18.221399307250977 10
1777302426071 17.402414321899414 11
1777302427183 16.90488052368164 12
1777302428296 15.648909568786621 13
1777302429409 16.00470733642578 14
1777302430521 15.66466236114502 15
1777302431636 15.997344017028809 16
1777302432751 15.41861629486084 17
1777302433864 15.544645309448242 18
1777302434981 14.877485275268555 19
1777302436091 14.887907028198242 20
1777302437213 14.822396278381348 21
1777302438316 13.789517402648926 22
1777302439425 14.375469207763672 23
1777302440543 13.17033576965332 24
1777302441656 13.620091438293457 25
1777302442770 12.686357498168945 26
1777302443893 13.360289573669434 27
1777302445011 12.86502456665039 28
1777302446123 12.515708923339844 29
1777302447239 12.472299575805664 30
1777302448346 12.336189270019531 31
1777302449463 11.928540229797363 32
1777302450575 12.218954086303711 33
1777302451689 11.830602645874023 34
1777302452803 11.328656196594238 35
1777302453917 11.500958442687988 36
1777302455045 11.128154754638672 37
1777302456156 10.388916969299316 38
1777302457265 10.762893676757812 39
1777302458375 11.00094985961914 40
1777302459484 11.045099258422852 41
1777302460602 10.95477294921875 42
1777302461727 10.654518127441406 43
1777302462836 10.013620376586914 44
1777302463954 10.09378719329834 45
1777302465066 10.5409574508667 46
1777302466193 10.245392799377441 47
1777302467313 10.655574798583984 48
1777302468425 10.568886756896973 49
1777302469537 10.14743709564209 50
1777302470652 9.649441719055176 51
1777302471765 9.949943542480469 52
1777302472881 9.394224166870117 53
1777302473993 9.94151782989502 54
1777302475109 9.258365631103516 55
1777302476223 9.279342651367188 56
1777302477349 9.954005241394043 57
1777302478462 9.006609916687012 58
1777302479573 9.665631294250488 59
1777302480685 8.592305183410645 60
1777302481793 8.910990715026855 61
1777302482905 9.83767318725586 62
1777302484012 9.253872871398926 63
1777302485124 8.986678123474121 64
1777302486235 8.823817253112793 65
1777302487346 8.988570213317871 66
1777302488477 8.426044464111328 67
1777302489589 8.446897506713867 68
1777302490709 8.480981826782227 69
1777302491820 8.505233764648438 70
1777302492939 8.602752685546875 71
1777302494053 8.332990646362305 72
1777302495167 9.229974746704102 73
1777302496282 7.842948913574219 74
1777302497400 7.726603031158447 75
1777302498532 8.103330612182617 76
1777302499644 8.065516471862793 77
1777302500758 7.866724967956543 78
1777302501867 7.860955238342285 79
1777302502981 7.539690971374512 80
1777302504094 7.82476806640625 81
1777302505204 7.565070629119873 82
1777302506314 7.809122085571289 83
1777302507432 7.788079738616943 84
1777302508546 7.475037097930908 85
1777302509680 7.7805914878845215 86
1777302510793 7.68186092376709 87
1777302511905 7.703009128570557 88
1777302513019 7.77987003326416 89
1777302514130 7.4872918128967285 90
1777302515245 7.933505058288574 91
1777302516357 7.809022426605225 92
1777302517472 7.641312122344971 93
1777302518582 7.585137367248535 94
