1777428867228 163.0621337890625 1
1777428867535 160.19290161132812 2
1777428867854 157.90809631347656 3
1777428868175 155.59713745117188 4
1777428868504 153.08975219726562 5
1777428868822 150.38516235351562 6
1777428869146 147.483154296875 7
1777428869462 144.34844970703125 8
1777428869801 140.9263153076172 9
1777428870101 136.9625701904297 10
1777428870403 132.51600646972656 11
1777428870700 127.50822448730469 12
1777428871003 121.82672119140625 13
1777428871311 116.21812438964844 14
1777428871667 110.7653579711914 15
1777428872062 105.0510025024414 16
1777428872366 99.33391571044922 17
1777428872676 93.5968246459961 18
1777428873006 87.99099731445312 19
1777428873334 82.7945556640625 20
1777428873664 76.9229965209961 21
1777428873996 71.2448501586914 22
1777428874332 66.69729614257812 23
1777428874665 61.405948638916016 24
1777428875000 56.11367416381836 25
1777428875348 50.73784255981445 26
1777428875680 45.374515533447266 27
1777428876000 41.31421661376953 28
1777428876351 37.683937072753906 29
1777428876687 33.909244537353516 30
1777428877028 30.489654541015625 31
1777428877373 30.20819664001465 32
1777428877687 27.27122688293457 33
1777428878022 24.281570434570312 34
1777428878338 24.148221969604492 35
1777428878669 25.442554473876953 36
1777428879011 23.949581146240234 37
1777428879342 24.44269561767578 38
1777428879673 21.62255096435547 39
1777428880016 23.83670425415039 40
1777428880354 20.792312622070312 41
1777428880695 21.581172943115234 42
1777428881025 20.663021087646484 43
1777428881351 21.154315948486328 44
1777428881687 20.101234436035156 45
1777428882007 20.21888542175293 46
1777428882341 18.04949188232422 47
1777428882681 20.125835418701172 48
1777428883014 17.93230438232422 49
1777428883332 20.115615844726562 50
1777428883649 21.83810043334961 51
1777428883973 19.647483825683594 52
1777428884293 18.494098663330078 53
1777428884631 19.24833106994629 54
1777428884972 18.71380043029785 55
1777428885288 19.264101028442383 56
1777428885579 18.31067657470703 57
1777428885884 17.163034439086914 58
1777428886178 17.019834518432617 59
1777428886461 19.254703521728516 60
1777428886737 18.922861099243164 61
1777428887028 16.87671661376953 62
1777428887310 19.934724807739258 63
1777428887589 18.92438316345215 64
1777428887869 16.823572158813477 65
1777428888153 17.106937408447266 66
1777428888448 15.861565589904785 67
1777428888724 17.810455322265625 68
1777428888999 14.78914737701416 69
1777428889276 17.746322631835938 70
1777428889559 18.437984466552734 71
1777428889841 16.68345832824707 72
1777428890121 15.616678237915039 73
1777428890402 16.22562599182129 74
1777428890680 14.723405838012695 75
1777428890959 17.46285057067871 76
1777428891238 14.32720947265625 77
1777428891525 17.915950775146484 78
1777428891810 16.710111618041992 79
1777428892089 15.883749961853027 80
1777428892385 14.10940170288086 81
1777428892678 17.333662033081055 82
1777428892970 15.82959270477295 83
1777428893266 17.63852882385254 84
1777428893566 15.674205780029297 85
1777428893856 16.184173583984375 86
1777428894146 17.268301010131836 87
1777428894427 14.030576705932617 88
1777428894708 18.904996871948242 89
1777428894995 17.362083435058594 90
1777428895275 15.279845237731934 91
1777428895555 16.478200912475586 92
1777428895855 16.99171257019043 93
1777428896148 15.698385238647461 94
1777428896435 15.561985969543457 95
1777428896724 15.096720695495605 96
1777428897004 13.670035362243652 97
1777428897289 13.822482109069824 98
1777428897573 15.902544021606445 99
1777428897893 17.852556228637695 100
1777428898183 14.562052726745605 101
1777428898476 18.3948917388916 102
1777428898768 15.225029945373535 103
1777428899057 17.660778045654297 104
1777428899345 16.068862915039062 105
1777428899636 16.1829776763916 106
1777428899925 16.35456085205078 107
1777428900220 14.136578559875488 108
1777428900494 15.318770408630371 109
1777428900778 15.480759620666504 110
1777428901055 15.811554908752441 111
1777428901327 15.636000633239746 112
1777428901602 14.399433135986328 113
1777428901899 13.568796157836914 114
1777428902177 14.804319381713867 115
1777428902455 12.253454208374023 116
1777428902731 14.642857551574707 117
1777428903016 14.520129203796387 118
1777428903291 15.70835018157959 119
1777428903568 12.91705322265625 120
1777428903848 15.659890174865723 121
1777428904123 15.135818481445312 122
1777428904397 14.24188232421875 123
1777428904673 15.797237396240234 124
1777428904945 12.267951011657715 125
1777428905221 12.972037315368652 126
1777428905500 14.073760032653809 127
1777428905780 18.380353927612305 128
1777428906063 15.287211418151855 129
1777428906345 11.822147369384766 130
1777428906621 13.52726936340332 131
1777428906899 14.12067985534668 132
1777428907183 14.629598617553711 133
1777428907464 13.88827133178711 134
1777428907737 13.791994094848633 135
1777428908013 15.853527069091797 136
1777428908290 16.30017852783203 137
1777428908572 16.88727378845215 138
1777428908847 14.29026985168457 139
1777428909126 13.504986763000488 140
1777428909410 13.990946769714355 141
1777428909689 14.054256439208984 142
1777428909965 13.061667442321777 143
1777428910244 14.165331840515137 144
1777428910529 13.307842254638672 145
1777428910811 13.406628608703613 146
1777428911090 11.435751914978027 147
1777428911370 13.383468627929688 148
1777428911651 12.794707298278809 149
1777428911941 14.26188850402832 150
1777428912244 12.393912315368652 151
1777428912531 12.23454475402832 152
1777428912811 12.446287155151367 153
1777428913114 14.714701652526855 154
1777428913394 13.14045524597168 155
1777428913695 12.797009468078613 156
1777428913997 13.301312446594238 157
1777428914278 15.192480087280273 158
1777428914554 14.804306030273438 159
1777428914841 12.278953552246094 160
1777428915132 13.857271194458008 161
1777428915425 12.90169620513916 162
1777428915723 11.913077354431152 163
1777428916019 12.545877456665039 164
1777428916311 12.687439918518066 165
1777428916602 12.115484237670898 166
1777428916895 13.275747299194336 167
1777428917204 11.098315238952637 168
1777428917501 13.862272262573242 169
1777428917807 13.375672340393066 170
1777428918098 12.315638542175293 171
1777428918391 12.553139686584473 172
1777428918688 11.510444641113281 173
1777428918983 12.115242004394531 174
1777428919275 11.368456840515137 175
1777428919554 14.145132064819336 176
1777428919834 12.794282913208008 177
