1777220015795 -2.823618609026515 1
1777220017368 -2.771895512014995 2
1777220020017 -2.7092680084522667 3
1777220020905 -2.6490793066895058 4
1777220023732 -2.581625446657353 5
1777220025194 -2.505311800178312 6
1777220026567 -2.4185535672916942 7
1777220027977 -2.3230050474913475 8
1777220029492 -2.217379095382844 9
1777220054634 -2.097498016806251 10
1777220058904 -1.9603421833785388 11
1777220060514 -1.8238885339810595 12
1777220062061 -1.6797821294937765 13
1777220063057 -1.5234641656194934 14
1777220063997 -1.366562300364346 15
1777220065902 -1.2021955534339086 16
1777220066758 -1.0365302533573892 17
1777220067599 -0.8678669961459349 18
1777220068495 -0.6972965383616363 19
1777220074998 -0.5244822635787345 20
1777220079676 -0.34138916579499745 21
1777220083685 -0.16937018680632088 22
1777220084546 -0.00825736940756916 23
1777220085282 0.15524475769935486 24
1777220086046 0.2982380288809171 25
1777220086788 0.4087264035044613 26
1777220088209 0.5119977079194367 27
1777220092017 0.6071532306752687 28
1777220093388 0.7008698849396617 29
1777220095418 0.7555928476907201 30
1777220096649 0.8018736573953822 31
1777220097984 0.8513711020590115 32
1777220099094 0.8661413652972685 33
1777220101075 0.8916389297422901 34
1777220102780 0.9005182190569124 35
1777220104643 0.9115154781251974 36
1777220206080 0.9165935948984535 37
1777220206750 0.9237476756706002 38
1777220209856 0.9215490125274663 39
1777220211130 0.9305263755993457 40
1777220212181 0.9356920468665538 41
1777220213634 0.9349551061096408 42
1777220215349 0.9273320186630817 43
1777220216166 0.9368292680786539 44
1777220216942 0.9380934663418675 45
1777220217692 0.9389086050425772 46
1777220218450 0.9442126282055782 47
1777220219223 0.9437524899611786 48
1777220219992 0.9464476472874431 49
1777220224249 0.9462781661775959 50
1777220224996 0.9446454859399034 51
1777220225741 0.9439805901493187 52
1777220227116 0.9498279787833369 53
1777220228683 0.9482495408379958 54
1777220229330 0.9493521055199478 55
1777220229968 0.946278539123323 56
1777220230598 0.9527677111690918 57
1777220231235 0.9475669459518277 58
1777220231892 0.9600409275028607 59
1777220232501 0.9575038215968045 60
1777220233111 0.958763961332987 61
1777220235331 0.9548115867217281 62
1777220235984 0.9578797508898046 63
1777220236636 0.9532130261606071 64
1777220237286 0.9588632718440894 65
1777220237929 0.9590763746779504 66
1777220238579 0.9611604502464074 67
1777220239231 0.9627191275527038 68
1777220239870 0.9648377472191412 69
1777220240504 0.957317795719636 70
1777220241149 0.9624417491681116 71
1777220241792 0.9597126455618015 72
