1777220015795 -2.823618784530387 1
1777220017368 -2.7718956875188665 2
1777220020017 -2.709268183956138 3
1777220020905 -2.6490796576972486 4
1777220023732 -2.5816254466573536 5
1777220025194 -2.505311800178312 6
1777220026567 -2.418553391787823 7
1777220027977 -2.323005398499091 8
1777220029492 -2.217379095382844 9
1777220054634 -2.097498016806251 10
1777220058904 -1.960342443154296 11
1777220060514 -1.8238886217329953 12
1777220062061 -1.6797820417418408 13
1777220063057 -1.5234642303774526 14
1777220063997 -1.3665623003643461 15
1777220065902 -1.202195377930037 16
1777220066758 -1.0365304288612607 17
1777220067599 -0.8678670838978708 18
1777220068495 -0.6972965383616363 19
1777220074998 -0.5244822635787345 20
1777220079676 -0.3413892096709653 21
1777220083685 -0.16937027455825682 22
1777220084546 -0.008257369407569048 23
1777220085282 0.15524471382338695 24
1777220086046 0.2982379850049492 25
1777220086788 0.4087264296318853 26
1777220088209 0.5119976859814528 27
1777220092017 0.6071532306752687 28
1777220093388 0.7008698981652843 29
1777220095418 0.755592858659712 30
1777220096649 0.8018736793333661 31
1777220097984 0.8513711075435074 32
1777220099094 0.8661413658238142 33
1777220101075 0.8916389297422902 34
1777220102780 0.9005182135724163 35
1777220104643 0.9115154808674455 36
1777220206080 0.9165935921562054 37
1777220206750 0.9237476756706002 38
1777220209856 0.9215490180119623 39
1777220211130 0.9305263783415937 40
1777220212181 0.9356920496088019 41
1777220213634 0.9349551033673928 42
1777220215349 0.9273320159208337 43
1777220216166 0.9368292708209018 44
1777220216942 0.9380934635996195 45
1777220217692 0.9389086050425772 46
1777220218450 0.9442126227210823 47
1777220219223 0.9437524844766825 48
1777220219992 0.9464476453303685 49
1777220224249 0.9462781634353479 50
1777220224996 0.9446454810824377 51
1777220225741 0.9439805901493187 52
1777220227116 0.949827981525585 53
1777220228683 0.9482495408379958 54
1777220229330 0.9493521082621958 55
1777220229968 0.946278541865571 56
1777220230598 0.9527677090888538 57
1777220231235 0.9475669459518277 58
1777220231892 0.9600409275028607 59
1777220232501 0.9575038229679285 60
1777220233111 0.958763958590739 61
1777220235331 0.954811588092852 62
1777220235984 0.9578797508898046 63
1777220236636 0.9532130206761111 64
1777220237286 0.9588632704729654 65
1777220237929 0.9590763751416642 66
1777220238579 0.9611604516175314 67
1777220239231 0.9627191302949518 68
1777220239870 0.9648377458480171 69
1777220240504 0.957317794348512 70
1777220241149 0.9624417505392356 71
1777220241792 0.9597126392842601 72
