1777298077471 -1.785751779176704 1
1777298078124 -1.7116352871629275 2
1777298078778 -1.6442937350801707 3
1777298079422 -1.5613750816059766 4
1777298080067 -1.454760536689284 5
1777298080713 -1.3213089298247866 6
1777298081357 -1.1710016399939667 7
1777298082000 -1.013607679867203 8
1777298082640 -0.8463406345888544 9
1777298083284 -0.6725507937840316 10
1777298083928 -0.49687985505836907 11
1777298084575 -0.316269126565613 12
1777298085277 -0.126223359027817 13
1777298085946 0.06732434196885972 14
1777298086588 0.23535691259648828 15
1777298087251 0.39287889324030567 16
1777298087899 0.5402590836523564 17
1777298088541 0.6469182774494416 18
1777298089184 0.7426517684447367 19
1777298089840 0.8216420104725166 20
1777298090488 0.8730929144012771 21
1777298091135 0.9031840476369458 22
1777298091794 0.9249968218115139 23
1777298092454 0.9247087543148073 24
1777298093099 0.9374156795746309 25
1777298093749 0.9417633084917787 26
1777298094407 0.9502634507187577 27
1777298095056 0.9535328446905743 28
1777298095741 0.9522072397266579 29
1777298096434 0.9528251447151393 30
1777298097085 0.9563195386017173 31
1777298097743 0.9598003805383486 32
1777298098390 0.9578572815585998 33
1777298099041 0.9556354467217899 34
1777298099690 0.9582540223770447 35
1777298100338 0.9644615054806907 36
1777298100985 0.960787912297909 37
1777298101624 0.9642270836374193 38
1777298102272 0.9667380681752684 39
1777298102918 0.9590158641936923 40
1777298103564 0.9655474778740444 41
1777298104218 0.9658994835585775 42
1777298104871 0.9706743134706971 43
1777298105537 0.9639445627729974 44
1777298106262 0.9637810058061405 45
1777298106912 0.9709242736317188 46
1777298107561 0.964866293245079 47
1777298108210 0.9645338975517639 48
1777298108896 0.9682868896355986 49
1777298109544 0.9680288698442923 50
1777298110195 0.972953027429512 51
1777298110850 0.9684576969717831 52
1777298111503 0.9683164441501767 53
1777298112151 0.9657706081169392 54
1777298112797 0.9697331379038309 55
1777298113454 0.9700619515392417 56
1777298114116 0.9723390269725531 57
1777298114764 0.9760347540390595 58
1777298115413 0.97560141889677 59
1777298116158 0.9709918710218862 60
1777298116818 0.9742325374981593 61
1777298117449 0.9721861676875565 62
1777298118072 0.9760142637545747 63
1777298118692 0.9761164006053414 64
1777298119308 0.9720320275754732 65
1777298119925 0.9741542345241704 66
1777298120543 0.9726069123529489 67
1777298121160 0.97602417276178 68
1777298121803 0.9759502458854433 69
1777298122452 0.980753223618722 70
1777298123121 0.9797390230321655 71
1777298123794 0.9795855501164199 72
1777298124449 0.9772405072015397 73
1777298125099 0.979106240580101 74
1777298125743 0.9817704177097593 75
1777298126452 0.9796986132585419 76
1777298127113 0.9782194491253609 77
1777298127768 0.9779543319240251 78
1777298128429 0.9796179632952889 79
1777298129089 0.9810084947133291 80
1777298129746 0.9818302127551796 81
1777298130405 0.9756152981027149 82
1777298131069 0.9838827942941654 83
1777298131724 0.9814331816719106 84
1777298132375 0.9831860294891243 85
1777298133026 0.9832199588329205 86
1777298133675 0.9838858207779329 87
1777298134318 0.9827342716099363 88
1777298134962 0.9813480037850886 89
1777298135609 0.9859184635946829 90
1777298136288 0.9830185999929536 91
1777298136946 0.9835451890746292 92
1777298137606 0.9818567219660639 93
1777298138296 0.9854425141403004 94
1777298138950 0.9859775764291416 95
1777298139569 0.9860756428748748 96
1777298140184 0.98676331173897 97
1777298140815 0.9858137112327978 98
1777298141441 0.9858776339693716 99
1777298142076 0.98500762643467 100
1777298142694 0.9865859643565552 101
1777298143341 0.9847737842981564 102
1777298143985 0.9878519265628144 103
1777298144637 0.9864946726173612 104
1777298145296 0.9843470944497545 105
1777298145942 0.9891397052711169 106
1777298146629 0.9878289755143085 107
1777298147274 0.9861059026388138 108
1777298147921 0.9887069662928554 109
1777298148575 0.98730057222411 110
1777298149230 0.9881525794104692 111
1777298149918 0.9880238688652642 112
1777298150563 0.9905474768592971 113
1777298151212 0.9892608458016008 114
1777298151869 0.9885309799402322 115
1777298152666 0.9887924359195209 116
1777298153310 0.9877498084563031 117
1777298153959 0.9872177307929041 118
1777298154608 0.98896190886303 119
1777298155270 0.9885945627364665 120
1777298155908 0.9877371875369876 121
1777298156572 0.9883239194889765 122
1777298157235 0.9881617920473524 123
1777298157900 0.9892447861574345 124
1777298158541 0.989168251380584 125
1777298159195 0.9893470879046345 126
1777298159875 0.9880787108821012 127
1777298160555 0.9906559774439538 128
1777298161268 0.9884801626648011 129
1777298161954 0.9891209514729179 130
1777298162634 0.9886697567784712 131
1777298163312 0.9901573896119347 132
1777298163995 0.988969227727799 133
1777298164686 0.9908438832718343 134
1777298165370 0.9909894741380696 135
1777298166058 0.9901792402919939 136
1777298166781 0.9877082761184991 137
1777298167483 0.9911543756450748 138
1777298168169 0.9909880426128137 139
1777298168884 0.9909657138304696 140
1777298169571 0.9902531126256643 141
1777298170265 0.9902304685400741 142
1777298170986 0.9913417157513457 143
1777298171677 0.991606633287299 144
1777298172392 0.9914937426522149 145
1777298173071 0.991382643046083 146
1777298173770 0.9903634689294124 147
1777298174459 0.9917325463010919 148
1777298175151 0.9918603105678957 149
1777298175836 0.9908409569943608 150
1777298176539 0.9918132079282935 151
1777298177281 0.9913588763963126 152
1777298177976 0.9921425200583066 153
1777298178669 0.9908535322500487 154
1777298179344 0.9908392674401368 155
1777298180030 0.9900246638385796 156
1777298180725 0.9907037117902999 157
1777298181405 0.9915602777288218 158
1777298182092 0.9909450998736599 159
1777298182796 0.9917076964085983 160
1777298183504 0.992156009220765 161
1777298184203 0.9926204717359193 162
1777298184897 0.9908136203368101 163
1777298185638 0.9905494334188996 164
1777298186349 0.9920612413379143 165
