1777298077471 40852.177734375 1
1777298078124 39765.28515625 2
1777298078778 38777.744140625 3
1777298079422 37561.765625 4
1777298080067 35998.298828125 5
1777298080713 34041.271484375 6
1777298081357 31837.0615234375 7
1777298082000 29528.9267578125 8
1777298082640 27076.0087890625 9
1777298083284 24527.4375 10
1777298083928 21951.2744140625 11
1777298084575 19302.6767578125 12
1777298085277 16515.712890625 13
1777298085946 13677.39892578125 14
1777298086588 11213.2529296875 15
1777298087251 8903.24169921875 16
1777298087899 6741.95654296875 17
1777298088541 5177.832763671875 18
1777298089184 3773.931640625 19
1777298089840 2615.5643310546875 20
1777298090488 1861.0528564453125 21
1777298091135 1419.7758178710938 22
1777298091794 1099.8981323242188 23
1777298092454 1104.12255859375 24
1777298093099 917.7794799804688 25
1777298093749 854.0229797363281 26
1777298094407 729.3710327148438 27
1777298095056 681.4263305664062 28
1777298095741 700.8658447265625 29
1777298096434 691.8045349121094 30
1777298097085 640.5603332519531 31
1777298097743 589.5148620605469 32
1777298098390 618.0098266601562 33
1777298099041 650.59228515625 34
1777298099690 612.1917419433594 35
1777298100338 521.1609649658203 36
1777298100985 575.0330200195312 37
1777298101624 524.5986938476562 38
1777298102272 487.7758331298828 39
1777298102918 601.0195617675781 40
1777298103564 505.2355194091797 41
1777298104218 500.0734405517578 42
1777298104871 430.0520477294922 43
1777298105537 528.7417907714844 44
1777298106262 531.1402587890625 45
1777298106912 426.38641357421875 46
1777298107561 515.224853515625 47
1777298108210 520.0993347167969 48
1777298108896 465.06285095214844 49
1777298109544 468.8466491699219 50
1777298110195 396.6354217529297 51
1777298110850 462.5580291748047 52
1777298111503 464.62945556640625 53
1777298112151 501.96336364746094 54
1777298112797 443.8540954589844 55
1777298113454 439.0321350097656 56
1777298114116 405.6395263671875 57
1777298114764 351.4428405761719 58
1777298115413 357.7975769042969 59
1777298116158 425.39515686035156 60
1777298116818 377.87184143066406 61
1777298117449 407.88116455078125 62
1777298118072 351.7433624267578 63
1777298118692 350.2455291748047 64
1777298119308 410.14161682128906 65
1777298119925 379.02012634277344 66
1777298120543 401.7110900878906 67
1777298121160 351.5980529785156 68
1777298121803 352.68214416503906 69
1777298122452 282.2479705810547 70
1777298123121 297.1208953857422 71
1777298123794 299.3715362548828 72
1777298124449 333.7608337402344 73
1777298125099 306.40045166015625 74
1777298125743 267.3311462402344 75
1777298126452 297.71348571777344 76
1777298127113 319.40496826171875 77
1777298127768 323.29283142089844 78
1777298128429 298.8961639404297 79
1777298129089 278.5044860839844 80
1777298129746 266.4542236328125 81
1777298130405 357.5940856933594 82
1777298131069 236.35379791259766 83
1777298131724 272.2765884399414 84
1777298132375 246.5716323852539 85
1777298133026 246.07408905029297 86
1777298133675 236.30941772460938 87
1777298134318 253.19652557373047 88
1777298134962 273.52569580078125 89
1777298135609 206.50133514404297 90
1777298136288 249.02693939208984 91
1777298136946 241.30464935302734 92
1777298137606 266.0655288696289 93
1777298138296 213.4809799194336 94
1777298138950 205.63446044921875 95
1777298139569 204.1963653564453 96
1777298140184 194.11190032958984 97
1777298140815 208.03749084472656 98
1777298141441 207.10010528564453 99
1777298142076 219.85846710205078 100
1777298142694 196.71265411376953 101
1777298143341 223.28768157958984 102
1777298143985 178.14768981933594 103
1777298144637 198.05140686035156 104
1777298145296 229.54497528076172 105
1777298145942 159.2628402709961 106
1777298146629 178.48428344726562 107
1777298147274 203.75260162353516 108
1777298147921 165.6088409423828 109
1777298148575 186.23314666748047 110
1777298149230 173.73873138427734 111
1777298149918 175.62623596191406 112
1777298150563 138.6183090209961 113
1777298151212 157.4863510131836 114
1777298151869 168.1896209716797 115
1777298152666 164.35543060302734 116
1777298153310 179.64523315429688 117
1777298153959 187.44799041748047 118
1777298154608 161.87017059326172 119
1777298155270 167.2571792602539 120
1777298155908 179.83030700683594 121
1777298156572 171.22605895996094 122
1777298157235 173.6036376953125 123
1777298157900 157.7218475341797 124
1777298158541 158.84422302246094 125
1777298159195 156.22162628173828 126
1777298159875 174.8219985961914 127
1777298160555 137.0271759033203 128
1777298161268 168.934814453125 129
1777298161954 159.53784942626953 130
1777298162634 166.15448760986328 131
1777298163312 144.33881378173828 132
1777298163995 161.7628631591797 133
1777298164686 134.27159118652344 134
1777298165370 132.13655471801758 135
1777298166058 144.0183868408203 136
1777298166781 180.25430297851562 137
1777298167483 129.71831893920898 138
1777298168169 132.15753173828125 139
1777298168884 132.48498153686523 140
1777298169571 142.93506622314453 141
1777298170265 143.2671356201172 142
1777298170986 126.97104263305664 143
1777298171677 123.08608627319336 144
1777298172392 124.7416000366211 145
1777298173071 126.37084579467773 146
1777298173770 141.3167266845703 147
1777298174459 121.23963165283203 148
1777298175151 119.3659896850586 149
1777298175836 134.31450653076172 150
1777298176539 120.05675888061523 151
1777298177281 126.71938705444336 152
1777298177976 115.22750091552734 153
1777298178669 134.13009643554688 154
1777298179344 134.33928680419922 155
1777298180030 146.28519439697266 156
1777298180725 136.3271713256836 157
1777298181405 123.76588821411133 158
1777298182092 132.78728485107422 159
1777298182796 121.60404586791992 160
1777298183504 115.0296745300293 161
1777298184203 108.2184829711914 162
1777298184897 134.71538543701172 163
1777298185638 138.58960723876953 164
1777298186349 116.41941452026367 165
