1777429198215 189.4639882005388 1
1777429198683 187.69060876099277 2
1777429199597 185.72183358354283 3
1777429199918 184.01838138421283 4
1777429200242 182.3080734548608 5
1777429200561 180.53444693582728 6
1777429200885 178.6572192601435 7
1777429201189 176.6397678735882 8
1777429201887 174.44179443072656 9
1777429202186 172.06633105812813 10
1777429202765 169.45569189030215 11
1777429203087 166.66718044493805 12
1777429203526 163.66433385198283 13
1777429204709 160.41599447952603 14
1777429205057 157.02125802882895 15
1777429205363 153.54689826002138 16
1777429205666 149.83112688674973 17
1777429206227 145.86558373227794 18
1777429206521 141.6186192725871 19
1777429206825 137.11657064351627 20
1777429207200 132.18376999214965 21
1777429207598 127.39957386762761 22
1777429207965 122.54790921079643 23
1777429208585 117.4503651527678 24
1777429210002 112.43938036575362 25
1777429210325 107.05099757895074 26
1777429210800 101.79796544790128 27
1777429212182 96.29772343526359 28
1777429213823 91.08135834009033 29
1777429220539 85.49382059362729 30
1777429226881 79.84605119652561 31
1777429227416 74.37574995201052 32
1777429227737 69.04537607261312 33
1777429228228 64.69755808885701 34
1777429228540 59.16143545261636 35
1777429229482 54.699041537936125 36
1777429229984 50.76988476917314 37
1777429230515 46.57379541044297 38
1777429230945 41.89941756807911 39
1777429231296 37.93357705089952 40
1777429231700 35.64239283106429 41
1777429232220 31.6397329387564 42
1777429232835 30.04183114701975 43
1777429233744 26.76977711765471 44
1777429234336 26.845285095331324 45
1777429234794 25.054369425255622 46
1777429235391 24.95922449036899 47
1777429235998 22.424086295781386 48
1777429236317 21.598726454021925 49
1777429236904 21.819129098252695 50
1777429237337 20.339315727466847 51
1777429237896 19.564223170210457 52
1777429238203 20.35296446620473 53
1777429238513 18.877138566774825 54
1777429238818 17.92221329510387 55
1777429239110 18.15480000120153 56
1777429240006 19.52929805995294 57
1777429240325 18.573182242097257 58
1777429240827 18.59527059477774 59
1777429241783 17.754197534504037 60
1777429242539 17.518583122450536 61
1777429243403 17.054722674510373 62
1777429243999 15.899176557835451 63
1777429244301 16.474677359714832 64
1777429245098 17.595035830176865 65
1777429245606 17.32166312459071 66
1777429246423 15.427097284156858 67
1777429247073 16.01000327526368 68
1777429247377 15.430888315403525 69
1777429248090 16.97777641260547 70
1777429248529 14.276377767516946 71
1777429248938 17.065907777930732 72
1777429249261 16.237931384245087 73
1777429249833 15.66020818745047 74
1777429250898 14.837455040555945 75
1777429251237 15.179806410811329 76
1777429252186 14.58336939898506 77
1777429253202 14.448730356750668 78
1777429253743 15.163987012449882 79
1777429254226 14.005364162111311 80
1777429254532 12.934219152032805 81
1777429254851 14.610165629048105 82
1777429255778 15.388348014370106 83
1777429256101 13.75823985697309 84
1777429257292 13.593139191480223 85
1777429258078 12.954970292042649 86
1777429258584 15.272721754825612 87
1777429259353 15.90312448334708 88
1777429260107 13.378933123679841 89
1777429260567 13.466910338723793 90
1777429260877 12.670430791007023 91
1777429261525 12.58114968757383 92
