1777149997430 -1.7287886660198284 1
1777149998746 -1.6541375157610432 2
1777149999459 -1.5834728231462913 3
1777150000154 -1.4979928159912164 4
1777150000873 -1.3890866842021308 5
1777150001617 -1.2506890294285995 6
1777150002310 -1.092461199647413 7
1777150003092 -0.9220441358507574 8
1777150003795 -0.7483647378574667 9
1777150004575 -0.5740857029223767 10
1777150005272 -0.40011528888967807 11
1777150005969 -0.2212554686062429 12
1777150006662 -0.033465466760028595 13
1777150007402 0.1515528407666168 14
1777150008095 0.33063168850843333 15
1777150008787 0.4896118296106447 16
1777150009482 0.6171831346637302 17
1777150010288 0.7324437040778559 18
1777150011021 0.8120835493118336 19
1777150012271 0.871662347606948 20
1777150194149 0.8952931064255301 21
1777150285638 0.9196536155183652 22
1777150286576 0.9348141604830222 23
1777150292161 0.9343375327373908 24
1777150295198 0.9472950922158032 25
1777150305750 0.936736743078916 26
1777150346087 0.94903769379127 27
1777150346736 0.9539143676118896 28
1777150347376 0.9429613849003243 29
1777150350406 0.9479965072717269 30
1777150351381 0.9534860336412092 31
1777150352111 0.9541046843134242 32
1777150352874 0.9572563351099447 33
1777150353598 0.9586994546839189 34
1777150354333 0.9639263753491965 35
1777150355180 0.9620555236137854 36
1777150355933 0.9698155343320853 37
1777150356705 0.9623113359071388 38
1777150357468 0.9643242163807586 39
1777150358215 0.9557565012462712 40
1777150358953 0.9715493585916937 41
1777150359748 0.971873869318107 42
1777150360522 0.9726928781612594 43
1777150361270 0.96462234971226 44
1777150362013 0.9587506961575167 45
1777150362764 0.9651563403684407 46
1777150363504 0.9703946254898361 47
1777150364242 0.9590145000062 48
1777150376453 0.9705255736181024 49
1777150377192 0.9689053234484069 50
1777150496241 0.9683936677661542 51
1777150497758 0.9693012008449262 52
1777150498452 0.972030549010714 53
1777150563702 0.9730113384120047 54
1777150564450 0.9713841049002601 55
1777150565094 0.9762637256218574 56
1777150565759 0.9698684194840062 57
1777150566424 0.9678545965761449 58
1777150613820 0.9754901677031593 59
1777150614454 0.9750932486058479 60
1777150615104 0.9770400486521871 61
1777150615758 0.9718499652150869 62
1777150616403 0.9796798811128294 63
1777150617052 0.974759144903484 64
1777150617701 0.9742890926698555 65
1777150622928 0.9764950848562051 66
1777150625228 0.9758832225808851 67
1777150636101 0.9761979705018273 68
1777150709712 0.9776921102926296 69
1777150710373 0.9728157163319242 70
1777150711032 0.9799604657925265 71
1777150711715 0.9785355901345256 72
1777150723141 0.9771021368897503 73
1777150723899 0.9800828022485161 74
1777150724849 0.9796545394387968 75
1777150725665 0.9777459043912805 76
1777150726539 0.9803261870872999 77
1777150727776 0.9803953276032795 78
1777150768200 0.9802330403791644 79
1777150768877 0.9778794298619197 80
1777150912865 0.9791157971439861 81
1777150913494 0.9760771535416545 82
1777150914254 0.9817095902567646 83
1777150914881 0.9804109080984437 84
1777150915515 0.979785485175098 85
1777150917337 0.9844826497904027 86
1777150928923 0.9780152863025287 87
1777150930516 0.9813949351352418 88
1777150931242 0.9850727792690033 89
1777150943079 0.9849220531774787 90
1777150959631 0.9837439386169711 91
1777150960294 0.9842932611543238 92
1777150993645 0.9866849625364689 93
1777151005503 0.9847848321207919 94
1777151006135 0.9857662171213875 95
1777151006766 0.9842151389938377 96
1777151007404 0.9860747477270974 97
1777151008036 0.98686386717261 98
1777151008667 0.9861616298786902 99
1777151009307 0.9862750144053705 100
1777151009939 0.9853651383968032 101
1777151010571 0.9871400787421509 102
1777151011236 0.9874187558296973 103
1777151011877 0.9877755108433709 104
1777151012507 0.9817945468764686 105
1777151013144 0.9875114157729392 106
1777151013775 0.9878868006066329 107
1777151014404 0.987455189643794 108
1777151015041 0.9880693661453279 109
1777151015671 0.9873648792082511 110
1777151016301 0.985347816967941 111
1777151016934 0.9878665681700097 112
1777151017563 0.9885333218579606 113
1777151018195 0.989209593174962 114
1777151018830 0.9889637374362512 115
1777151019457 0.9867698844726792 116
1777151020091 0.9890664526026953 117
1777151020729 0.9888394634885476 118
1777151021353 0.9875697862987781 119
1777151022018 0.9880951563128131 120
1777151022651 0.988855986585324 121
1777151023285 0.9884035398126705 122
1777151023915 0.9892904164790091 123
1777151024546 0.9878188394968086 124
1777151025169 0.9868465619032525 125
1777151025798 0.9906569204151885 126
1777151026432 0.9880626758190012 127
1777151027058 0.9876159912902237 128
1777151027690 0.9893220256995408 129
1777151028323 0.9896862457372312 130
1777151028952 0.9895817255341393 131
1777151029591 0.9885214618971061 132
1777151030227 0.9874850640916518 133
1777151030851 0.9898734011579178 134
1777151031488 0.990043221708679 135
1777151032144 0.9883148140539928 136
1777151032777 0.989513669343703 137
1777151033412 0.989051835902087 138
1777151034050 0.9885287992499869 139
1777151034679 0.9902823072892284 140
1777151035313 0.9862598625025757 141
1777151035945 0.9892326006944747 142
1777151036573 0.988937503559244 143
1777151037206 0.989511169740195 144
1777151037838 0.9898573068208817 145
1777151038462 0.9895772268458163 146
1777151123513 0.9915337322904647 147
1777151124161 0.99055288219306 148
1777151124788 0.9894612356751908 149
1777151125421 0.9907709950237942 150
1777151126054 0.9901301681443334 151
1777151126690 0.9878196103075554 152
1777151127326 0.9910806944034409 153
1777151127972 0.990425938513332 154
1777151128609 0.9907938861296031 155
1777151129250 0.9905048219336998 156
1777151129896 0.9912526644338215 157
1777151130542 0.9914093856868216 158
1777151131183 0.9899297510712559 159
1777151131830 0.9903073547515564 160
1777151132483 0.9913370176803342 161
1777151133148 0.9925824908323452 162
1777151133792 0.990646947415786 163
1777151134445 0.9902301800912421 164
1777151135092 0.9904065525333513 165
1777151135740 0.9882929861766616 166
1777151136389 0.9923184597890959 167
1777151137044 0.9912672685766131 168
1777151137689 0.990638934631766 169
1777151138337 0.9928427567077973 170
1777151138994 0.9890813395953576 171
