1777149997430 -1.7287886660198284 1
1777149998746 -1.654137923538559 2
1777149999459 -1.5834729220367878 3
1777150000154 -1.497992739448334 4
1777150000873 -1.3890867607450135 5
1777150001617 -1.2506889624857211 6
1777150002310 -1.092461199647413 7
1777150003092 -0.9220442889365223 8
1777150003795 -0.7483648144003492 9
1777150004575 -0.5740857029223767 10
1777150005272 -0.4001152123467957 11
1777150005969 -0.2212554686062429 12
1777150006662 -0.033465466760028484 13
1777150007402 0.1515528407666168 14
1777150008095 0.3306317267798746 15
1777150008787 0.48961182961064476 16
1777150009482 0.6171831346637302 17
1777150010288 0.7324437034753224 18
1777150011021 0.8120835493118336 19
1777150012271 0.871662347606948 20
1777150194149 0.8952931064255301 21
1777150285638 0.9196536250862255 22
1777150286576 0.9348141580910573 23
1777150292161 0.9343375351293559 24
1777150295198 0.947295087431873 25
1777150305750 0.936736743078916 26
1777150346087 0.9490376961832351 27
1777150346736 0.9539143628279595 28
1777150347376 0.9429613825083593 29
1777150350406 0.9479965072717269 30
1777150351381 0.9534860336412092 31
1777150352111 0.9541046867053892 32
1777150352874 0.9572563351099447 33
1777150353598 0.9586994506976577 34
1777150354333 0.963926372788944 35
1777150355180 0.9620555212218204 36
1777150355933 0.9698155343320852 37
1777150356705 0.9623113371031213 38
1777150357468 0.9643242187727237 39
1777150358215 0.9557565012462712 40
1777150358953 0.9715493597876762 41
1777150359748 0.9718738681221245 42
1777150360522 0.9726928793572419 43
1777150361270 0.9646223485162775 44
1777150362013 0.9587506961575167 45
1777150362764 0.9651563430354746 46
1777150363504 0.9703946242938536 47
1777150364242 0.9590144964182523 48
1777150376453 0.970525574814085 49
1777150377192 0.9689053246443894 50
1777150496241 0.9683936689621366 51
1777150497758 0.9693012020409087 52
1777150498452 0.9720305490107138 53
1777150563702 0.9730113384120046 54
1777150564450 0.9713841060962426 55
1777150565094 0.9762637268178399 56
1777150565759 0.9698684206799886 57
1777150566424 0.967854596576145 58
1777150613820 0.9754901677031593 59
1777150614454 0.9750932474098654 60
1777150615104 0.977040048652187 61
1777150615758 0.9718499676070521 62
1777150616403 0.9796798787208644 63
1777150617052 0.974759142511519 64
1777150617701 0.9742890926698555 65
1777150622928 0.9764950848562051 66
1777150625228 0.9758832225808851 67
1777150636101 0.97619797169781 68
1777150709712 0.9776921102926296 69
1777150710373 0.9728157163319242 70
1777150711032 0.9799604657925265 71
1777150711715 0.9785355913305082 72
1777150723141 0.9771021368897503 73
1777150723899 0.9800827992585597 74
1777150724849 0.9796545406347793 75
1777150725665 0.977745905587263 76
1777150726539 0.9803261876852912 77
1777150727776 0.9803953250439432 78
1777150768200 0.980233039781173 79
1777150768877 0.9778794298619197 80
1777150912865 0.9791157959480035 81
1777150913494 0.9760771535416545 82
1777150914254 0.9817095902567646 83
1777150914881 0.9804109075004523 84
1777150915515 0.9797854839791155 85
1777150917337 0.9844826503883939 86
1777150928923 0.9780152863025287 87
1777150930516 0.981394934426478 88
1777150931242 0.9850727804649858 89
1777150943079 0.9849220543734613 90
1777150959631 0.9837439374209886 91
1777150960294 0.9842932593773451 92
1777150993645 0.9866849637324514 93
1777151005503 0.984784832120792 94
1777151006135 0.9857662171213876 95
1777151006766 0.9842151389938377 96
1777151007404 0.9860747471291061 97
1777151008036 0.98686386717261 98
1777151008667 0.9861616304766815 99
1777151009307 0.9862750144053705 100
1777151009939 0.9853651383968032 101
1777151010571 0.9871400781441596 102
1777151011236 0.9874187564276886 103
1777151011877 0.9877755108433709 104
1777151012507 0.9817945456804861 105
1777151013144 0.9875114163709304 106
1777151013775 0.9878868006066329 107
1777151014404 0.9874551908397765 108
1777151015041 0.988069366145328 109
1777151015671 0.9873648798062424 110
1777151016301 0.9853478169816815 111
1777151016934 0.9878665681700097 112
1777151017563 0.9885333224559518 113
1777151018195 0.989209593174962 114
1777151018830 0.9889637374362512 115
1777151019457 0.9867698844726792 116
1777151020091 0.9890664532006865 117
1777151020729 0.9888394640865388 118
1777151021353 0.9875697862987781 119
1777151022018 0.988095156312813 120
1777151022651 0.988855986585324 121
1777151023285 0.9884035404106617 122
1777151023915 0.9892904164790091 123
1777151024546 0.9878188388988174 124
1777151025169 0.9868465613052613 125
1777151025798 0.9906569205323434 126
1777151026432 0.9880626758190012 127
1777151027058 0.9876159906922324 128
1777151027690 0.989322026297532 129
1777151028323 0.9896862460362268 130
1777151028952 0.9895817255341391 131
1777151029591 0.9885214618971062 132
1777151030227 0.9874850640916518 133
1777151030851 0.9898734005599265 134
1777151031488 0.9900432211106878 135
1777151032144 0.9883148140539927 136
1777151032777 0.989513669343703 137
1777151033412 0.9890518347061045 138
1777151034050 0.9885287992499869 139
1777151034679 0.9902823069902328 140
1777151035313 0.9862598625025757 141
1777151035945 0.9892326002910773 142
1777151036573 0.988937503559244 143
1777151037206 0.989511169740195 144
1777151037838 0.989857307418873 145
1777151038462 0.9895772274438076 146
1777151123513 0.9915337316924734 147
1777151124161 0.9905528824920556 148
1777151124788 0.9894612362731822 149
1777151125421 0.9907709950237942 150
1777151126054 0.9901301678453378 151
1777151126690 0.9878196103075554 152
1777151127326 0.9910806947024364 153
1777151127972 0.9904259391113234 154
1777151128609 0.9907938861296031 155
1777151129250 0.9905048219336998 156
1777151129896 0.9912526644338214 157
1777151130542 0.991409385387826 158
1777151131183 0.9899297504732646 159
1777151131830 0.9903073544525607 160
1777151132483 0.991337017082343 161
1777151133148 0.9925824911734575 162
1777151133792 0.9906469471167904 163
1777151134445 0.9902301800912422 164
1777151135092 0.9904065528323469 165
1777151135740 0.9882929861766616 166
1777151136389 0.9923184600880917 167
1777151137044 0.9912672685766132 168
1777151137689 0.990638934631766 169
1777151138337 0.9928427567077972 170
1777151138994 0.9890813395953576 171
