1777211326430 158.8295890194349 1
1777211354879 156.9857056416698 2
1777211356817 155.01788583644614 3
1777211358259 152.94575504968253 4
1777211359135 150.6188773728089 5
1777211360341 147.92944684479423 6
1777211431169 144.88732548622406 7
1777211450475 141.5827518626654 8
1777211451196 137.75936537522537 9
1777211451959 133.34735746266068 10
1777211453118 128.49999621890254 11
1777211453891 123.5175364298885 12
1777211454880 118.45721064157088 13
1777211455599 113.18147328903727 14
1777211456298 107.30302965228024 15
1777211457789 101.14577844320712 16
1777211459998 94.02901611955322 17
1777211460746 86.93319875075407 18
1777211467380 80.06410455171739 19
1777211482178 73.68151325487908 20
1777211483307 66.97946648589317 21
1777211484195 59.990260965881525 22
1777211485066 53.259341974084826 23
1777211485914 47.6410196677279 24
1777211486714 42.121257786462394 25
1777211487538 36.53381840789311 26
1777211488341 32.44981669203646 27
1777211489066 28.303187124461758 28
1777211491100 25.934823740109653 29
1777211492780 23.11945668039641 30
1777211498262 20.841518428979448 31
1777211498894 21.30744256934067 32
1777211499525 20.16806293471869 33
1777211500169 17.661675422386217 34
1777211501160 17.978995481660206 35
1777211501738 18.08002949488982 36
1777211503651 16.93669822701831 37
1777211505074 17.01612677044961 38
1777211506099 17.28321210398649 39
1777211506675 16.8221143419016 40
1777211507427 15.19543398791597 41
1777211508211 16.105433519489964 42
1777211508865 15.844199127963341 43
1777211513127 14.457510694502664 44
1777211514359 17.15304149912164 45
1777211515740 14.127040947036608 46
1777211516334 15.239975312703928 47
1777211517209 14.02685171845235 48
1777211518590 13.053231251078778 49
1777211519183 14.346626337737948 50
1777211519780 14.332783214638532 51
1777211520371 15.098772953344806 52
1777211520963 13.716967261264552 53
1777211521570 13.826843606676695 54
1777211522257 13.300039160342617 55
1777211523675 15.373575314730669 56
1777211524694 13.295127635133735 57
1777211525650 13.677741943914892 58
1777211527145 14.057387617428164 59
1777211527830 13.12632339643298 60
1777211531334 12.56676650593299 61
1777211532039 13.315178533476798 62
1777211532766 12.907122013643077 63
1777211533818 13.268515572853111 64
1777211534877 13.214865222512032 65
1777211535517 13.659765746967274 66
1777211536624 11.08984315080357 67
1777211537426 14.282930930222193 68
1777211538257 12.479098588245726 69
1777211539007 12.392981909473574 70
1777211541354 12.210731765066114 71
1777211542293 12.027598255043232 72
1777211543128 11.220531816980941 73
1777211543864 11.406512380836293 74
1777211544593 12.205283653855114 75
1777211545634 11.797588850145681 76
1777211547565 11.281908470955724 77
1777211548467 11.615271857816614 78
1777211549206 13.012205494619158 79
1777211550929 11.041523453493504 80
1777211552479 11.30362835255218 81
1777211553566 11.390832264844768 82
1777211554277 10.861664786733604 83
1777211555024 12.008209434594397 84
1777211555728 10.146118833818509 85
1777211557929 10.049238489994355 86
1777211558663 10.148877029060547 87
1777211559612 11.160490609447324 88
1777211560286 11.137767538629555 89
1777211560965 9.399063361790065 90
1777211561623 9.943221862779529 91
1777211563094 10.79933086172385 92
1777211564131 9.42467389691947 93
1777211565208 9.594653749493942 94
1777211571065 9.183141973812441 95
1777211585036 9.293715293310841 96
1777211595294 10.143647958304136 97
1777211597101 9.97978617454793 98
1777211599734 9.509415112448943 99
1777211620958 9.304879422056207 100
1777211621800 9.037320971418954 101
1777211622595 10.051036901916396 102
1777211623387 9.311563571340816 103
1777211624830 10.137152165576982 104
1777211625456 8.833215883739962 105
1777211626077 8.937314475345667 106
1777211626815 9.998615971608366 107
1777211627595 8.584149357856756 108
1777211630777 8.537249001207872 109
1777211787408 8.45148946926724 110
1777211788167 8.159681992186425 111
1777211788920 8.647417271200236 112
1777211789753 8.534984956540853 113
1777211790875 8.681798268820494 114
1777211791977 8.426148114453605 115
1777211792676 7.924268046058211 116
1777211793370 8.141032050934106 117
1777211794036 8.641992685449033 118
1777211799148 8.699174386504392 119
1777211799924 8.345519611293684 120
1777211800596 8.249142640069591 121
1777211801274 8.19339830484799 122
1777211801965 8.078354785670552 123
1777211803282 7.28326795553363 124
1777211806750 7.792961733801814 125
1777211808665 8.348822864167353 126
1777211810428 8.371470719593383 127
1777211811913 8.036299189748444 128
1777211813170 8.718931750556825 129
1777211814660 8.122177210262924 130
1777211816079 8.775121097206299 131
1777211818273 8.250363194795476 132
1777211819832 7.506665769074149 133
1777211821293 7.529281804929813 134
1777211830599 7.334464630377831 135
1777211832116 7.621741334340604 136
1777211833964 7.949288751262815 137
1777211835282 7.219514785202125 138
1777211838010 7.235233954800904 139
1777211839707 7.969954556741227 140
1777211842455 7.495341288644429 141
1777211847182 7.492976052580479 142
1777211867177 7.3268144745303125 143
1777211885649 7.150761951227015 144
1777211898015 7.157729221104316 145
1777211899321 7.229168175671007 146
1777211901528 7.319199581672637 147
1777211903355 8.211710264034574 148
1777211904302 8.181752049495946 149
1777211905187 7.102112553361858 150
1777211909035 7.374896916374346 151
1777211911269 7.555777742382504 152
1777211912854 7.137390802554782 153
1777211914088 7.300969105080444 154
1777211915053 7.135451236193977 155
1777211916140 7.965703905433749 156
1777211917416 7.753733180791437 157
1777211918446 6.838111361124484 158
1777211919346 6.677347791383915 159
1777211920955 6.463931732715332 160
1777211922191 6.829748695763293 161
1777211923011 7.095228516628514 162
1777211923862 6.734378549258848 163
1777211924682 6.792398153720571 164
1777211925503 7.159076632434175 165
1777211926715 6.600721089334538 166
1777211929516 6.751291442463416 167
1777211930778 6.97473477771264 168
1777211931886 7.228700788456485 169
1777211933361 6.869811045724507 170
1777211935485 6.981866671908833 171
1777211938166 7.242702632529975 172
1777211939629 6.751422598721767 173
1777211941164 6.471498905457403 174
1777211970001 6.199294677427496 175
1777211971484 6.0355577676070835 176
1777211972557 6.324028701692627 177
1777211974184 6.52810463482537 178
1777211975499 6.56589412857208 179
1777211976959 6.481947598986533 180
1777211979383 5.8160999200656285 181
1777211981667 6.386329669918792 182
1777211984244 6.989974582748279 183
1777211986181 6.03915018091745 184
1777211993668 6.287214684612389 185
1777211995034 6.478594636049119 186
