1777211326430 42183.9375 1
1777211354879 41583.396484375 2
1777211356817 40949.033203125 3
1777211358259 40295.205078125 4
1777211359135 39552.080078125 5
1777211360341 38678.0 6
1777211431169 37631.05078125 7
1777211450475 36455.29296875 8
1777211451196 34943.65625 9
1777211451959 33257.4140625 10
1777211453118 31475.826171875 11
1777211453891 29751.064453125 12
1777211454880 27918.8896484375 13
1777211455599 26088.8759765625 14
1777211456298 24129.935546875 15
1777211457789 22081.8359375 16
1777211459998 19765.45703125 17
1777211460746 17708.8115234375 18
1777211467380 15607.5751953125 19
1777211482178 13634.525390625 20
1777211483307 11780.81494140625 21
1777211484195 9971.66015625 22
1777211485066 8208.22607421875 23
1777211485914 6750.288818359375 24
1777211486714 5458.653564453125 25
1777211487538 4225.86279296875 26
1777211488341 3276.1566162109375 27
1777211489066 2566.7130126953125 28
1777211491100 2148.6739501953125 29
1777211492780 1769.7504272460938 30
1777211498262 1482.62158203125 31
1777211498894 1497.1117553710938 32
1777211499525 1330.0236206054688 33
1777211500169 1044.015869140625 34
1777211501160 1055.1106567382812 35
1777211501738 1034.9289855957031 36
1777211503651 956.8160400390625 37
1777211505074 929.28173828125 38
1777211506099 950.6444702148438 39
1777211506675 883.7112121582031 40
1777211507427 786.283935546875 41
1777211508211 852.1371459960938 42
1777211508865 828.2271118164062 43
1777211513127 722.9434814453125 44
1777211514359 922.0198059082031 45
1777211515740 673.2565307617188 46
1777211516334 741.6170654296875 47
1777211517209 647.7835083007812 48
1777211518590 600.2505798339844 49
1777211519183 680.1631774902344 50
1777211519780 665.076171875 51
1777211520371 741.3910217285156 52
1777211520963 627.1183776855469 53
1777211521570 629.2109680175781 54
1777211522257 586.518310546875 55
1777211523675 764.9581604003906 56
1777211524694 614.6329040527344 57
1777211525650 620.7118835449219 58
1777211527145 663.1146850585938 59
1777211527830 591.9974060058594 60
1777211531334 551.6416320800781 61
1777211532039 590.560302734375 62
1777211532766 568.1500854492188 63
1777211533818 611.8791198730469 64
1777211534877 604.5791625976562 65
1777211535517 627.18505859375 66
1777211536624 453.41290283203125 67
1777211537426 671.4073181152344 68
1777211538257 533.1617431640625 69
1777211539007 530.9105224609375 70
1777211541354 532.6360778808594 71
1777211542293 544.8036193847656 72
1777211543128 465.98756408691406 73
1777211543864 490.26036071777344 74
1777211544593 532.8382263183594 75
1777211545634 498.8564453125 76
1777211547565 468.58665466308594 77
1777211548467 501.18162536621094 78
1777211549206 571.4717407226562 79
1777211550929 453.3735046386719 80
1777211552479 471.2208557128906 81
1777211553566 462.3661193847656 82
1777211554277 424.0108947753906 83
1777211555024 496.4308166503906 84
1777211555728 380.9252624511719 85
1777211557929 381.03794860839844 86
1777211558663 386.1170349121094 87
1777211559612 450.4322204589844 88
1777211560286 466.7250061035156 89
1777211560965 331.64048767089844 90
1777211561623 373.23509216308594 91
1777211563094 412.1932067871094 92
1777211564131 353.6376037597656 93
1777211565208 347.440185546875 94
1777211571065 325.02197265625 95
1777211585036 329.0816650390625 96
1777211595294 399.73614501953125 97
1777211597101 376.31982421875 98
1777211599734 351.24859619140625 99
1777211620958 335.23309326171875 100
1777211621800 315.000732421875 101
1777211622595 379.3647155761719 102
1777211623387 332.43023681640625 103
1777211624830 384.3823547363281 104
1777211625456 312.03468322753906 105
1777211626077 317.0921630859375 106
1777211626815 373.8088684082031 107
1777211627595 294.63426208496094 108
1777211630777 296.0967102050781 109
1777211787408 292.49208068847656 110
1777211788167 274.10235595703125 111
1777211788920 310.50531005859375 112
1777211789753 292.61524963378906 113
1777211790875 307.5215148925781 114
1777211791977 287.5924072265625 115
1777211792676 262.7581787109375 116
1777211793370 265.4310989379883 117
1777211794036 300.9311218261719 118
1777211799148 300.0598449707031 119
1777211799924 283.9273376464844 120
1777211800596 275.1904602050781 121
1777211801274 276.45777893066406 122
1777211801965 262.88287353515625 123
1777211803282 231.0182647705078 124
1777211806750 246.52263641357422 125
1777211808665 286.30572509765625 126
1777211810428 277.9294128417969 127
1777211811913 271.95411682128906 128
1777211813170 300.88304138183594 129
1777211814660 271.72654724121094 130
1777211816079 303.6244812011719 131
1777211818273 281.78514099121094 132
1777211819832 238.77320861816406 133
1777211821293 246.2549285888672 134
1777211830599 234.44120025634766 135
1777211832116 249.7432861328125 136
1777211833964 256.65411376953125 137
1777211835282 229.33838653564453 138
1777211838010 223.68242645263672 139
1777211839707 264.55332946777344 140
1777211842455 240.70569610595703 141
1777211847182 233.81614685058594 142
1777211867177 239.05780792236328 143
1777211885649 225.38455200195312 144
1777211898015 224.3928451538086 145
1777211899321 227.8213348388672 146
1777211901528 231.9646224975586 147
1777211903355 281.8334655761719 148
1777211904302 266.8219299316406 149
1777211905187 226.7938461303711 150
1777211909035 229.8985595703125 151
1777211911269 242.50997924804688 152
1777211912854 218.7818832397461 153
1777211914088 228.79141998291016 154
1777211915053 222.9726791381836 155
1777211916140 268.9941864013672 156
1777211917416 254.35557556152344 157
1777211918446 210.81787872314453 158
1777211919346 197.4142608642578 159
1777211920955 197.1142807006836 160
1777211922191 211.08553314208984 161
1777211923011 221.79244995117188 162
1777211923862 198.94692993164062 163
1777211924682 204.67526245117188 164
1777211925503 222.01415252685547 165
1777211926715 199.12197875976562 166
1777211929516 210.52084350585938 167
1777211930778 216.75462341308594 168
1777211931886 228.32479095458984 169
1777211933361 208.2017364501953 170
1777211935485 214.50383758544922 171
1777211938166 224.32325744628906 172
1777211939629 201.3525161743164 173
1777211941164 192.6397933959961 174
1777211970001 177.96024322509766 175
1777211971484 178.9586944580078 176
1777211972557 186.24358367919922 177
1777211974184 198.5204620361328 178
1777211975499 201.43108367919922 179
1777211976959 192.36357879638672 180
1777211979383 167.06780242919922 181
1777211981667 188.22631072998047 182
1777211984244 214.9041748046875 183
1777211986181 174.16397857666016 184
1777211993668 185.2902069091797 185
1777211995034 195.72769927978516 186
