1777411997325 202.8419084995751 1
1777412003486 201.4256706113945 2
1777412017037 200.00577140110232 3
1777412023387 198.6991287097153 4
1777412027306 197.32820851312667 5
1777412032294 195.89622771061724 6
1777412036039 194.27828180537833 7
1777412036818 192.4498920173768 8
1777412038753 190.28859661051683 9
1777412046515 187.89215241063155 10
1777412047193 184.9805944214149 11
1777412051356 181.85468099556854 12
1777412055701 178.3830258355598 13
1777412063407 174.58277272185248 14
1777412067769 170.26543501067678 15
1777412079431 166.1823699377434 16
1777412091176 161.68427470691142 17
1777412096103 156.66365245327327 18
1777412107130 152.10797460192546 19
1777412116026 146.86172812376952 20
1777412125449 142.85972277246304 21
1777412131999 137.11137551959357 22
1777412140111 132.30466143526462 23
1777412146554 126.9368345317367 24
1777412154458 121.29106102419502 25
1777412158495 115.37881731225625 26
1777412168338 109.58475868448815 27
1777412168701 102.95030658040801 28
1777412169035 98.84249030970942 29
1777412169408 90.9671504496953 30
1777412180151 84.94739295771531 31
1777412180458 79.58424376388048 32
1777412183810 73.69000472842298 33
1777412184133 68.57907730313963 34
1777412184450 62.27619499367816 35
1777412187530 58.09213200409544 36
1777412187856 52.95891778214742 37
1777412193491 48.627045968363895 38
1777412196701 45.82045835974227 39
1777412200198 43.566690470526765 40
1777412200508 40.34518872095764 41
1777412204103 36.96515231067718 42
1777412204430 36.98066990049075 43
1777412206012 34.132344891223596 44
1777412218691 33.035331538866274 45
1777412224465 32.249195650700926 46
1777412227966 31.831476873087038 47
1777412231586 30.400435233765055 48
1777412244843 31.400197644431714 49
1777412257434 29.61882373151036 50
1777412271180 30.158957941888925 51
1777412282796 28.769360201884595 52
1777412287547 30.07544732399306 53
1777412298400 27.899074131632823 54
1777412303264 27.74689638120023 55
1777412308147 29.722808977873477 56
1777412314609 22.55754292736516 57
1777412314984 27.649611888734647 58
1777412315367 23.718967441773394 59
1777412315765 23.16574614454699 60
1777412319132 26.74440015130504 61
1777412324607 24.7190104976002 62
1777412331221 25.599292793042277 63
1777412331552 27.525294652430606 64
1777412331887 23.568780765194717 65
1777412334910 26.197276618879563 66
1777412335241 24.253181170209405 67
1777412335564 26.6121927181796 68
1777412335929 24.219669841402926 69
1777412336255 25.55172689017931 70
1777412339377 23.407329539524046 71
1777412339724 25.663001785538093 72
1777412340080 22.172712529327644 73
1777412340423 23.980266087370545 74
1777412343513 23.615237524940863 75
1777412344992 23.017273097390223 76
1777412348985 24.751505488066403 77
1777412349315 22.77803609231174 78
1777412349636 25.379891962252813 79
1777412349969 22.39663145077395 80
1777412350351 23.683414318242445 81
1777412353881 25.149678877795836 82
1777412354216 19.99514787944073 83
1777412357283 23.761202127891174 84
1777412357641 21.3930238280113 85
1777412360947 24.19402593850972 86
1777412366974 24.272724633481353 87
1777412367310 25.96317559191106 88
1777412373878 24.026912858374175 89
1777412376884 20.627058076767607 90
1777412380116 20.569313288729933 91
1777412380457 19.737608293619157 92
1777412380795 22.88157084161154 93
1777412387190 19.823833509187875 94
1777412387532 22.95564437968838 95
1777412390489 21.584341293226903 96
1777412393714 22.017610610644223 97
1777412396655 21.22188871875017 98
1777412397000 20.07174251060703 99
1777412399835 20.359731745723284 100
1777412400188 19.935578926354417 101
1777412402897 21.98114037593506 102
1777412411300 23.44691347416209 103
1777412414151 21.484819597672477 104
1777412420015 19.27484667527783 105
1777412425807 20.02726946482712 106
1777412435897 18.569883579922493 107
1777412442539 18.605020546905646 108
1777412450683 18.914975711122224 109
1777412451816 20.132897385346855 110
1777412459728 18.124397215192083 111
1777412465610 21.966775254640602 112
1777412466810 22.561363128170512 113
1777412467457 20.791622470153843 114
1777412481347 21.304649540441062 115
1777412482277 21.082725707132546 116
1777412491677 19.461560043735894 117
1777412494861 19.516085519236192 118
1777412503860 21.723540950897313 119
1777412510335 21.823466782172307 120
1777412517114 19.639949862849303 121
1777412523396 16.721213129012483 122
1777412523786 20.20786526586902 123
1777412524997 19.59734363850231 124
1777412525545 17.536294847056222 125
1777412529232 19.6569175910082 126
1777412533056 18.179988817603906 127
1777412533404 20.03439577726656 128
1777412533762 19.808681180170886 129
1777412534091 17.416774232279728 130
1777412535280 16.685084021622238 131
1777412538744 20.6005736928516 132
1777412539089 17.417786095280235 133
1777412539423 18.32557310532666 134
1777412552193 16.584449819939103 135
1777412555197 18.78115088108204 136
1777412561692 20.699203638062986 137
1777412562449 17.958368264479272 138
1777412569193 18.334503598865087 139
1777412572166 18.512734643864494 140
1777412572507 18.31995518708058 141
1777412572829 22.371136379717544 142
1777412573177 19.31318895413507 143
1777412578825 20.90647917708841 144
1777412579177 19.81445610907444 145
1777412579558 16.42727726168953 146
1777412579907 18.322006518161775 147
1777412586344 17.818521974108762 148
1777412589805 16.65935986886154 149
1777412596241 16.701524420505752 150
1777412602364 16.665096259836286 151
1777412602704 17.88289867961978 152
1777412606236 20.44056534017054 153
1777412609528 17.031448895054226 154
1777412615440 19.293152633133616 155
1777412618596 16.794770943799367 156
1777412618934 15.888682318873334 157
1777412619273 18.326352449186306 158
1777412619631 17.94465010885687 159
1777412622849 17.341469444657797 160
1777412625875 18.75971509379582 161
1777412631284 16.75306058791945 162
1777412631628 18.722033994327795 163
1777412634381 18.284766121532446 164
1777412634729 16.31038117076198 165
1777412635067 18.366983131040804 166
1777412635407 15.948336159911204 167
1777412638511 16.15922474729508 168
1777412641527 16.68427739833786 169
1777412643979 14.816664742010884 170
1777412644319 16.69506481595637 171
1777412644661 17.008300549956665 172
1777412647577 17.132861483913103 173
1777412647953 16.34482735753597 174
1777412650510 16.487772717074975 175
1777412650876 16.972463408714606 176
1777412657298 15.251292689832475 177
1777412660587 16.021169962362006 178
1777412665612 14.077966212860069 179
1777412665948 14.12766639051197 180
1777412668842 15.508542075879857 181
1777412674162 17.18004721229825 182
1777412682031 16.612210739522205 183
1777412685630 15.010263619137927 184
1777412685995 16.309315571600866 185
1777412686357 16.279153348384995 186
1777412695516 16.67311419070853 187
1777412698733 16.124413294801226 188
1777412699109 17.51943500879363 189
1777412699484 15.374271530633777 190
1777412699881 15.3740333315271 191
1777412700230 14.592633288377478 192
1777412703371 16.914808550232415 193
1777412706527 16.776550203148144 194
1777412706916 15.93782791099552 195
1777412707292 15.432064195909751 196
1777412713631 17.90333882312528 197
1777412718814 16.931385470918904 198
1777412719192 16.76349972695747 199
1777412725846 15.243763132938172 200
1777412729384 15.135996958597213 201
1777412736075 15.31309389792156 202
1777412739412 13.536201821989247 203
1777412739774 16.351214423851385 204
1777412743377 15.861959072115548 205
1777412743746 13.441816621351121 206
1777412744153 13.43870986105036 207
1777412747230 14.148529170396012 208
1777412747582 15.691480154481175 209
1777412750841 16.506168946222804 210
1777412756562 14.686502106227028 211
1777412756955 14.25508107398135 212
1777412757310 14.33272592603037 213
1777412757874 14.209028806846337 214
1777412758260 14.905758127858205 215
1777412758649 15.005012691890302 216
1777412759867 14.56997056820632 217
1777412761054 13.421854536509429 218
1777412767980 14.140432383874607 219
1777412774445 16.153721506385438 220
1777412774859 14.683160408609616 221
1777412775286 18.042115849753806 222
1777412777790 16.13958790079294 223
1777412783288 14.707366882790406 224
1777412789763 15.970424497118543 225
1777412790132 16.23606486332491 226
1777412790530 14.947586548601405 227
1777412793842 16.503717177171406 228
1777412794188 13.459008041491673 229
1777412797251 13.903500540170011 230
1777412803314 13.023670654406658 231
1777412803909 13.431911992178366 232
1777412808550 14.531929377599758 233
1777412808921 14.530429349306761 234
1777412814980 13.359962066779278 235
1777412818003 14.251093236915743 236
1777412818421 13.863501380683978 237
1777412821621 14.236709554029023 238
1777412828029 14.661437981039752 239
1777412828391 12.689143332806506 240
1777412829091 13.068379078458095 241
1777412833447 13.079283522835 242
1777412840540 13.188806839683876 243
1777412846741 12.822036394799786 244
1777412858210 14.25448912466098 245
1777412875660 13.36061420604946 246
1777412889031 14.148285433680316 247
1777412890411 12.939976551913164 248
1777412904388 15.672980531015341 249
1777412914164 15.424488839408301 250
1777412918039 15.192720497116888 251
1777412927101 13.5308739167208 252
1777412933940 12.184102841840547 253
1777412946347 13.485223666080543 254
