1777430844960 195.30366756383228 1
1777430846835 189.84359196486582 2
1777430850274 182.4345559169737 3
1777430851709 171.1580263964948 4
1777430853373 157.06147966186313 5
1777430854425 141.13988215918786 6
1777430856557 121.97783053145659 7
1777430858317 96.20905797024344 8
1777430860484 70.42272848861647 9
1777430862061 51.79825640525384 10
1777430863552 40.10394125638226 11
1777430865348 34.05660321020427 12
1777430867234 31.1882090590927 13
1777430868367 29.425431540059776 14
1777430870314 28.533237076842028 15
1777430871371 27.753264072851202 16
1777430873149 25.398276369801728 17
1777430874940 25.387093255056158 18
1777430876400 24.035400889614838 19
1777430877761 25.213325841395573 20
1777430879509 24.83486320384019 21
1777430881976 20.89011337101254 22
1777430883292 21.46340090428623 23
1777430885283 22.544367784853335 24
1777430886546 21.70837240749657 25
1777430887883 21.63225715127163 26
1777430889995 21.20362074674252 27
1777430891370 21.833188700390345 28
1777430892415 21.583623439080096 29
1777430893458 20.06914465698266 30
1777430894504 19.242503445606868 31
1777430895765 19.409038825484462 32
1777430898111 19.506381278061237 33
1777430899546 18.86373084791988 34
1777430900592 20.481521803063202 35
1777430901690 18.20417974753112 36
1777430902932 18.242851039883185 37
1777430904204 18.7709683216001 38
1777430906057 17.04991209084632 39
1777430907733 18.15258648230091 40
1777430909352 17.40867910708967 41
1777430910941 16.32621044987916 42
1777430912431 17.890856371664366 43
1777430913834 18.79135491870736 44
1777430914939 16.55516801149631 45
1777430916160 15.794632248124794 46
1777430917893 17.003138379796024 47
1777430919475 16.805183305961602 48
1777430921320 15.560838295282911 49
1777430922588 15.886873964278426 50
1777430924127 16.236096185166705 51
1777430925876 16.256622255201062 52
1777430927209 16.225879893788605 53
1777430928429 15.066953434620713 54
1777430929695 15.700153482722284 55
1777430930745 16.135203695378287 56
1777430932077 15.143544036106737 57
1777430933394 14.427479137916778 58
1777430935581 15.632369695017108 59
1777430937317 15.156681810431506 60
1777430938972 14.918165776634577 61
1777430940029 14.834926654801494 62
1777430941073 15.369475767922195 63
1777430942931 14.475766468924121 64
1777430944852 14.678979772955442 65
1777430946023 14.017653673873209 66
1777430947076 15.655280167120132 67
1777430949029 14.24121168619668 68
1777430950750 15.049007616453249 69
1777430952069 13.563843648196302 70
1777430953434 14.445227066860708 71
1777430954712 13.523208169662956 72
1777430956490 13.568580578696018 73
1777430957958 13.87349369226408 74
1777430959526 13.55378711219233 75
1777430960855 13.83310181037421 76
1777430961976 14.380307134288802 77
1777430964055 13.780996290851837 78
1777430965620 13.235886904371984 79
1777430967010 13.93193631555285 80
1777430968669 13.71215850936806 81
1777430970402 13.720094921981177 82
1777430971770 12.748478187510596 83
1777430973751 12.978626430890237 84
1777430975013 13.168091244825575 85
1777430977287 13.179509920800097 86
1777430978334 12.35849356571002 87
1777430980859 12.434234365214651 88
1777430982327 12.716254428767853 89
1777430983685 12.280059009317258 90
1777430984980 12.62957766636245 91
1777430986641 12.75861324587736 92
1777430987681 12.384141770438179 93
1777430989083 12.342112189915618 94
1777430990124 12.219194663548233 95
1777430991410 13.722772643682625 96
1777430992973 12.845661644515218 97
1777430993987 12.457143347828733 98
1777430995990 12.548163107706237 99
1777430997068 12.285323231897328 100
1777430998443 12.4047176466375 101
1777430999758 12.235088277977988 102
1777431000790 12.347243635496621 103
1777431001836 12.06412267123821 104
1777431003406 11.842553040778885 105
1777431005148 11.603025459138383 106
1777431006780 11.820740717469135 107
1777431008497 12.299126874274567 108
1777431009882 11.326103313269197 109
1777431011138 11.747322364572714 110
1777431012543 11.961131277232452 111
1777431015234 11.637388712885224 112
1777431017393 11.625006401665884 113
1777431018737 11.230382560332439 114
1777431021046 12.211953502415012 115
1777431023128 11.71257841163196 116
1777431024802 11.653875362791048 117
1777431026421 11.173131297661367 118
1777431027467 10.563053550273517 119
1777431028758 11.552963024165843 120
1777431029815 11.322749287889113 121
1777431031674 10.754886553391168 122
1777431033745 11.01016601193088 123
1777431035377 11.787386074042335 124
1777431036660 11.326383265621194 125
1777431038020 11.54145125799 126
1777431039286 11.604050735036886 127
1777431040308 11.73060319627109 128
1777431041331 10.850307722397806 129
1777431042360 11.877458090148032 130
1777431043375 11.485092537583187 131
1777431044402 11.170454319406982 132
1777431045424 10.64055211882458 133
1777431046439 10.481787882290607 134
1777431047471 10.994215649692551 135
1777431048508 11.270781249955247 136
1777431049543 10.65097446872265 137
1777431050566 10.363818510677339 138
1777431051607 10.926402644202739 139
1777431052644 10.373360570562022 140
1777431053675 11.339849526238403 141
1777431055061 10.671967339676701 142
1777431056088 10.244999611466806 143
1777431057131 10.546671091120874 144
1777431058159 10.496777429447159 145
1777431059187 10.21857396297874 146
1777431060200 10.10568383938154 147
1777431061339 10.285288596430847 148
1777431062404 10.251892160029968 149
1777431063497 10.60093297471399 150
1777431064591 9.873875496218892 151
1777431065647 10.26453107720263 152
1777431066680 10.306234432221807 153
1777431067987 10.995731708836686 154
1777431069530 10.262427667271805 155
1777431071255 10.44583157252167 156
1777431072586 9.966301929459235 157
1777431074926 10.125463502617311 158
1777431076790 9.911789814286301 159
1777431077867 10.018759026000081 160
1777431079215 10.223916174613876 161
1777431081120 10.098604353653819 162
1777431082733 10.299455321473614 163
1777431084293 10.389042855256424 164
1777431086197 10.4228766203074 165
1777431087758 10.138164933361375 166
1777431089335 9.837156060079584 167
1777431091218 9.994794486790806 168
1777431093391 10.062490514758537 169
