1777152611788 154.31276204366714 1
1777152612513 150.61646518424286 2
1777152613182 147.15432297341547 3
1777152613834 143.1643890924199 4
1777152614504 138.42538674012135 5
1777152615156 132.75258786798585 6
1777152615803 125.76972516340035 7
1777152616459 118.4816173655343 8
1777152624688 111.01941881491098 9
1777152625427 103.11569983145604 10
1777152626152 94.78313067065503 11
1777152626886 85.75820911984769 12
1777152627605 76.6012788133027 13
1777152628289 65.98256064168777 14
1777152628977 55.72677834168386 15
1777152629660 46.84160057316902 16
1777152630334 38.96246527833118 17
1777152631024 32.303451653545615 18
1777152631685 25.50969568586491 19
1777152632342 22.149647334067687 20
1777152632998 19.526933184434114 21
1777152633656 18.44921041199998 22
1777152634292 17.369786546067598 23
1777152634940 16.781961611965645 24
1777152635580 15.51318390560433 25
1777152636220 14.065671586282884 26
1777152636865 15.012700263682742 27
1777152646149 13.14878088784147 28
1777152646947 14.042344679110835 29
1777152695202 12.035120688418607 30
1777152789177 11.863795644946904 31
1777152789822 12.578221944248641 32
1777152790462 11.565341902769637 33
1777152791113 12.198207896541064 34
1777152791739 12.639289054531018 35
1777152793740 12.371271496781256 36
1777152794536 11.33548125739621 37
1777152795201 12.211986738142699 38
1777152795867 11.81253867899275 39
1777152796575 10.536697253841321 40
1777152797254 10.830721822336802 41
1777152797929 9.463335392100166 42
1777152798590 10.929775947774553 43
1777152799266 10.173409968526144 44
1777152799937 10.089090878744154 45
1777152800615 9.192304615733885 46
1777152801327 9.727867761493084 47
1777152802029 9.65661973981546 48
1777152802747 10.090211452857677 49
1777152803430 9.868989503560504 50
1777152804147 9.784365343269325 51
1777152804828 9.5316218981757 52
1777152805509 8.540566358085202 53
1777152822857 9.905106470917382 54
1777152823592 9.452591244615505 55
1777152824307 9.657050174067919 56
1777152825006 8.893796715892034 57
1777152841459 8.966382129963499 58
1777152842160 8.389262060171065 59
1777152855229 9.14888042908394 60
1777152856057 8.917559926799921 61
1777152856807 8.434401047760373 62
1777152857534 8.47186033124386 63
1777152858226 7.930783696839646 64
1777152858893 8.609893610640166 65
1777152859550 8.442918159699936 66
1777152860213 8.917477336340205 67
1777152860878 8.08824164846177 68
1777152861537 8.172578773724927 69
1777152862184 8.099645364461384 70
1777152862848 7.200268584118398 71
1777152863502 7.455896298609431 72
1777152864149 7.402863954436532 73
1777152864803 7.196531994901708 74
1777152865459 7.319426070193509 75
1777152866125 6.916537239006789 76
1777152866776 7.23677345355116 77
1777152867432 7.035665787716647 78
1777152868096 7.606854276911795 79
1777152868749 7.160099578540474 80
1777152869414 7.637647156474852 81
1777152870076 6.699850895709029 82
1777152870733 6.673515222475861 83
1777152871382 6.193417672516684 84
1777152872039 7.36703744826048 85
1777152872703 6.304439648817838 86
1777152873378 6.7114995846055026 87
1777152874031 6.05859736094489 88
1777152876016 6.9444406515059205 89
1777152876709 6.581766080997818 90
1777152877402 7.072280640984148 91
1777152878123 5.9590995839512315 92
1777152878817 6.877298839014433 93
1777152879519 5.78533032131478 94
1777152880213 6.543811755647291 95
1777152880921 6.154008205708127 96
1777152881714 5.978542790285558 97
1777152882560 5.695634761549952 98
1777152883285 6.789053155689635 99
1777152883994 6.260531079946003 100
1777152884699 6.011562174788568 101
1777152885420 5.9152379103867165 102
1777152886128 6.520419097583442 103
1777152886791 5.612395465409366 104
1777152887444 5.626465930995319 105
1777152888131 6.156057540033267 106
1777152888790 6.094842001521623 107
1777152889449 6.288556167987404 108
1777152890098 5.838183989793682 109
1777152890747 6.126985660858607 110
1777152891409 5.5554358936558845 111
1777152892058 5.088289691574142 112
1777152892711 5.008225464750114 113
1777152893359 4.709312735254757 114
1777152894005 5.0302335546702945 115
1777152894645 5.646924625589161 116
1777152895290 4.761572926405275 117
1777152895935 4.98809891369647 118
1777152896570 4.933087788703533 119
1777152897209 5.875116827650665 120
1777152897847 5.480899010496961 121
1777152898506 5.626520279819251 122
1777152899151 6.399209289097998 123
1777152899797 5.584869717278184 124
1777152900432 5.120943120962081 125
1777152901068 4.8252028569977075 126
1777152901710 4.521731369856203 127
1777152902344 4.627967853857431 128
1777152902977 4.8460470675007175 129
1777152903635 4.933984078002613 130
1777152905550 4.768236772101428 131
1777152906265 5.1672806751126705 132
1777152906962 4.646422471915225 133
1777152907633 5.034117910204019 134
1777152908318 4.821849338803164 135
1777152925560 4.493345268260831 136
1777152958885 5.330584425600771 137
1777152960116 4.98069635187483 138
1777153012420 4.776845648734435 139
1777153013106 5.064470604689963 140
1777153013767 4.5407736769769595 141
1777153014435 4.0670164515781115 142
1777153015092 4.652351684598611 143
1777153015763 4.434362404424288 144
1777153016425 4.651930012264308 145
1777153017096 4.5821417845321335 146
1777153017765 4.259130549218605 147
1777153018507 4.484359125142989 148
