1777152611788 -1.9196759314537784 1
1777152612513 -1.8319836313869644 2
1777152613182 -1.7491622249076164 3
1777152613834 -1.6468010829456 4
1777152614504 -1.5161607607401348 5
1777152615156 -1.34981626068476 6
1777152615803 -1.1642205721967718 7
1777152616459 -0.9722885938522179 8
1777152624688 -0.7881325210672027 9
1777152625427 -0.5891078263463996 10
1777152626152 -0.3988777506246365 11
1777152626886 -0.19350879024720524 12
1777152627605 -0.00014759116672252715 13
1777152628289 0.21097693044335974 14
1777152628977 0.40224289644292127 15
1777152629660 0.5534651422284056 16
1777152630334 0.6742946450930716 17
1777152631024 0.759529258164108 18
1777152631685 0.8368035042587281 19
1777152632342 0.8734724113040553 20
1777152632998 0.9016812194476662 21
1777152633656 0.9135939746371504 22
1777152634292 0.9236236821945907 23
1777152634940 0.930097024578638 24
1777152635580 0.9375029233988872 25
1777152636220 0.9477588616637276 26
1777152636865 0.9416003370629373 27
1777152646149 0.9531431340214627 28
1777152646947 0.9496444517105357 29
1777152695202 0.9595774975075925 30
1777152789177 0.9611587861417692 31
1777152789822 0.9592194460277377 32
1777152790462 0.9641909596954019 33
1777152791113 0.9615239737953463 34
1777152791739 0.9584101177212768 35
1777152793740 0.961325044974906 36
1777152794536 0.9656656512518002 37
1777152795201 0.9600444093216287 38
1777152795867 0.9625460767865419 39
1777152796575 0.9693505948466907 40
1777152797254 0.9680856293380715 41
1777152797929 0.9738370443755788 42
1777152798590 0.966824698248369 43
1777152799266 0.9699378607802455 44
1777152799937 0.9715051120865659 45
1777152800615 0.9754473868463234 46
1777152801327 0.9725867866712765 47
1777152802029 0.9724159237657577 48
1777152802747 0.9715951037873949 49
1777152803430 0.9721590715961486 50
1777152804147 0.9727194707615525 51
1777152804828 0.973279230174329 52
1777152805509 0.9777777336353854 53
1777152822857 0.9722185632414178 54
1777152823592 0.9744024931727869 55
1777152824307 0.9735152561231801 56
1777152825006 0.9763847666751295 57
1777152841459 0.9753505158127284 58
1777152842160 0.978181655969647 59
1777152855229 0.9760642363766863 60
1777152856057 0.9763605209397642 61
1777152856807 0.9781506244559659 62
1777152857534 0.9778478935975066 63
1777152858226 0.9800445836166713 64
1777152858893 0.9780750792730131 65
1777152859550 0.9779299230124971 66
1777152860213 0.975939026051587 67
1777152860878 0.9791251035842565 68
1777152861537 0.9795825761603778 69
1777152862184 0.9794509428697897 70
1777152862848 0.9824771800275908 71
1777152863502 0.9803168834823651 72
1777152864149 0.9822897221773166 73
1777152864803 0.9833100932194782 74
1777152865459 0.9822420288523537 75
1777152866125 0.9836489773791419 76
1777152866776 0.9829301711099894 77
1777152867432 0.9833213930795909 78
1777152868096 0.9808873345737784 79
1777152868749 0.9828398834817311 80
1777152869414 0.9813437541174679 81
1777152870076 0.9845406255515592 82
1777152870733 0.9841848173172054 83
1777152871382 0.9861073311657991 84
1777152872039 0.9823866806693474 85
1777152872703 0.9858633616443808 86
1777152873378 0.9840689856734224 87
1777152874031 0.9863646885878004 88
1777152876016 0.9837322400604718 89
1777152876709 0.9853836945627448 90
1777152877402 0.9831538387440174 91
1777152878123 0.9868883336372134 92
1777152878817 0.9836940650703363 93
1777152879519 0.9876524906566057 94
1777152880213 0.984421114524506 95
1777152880921 0.9860307912071575 96
1777152881714 0.9868624522550699 97
1777152882560 0.9877251653027652 98
1777152883285 0.9841847107195403 99
1777152883994 0.9859832878821017 100
1777152884699 0.986641605083564 101
1777152885420 0.9867525740292937 102
1777152886128 0.9852913673191441 103
1777152886791 0.9883650129477615 104
1777152887444 0.9877087735332253 105
1777152888131 0.9861279093648023 106
1777152888790 0.9867756934316005 107
1777152889449 0.9857918994810878 108
1777152890098 0.9873478500611521 109
1777152890747 0.9867757633532961 110
1777152891409 0.9877758201106521 111
1777152892058 0.9893558463932701 112
1777152892711 0.989553236166651 113
1777152893359 0.9903609830262093 114
1777152894005 0.9897434388370678 115
1777152894645 0.987658052695029 116
1777152895290 0.9903237474422706 117
1777152895935 0.989556961154372 118
1777152896570 0.989945048526327 119
1777152897209 0.9872134280186543 120
1777152897847 0.9885565356246783 121
1777152898506 0.987932528943278 122
1777152899151 0.9858213873404711 123
1777152899797 0.9880450902672746 124
1777152900432 0.9894949985368814 125
1777152901068 0.99021824213621 126
1777152901710 0.9908388881674413 127
1777152902344 0.9908774207891495 128
1777152902977 0.9902226204372314 129
1777152903635 0.9901283695971219 130
1777152905550 0.9903253363186579 131
1777152906265 0.9893980635304505 132
1777152906962 0.9907446605300005 133
1777152907633 0.989553664230476 134
1777152908318 0.9900594314578728 135
1777152925560 0.9911745330392987 136
1777152958885 0.988712810623156 137
1777152960116 0.9894327972349147 138
1777153012420 0.9903645851959799 139
1777153013106 0.989113906794391 140
1777153013767 0.9908373034128382 141
1777153014435 0.9920718325034379 142
1777153015092 0.9905849766129946 143
1777153015763 0.9911454723213922 144
1777153016425 0.990668477785644 145
1777153017096 0.9908414646491719 146
1777153017765 0.9917738418649527 147
1777153018507 0.991064873789985 148
