1777434042640 -2.0365881158925236 1
1777434043753 -1.8760379163626966 2
1777434044669 -1.6452836858938555 3
1777434045539 -1.308342365398358 4
1777434046416 -0.9438541826961766 5
1777434047320 -0.5738417496819133 6
1777434048175 -0.2230987258225694 7
1777434049066 0.12154024943417796 8
1777434049941 0.4351043272933234 9
1777434050832 0.6893271092331668 10
1777434051723 0.8232402420632975 11
1777434052592 0.8866722767257336 12
1777434053475 0.9247321440916623 13
1777434054374 0.9312726814974883 14
1777434055348 0.9465279227030459 15
1777434056227 0.949320622602599 16
1777434057120 0.9540744935653008 17
1777434057993 0.9499415408850607 18
1777434058879 0.961390643424091 19
1777434059777 0.958586814076651 20
1777434060654 0.9656579013203227 21
1777434061537 0.9654864801800922 22
1777434062424 0.9658019493144037 23
1777434063330 0.9654839557516394 24
1777434064214 0.9723828226453742 25
1777434065086 0.9727081957924706 26
1777434065967 0.971270855438929 27
1777434066854 0.9638739878343666 28
1777434067772 0.967215910622553 29
1777434069107 0.9727104152630743 30
1777434069979 0.9731610734846947 31
1777434070862 0.9749594850251262 32
1777434071737 0.9747666553052982 33
1777434072614 0.9744584902588005 34
1777434073489 0.976806194117839 35
1777434074386 0.9779768335512933 36
1777434075813 0.9783180637708426 37
1777434076706 0.9795735437064865 38
1777434077590 0.978973499175476 39
1777434078485 0.9813209478335629 40
1777434079357 0.9800362085180323 41
1777434080859 0.9836307825975201 42
1777434081724 0.9840953451496871 43
1777434082599 0.9812688369019105 44
1777434083491 0.9835760822834968 45
1777434084364 0.9838452102436528 46
1777434085260 0.9836191785586358 47
1777434086141 0.9849628473054955 48
1777434087029 0.9821646373079157 49
1777434087942 0.9831274462666842 50
1777434088830 0.9818457378683376 51
1777434089715 0.985399860654562 52
1777434090574 0.9838882396817132 53
1777434091461 0.9857783210445523 54
1777434092340 0.985142490682452 55
1777434093227 0.9855049592174453 56
1777434094152 0.9863686563681915 57
1777434095071 0.983970260573558 58
1777434095938 0.9861402004780231 59
