1777434042640 178.60206604003906 1
1777434043753 171.6444091796875 2
1777434044669 163.1328887939453 3
1777434045539 151.50799560546875 4
1777434046416 135.66293334960938 5
1777434047320 118.18533325195312 6
1777434048175 99.66670989990234 7
1777434049066 81.14970397949219 8
1777434049941 62.87410354614258 9
1777434050832 45.62253189086914 10
1777434051723 34.633338928222656 11
1777434052592 28.2882022857666 12
1777434053475 23.642452239990234 13
1777434054374 22.966588973999023 14
1777434055348 20.254621505737305 15
1777434056227 19.960582733154297 16
1777434057120 19.04319190979004 17
1777434057993 19.89279556274414 18
1777434058879 17.613691329956055 19
1777434059777 18.157470703125 20
1777434060654 16.568586349487305 21
1777434061537 16.59231948852539 22
1777434062424 16.645519256591797 23
1777434063330 16.8800106048584 24
1777434064214 15.063069343566895 25
1777434065086 14.82154369354248 26
1777434065967 15.277767181396484 27
1777434066854 16.62477684020996 28
1777434067772 16.250093460083008 29
1777434069107 15.070595741271973 30
1777434069979 14.588139533996582 31
1777434070862 14.415857315063477 32
1777434071737 14.363627433776855 33
1777434072614 14.57763671875 34
1777434073489 13.555556297302246 35
1777434074386 13.411707878112793 36
1777434075813 13.240825653076172 37
1777434076706 12.858119010925293 38
1777434077590 13.365429878234863 39
1777434078485 12.460192680358887 40
1777434079357 12.660938262939453 41
1777434080859 11.703913688659668 42
1777434081724 11.431649208068848 43
1777434082599 12.332437515258789 44
1777434083491 11.458149909973145 45
1777434084364 11.567581176757812 46
1777434085260 11.652933120727539 47
1777434086141 11.293851852416992 48
1777434087029 12.296405792236328 49
1777434087942 11.73808479309082 50
1777434088830 11.594329833984375 51
1777434089715 10.966336250305176 52
1777434090574 11.416915893554688 53
1777434091461 10.924171447753906 54
1777434092340 11.064844131469727 55
1777434093227 10.87070083618164 56
1777434094152 10.681082725524902 57
1777434095071 10.992669105529785 58
1777434095938 10.567953109741211 59
