1777434462909 224.5139555226292 1
1777434463745 218.44203580779399 2
1777434464570 210.94435103034576 3
1777434465384 199.8741403395128 4
1777434466200 185.86309678660996 5
1777434467020 170.46669096061382 6
1777434467837 153.29621680577267 7
1777434468671 134.2550411543932 8
1777434469485 113.31057720185864 9
1777434470298 91.36166110056371 10
1777434471107 69.56551949733092 11
1777434471919 52.58184714354409 12
1777434472736 41.73238315381886 13
1777434473547 36.03618799387164 14
1777434474362 30.73311904575776 15
1777434475185 29.438846778232918 16
1777434475998 29.526485082968993 17
1777434476822 26.415854743719592 18
1777434477640 26.21537318040305 19
1777434478449 25.27114886986479 20
1777434479255 25.75169209104341 21
1777434480071 23.76382672027084 22
1777434480887 22.01406613003331 23
1777434481694 21.924266195334997 24
1777434482512 21.201473041975678 25
1777434483330 23.221800530766316 26
1777434484139 21.98024434546295 27
1777434484979 21.253004160888683 28
1777434485788 21.4367329152084 29
1777434486614 22.201393041405794 30
1777434487439 21.958790593410498 31
1777434488274 22.947048661093515 32
1777434489111 20.666369109147528 33
1777434489935 24.09631068127739 34
1777434490762 21.177057177273877 35
1777434491580 22.510477724367423 36
1777434492399 21.631184152996425 37
1777434493230 20.801714241689442 38
1777434494049 19.816794763143765 39
1777434494902 19.61036451841536 40
1777434495740 19.14380858336914 41
1777434496581 21.65851610294477 42
1777434497409 19.177081824854895 43
1777434498244 19.463378686278787 44
1777434499068 20.872651863278318 45
1777434499910 18.356511180463254 46
1777434500727 19.3149758414564 47
1777434501560 19.840095453399133 48
1777434502403 18.312012968616656 49
1777434503235 19.14393580037412 50
1777434504073 17.765151063245224 51
1777434504913 19.330737262698605 52
1777434505748 20.297783478659735 53
1777434506586 18.20297451428908 54
1777434507421 18.555741997621524 55
1777434508253 18.14352352348241 56
1777434509096 17.61791249835868 57
