1777434462909 50406.518229166664 1
1777434463745 47716.924479166664 2
1777434464570 44497.5234375 3
1777434465384 39949.67578125 4
1777434466200 34545.104166666664 5
1777434467020 29058.902994791668 6
1777434467837 23499.787109375 7
1777434468671 18024.458984375 8
1777434469485 12839.360026041666 9
1777434470298 8347.066731770834 10
1777434471107 4839.407877604167 11
1777434471919 2765.0511881510415 12
1777434472736 1741.8977864583333 13
1777434473547 1298.6131184895833 14
1777434474362 944.9081013997396 15
1777434475185 866.7406616210938 16
1777434475998 871.8606363932291 17
1777434476822 697.8537394205729 18
1777434477640 687.5680745442709 19
1777434478449 638.6653442382812 20
1777434479255 663.3479817708334 21
1777434480071 565.4984741210938 22
1777434480887 485.2809143066406 23
1777434481694 480.9051106770833 24
1777434482512 449.788818359375 25
1777434483330 539.4741414388021 26
1777434484139 483.15233357747394 27
1777434484979 451.7569885253906 28
1777434485788 459.5436706542969 29
1777434486614 492.98157755533856 30
1777434487439 482.4322204589844 31
1777434488274 526.9251607259115 32
1777434489111 427.24622599283856 33
1777434489935 581.1210327148438 34
1777434490762 449.27846272786456 35
1777434491580 506.966552734375 36
1777434492399 467.93861897786456 37
1777434493230 432.72796630859375 38
1777434494049 392.7196451822917 39
1777434494902 384.7304992675781 40
1777434495740 366.5735575358073 41
1777434496581 469.1783752441406 42
1777434497409 367.87485758463544 43
1777434498244 379.10118611653644 44
1777434499068 435.82733154296875 45
1777434499910 337.31447347005206 46
1777434500727 373.1437174479167 47
1777434501560 393.73487345377606 48
1777434502403 335.5201924641927 49
1777434503235 366.6434834798177 50
1777434504073 315.70953369140625 51
1777434504913 373.83522542317706 52
1777434505748 412.1290690104167 53
1777434506586 331.56531778971356 54
1777434507421 344.64414469401044 55
1777434508253 329.3443094889323 56
1777434509096 310.46734619140625 57
