1777434462909 192.1317596435547 1
1777434463745 185.0182647705078 2
1777434464570 176.40438842773438 3
1777434465384 164.95509338378906 4
1777434466200 150.19345092773438 5
1777434467020 134.2142791748047 6
1777434467837 116.71778869628906 7
1777434468671 97.8612289428711 8
1777434469485 79.01590728759766 9
1777434470298 61.227840423583984 10
1777434471107 45.26731491088867 11
1777434471919 34.90836715698242 12
1777434472736 28.612016677856445 13
1777434473547 25.335607528686523 14
1777434474362 22.25627899169922 15
1777434475185 21.333118438720703 16
1777434475998 21.661457061767578 17
1777434476822 19.27198028564453 18
1777434477640 19.285171508789062 19
1777434478449 18.582717895507812 20
1777434479255 18.878904342651367 21
1777434480071 17.784637451171875 22
1777434480887 16.123783111572266 23
1777434481694 16.354536056518555 24
1777434482512 15.721372604370117 25
1777434483330 17.223892211914062 26
1777434484139 16.38694190979004 27
1777434484979 15.702601432800293 28
1777434485788 15.893139839172363 29
1777434486614 16.460344314575195 30
1777434487439 16.291608810424805 31
1777434488274 16.981687545776367 32
1777434489111 15.46558952331543 33
1777434489935 17.80519676208496 34
1777434490762 16.08613395690918 35
1777434491580 16.61573028564453 36
1777434492399 15.904451370239258 37
1777434493230 15.258532524108887 38
1777434494049 14.814472198486328 39
1777434494902 14.260481834411621 40
1777434495740 14.083878517150879 41
1777434496581 16.139522552490234 42
1777434497409 14.231096267700195 43
1777434498244 14.307637214660645 44
1777434499068 15.691666603088379 45
1777434499910 13.575186729431152 46
1777434500727 14.147601127624512 47
1777434501560 14.908041000366211 48
1777434502403 13.538671493530273 49
1777434503235 14.26098346710205 50
1777434504073 13.131476402282715 51
1777434504913 14.541382789611816 52
1777434505748 14.925708770751953 53
1777434506586 13.472491264343262 54
1777434507421 13.592745780944824 55
1777434508253 13.358607292175293 56
1777434509096 13.10203742980957 57
