1777434462909 -2.737662896843504 1
1777434463745 -2.538228253315268 2
1777434464570 -2.2995083551543147 3
1777434465384 -1.9622839839846868 4
1777434466200 -1.5615328274141729 5
1777434467020 -1.1547288933193864 6
1777434467837 -0.7425182699530353 7
1777434468671 -0.3365206006444501 8
1777434469485 0.04795654992149123 9
1777434470298 0.38106172822172457 10
1777434471107 0.6411560381522017 11
1777434471919 0.794970395421923 12
1777434472736 0.8708376039275426 13
1777434473547 0.9037073437840039 14
1777434474362 0.9299347008595009 15
1777434475185 0.9357308478475035 16
1777434475998 0.9353511964098928 17
1777434476822 0.9482538754179917 18
1777434477640 0.9490165603990725 19
1777434478449 0.9526427153608008 20
1777434479255 0.9508124915173128 21
1777434480071 0.958068066544048 22
1777434480887 0.964016236448176 23
1777434481694 0.964340699230825 24
1777434482512 0.9666479828170009 25
1777434483330 0.9599977864574193 26
1777434484139 0.9641740692737182 27
1777434484979 0.9665020440350914 28
1777434485788 0.9659246582354607 29
1777434486614 0.963445227289214 30
1777434487439 0.9642274626703266 31
1777434488274 0.9609282970157321 32
1777434489111 0.9683195292225647 33
1777434489935 0.9569096532394504 34
1777434490762 0.9666858258393181 35
1777434491580 0.9624082334131291 36
1777434492399 0.9653021679408248 37
1777434493230 0.9679130549432421 38
1777434494049 0.9708796882934237 39
1777434494902 0.9714720833304082 40
1777434495740 0.9728184302026953 41
1777434496581 0.9652102404754049 42
1777434497409 0.9727219378084481 43
1777434498244 0.9718895010073922 44
1777434499068 0.9676832362796923 45
1777434499910 0.9749879999227783 46
1777434500727 0.9723312515649095 47
1777434501560 0.9708044062733274 48
1777434502403 0.9751210483109507 49
1777434503235 0.972813243697656 50
1777434504073 0.976590017544537 51
1777434504913 0.9722799751837525 52
1777434505748 0.9694404687942416 53
1777434506586 0.9754143061395935 54
1777434507421 0.9744445028238573 55
1777434508253 0.9755789927569553 56
1777434509096 0.9769787275413546 57
