1777176287233 168.37728066547513 1
1777176289363 146.25564401114914 2
1777176291443 106.2803598498685 3
1777176293533 55.42197650884899 4
1777176295529 27.35201864259275 5
1777176297689 20.344435372455717 6
1777176299792 17.97724570135566 7
1777176301921 16.78728324627054 8
1777176304078 15.905966306917156 9
1777176306144 14.862467783978639 10
1777176400865 13.954690036740239 11
1777176411513 13.55285646693878 12
1777176424316 13.16368222529257 13
1777176428193 13.104500277289029 14
1777176430535 12.067912867249 15
1777176433147 10.84519026693303 16
1777176435913 11.286256295933772 17
1777176439483 10.480491257494197 18
1777176486717 9.890438565756408 19
1777176488652 10.602235083410017 20
1777176490550 10.659295621411554 21
1777176492440 9.395991029187575 22
1777176494332 9.09192932102152 23
1777176496223 8.747055087933967 24
1777176498132 8.874667340116428 25
1777176500033 8.891502835860662 26
1777176501936 8.71862272745263 27
1777176503839 8.03572818799579 28
1777176505738 8.078641460960473 29
1777176507635 7.888931747739737 30
1777176509557 7.882724459306459 31
1777176511452 8.02257721146807 32
1777176513357 7.622977118210651 33
1777176515246 7.409894890843742 34
1777176517132 7.33810827053478 35
1777176519024 7.282442034928162 36
1777176520937 7.139501724265459 37
1777176522826 7.2627856483660125 38
1777176524729 7.23214063906377 39
1777176526629 6.943117703226559 40
1777176528514 7.712070651475203 41
1777176530406 6.656781404886519 42
1777176532325 6.802112580794887 43
1777176534226 7.686891129280237 44
1777176536113 6.623174028491361 45
1777176538011 6.534421634172432 46
1777176539898 6.574427803659355 47
1777176541806 6.18518420140831 48
1777176543709 6.487906384286931 49
