1777379755577 -1.846406815190222 1
1777379757451 -1.7818617501690102 2
1777379758491 -1.7165227747266871 3
1777379761934 -1.6414211193107304 4
1777379768789 -1.545145632557972 5
1777379770037 -1.4169914738182654 6
1777379770887 -1.2609553422136823 7
1777379772032 -1.0814497953846636 8
1777379773692 -0.881461996336645 9
1777379774836 -0.6914831983682954 10
1777379776244 -0.4965764435682951 11
1777379777406 -0.300173537439657 12
1777379778666 -0.10933423574328005 13
1777379779532 0.08591225520401291 14
1777379780719 0.2721841507331698 15
1777379782052 0.43767001719643606 16
1777379783210 0.5732034098207688 17
1777379784826 0.6876335917914451 18
1777379786564 0.7739392365733895 19
1777379787951 0.827360582062145 20
1777379789250 0.8720259939747248 21
1777379790518 0.8918519054779205 22
1777379791438 0.9122663666370723 23
1777379793117 0.924528743025698 24
1777379793964 0.9245905810856853 25
1777379795537 0.9303201306307585 26
1777379796397 0.9375255745190407 27
1777379797260 0.9407807863494368 28
1777379798408 0.941692518552737 29
1777379799558 0.9485081578519264 30
1777379800411 0.9516801565760061 31
1777379801742 0.94828821459019 32
1777379802617 0.9479155915696793 33
1777379803472 0.9518135025739021 34
1777379804342 0.9511516135183479 35
1777379805203 0.9515467266486057 36
1777379807140 0.9540721474567537 37
1777379808265 0.9510087744939866 38
1777379809519 0.9552559581315508 39
1777379810891 0.9622577290920573 40
1777379811917 0.9585978421628452 41
1777379812784 0.9588114637343967 42
1777379813727 0.9606177945321318 43
1777379815685 0.9664193136273891 44
1777379816711 0.9590927864413277 45
1777379817663 0.9607465483871339 46
1777379818522 0.9591983158034173 47
1777379819680 0.9597194011250966 48
1777379820562 0.9645210920120597 49
1777379821425 0.9597123908808636 50
1777379822777 0.9650097475726628 51
1777379823645 0.963774404182049 52
1777379825113 0.9680228557546289 53
1777379825967 0.9656969473688148 54
1777379827382 0.9653301544513907 55
1777379828531 0.9635895644356062 56
1777379829390 0.966856100754157 57
1777379830257 0.9650755962639764 58
1777379831314 0.9654911911908359 59
1777379832446 0.9633420383416834 60
1777379833287 0.9712050579084806 61
1777379834835 0.9687437292670144 62
1777379836211 0.9670838914245724 63
1777379838354 0.9720761382567372 64
1777379839473 0.9667505114424211 65
1777379840360 0.9662385714392596 66
1777379841788 0.9681790935249011 67
1777379843030 0.9705352554996367 68
1777379844523 0.9714408486010679 69
1777379846057 0.9731865196074669 70
