1777383912388 40897.2109375 1
1777383913038 40315.8671875 2
1777383913645 39717.41796875 3
1777383913997 39207.2109375 4
1777383914342 38675.796875 5
1777383914691 38119.1015625 6
1777383915285 37474.34375 7
1777383915880 36724.19921875 8
1777383916215 35904.75390625 9
1777383916561 34969.6171875 10
1777383916934 33901.10546875 11
1777383917300 32640.271484375 12
1777383917661 31431.322265625 13
1777383918024 30185.388671875 14
1777383918934 28962.78125 15
1777383919311 27637.509765625 16
1777383919662 26503.919921875 17
1777383920018 25077.076171875 18
1777383920367 23665.828125 19
1777383920732 22386.486328125 20
1777383921153 21001.64453125 21
1777383921504 19579.1015625 22
1777383921861 18239.6328125 23
1777383922201 16682.296875 24
1777383922694 15252.072265625 25
1777383923044 13638.400390625 26
1777383923399 12134.8310546875 27
1777383924521 10830.478515625 28
1777383924880 9555.0419921875 29
1777383925408 8448.7392578125 30
1777383925759 7285.15185546875 31
1777383926174 6216.82421875 32
1777383926545 5349.85009765625 33
1777383926905 4584.3603515625 34
1777383927257 3769.287841796875 35
1777383927641 3291.41357421875 36
1777383927997 2754.22607421875 37
1777383928628 2276.837158203125 38
1777383928983 1946.299072265625 39
1777383929341 1711.4176025390625 40
1777383929685 1561.0997314453125 41
1777383930040 1328.81396484375 42
1777383930411 1211.136962890625 43
1777383930768 1192.0611572265625 44
1777383931114 1009.7611694335938 45
1777383931853 910.124267578125 46
1777383932209 1043.65576171875 47
1777383932551 901.077392578125 48
1777383933038 977.2455444335938 49
1777383933379 914.7967529296875 50
1777383933726 702.0322875976562 51
1777383934076 677.9404907226562 52
1777383934431 758.1607055664062 53
1777383934775 623.9810180664062 54
1777383935143 632.7775268554688 55
1777383935492 697.2012939453125 56
1777383935844 656.0112915039062 57
1777383936179 607.8989868164062 58
1777383936538 666.4273681640625 59
1777383936897 634.9776611328125 60
1777383937261 555.6904907226562 61
1777383937619 630.375732421875 62
1777383937994 797.26806640625 63
1777383938341 704.961181640625 64
1777383938710 703.0615844726562 65
1777383939059 498.3565368652344 66
1777383939421 676.0805053710938 67
1777383939772 700.1035766601562 68
1777383940141 490.69256591796875 69
1777383940497 684.2391967773438 70
1777383940861 517.375244140625 71
1777383941210 519.3756103515625 72
1777383941571 517.4971923828125 73
1777383941941 546.2596435546875 74
1777383942313 481.1126403808594 75
1777383942670 687.0354614257812 76
1777383943028 540.5656127929688 77
1777383943388 621.6210327148438 78
1777383943742 620.45263671875 79
1777383944111 457.5481262207031 80
1777383944468 690.9166870117188 81
1777383944830 515.73291015625 82
1777383945213 432.5505676269531 83
1777383946307 493.2335510253906 84
1777383946649 492.94989013671875 85
1777383946995 469.1087341308594 86
1777383947341 468.9560241699219 87
1777383947692 398.7552795410156 88
1777383948044 442.3432922363281 89
1777383948395 400.2356262207031 90
1777383948749 634.390625 91
1777383949105 396.137451171875 92
1777383949447 501.04461669921875 93
1777383949800 498.40008544921875 94
1777383950147 498.3566589355469 95
1777383950497 394.037353515625 96
1777383950835 431.6953430175781 97
1777383951180 418.4958801269531 98
1777383951526 455.1634521484375 99
1777383951868 469.8722229003906 100
1777383952241 362.1686706542969 101
1777383953072 384.1531677246094 102
1777383953412 459.1383056640625 103
1777383953764 462.3092041015625 104
1777383954113 478.5455322265625 105
1777383954465 464.0932922363281 106
1777383954822 499.858154296875 107
1777383955199 342.09173583984375 108
1777383955543 391.78802490234375 109
1777383955895 448.1825866699219 110
1777383956237 441.5458984375 111
1777383956573 506.6995544433594 112
1777383956973 539.3200073242188 113
1777383957723 426.6822814941406 114
1777383958086 310.4838562011719 115
1777383958448 466.47198486328125 116
1777383958801 285.4898681640625 117
1777383959160 358.0960693359375 118
1777383959732 271.8977355957031 119
1777383960080 299.2671813964844 120
1777383960449 344.6630554199219 121
1777383960817 415.76019287109375 122
1777383961406 416.7962646484375 123
1777383961772 397.5432434082031 124
1777383962132 326.25152587890625 125
1777383962507 256.6595458984375 126
1777383962878 358.2940979003906 127
1777383963247 403.06927490234375 128
1777383963626 285.5675964355469 129
1777383963988 363.0697021484375 130
1777383964349 364.2654724121094 131
1777383965095 334.3140563964844 132
1777383965443 301.75274658203125 133
1777383965793 259.44122314453125 134
1777383966212 241.53305053710938 135
1777383966582 393.7833251953125 136
1777383966945 230.721435546875 137
1777383967316 273.9529113769531 138
1777383967678 401.6560974121094 139
1777383968035 304.78271484375 140
1777383968406 259.24981689453125 141
1777383968786 303.2812805175781 142
1777383969142 297.27984619140625 143
1777383969508 302.3180847167969 144
1777383969882 410.3728332519531 145
1777383970231 270.9919128417969 146
1777383970594 300.9630432128906 147
1777383970968 256.50390625 148
1777383971344 341.0226135253906 149
1777383971829 237.98341369628906 150
1777383972191 216.0378875732422 151
1777383972544 347.1935119628906 152
1777383972900 341.32061767578125 153
1777383973263 316.7198791503906 154
1777383973610 291.82928466796875 155
1777383973973 289.8672790527344 156
1777383974348 296.83197021484375 157
1777383974700 312.8383483886719 158
1777383975064 285.7827453613281 159
1777383975452 310.8973693847656 160
1777383975816 282.72998046875 161
1777383976179 317.3732604980469 162
1777383976536 317.21099853515625 163
1777383976907 328.0401916503906 164
1777383977288 268.78985595703125 165
1777383977804 240.30419921875 166
1777383978156 241.77664184570312 167
1777383978507 318.5754089355469 168
1777383978869 283.29248046875 169
1777383979226 278.68218994140625 170
1777383979583 252.43258666992188 171
1777383979946 221.846923828125 172
1777383980296 240.78024291992188 173
1777383980655 270.7071228027344 174
1777383981022 305.8129577636719 175
1777383981377 259.92535400390625 176
1777383981736 258.4530029296875 177
1777383982099 209.9454803466797 178
1777383982460 228.53277587890625 179
1777383982839 241.85821533203125 180
1777383983205 186.27235412597656 181
1777383983580 229.824951171875 182
