1777383912388 -1.7673439829159867 1
1777383913038 -1.7280071506686352 2
1777383913645 -1.6875124708543496 3
1777383913997 -1.6529889292234605 4
1777383914342 -1.617030494095994 5
1777383914691 -1.5793606642078193 6
1777383915285 -1.5357330434227832 7
1777383915880 -1.484973632475414 8
1777383916215 -1.4295255399895472 9
1777383916561 -1.3662487924869002 10
1777383916934 -1.293946686569016 11
1777383917300 -1.2086315195235295 12
1777383917661 -1.1268267259118678 13
1777383918024 -1.0425196019476486 14
1777383918934 -0.9597908642256752 15
1777383919311 -0.8701154121526566 16
1777383919662 -0.7934100556599901 17
1777383920018 -0.6968613925710159 18
1777383920367 -0.6013681388148571 19
1777383920732 -0.5148003314015004 20
1777383921153 -0.4210940535900598 21
1777383921504 -0.3248364097663079 22
1777383921861 -0.23420018649995522 23
1777383922201 -0.12882167021214208 24
1777383922694 -0.032044368816227964 25
1777383923044 0.07714622547465777 26
1777383923399 0.17888641998062826 27
1777383924521 0.2671465249077972 28
1777383924880 0.3534499994522289 29
1777383925408 0.42830897027496095 30
1777383925759 0.5070440546533801 31
1777383926174 0.579333328714871 32
1777383926545 0.6379978836701696 33
1777383926905 0.689795427642059 34
1777383927257 0.7449479798726352 35
1777383927641 0.7772837141846298 36
1777383927997 0.8136329748520716 37
1777383928628 0.8459358887070861 38
1777383928983 0.8683020279453492 39
1777383929341 0.884195486140424 40
1777383929685 0.8943668793441569 41
1777383930040 0.9100846797762259 42
1777383930411 0.9180473989571727 43
1777383930768 0.9193381752809583 44
1777383931114 0.9316736586696379 45
1777383931853 0.938415673938919 46
1777383932209 0.9293801547372733 47
1777383932551 0.9390278383727202 48
1777383933038 0.9338738558833518 49
1777383933379 0.9380995122823567 50
1777383933726 0.9524963923632973 51
1777383934076 0.9541265890899308 52
1777383934431 0.9486984193985071 53
1777383934775 0.9577777996058303 54
1777383935143 0.9571825777381807 55
1777383935492 0.9528232878688675 56
1777383935844 0.9556104409686398 57
1777383936179 0.9588660038260202 58
1777383936538 0.9549056287026911 59
1777383936897 0.9570336993625878 60
1777383937261 0.9623987353536688 61
1777383937619 0.9573450931468678 62
1777383937994 0.9460521823281948 63
1777383938341 0.9522982079667832 64
1777383938710 0.9524267428627035 65
1777383939059 0.9662782835173093 66
1777383939421 0.9542524418508735 67
1777383939772 0.9526269046624583 68
1777383940141 0.9667968737413347 69
1777383940497 0.9537003798953516 70
1777383940861 0.9649913662611979 71
1777383941210 0.9648560119169218 72
1777383941571 0.9649831197898815 73
1777383941941 0.9630368806440563 74
1777383942313 0.967445109109151 75
1777383942670 0.9535111635351343 76
1777383943028 0.9634221706655033 77
1777383943388 0.9579374864668312 78
1777383943742 0.9580165482662077 79
1777383944111 0.9690396213693552 80
1777383944468 0.9532485405121853 81
1777383944830 0.9651024991451146 82
1777383945213 0.9707311013526402 83
1777383946307 0.9666249350327342 84
1777383946649 0.9666441296778848 85
1777383946995 0.9682573609362182 86
1777383947341 0.9682676945779681 87
1777383947692 0.9730178871839602 88
1777383948044 0.9700684693705345 89
1777383948395 0.9729177175682442 90
1777383948749 0.9570734228380602 91
1777383949105 0.9731950263393305 92
1777383949447 0.9660963938011965 93
1777383949800 0.9662753409572864 94
1777383950147 0.9662782759653177 95
1777383950497 0.9733371321525913 96
1777383950835 0.970788972099522 97
1777383951180 0.9716821236466026 98
1777383951526 0.969200979761146 99
1777383951868 0.96820570027946 100
1777383952241 0.9754935508408931 101
1777383953072 0.9740059540903395 102
1777383953412 0.9689320180999689 103
1777383953764 0.968717458468477 104
1777383954113 0.967618814969778 105
1777383954465 0.9685967373788107 106
1777383954822 0.9661766792304944 107
1777383955199 0.9768520735634058 108
1777383955543 0.9734893328421652 109
1777383955895 0.9696733467623182 110
1777383956237 0.9701224258283728 111
1777383956573 0.9657137497387012 112
1777383956973 0.9635064559256913 113
1777383957723 0.9711281825502032 114
1777383958086 0.9789908479126376 115
1777383958448 0.9684357792535555 116
1777383958801 0.9806820862088632 117
1777383959160 0.9757691280466546 118
1777383959732 0.9816018120146336 119
1777383960080 0.979749833131195 120
1777383960449 0.9766780832304383 121
1777383960817 0.9718672355457701 122
1777383961406 0.9717971278910232 123
1777383961772 0.9730999018120269 124
1777383962132 0.9779239151352704 125
1777383962507 0.9826329154034367 126
1777383962878 0.9757557302493285 127
1777383963247 0.9727259775378397 128
1777383963626 0.9806768290619944 129
1777383963988 0.9754325810959031 130
1777383964349 0.9753516690586006 131
1777383965095 0.9773783567494746 132
1777383965443 0.9795816468898485 133
1777383965793 0.9824446908250916 134
1777383966212 0.983656461989437 135
1777383966582 0.9733543204839397 136
1777383966945 0.9843880397720499 137
1777383967316 0.9814627443844599 138
1777383967678 0.9728216008546519 139
1777383968035 0.9793766229228501 140
1777383968406 0.9824576439036906 141
1777383968786 0.9794782156863282 142
1777383969142 0.9798843089271226 143
1777383969508 0.979543391890603 144
1777383969882 0.9722317774486676 145
1777383970231 0.9816631039729916 146
1777383970594 0.9796350835189781 147
1777383970968 0.9826434480537815 148
1777383971344 0.9769244184664907 149
1777383971829 0.9838966518215323 150
1777383972191 0.9853816137623144 151
1777383972544 0.9765068588188525 152
1777383972900 0.9769042527902494 153
1777383973263 0.9785688846293422 154
1777383973610 0.9802531255377018 155
1777383973973 0.9803858857728858 156
1777383974348 0.9799146138104861 157
1777383974700 0.9788315285818915 158
1777383975064 0.9806622697830762 159
1777383975452 0.9789628694786388 160
1777383975816 0.9808688384312965 161
1777383976179 0.9785246710271933 162
1777383976536 0.9785356508346058 163
1777383976907 0.9778028861896843 164
1777383977288 0.9818121097886289 165
1777383977804 0.9837396145020781 166
1777383978156 0.9836399797679126 167
1777383978507 0.9784433260090427 168
1777383978869 0.9808307776556928 169
1777383979226 0.981142736555543 170
1777383979583 0.9829189357548254 171
1777383979946 0.9849885401549258 172
1777383980296 0.983707402743447 173
1777383980655 0.981682373919602 174
1777383981022 0.9793069092359439 175
1777383981377 0.9824119315444794 176
1777383981736 0.9825115599341353 177
1777383982099 0.9857938618762095 178
1777383982460 0.9845361380890604 179
1777383982839 0.9836344605804198 180
1777383983205 0.9873957246266195 181
1777383983580 0.9844487011440523 182
