1777228521455 144.24381488109555 1
1777228523337 113.99107558072144 2
1777228525171 66.80945779115581 3
1777228527027 27.115039136077247 4
1777228528863 18.100033396938787 5
1777228530791 14.928742450295287 6
1777228532695 13.670967915249154 7
1777228534591 12.985859755111377 8
1777228536445 12.064926429091999 9
1777228538396 12.26119382841297 10
1777228540492 11.123416635756676 11
1777228546926 10.708430498275984 12
1777228552329 10.81150887486489 13
1777228554543 10.113077141962702 14
1777228556768 10.224281163088293 15
1777228558651 9.750063522633177 16
1777228560933 9.278830818719609 17
1777228563386 9.210423422850203 18
1777228569086 9.235673325196219 19
1777228572033 8.476281948485784 20
1777228573960 8.258329417288126 21
1777228575799 8.224956920182315 22
1777228577653 7.903255921259125 23
1777228579509 7.807969311790579 24
1777228581357 7.325534979143907 25
1777228583324 7.130848080666199 26
1777228585774 6.791391959204518 27
1777228588058 6.985900864077605 28
1777228590289 6.57642397272127 29
1777228592338 6.271137113373074 30
1777228594211 5.819300974724201 31
1777228601275 6.005381035281218 32
1777228612999 5.872076818935949 33
1777228614813 5.734356898271011 34
1777228616637 5.873682736020414 35
1777228618449 5.294860581700809 36
1777228620272 5.472775716640122 37
1777228622088 5.060919702343134 38
1777228623927 5.371207152969405 39
1777228625750 5.376603176784799 40
1777228627549 4.948460551694875 41
1777228629345 4.964598250063661 42
1777228631156 4.9793409680329725 43
1777228632961 4.814029592123513 44
1777228634766 4.694529185535646 45
1777228636573 4.758279254019084 46
1777228643043 4.647068621751463 47
1777228687236 4.635895910517752 48
1777228689055 4.594123561757255 49
1777228690929 4.424011064580357 50
1777228692765 4.5811174205361205 51
1777228694656 4.7760156060963075 52
1777228696485 4.144247956459883 53
1777228698325 4.403821410283844 54
1777228700155 4.135096011430644 55
1777228701987 4.438734069337477 56
1777228703797 4.245821939066539 57
1777228705697 4.256882755607808 58
1777228707548 3.9958161899102547 59
1777228709604 4.159595126935919 60
1777228712008 3.98042194689063 61
1777228714428 4.030907207341859 62
1777228716339 4.009461652829315 63
1777228718146 3.894463390497496 64
1777228719959 3.795189161442154 65
1777228722005 3.910142236194554 66
1777228723839 3.9025167787251913 67
1777228725850 3.7315863789861208 68
1777228728321 3.801372937476953 69
1777228730785 3.896362368133726 70
1777228733248 3.625051430042844 71
1777228735702 3.869831199334708 72
1777228737769 3.657838209305036 73
1777228739623 3.5510622080568037 74
1777228741477 3.6380437473161282 75
1777228743319 3.5889094536665285 76
1777228745151 3.501147887770429 77
1777228746993 3.5893015892640068 78
1777228749113 3.5542503967624746 79
1777228751222 3.475304085847532 80
1777228753072 3.4560606220143484 81
1777228754921 3.4721380685981726 82
1777228756794 3.3975228637616075 83
1777228758684 3.2956144402501137 84
1777228760595 3.4060683957334796 85
1777228762497 3.3401614610236194 86
1777228764378 3.2914983221897387 87
1777228766331 3.3604770039238634 88
1777228768231 3.2241789988169685 89
1777228771312 3.4211104284903415 90
1777228773191 3.4045452648525067 91
1777228775103 3.3168373851606328 92
1777228777024 3.3383373387843283 93
1777228778947 3.3913535633709735 94
1777228780829 3.2290251843370386 95
1777228796579 3.144742729203991 96
1777228798425 3.208434118135039 97
1777228800285 3.08816350767096 98
1777228802142 3.1322916280763438 99
1777228803995 3.289545850018012 100
1777228805843 3.1290108114180297 101
1777228807978 3.2453024231998433 102
1777228810329 3.0525348815578384 103
1777228812195 3.0661700567930317 104
1777228814074 2.8563002914349473 105
1777228815931 3.0056717729992966 106
1777228817788 3.075604089855794 107
1777228819666 3.069709496823546 108
1777228821548 3.0012715642459313 109
1777228823459 2.849344642084501 110
1777228825352 3.0698048218633724 111
1777228827223 2.8828742701080503 112
1777228829078 2.9851969853636064 113
1777228830943 2.92904775828919 114
1777228832784 2.975370435912814 115
1777228834654 3.140722381693673 116
1777228836501 2.900560332136975 117
1777228838344 2.898709121726741 118
1777228840166 2.788678356872468 119
1777228841994 2.7749429844819473 120
1777228843890 2.884133413241242 121
1777228845755 2.8941132092122155 122
1777228847585 2.8621689487140327 123
1777228849433 2.8261358550323576 124
1777228851260 2.859874128120943 125
1777228853100 2.79006331593771 126
1777228854941 2.8971417910691892 127
1777228856815 2.741022389069509 128
1777228858657 2.6940932309238423 129
1777228860495 2.8769232635045263 130
1777228862330 2.8844346602804936 131
1777228864747 2.760100007156236 132
1777228866957 2.7241451295688526 133
1777228868801 2.7286582443339182 134
1777228870656 2.6675161332263437 135
1777228872503 2.64154770055935 136
1777228874347 2.7051410157744185 137
1777228876204 2.6952537020448406 138
1777228878522 2.5543351612600445 139
1777228880986 2.665475793436656 140
1777228883462 2.581458039156407 141
1777228885950 2.5584143717281895 142
1777228888296 2.691006947412689 143
1777228890162 2.637353383893429 144
1777228891986 2.6113210991086877 145
1777228893822 2.5325970747067594 146
1777228895655 2.6959118538299016 147
1777228897494 2.462623506908247 148
1777228899342 2.5911057741351935 149
1777228901169 2.6234787213413227 150
1777228903001 2.6454664574461804 151
1777228904939 2.559898531090258 152
1777228907386 2.636482890777135 153
1777228909856 2.41750382607344 154
1777228911796 2.4689488392838386 155
1777228913937 2.5322041394378028 156
1777228916142 2.67166385537439 157
1777228918086 2.4961323506329816 158
1777228919936 2.5985212379817795 159
1777228921792 2.5050111389160157 160
1777228923650 2.570433569718539 161
1777228925514 2.5302430923190244 162
1777228927344 2.520810943060176 163
1777228929340 2.577153623309263 164
1777228931831 2.500019659557399 165
1777228933798 2.4454861559429224 166
1777228936232 2.4973110586104124 167
1777228938692 2.9339467850637013 168
1777228941143 2.3912366838342005 169
1777228943167 2.5183985010311227 170
1777228944988 2.4648458176338353 171
1777228946818 2.9180920359218154 172
1777228948659 2.399912896906233 173
1777228950493 2.3645544964481884 174
1777228952323 2.3257682966124764 175
1777228954195 2.3808836674902487 176
