1777398594048 40586.651041666664 1
1777398601119 39020.05859375 2
1777398611542 37238.015625 3
1777398617100 34656.520833333336 4
1777398622187 31088.90625 5
1777398625997 26849.189453125 6
1777398627695 22671.684244791668 7
1777398631611 18586.572265625 8
1777398637057 14640.228841145834 9
1777398640737 10789.287109375 10
1777398644527 7698.166666666667 11
1777398650970 5013.488932291667 12
1777398654625 2985.4781901041665 13
1777398659687 1840.9038899739583 14
1777398665506 1227.0791015625 15
1777398667430 1049.0157674153645 16
1777398672729 947.1077677408854 17
1777398682852 806.2154744466146 18
1777398690811 747.9598795572916 19
1777398692509 784.0050048828125 20
1777398698578 591.2588094075521 21
1777398703736 566.5272420247396 22
1777398711701 599.8046671549479 23
1777398717197 557.259521484375 24
1777398726476 587.8129475911459 25
1777398734171 455.9762268066406 26
1777398740747 561.3193359375 27
1777398749299 480.5365702311198 28
1777398754207 460.63474527994794 29
1777398760823 555.1517333984375 30
1777398772513 453.8297526041667 31
1777398778753 473.9595540364583 32
1777398787562 460.31349690755206 33
1777398794709 412.5271809895833 34
1777398800413 436.58887736002606 35
1777398806084 424.44394938151044 36
1777398815046 396.2080383300781 37
1777398818757 412.6465657552083 38
1777398825778 437.5219014485677 39
1777398832700 437.1952616373698 40
1777398836013 384.6356506347656 41
1777398851153 453.90867106119794 42
1777398854002 425.0442810058594 43
1777398856467 330.49029541015625 44
1777398871021 372.8791910807292 45
1777398995407 387.5476989746094 46
1777399139820 393.24102783203125 47
1777399147086 383.4520975748698 48
1777399148913 352.5688883463542 49
1777399150927 337.1661885579427 50
1777399152706 303.71129353841144 51
1777399156434 318.44927978515625 52
1777399160238 314.526123046875 53
1777399162069 262.8645273844401 54
1777399166622 293.208740234375 55
1777399174261 306.34450276692706 56
1777399180214 265.21087646484375 57
1777399181913 259.4479166666667 58
1777399184968 261.3074137369792 59
1777399190410 274.50831095377606 60
1777399197689 238.54979451497397 61
1777399201994 232.70574442545572 62
1777399206812 220.8632609049479 63
1777399213364 246.8108673095703 64
1777399215193 239.1526896158854 65
1777399221114 221.9340362548828 66
1777399228200 221.38902282714844 67
1777399233822 229.16290791829428 68
1777399235762 203.6708221435547 69
1777399237625 226.9111531575521 70
1777399239390 209.1138916015625 71
1777399242464 258.7027842203776 72
1777399244612 211.62420145670572 73
1777399249929 247.04622904459634 74
1777399250829 217.67960103352866 75
1777399252662 225.59395853678384 76
1777399256248 239.07113138834634 77
1777399262835 234.80175272623697 78
1777399265034 200.63558451334634 79
1777399272989 226.28763834635416 80
1777399274524 186.01406860351562 81
1777399281978 193.53111267089844 82
1777399283553 203.29631551106772 83
1777399293159 200.16339111328125 84
1777399294744 212.42929077148438 85
1777399296683 180.07069396972656 86
1777399299715 210.88937377929688 87
1777399303015 182.08537801106772 88
1777399303941 182.4911142985026 89
1777399311370 176.0090077718099 90
1777399316323 173.8134969075521 91
1777399322952 169.0283457438151 92
1777399326029 199.22756958007812 93
1777399331004 158.70997111002603 94
1777399332768 178.5232137044271 95
1777399334836 194.03345235188803 96
1777399336657 162.23393758138022 97
1777399340172 174.57537333170572 98
1777399346954 170.14896647135416 99
1777399352086 176.94195556640625 100
1777399357351 192.69470723470053 101
1777399364778 160.96615091959634 102
1777399366906 172.00875854492188 103
1777399372776 173.7931111653646 104
1777399374654 191.35796101888022 105
1777399443370 171.14864603678384 106
1777399490398 146.9643096923828 107
1777399498356 156.3331553141276 108
1777399502350 150.5840047200521 109
1777399509954 148.74452209472656 110
1777399513778 169.72956339518228 111
