1777398594048 160.98486328125 1
1777398601119 156.08110555013022 2
1777398611542 150.62850952148438 3
1777398617100 143.87256876627603 4
1777398622187 135.2015635172526 5
1777398625997 123.56121571858723 6
1777398627695 110.84162902832031 7
1777398631611 97.64755757649739 8
1777398637057 83.88443247477214 9
1777398640737 70.06926981608073 10
1777398644527 57.25081125895182 11
1777398650970 45.115132649739586 12
1777398654625 35.28807830810547 13
1777398659687 28.697420756022137 14
1777398665506 24.06363360087077 15
1777398667430 22.752960205078125 16
1777398672729 21.900368372599285 17
1777398682852 20.271003087361652 18
1777398690811 19.88726870218913 19
1777398692509 19.97932243347168 20
1777398698578 17.63623046875 21
1777398703736 17.279595057169598 22
1777398711701 17.570449829101562 23
1777398717197 17.00506019592285 24
1777398726476 17.468477249145508 25
1777398734171 15.544554074605307 26
1777398740747 17.316132227579754 27
1777398749299 16.05813185373942 28
1777398754207 15.412491798400879 29
1777398760823 16.753103256225586 30
1777398772513 15.421760559082031 31
1777398778753 15.737072626749674 32
1777398787562 15.480694770812988 33
1777398794709 14.945510546366373 34
1777398800413 15.089505195617676 35
1777398806084 14.88333797454834 36
1777398815046 14.25670337677002 37
1777398818757 14.682040850321451 38
1777398825778 15.032979011535645 39
1777398832700 15.237911542256674 40
1777398836013 14.124132792154947 41
1777398851153 15.279607772827148 42
1777398854002 14.93025811513265 43
1777398856467 13.15475050608317 44
1777398871021 14.181582768758139 45
1777398995407 14.51316769917806 46
1777399139820 14.447137514750162 47
1777399147086 14.121164639790853 48
1777399148913 13.684269905090332 49
1777399150927 13.47779623667399 50
1777399152706 12.724163055419922 51
1777399156434 13.094527244567871 52
1777399160238 13.005116780598959 53
1777399162069 12.106465339660645 54
1777399166622 12.595953623453775 55
1777399174261 12.92009449005127 56
1777399180214 12.001416206359863 57
1777399181913 11.809622128804525 58
1777399184968 11.903005917867025 59
1777399190410 12.249589920043945 60
1777399197689 11.285615603129068 61
1777399201994 11.136648178100586 62
1777399206812 10.896856625874838 63
1777399213364 11.689826647440592 64
1777399215193 11.24026616414388 65
1777399221114 10.919934590657553 66
1777399228200 10.944035847981771 67
1777399233822 11.01921272277832 68
1777399235762 10.481527328491211 69
1777399237625 11.050649007161459 70
1777399239390 10.688538233439127 71
1777399242464 11.633104960123697 72
1777399244612 10.720059076944986 73
1777399249929 11.554964701334635 74
1777399250829 10.68426259358724 75
1777399252662 11.053241411844889 76
1777399256248 11.454553286234537 77
1777399262835 11.165990829467773 78
1777399265034 10.361894607543945 79
1777399272989 11.018824259440104 80
1777399274524 10.022775332132975 81
1777399281978 10.347915013631185 82
1777399283553 10.502926190694174 83
1777399293159 10.425785064697266 84
1777399294744 10.45138931274414 85
1777399296683 9.80382251739502 86
1777399299715 10.572448094685873 87
1777399303015 9.893551190694174 88
1777399303941 9.909181276957193 89
1777399311370 9.706615130106607 90
1777399316323 9.7297576268514 91
1777399322952 9.638001759847006 92
1777399326029 10.209548632303873 93
1777399331004 9.270279884338379 94
1777399332768 9.956610043843588 95
1777399334836 10.017233848571777 96
1777399336657 9.422231038411459 97
1777399340172 9.760214487711588 98
1777399346954 9.599541346232096 99
1777399352086 9.762803713480631 100
1777399357351 9.969942728678385 101
1777399364778 9.341291109720865 102
1777399366906 9.435753186543783 103
1777399372776 9.797090212504068 104
1777399374654 10.033125241597494 105
1777399443370 9.532400131225586 106
1777399490398 8.974500974019369 107
1777399498356 9.315395991007486 108
1777399502350 9.04013697306315 109
1777399509954 8.972955703735352 110
1777399513778 9.544395128885904 111
