1777209721778 201.29603187240747 1
1777209722880 190.55788083551207 2
1777209724007 170.47219976091088 3
1777209725106 142.2712481084824 4
1777209726200 108.67175654003151 5
1777209727312 75.10413539266115 6
1777209728417 48.65237184483384 7
1777209729517 37.45658627223507 8
1777209730624 30.81850625966041 9
1777209731727 29.403033769906166 10
1777209732834 28.95694890325161 11
1777209733947 26.592346568299867 12
1777209735048 26.41818665439599 13
1777209736152 24.43819576902046 14
1777209737252 25.12129898816343 15
1777209738368 24.73198704279316 16
1777209739467 24.05923932088404 17
1777209740559 22.607390585452567 18
1777209741654 22.079722393467954 19
1777209742750 23.00236898117908 20
1777209743841 22.020318128305735 21
1777209744939 22.237053571104315 22
1777209746038 21.54369612291971 23
1777209747141 24.617820965241243 24
1777209748244 20.520578370592283 25
1777209749380 21.45508296210337 26
1777209750477 20.105747104376537 27
1777209751571 22.24907383267249 28
1777209752675 20.363203161571743 29
1777209753878 20.115635655932234 30
1777209754991 18.117046091598112 31
1777209756106 24.404595357295584 32
1777209757231 18.856647537336613 33
1777209758359 17.817182245854426 34
1777209759486 17.334405195094238 35
1777209760628 18.039493576739627 36
1777209761786 17.36108747098921 37
1777209762924 18.563119054276523 38
1777209764062 16.885941733499244 39
1777209765186 16.28649181265581 40
1777209766306 16.61320897747003 41
1777209767449 16.147833188073754 42
1777209768570 16.12085496985164 43
1777209769698 15.135705459108408 44
1777209773318 20.956332425287314 45
1777209774666 15.922422256375759 46
1777209775945 15.497433996697538 47
1777209777258 14.796617200739698 48
1777209778620 14.98295752208027 49
1777209779784 15.749124127844516 50
1777209784727 14.845878978145993 51
1777209786008 14.0884850662158 52
1777209787212 14.84281376755562 53
1777209788391 16.94895457356703 54
1777209804804 13.768438078963692 55
1777209805940 14.479571374432021 56
1777209807064 14.321041752729442 57
1777209808205 13.936326514001257 58
1777209809325 14.065198335069653 59
1777209810509 20.23585210550235 60
1777209811715 14.338451020708025 61
1777209812881 13.605105629921203 62
1777209816067 20.50409096069273 63
1777209823596 13.718267315588992 64
1777209826916 13.442793798090662 65
1777209851863 13.486175064122083 66
1777209873830 12.955017547814787 67
1777209875249 14.072953636266437 68
1777209876580 13.021747425522653 69
1777209877875 12.723552929484208 70
1777209879057 13.9729021164374 71
1777209880254 19.59788117785386 72
1777209881470 14.859349251356566 73
1777209882628 15.09220716874556 74
1777209883784 13.735138182197442 75
1777209884948 12.770537212797853 76
1777209886111 13.181295121390303 77
1777209887313 12.709396036184822 78
1777209890428 12.512047621623209 79
1777209891836 12.24363588114014 80
1777209893080 12.152823923194529 81
1777209894242 12.113759818768276 82
1777209895459 12.888801045453864 83
1777209896615 21.4601353931292 84
1777209897748 13.659940329341946 85
1777209898892 12.251868120820925 86
1777209900018 12.724203608372997 87
1777209901144 12.731791258159683 88
1777209902262 11.74662846963086 89
1777209903384 11.527578592690846 90
1777209904497 14.876552790492317 91
1777209905617 11.6834021179574 92
1777209906742 12.8976292766834 93
1777209907870 11.312662466789224 94
1777209909021 11.994978946160519 95
1777209910149 11.626399988424488 96
1777209911278 12.365035110531233 97
1777209912414 11.381351016168235 98
1777209913555 11.467766063863973 99
1777209914737 11.531061647378158 100
1777209915872 11.377591787629207 101
1777209917053 12.073266995294455 102
1777209918183 12.226256063658834 103
1777209919314 11.200805201495847 104
1777209920510 11.643980664251984 105
1777209921611 11.205649181314671 106
1777209922716 11.98314098000325 107
1777209923815 11.580654223756676 108
1777209924918 11.490199434185312 109
1777209926088 11.665588038706712 110
1777209927208 11.716349535692139 111
1777209928311 11.452249469811207 112
1777209929412 10.797073633794307 113
1777209930530 10.436415038839195 114
1777209931644 10.899027622269882 115
1777209932765 10.389026848396046 116
1777209933871 10.615385513960382 117
1777209934980 10.804849467689314 118
1777209936087 10.36488927698351 119
1777209937200 11.41569676028453 120
1777209938315 10.750027178639098 121
1777209939423 10.334336016559039 122
1777209940659 10.785167965352963 123
1777209941806 10.424056143016717 124
1777209942935 10.257315243233089 125
1777209944053 11.274098414648442 126
1777209945180 10.281526208953434 127
1777209946290 10.124940022051636 128
1777209947400 10.542902261855094 129
1777209948505 12.454725294488764 130
1777209949611 10.463686926842666 131
1777209950715 10.96889408559918 132
1777209951822 10.668147072625533 133
1777209952939 9.97894487212856 134
1777209954041 11.151132362966706 135
1777209955142 10.432778197022987 136
1777209956573 10.191221357958135 137
1777209957782 10.143152136808842 138
1777209959065 10.54382655625401 139
1777210084220 9.896233251936078 140
1777210107357 10.7922702441341 141
1777210112282 17.76772872029239 142
1777210126516 11.485188298288653 143
1777210127661 10.804396892976815 144
1777210192036 10.527167067003278 145
1777210193144 10.009182295542466 146
1777210194525 12.531225639029955 147
1777210263572 14.728828817376108 148
1777210297993 10.095101014234226 149
1777210299249 9.953170854491933 150
1777210300541 9.723876251546809 151
1777210301744 10.233567846355069 152
1777210302933 9.409074730575169 153
1777210304213 10.46799457123996 154
1777210305424 10.345815499540077 155
1777210315593 10.380954328606869 156
1777210383356 9.658525919249694 157
1777210386122 9.445050581464084 158
1777210388370 9.140073164642672 159
1777210390300 10.1116497178531 160
1777210391891 9.863830596319929 161
1777210393685 9.793666941315642 162
1777210395089 9.124179548608627 163
1777210396442 9.179990831016038 164
1777210397733 9.346128868327389 165
1777210398978 9.168450434051575 166
1777210400295 9.538293429331162 167
1777210401615 9.50289068161614 168
1777210402802 9.844368732540879 169
1777210404371 10.102511759934101 170
1777210405509 12.381390391198568 171
1777210406756 10.240288698652865 172
1777210408003 9.415756137866275 173
1777210409223 14.79637215706379 174
1777210410440 10.130471912308298 175
1777210411580 9.551351867551396 176
1777210412723 9.512058643092221 177
1777210413884 9.366755218102009 178
1777210415038 8.772106813016302 179
1777210416216 9.313890038713572 180
1777210417385 15.035210727245197 181
1777210418592 10.307438778820142 182
1777210419789 10.34893257692176 183
1777210421055 9.973296840778735 184
1777210422390 9.460774073017284 185
1777210423600 9.528477549993742 186
1777210425534 9.296088699204859 187
1777210428143 9.889462428370004 188
1777210429817 9.154241405308166 189
1777210431892 9.100872248096488 190
1777210433828 8.990706574200104 191
1777210435793 10.466145143068625 192
1777210438178 9.83379854144245 193
1777210440748 9.672385896816092 194
1777210444919 8.796718909980772 195
1777210449204 9.052618460894315 196
1777210459729 9.17254130396392 197
1777210460962 13.502339602816713 198
1777210464835 10.284105650829744 199
1777210466393 9.141695483341563 200
1777210467930 9.77656648744003 201
1777210469264 9.197597619724164 202
1777210470624 8.95003077730523 203
1777210471996 9.448729549283033 204
1777210473351 9.002691893875223 205
1777210474776 8.896778155961247 206
1777210476105 8.802693918240347 207
