1777180944268 -1.6709617090358186 1
1777180946124 -1.1335674995197316 2
1777180948008 -0.27215776244678347 3
1777180949868 0.5501256813109163 4
1777180951724 0.870415722675595 5
1777180953576 0.9226945985581928 6
1777180955431 0.9396507198503841 7
1777180957285 0.9449895066061822 8
1777180959167 0.9530805791124084 9
1777180961015 0.9556014712275666 10
1777180962868 0.9554212554042446 11
1777180964720 0.9575899097900781 12
1777180966580 0.9611514285301558 13
1777180968439 0.963754861388558 14
1777180970326 0.9639115062109174 15
1777180972191 0.9651343814105361 16
1777180974062 0.9625415465419683 17
1777180976057 0.9650976710628076 18
1777180977960 0.9657848198753961 19
1777180979869 0.9680723076442299 20
1777180981775 0.9692874353680492 21
1777180983663 0.9715440973516335 22
1777180985550 0.9713169981872378 23
1777180987442 0.9702794099585996 24
1777180989358 0.9711928091842328 25
1777180991335 0.9719961563117997 26
1777180993401 0.9737345185320367 27
1777180995487 0.9763331521463258 28
1777180997642 0.9769138088095934 29
1777181000087 0.9768763741898739 30
1777181002379 0.9769748801112634 31
1777181004274 0.9776873526821263 32
1777181006153 0.9799356598434963 33
1777181008028 0.9798694821196782 34
1777181009897 0.9811379260592411 35
1777181011764 0.9817518152080716 36
1777181013655 0.9815523285717394 37
1777181015516 0.9823646272932031 38
1777181017384 0.9834053714631484 39
1777181019242 0.9839088387098482 40
1777181021097 0.9838841886689533 41
1777181022959 0.9838781510831338 42
1777181024844 0.9844370460828787 43
1777181026699 0.9854540054630336 44
1777181028549 0.9860167051097355 45
1777181030401 0.9854134639168944 46
1777181032255 0.9854575430915162 47
1777181034143 0.9868667191067844 48
1777181036010 0.9866058589925512 49
1777181037869 0.987066461741039 50
1777181039738 0.9867466831468718 51
1777181041597 0.9864570463343795 52
1777181043472 0.9867371145563584 53
