1777180944268 159.05569884688765 1
1777180946124 135.46733613190827 2
1777180948008 95.69425238150137 3
1777180949868 50.23534364347105 4
1777180951724 26.241771835751003 5
1777180953576 20.541761076891863 6
1777180955431 18.057048924763997 7
1777180957285 17.06371550383391 8
1777180959167 15.504667554078278 9
1777180961015 14.956767325931125 10
1777180962868 14.986400810877482 11
1777180964720 14.396413121400055 12
1777180966580 13.744906713344433 13
1777180968439 13.172438600328233 14
1777180970326 13.054418528521502 15
1777180972191 12.804258576145878 16
1777180974062 13.278083531061808 17
1777180976057 12.678693909115262 18
1777180977960 12.522320424185859 19
1777180979869 11.954313315285576 20
1777180981775 11.645466958151923 21
1777180983663 11.189129191857797 22
1777180985550 11.187575709378278 23
1777180987442 11.284623188442653 24
1777180989358 11.108053975635105 25
1777180991335 10.947522258758545 26
1777180993401 10.534747863698888 27
1777180995487 9.90284859692609 28
1777180997642 9.738258195806432 29
1777181000087 9.758873248983312 30
1777181002379 9.636385703969884 31
1777181004274 9.553096584037498 32
1777181006153 8.933524795814797 33
1777181008028 8.93402025964525 34
1777181009897 8.63649699246442 35
1777181011764 8.41857568246347 36
1777181013655 8.42185930499324 37
1777181015516 8.238339597207528 38
1777181017384 7.902551922974763 39
1777181019242 7.728250839092113 40
1777181021097 7.753635060345685 41
1777181022959 7.83604788073787 42
1777181024844 7.556065721865053 43
1777181026699 7.253979813611066 44
1777181028549 7.10255616152728 45
1777181030401 7.242596875296699 46
1777181032255 7.209109776108353 47
1777181034143 6.809028944262752 48
1777181036010 6.906969202006304 49
1777181037869 6.720479113967331 50
1777181039738 6.809281395099781 51
1777181041597 6.917001307452167 52
1777181043472 6.82063375932199 53
