1777180944268 163.9434829711914 1
1777180946124 140.07727813720703 2
1777180948008 100.3702392578125 3
1777180949868 54.74914970397949 4
1777180951724 30.657371711730956 5
1777180953576 24.931296730041502 6
1777180955431 22.408078956604005 7
1777180957285 21.382289505004884 8
1777180959167 19.775732040405273 9
1777180961015 19.181078720092774 10
1777180962868 19.21234264373779 11
1777180964720 18.59624080657959 12
1777180966580 17.92280731201172 13
1777180968439 17.33022289276123 14
1777180970326 17.21473789215088 15
1777180972191 16.962269401550294 16
1777180974062 17.42540454864502 17
1777180976057 16.79630641937256 18
1777180977960 16.665033054351806 19
1777180979869 16.073253631591797 20
1777180981775 15.731733512878417 21
1777180983663 15.251500797271728 22
1777180985550 15.26582202911377 23
1777180987442 15.345675277709962 24
1777180989358 15.177015495300292 25
1777180991335 15.00501070022583 26
1777180993401 14.58298864364624 27
1777180995487 13.941839504241944 28
1777180997642 13.752486228942871 29
1777181000087 13.779132652282716 30
1777181002379 13.633974266052245 31
1777181004274 13.56911506652832 32
1777181006153 12.915860557556153 33
1777181008028 12.905813884735107 34
1777181009897 12.605797672271729 35
1777181011764 12.370039558410644 36
1777181013655 12.374585247039795 37
1777181015516 12.181113338470459 38
1777181017384 11.837080669403075 39
1777181019242 11.63997859954834 40
1777181021097 11.661978626251221 41
1777181022959 11.773206329345703 42
1777181024844 11.44379301071167 43
1777181026699 11.138644790649414 44
1777181028549 10.96265001296997 45
1777181030401 11.109659767150879 46
1777181032255 11.07391414642334 47
1777181034143 10.642042922973634 48
1777181036010 10.756313705444336 49
1777181037869 10.545291900634766 50
1777181039738 10.638826942443847 51
1777181041597 10.754720973968507 52
1777181043472 10.643409633636475 53
