1777431158198 214.46456765920564 1
1777431159422 212.94876327710853 2
1777431159808 211.57290410163586 3
1777431160546 210.3562825898005 4
1777431162097 209.0662649137828 5
1777431162854 207.67338388681395 6
1777431165194 206.2091531522061 7
1777431165966 204.59122735958158 8
1777431166739 202.87773411589552 9
1777431167092 200.86606428476165 10
1777431168625 198.59049220380618 11
1777431168946 195.7587302491258 12
1777431169774 192.64921165164418 13
1777431170972 189.34745055386935 14
1777431171634 185.6599819730951 15
1777431172070 181.93815484251783 16
1777431172420 177.50547966893868 17
1777431173373 173.08812220044157 18
1777431174427 168.30027457456805 19
1777431175114 163.42504732674854 20
1777431175510 157.9790025110141 21
1777431176555 152.92992676386137 22
1777431177311 146.62454710074982 23
1777431178315 141.65199295941798 24
1777431178630 135.19338001544307 25
1777431179371 129.25286354419774 26
1777431179872 123.4082639427968 27
1777431180849 117.63136772083797 28
1777431181141 111.4322418838013 29
1777431182841 105.78170236240057 30
1777431183584 100.24155883258949 31
1777431183881 93.20824718741362 32
1777431184420 87.37665972136094 33
1777431185488 81.13829159700893 34
1777431186905 75.59885265953115 35
1777431187421 69.66704085886848 36
1777431187724 64.2954188018575 37
1777431188982 59.9585305909426 38
1777431189266 54.527784632011226 39
1777431191056 49.63728791505938 40
1777431191649 48.0430765774971 41
1777431192814 42.93480335191006 42
1777431193459 42.17701692670948 43
1777431194283 39.736800395402526 44
1777431195095 37.041806907660096 45
1777431196473 35.54607313656021 46
1777431197319 35.28456790754104 47
1777431197625 33.2182465566272 48
1777431198088 32.59015253097456 49
1777431199465 30.467753389149507 50
1777431199874 28.605123890536966 51
1777431200520 33.3836562685901 52
1777431201175 30.015456223497377 53
1777431202615 29.482984905293787 54
1777431203307 31.210382113331395 55
1777431203878 32.05976817370273 56
1777431204817 30.294739481209852 57
1777431205255 29.06098366339954 58
1777431205722 27.2193218044129 59
1777431206666 27.965716490519693 60
1777431207298 28.29208938515047 61
1777431207580 27.050114217859022 62
1777431208732 28.654390530592124 63
1777431209511 28.417450865126433 64
1777431209795 27.595473031566925 65
1777431210549 24.822496067784083 66
1777431210987 27.269812984237948 67
1777431211628 24.888498908726646 68
1777431212564 27.49843523602184 69
1777431213499 26.95356430801407 70
1777431214885 25.669191839011386 71
1777431215177 28.193618550181263 72
1777431215852 26.106118419736635 73
1777431216130 24.685910253402902 74
1777431217288 25.156457442855874 75
1777431217865 24.504513694547175 76
1777431218167 25.56142074433168 77
1777431218451 26.580920772634904 78
1777431219800 23.967588791949847 79
1777431220653 22.90251664238425 80
1777431221280 24.968243991274445 81
1777431221921 21.438492198704328 82
1777431222210 27.665762400116275 83
1777431222839 24.623839994886055 84
1777431223160 23.08335566146634 85
1777431223456 25.55570494382382 86
1777431224164 24.941949203663395 87
1777431224473 23.760333894894554 88
1777431225875 24.573453445899958 89
1777431226166 23.055119023409826 90
1777431227538 26.16562075458284 91
1777431227813 27.892575868395856 92
1777431228888 23.966982700490796 93
1777431230360 25.438802849774348 94
1777431231008 24.365733414854354 95
1777431232050 23.013632010197373 96
1777431232345 27.0942174393789 97
1777431232879 23.439451741651695 98
1777431233434 25.24732881523682 99
1777431234616 25.800252230098813 100
1777431234931 25.43147075160703 101
1777431235236 26.063946068620705 102
1777431235527 22.38003773158543 103
1777431236066 23.62908028380694 104
1777431236616 22.302836914254385 105
1777431237383 23.622909857110905 106
1777431238335 24.756157003265116 107
1777431239352 23.30874137134835 108
1777431240123 21.805825335324677 109
1777431241126 23.94905914815927 110
1777431241855 21.86421050877152 111
1777431242998 24.26742336784156 112
1777431243672 23.114280401866154 113
1777431245053 22.173584434630488 114
1777431245888 21.110944959198594 115
1777431247000 26.644622592296884 116
1777431247934 22.98297417765554 117
1777431248273 23.54660283104152 118
1777431248729 22.811283946612228 119
1777431249554 22.101849702092952 120
1777431249908 22.852507993260417 121
1777431250245 20.813224344564862 122
1777431250813 22.695475203805767 123
1777431252101 25.435591192586937 124
1777431252773 24.700430504139877 125
