1777431464876 162.92135620117188 1
1777431465467 161.20632934570312 2
1777431467072 159.47181701660156 3
1777431468194 157.9139862060547 4
1777431469366 156.27191162109375 5
1777431471319 154.4934844970703 6
1777431471605 152.57644653320312 7
1777431472491 150.52163696289062 8
1777431473542 148.34115600585938 9
1777431474718 146.08932495117188 10
1777431475067 143.68858337402344 11
1777431475414 141.14883422851562 12
1777431476324 138.28558349609375 13
1777431477239 135.24322509765625 14
1777431477757 131.9168243408203 15
1777431478685 128.3764190673828 16
1777431478977 124.3431167602539 17
1777431480798 120.09735107421875 18
1777431481355 115.81592559814453 19
1777431482175 111.19717407226562 20
1777431483098 106.37644958496094 21
1777431483677 101.2809066772461 22
1777431484062 96.079833984375 23
1777431484821 90.84720611572266 24
1777431485131 86.08145141601562 25
1777431485420 80.53472900390625 26
1777431486471 75.5698471069336 27
1777431487029 70.97283935546875 28
1777431487311 66.0812759399414 29
1777431487604 61.441200256347656 30
1777431488212 57.5466423034668 31
1777431488811 54.13153839111328 32
1777431489395 49.52556610107422 33
1777431490107 46.3386344909668 34
1777431490464 43.77581787109375 35
1777431490788 38.85634994506836 36
1777431491293 36.49932098388672 37
1777431492757 33.51708221435547 38
1777431493783 32.06969451904297 39
1777431494279 28.503055572509766 40
1777431494693 28.940731048583984 41
1777431496134 27.742082595825195 42
1777431496485 25.04361915588379 43
1777431497194 24.733938217163086 44
1777431498142 24.135244369506836 45
1777431498689 24.907690048217773 46
1777431499711 22.390043258666992 47
1777431500385 22.885913848876953 48
1777431500942 20.693450927734375 49
1777431501512 20.396608352661133 50
1777431502187 22.438175201416016 51
1777431502753 20.73453140258789 52
1777431503360 20.24539566040039 53
1777431503814 19.407825469970703 54
1777431504234 19.653738021850586 55
1777431504543 18.697261810302734 56
1777431506214 18.912456512451172 57
1777431506910 20.694059371948242 58
1777431507791 22.097707748413086 59
1777431508088 18.635190963745117 60
1777431508974 18.827909469604492 61
1777431509530 22.194005966186523 62
1777431510886 19.135108947753906 63
1777431511680 18.791107177734375 64
1777431512041 18.484323501586914 65
1777431512339 18.965429306030273 66
1777431512975 17.928184509277344 67
1777431513285 17.557260513305664 68
1777431513588 17.004323959350586 69
1777431513892 15.866720199584961 70
1777431514907 16.68324851989746 71
1777431515712 18.579195022583008 72
1777431516002 15.846102714538574 73
1777431516290 15.973882675170898 74
1777431516587 15.970722198486328 75
1777431518687 17.552034378051758 76
1777431518979 16.364946365356445 77
1777431520800 19.02587890625 78
1777431521359 17.04793357849121 79
1777431521760 15.287939071655273 80
1777431522318 20.681230545043945 81
1777431524355 17.434545516967773 82
1777431524640 19.026906967163086 83
1777431524927 18.848102569580078 84
1777431525498 15.36170482635498 85
1777431526225 17.679046630859375 86
1777431527702 16.97699546813965 87
1777431528461 13.613688468933105 88
1777431530199 16.201292037963867 89
1777431531063 16.899736404418945 90
1777431531502 16.0477294921875 91
1777431532614 16.72161293029785 92
1777431533457 15.289562225341797 93
1777431534681 14.37917709350586 94
1777431534971 14.984939575195312 95
1777431535262 17.417274475097656 96
1777431535873 14.68405532836914 97
1777431536901 16.409587860107422 98
1777431537892 15.891676902770996 99
1777431538372 15.7415132522583 100
1777431539035 15.58182430267334 101
1777431539336 15.6250638961792 102
1777431540049 14.62813663482666 103
1777431541296 16.755647659301758 104
1777431542090 16.538427352905273 105
1777431542877 17.45916175842285 106
1777431543279 15.96889877319336 107
1777431543963 13.541423797607422 108
1777431544295 15.294713020324707 109
1777431545094 14.073902130126953 110
1777431546824 16.29319953918457 111
1777431547712 17.025423049926758 112
1777431549281 17.05731201171875 113
1777431549638 16.27432632446289 114
1777431551514 16.090944290161133 115
1777431552267 13.622294425964355 116
1777431552571 13.958786964416504 117
1777431553753 13.499724388122559 118
1777431554049 15.171500205993652 119
1777431555386 15.0748872756958 120
1777431556114 13.407526969909668 121
1777431556670 14.143945693969727 122
1777431557218 15.648383140563965 123
1777431558444 14.605243682861328 124
1777431559287 13.964381217956543 125
1777431560066 19.075035095214844 126
1777431560772 15.788641929626465 127
1777431561637 14.183263778686523 128
1777431561937 15.587695121765137 129
1777431563506 14.432382583618164 130
1777431564937 15.650293350219727 131
1777431565945 14.572697639465332 132
1777431567094 14.210497856140137 133
1777431567397 15.490663528442383 134
1777431568712 15.162943840026855 135
1777431569895 15.411670684814453 136
1777431570442 15.592403411865234 137
1777431571023 15.793399810791016 138
1777431571562 14.879554748535156 139
1777431572399 16.229148864746094 140
1777431572698 17.139118194580078 141
1777431572997 15.243168830871582 142
1777431573666 14.063523292541504 143
1777431574398 14.473156929016113 144
1777431575133 14.05998420715332 145
1777431575769 14.421542167663574 146
1777431576209 15.272433280944824 147
1777431576736 14.380175590515137 148
1777431577454 13.491852760314941 149
1777431578337 15.155009269714355 150
1777431578998 14.62235164642334 151
1777431579388 12.694733619689941 152
1777431580147 14.760780334472656 153
1777431580628 13.651435852050781 154
1777431581179 13.715452194213867 155
1777431582096 13.622909545898438 156
1777431583225 13.726460456848145 157
1777431584122 13.797714233398438 158
1777431584880 15.484126091003418 159
1777431585827 12.698771476745605 160
1777431587383 11.83991813659668 161
1777431587689 13.986544609069824 162
1777431589061 14.624611854553223 163
1777431589816 12.141132354736328 164
1777431590332 15.446258544921875 165
1777431591326 14.596856117248535 166
1777431591622 13.411871910095215 167
1777431592901 14.466795921325684 168
1777431593237 13.108642578125 169
1777431594478 11.841872215270996 170
1777431596010 13.940248489379883 171
1777431596797 12.559326171875 172
1777431597402 14.333550453186035 173
1777431598999 11.805296897888184 174
1777431599961 12.19339656829834 175
1777431600956 12.493128776550293 176
1777431601262 15.746997833251953 177
1777431601590 14.009407997131348 178
1777431601910 13.742615699768066 179
