1777431464876 -1.8101193521398748 1
1777431465467 -1.7720213554783122 2
1777431467072 -1.7335901969892369 3
1777431468194 -1.7004477389725787 4
1777431469366 -1.665733315646965 5
1777431471319 -1.6276807796636201 6
1777431471605 -1.5868337108463821 7
1777431472491 -1.5431820429022163 8
1777431473542 -1.4962835083758863 9
1777431474718 -1.4438790362790823 10
1777431475067 -1.3828105707117309 11
1777431475414 -1.3107273075312595 12
1777431476324 -1.2295195991537171 13
1777431477239 -1.1482412643653714 14
1777431477757 -1.0542850873458 15
1777431478685 -0.9644757271638431 16
1777431478977 -0.8616634809014008 17
1777431480798 -0.7538934229601428 18
1777431481355 -0.6580439666455005 19
1777431482175 -0.5450347278991696 20
1777431483098 -0.4362304395284493 21
1777431483677 -0.32981860052874024 22
1777431484062 -0.219739302493567 23
1777431484821 -0.11577292326286215 24
1777431485131 -0.030878840960525622 25
1777431485420 0.07613202365448979 26
1777431486471 0.16029321488012427 27
1777431487029 0.24267218516004352 28
1777431487311 0.32119495341011106 29
1777431487604 0.4025390438223079 30
1777431488212 0.4643444594554882 31
1777431488811 0.5170900084086019 32
1777431489395 0.5936171746545679 33
1777431490107 0.6400401986047144 34
1777431490464 0.6836443763760988 35
1777431490788 0.7436763384800774 36
1777431491293 0.7765229164843503 37
1777431492757 0.8160408084272408 38
1777431493783 0.8375655973232753 39
1777431494279 0.8651942839204445 40
1777431494693 0.8718984858184602 41
1777431496134 0.8863299172339645 42
1777431496485 0.9075397184263007 43
1777431497194 0.9136821257867742 44
1777431498142 0.9177912282078963 45
1777431498689 0.9159998491679641 46
1777431499711 0.9315586901820684 47
1777431500385 0.927583438001133 48
1777431500942 0.9411932539113637 49
1777431501512 0.9436870460933935 50
1777431502187 0.9351301845671064 51
1777431502753 0.942850681236381 52
1777431503360 0.9463777804278467 53
1777431503814 0.9486921002404789 54
1777431504234 0.9461173150955916 55
1777431504543 0.9537468599660116 56
1777431506214 0.9526491926102368 57
1777431506910 0.9432313027942568 58
1777431507791 0.9321737335832155 59
1777431508088 0.9533927791232876 60
1777431508974 0.952862025705091 61
1777431509530 0.9347173498567745 62
1777431510886 0.949641329455321 63
1777431511680 0.9527054197571133 64
1777431512041 0.9555565871026259 65
1777431512339 0.9529726483800006 66
1777431512975 0.9577977184300349 67
1777431513285 0.9574976145320903 68
1777431513588 0.9636832957903899 69
1777431513892 0.9657426087025701 70
1777431514907 0.9641249388005865 71
1777431515712 0.9551807601951465 72
1777431516002 0.9675394673778233 73
1777431516290 0.9624738311897271 74
1777431516587 0.9658988341203172 75
1777431518687 0.9589071644648816 76
1777431518979 0.965139328466172 77
1777431520800 0.9540080508425731 78
1777431521359 0.9623585026242988 79
1777431521760 0.9699956479518584 80
1777431522318 0.9420622784096361 81
1777431524355 0.9618150648650816 82
1777431524640 0.949928624705703 83
1777431524927 0.9539496622839867 84
1777431525498 0.969741740423911 85
1777431526225 0.9584551706569506 86
1777431527702 0.9615742044503082 87
1777431528461 0.9760513451571146 88
1777431530199 0.9672374759271483 89
1777431531063 0.9610550115405179 90
1777431531502 0.9652509129072445 91
1777431532614 0.9634368644130401 92
1777431533457 0.9694525323749031 93
1777431534681 0.9724050004757135 94
1777431534971 0.9697103619010942 95
1777431535262 0.9586624429367013 96
1777431535873 0.9718018017122115 97
1777431536901 0.962415147840167 98
1777431537892 0.9657883940999183 99
1777431538372 0.9647120719532132 100
1777431539035 0.9688996016670107 101
1777431539336 0.9677170252364422 102
1777431540049 0.9711203633964257 103
1777431541296 0.9629781022407407 104
1777431542090 0.9646521485893633 105
1777431542877 0.960045700767425 106
1777431543279 0.9631613909684894 107
1777431543963 0.9755930421579599 108
1777431544295 0.9696710708863485 109
1777431545094 0.9741929623541747 110
1777431546824 0.9646338755276889 111
1777431547712 0.9620522645790366 112
1777431549281 0.9615139741254055 113
1777431549638 0.9653826397887443 114
1777431551514 0.966793019118571 115
1777431552267 0.9756987255504761 116
1777431552571 0.9746929435610551 117
1777431553753 0.975467936502473 118
1777431554049 0.9690604213409308 119
1777431555386 0.9685637380627159 120
1777431556114 0.9767789798428976 121
1777431556670 0.9737065762240004 122
1777431557218 0.9693304329082381 123
1777431558444 0.9699312216469462 124
1777431559287 0.9735919529079329 125
1777431560066 0.9507331873829084 126
1777431560772 0.9671334720641697 127
1777431561637 0.9731394770950432 128
1777431561937 0.9671912441637824 129
1777431563506 0.9724626913955438 130
1777431564937 0.9675450028242446 131
1777431565945 0.9724257472822833 132
1777431567094 0.9744056001101772 133
1777431567397 0.9647584712726668 134
1777431568712 0.9695214920632962 135
1777431569895 0.9703393403192866 136
1777431570442 0.9668770173684971 137
1777431571023 0.9684935657513213 138
1777431571562 0.9702428200947238 139
1777431572399 0.961664470719546 140
1777431572698 0.9618837607191815 141
1777431572997 0.9682916944639772 142
1777431573666 0.9723192393989546 143
1777431574398 0.9723785260136981 144
1777431575133 0.9747768839454547 145
1777431575769 0.9721526556585799 146
1777431576209 0.9659825456973172 147
1777431576736 0.9710029140091788 148
1777431577454 0.975575185142671 149
1777431578337 0.9669613912201468 150
1777431578998 0.972048514681932 151
1777431579388 0.979699521457359 152
1777431580147 0.9716737482158714 153
1777431580628 0.9725615759812728 154
1777431581179 0.9754262988846385 155
1777431582096 0.9735664573824813 156
1777431583225 0.9757029291410902 157
1777431584122 0.974999600189571 158
1777431584880 0.964507229993202 159
1777431585827 0.9785100321569354 160
1777431587383 0.9809356916696067 161
1777431587689 0.9710473294976969 162
1777431589061 0.9701118060731895 163
1777431589816 0.9789603389475107 164
1777431590332 0.9669849764838406 165
1777431591326 0.9707628757031083 166
1777431591622 0.9759063301599615 167
1777431592901 0.9713447392416087 168
1777431593237 0.9759467932078175 169
1777431594478 0.9818379998787174 170
1777431596010 0.9739666483416838 171
1777431596797 0.9791380034384509 172
1777431597402 0.9700800038933823 173
1777431598999 0.9810544307847723 174
1777431599961 0.978858413925239 175
1777431600956 0.9798582583746281 176
1777431601262 0.9670800101036358 177
1777431601590 0.9713176708578706 178
1777431601910 0.9727246484063029 179
