1777403446761 -1.7398012337307762 1
1777403455739 -1.6385789872528698 2
1777403456823 -1.5232625225075525 3
1777403461659 -1.3575011466666353 4
1777403466123 -1.1358568468295387 5
1777403475037 -0.872646279093335 6
1777403482584 -0.5973080595884589 7
1777403508882 -0.34586528009905876 8
1777403523363 -0.07616139597018849 9
1777403536809 0.17391423774366133 10
1777403546074 0.40515649176442237 11
1777403554108 0.6025538000485549 12
1777403571856 0.7474985590801312 13
1777403586565 0.847638155966596 14
1777403605410 0.8867150248003925 15
1777403618760 0.925289309689644 16
1777403637705 0.9341743664589105 17
1777403653808 0.9445283079119201 18
1777403661578 0.9473733237782348 19
1777403669419 0.9519313851106578 20
1777403680101 0.9518999609128076 21
1777403683686 0.9575396151505196 22
1777403686902 0.9538406430205496 23
1777403700062 0.9605483116421505 24
1777403712431 0.9626251070597718 25
1777403730805 0.964115250866398 26
1777403748934 0.9647632147953322 27
1777403768377 0.9655860396983661 28
1777403784979 0.9639374843187899 29
1777403797608 0.9709571089176944 30
1777403810204 0.9708218250438637 31
1777403837432 0.9629948977968924 32
1777403844602 0.9664817895505248 33
1777403856487 0.9670970251275501 34
1777403868438 0.9700038495599452 35
1777403880215 0.9701054935342546 36
1777403891775 0.9690864243645763 37
1777403902403 0.9694449778387666 38
1777403910724 0.9684004980416686 39
1777403920777 0.9758629368526758 40
1777403927741 0.971955367116227 41
1777403936851 0.9684621709448628 42
1777403956223 0.9736017524676557 43
1777403969136 0.9737490280537103 44
1777403983298 0.9729896308794855 45
1777403993074 0.9765741105182114 46
1777404004693 0.9733096112149576 47
1777404014291 0.9780478458336851 48
1777404030908 0.9738274102009429 49
1777404047347 0.9755501744581281 50
1777404058226 0.9739607471350878 51
1777404072435 0.9758278100119774 52
1777404085732 0.9783060266073914 53
1777404104211 0.9824414166172062 54
1777404112506 0.9776051017266743 55
1777404133555 0.9776742353867016 56
1777404153878 0.9782839930243341 57
1777404169254 0.9778421771628755 58
1777404182889 0.9798544131099675 59
1777404186786 0.9778963174094345 60
1777404190441 0.9818927872881398 61
1777404196633 0.9797465946717709 62
1777404200147 0.9827661573141241 63
1777404203903 0.9828232461703955 64
1777404208559 0.9828111092588033 65
1777404209433 0.9802307025378463 66
1777404210353 0.9814392657392498 67
1777404211218 0.979771917252218 68
1777404214056 0.9804093869410918 69
1777404217572 0.982665575296675 70
1777404225141 0.9841115248702484 71
1777404233484 0.9825360527573533 72
1777404241707 0.9815944072123167 73
1777404246153 0.9817188774636784 74
1777404252827 0.9837515160202229 75
1777404263493 0.9858358513325635 76
1777404273321 0.9832629159630225 77
1777404275454 0.9829893761582018 78
1777404278946 0.9830246460412747 79
1777404283448 0.9835407252418508 80
1777404284707 0.9871035918007264 81
1777404287586 0.9877257136681385 82
1777404293068 0.9840333529375537 83
1777404297246 0.9876091541203657 84
1777404308886 0.9859424459962821 85
1777404312561 0.9855684814118547 86
1777404315743 0.9837405764907055 87
1777404318269 0.9869381004792693 88
1777404322692 0.9889437232840748 89
1777404325909 0.987387184163992 90
1777404327083 0.986184243168735 91
1777404330618 0.9853608079638595 92
1777404337293 0.9863998100754237 93
1777404340160 0.9872206696229532 94
1777404343627 0.9870575474537953 95
1777404352532 0.9872334001270285 96
1777404357375 0.9875495777337294 97
1777404364683 0.9882986036374365 98
1777404370127 0.9862409958451295 99
1777404371017 0.9898278100402255 100
1777404376485 0.9863055889707475 101
1777404383624 0.9885138668628063 102
1777404387143 0.9882989317295131 103
1777404392632 0.9893114784202882 104
1777404396355 0.9891494464910898 105
1777404403735 0.9882890608570222 106
1777404408163 0.9877385029541275 107
1777404409012 0.9896222302852878 108
1777404414269 0.9887653435658054 109
1777404431035 0.9888180538302231 110
