1777206226564 -1.8125349377489073 1
1777206226964 -1.797949853300015 2
1777206227338 -1.7764833210454203 3
1777206227710 -1.7515416446601808 4
1777206228077 -1.7270672391031971 5
1777206228449 -1.701313764892634 6
1777206231418 -1.6723583976994298 7
1777206231799 -1.6395874183676402 8
1777206234186 -1.6047569079530049 9
1777206234574 -1.570148505423378 10
1777206234952 -1.5356030984049958 11
1777206235811 -1.5001602083138335 12
1777206236180 -1.4620753221741438 13
1777206236977 -1.4161574394208052 14
1777206237367 -1.3650662938458096 15
1777206237928 -1.3155800725714784 16
1777206238573 -1.2634815072846277 17
1777206239324 -1.2115489930540955 18
1777206240103 -1.1567968016464558 19
1777206240485 -1.1027427563685945 20
1777206240866 -1.047300049730735 21
1777206241254 -0.9902103668701383 22
1777206241661 -0.9320226478604501 23
1777206243670 -0.8729041206695254 24
1777206245193 -0.8122022630000898 25
1777206245561 -0.7520691508870758 26
1777206245929 -0.690182230752233 27
1777206246301 -0.6223690241329634 28
1777206247064 -0.553020383106877 29
1777206247446 -0.48459033065908175 30
1777206248221 -0.3997235666045209 31
1777206248688 -0.3268629258265199 32
1777206250755 -0.24637852931134052 33
1777206251133 -0.17309551012482371 34
1777206252553 -0.10540715801108891 35
1777206252933 -0.02657947849782971 36
1777206253318 0.04593330691202013 37
1777206253709 0.10841844086434382 38
1777206254086 0.17719931049139903 39
1777206254701 0.23239709772535877 40
1777206255096 0.3089350202925102 41
1777206256237 0.35944694811913747 42
1777206256621 0.415887063326811 43
1777206258086 0.4733596366652709 44
1777206261832 0.520843477423659 45
1777206262881 0.5683716423433096 46
1777206264717 0.6155045429018102 47
1777206266090 0.6553311006728343 48
1777206267298 0.689317747248046 49
1777206267934 0.7298711279070278 50
1777206268373 0.74231527824614 51
1777206268805 0.7947565450793768 52
1777206269229 0.7948405864492434 53
1777206271183 0.8324100824315748 54
1777206271599 0.8294385979667063 55
1777206272016 0.8564752099674485 56
1777206272831 0.8756819812055815 57
1777206274343 0.8908125126133087 58
1777206275460 0.8931126910139988 59
1777206276947 0.90118951111749 60
1777206277478 0.9173345192618128 61
1777206277897 0.9153575141386768 62
1777206278520 0.9231958889259249 63
1777206278897 0.9240673437439368 64
1777206282377 0.925553593350012 65
1777206283756 0.9321134575946852 66
1777206284480 0.9238188930194966 67
1777206284975 0.9363422748263606 68
1777206285734 0.9363856299039692 69
1777206287002 0.949166194335632 70
1777206287385 0.9314901490769291 71
1777206290304 0.9441230931477932 72
1777206290680 0.939368799183786 73
1777206291070 0.945770262049171 74
1777206291847 0.9484791859485578 75
1777206292209 0.9460999324746568 76
1777206293135 0.9537918437130074 77
1777206294273 0.9558768094364678 78
1777206294805 0.9464870382676625 79
1777206295214 0.9590460427778488 80
1777206296786 0.9429206480614511 81
1777206297805 0.954454899881786 82
1777206298165 0.9445075910402848 83
1777206298524 0.9505526029566651 84
1777206299049 0.9596037377363732 85
1777206299823 0.9585389025288964 86
1777206300184 0.9587556500113895 87
1777206300840 0.9548633914737524 88
1777206301204 0.9579878287963847 89
1777206301728 0.9518371715405114 90
1777206302100 0.9664805608313394 91
1777206303665 0.9538742513397506 92
1777206305147 0.9602590380097573 93
1777206305506 0.9632363833294719 94
1777206309369 0.9514486146588931 95
1777206311648 0.9538732112237869 96
1777206314715 0.9671256483626282 97
1777206317351 0.9649864748393817 98
1777206318470 0.9617654082068539 99
1777206318842 0.9663390111961533 100
1777206319218 0.9666254515219505 101
1777206319596 0.9615718959002424 102
1777206319976 0.9670396028668803 103
1777206320842 0.9661756673262254 104
1777206321488 0.9636976189482704 105
1777206322328 0.9678208542621578 106
1777206322707 0.9642467820534542 107
1777206323456 0.9621187350613967 108
1777206323835 0.95926390901922 109
1777206324214 0.9690572477188075 110
1777206326355 0.9603094285121905 111
1777206326787 0.962032783968097 112
1777206327173 0.9536603679814598 113
1777206327708 0.9567620343750919 114
1777206328865 0.969906091430516 115
1777206329238 0.957194073177729 116
1777206330629 0.9679683832957011 117
1777206331603 0.9692122021655843 118
1777206332369 0.9721325839573488 119
1777206332819 0.9722368289455932 120
1777206334736 0.9658044879918054 121
1777206335120 0.9747595591832274 122
1777206335885 0.9732795629572756 123
1777206337065 0.9732646208035532 124
1777206337436 0.9697694252666228 125
1777206337808 0.9592904953979993 126
1777206338408 0.9689122378085613 127
1777206338931 0.9659448579832767 128
1777206340079 0.9739055859240102 129
1777206340467 0.9731363973370434 130
1777206340857 0.9717985849633286 131
1777206341244 0.9738804383659905 132
1777206341632 0.9737634528091371 133
1777206342024 0.9764543723349692 134
1777206342413 0.9746078443171473 135
1777206343708 0.9750908614863466 136
1777206344097 0.9756123274300478 137
1777206345998 0.9698048476429895 138
1777206347416 0.9769003588389927 139
1777206347779 0.9633092244262172 140
1777206348533 0.9746386748764322 141
1777206349399 0.9758246937411524 142
1777206352128 0.9651439179538668 143
1777206354161 0.9732360455201018 144
1777206355010 0.9724966194709059 145
1777206355377 0.9772911158787099 146
1777206356833 0.9789435842014564 147
1777206357203 0.9783954908036694 148
1777206357573 0.9773324737476761 149
1777206358631 0.9745894926125586 150
1777206360072 0.9698008698333225 151
1777206360762 0.9748907533224044 152
1777206361188 0.9745639767921614 153
1777206361556 0.9739148556404281 154
1777206362337 0.9737630904439455 155
1777206362842 0.9776668634193996 156
1777206363233 0.9811842337213024 157
1777206363620 0.9732923868260475 158
1777206364008 0.976303464192978 159
1777206364397 0.9648706842490183 160
1777206365538 0.9727255413839108 161
1777206365922 0.9757359160383486 162
1777206367529 0.9761694059295987 163
1777206367914 0.9772004431279969 164
1777206368305 0.9774897265970458 165
1777206368694 0.9763878556506568 166
1777206369082 0.9695555672770142 167
1777206369764 0.9766058690303838 168
1777206371332 0.979313852800191 169
1777206372637 0.9800727987817837 170
1777206373034 0.9732260049591109 171
1777206373426 0.9739817477812348 172
1777206373819 0.9784378049822955 173
1777206374330 0.9768278094820908 174
