1777206226564 158.03009120396206 1
1777206226964 157.3727777390253 2
1777206227338 156.37910970052084 3
1777206227710 155.23000299362909 4
1777206228077 154.08864513578868 5
1777206228449 152.8778522309803 6
1777206231418 151.56327325730098 7
1777206231799 150.0811758132208 8
1777206234186 148.48475894019717 9
1777206234574 146.84920334588912 10
1777206234952 145.23065999348958 11
1777206235811 143.62964245024182 12
1777206236180 141.98943931942895 13
1777206236977 140.22420567103794 14
1777206237367 138.34134826660156 15
1777206237928 136.3557893298921 16
1777206238573 134.2703162057059 17
1777206239324 132.1367161342076 18
1777206240103 129.9394556681315 19
1777206240485 127.65258338564918 20
1777206240866 125.29508725120908 21
1777206241254 122.96266719273159 22
1777206241661 120.49152381533668 23
1777206243670 117.87908179873511 24
1777206245193 115.33625008719308 25
1777206245561 112.5842769077846 26
1777206245929 109.98098674955823 27
1777206246301 106.98924473353794 28
1777206247064 104.12860398065476 29
1777206247446 100.60989467075893 30
1777206248221 97.24122198195684 31
1777206248688 93.71643647693452 32
1777206250755 90.19883975074404 33
1777206251133 86.52217821393694 34
1777206252553 82.68799554734002 35
1777206252933 79.31021546863374 36
1777206253318 75.56801234654017 37
1777206253709 71.89299258277529 38
1777206254086 68.42350707281203 39
1777206254701 64.91175773257301 40
1777206255096 61.12642778669085 41
1777206256237 58.21014840262277 42
1777206256621 55.481495775495254 43
1777206258086 51.822510564894905 44
1777206261832 49.11735552833194 45
1777206262881 45.52148996988932 46
1777206264717 42.86708430335635 47
1777206266090 40.891786938621884 48
1777206267298 37.6982658749535 49
1777206267934 35.915401168096636 50
1777206268373 34.164883604503814 51
1777206268805 30.861016736711775 52
1777206269229 31.18342092604864 53
1777206271183 27.495040675571985 54
1777206271599 28.16962710789272 55
1777206272016 25.812139565604074 56
1777206272831 23.71588975815546 57
1777206274343 21.84299083891369 58
1777206275460 22.42664239974249 59
1777206276947 21.2520141964867 60
1777206277478 18.940263711838494 61
1777206277897 19.579740724109467 62
1777206278520 18.49845368521554 63
1777206278897 18.451740973336356 64
1777206282377 18.65899590083531 65
1777206283756 17.481690434047152 66
1777206284480 19.480381556919642 67
1777206284975 16.960586457025435 68
1777206285734 16.706386021205358 69
1777206287002 15.181975846063523 70
1777206287385 17.903671155657086 71
1777206290304 15.766354333786737 72
1777206290680 16.637225541614352 73
1777206291070 15.728137425013951 74
1777206291847 15.50681356702532 75
1777206292209 15.723839859735397 76
1777206293135 14.323958260672432 77
1777206294273 13.86498879932222 78
1777206294805 15.357530357724144 79
1777206295214 13.296673910958427 80
1777206296786 16.492387090410507 81
1777206297805 14.39970832098098 82
1777206298165 15.978741963704428 83
1777206298524 15.032097898210798 84
1777206299049 13.299528194609142 85
1777206299823 13.321917179652623 86
1777206300184 13.419162159874325 87
1777206300840 14.521345747084844 88
1777206301204 13.358396266755603 89
1777206301728 14.720662325904483 90
1777206302100 12.078694388979958 91
1777206303665 14.70345215570359 92
1777206305147 12.750126793271018 93
1777206305506 12.607920038132441 94
1777206309369 14.689472779773531 95
1777206311648 13.86229573204404 96
1777206314715 11.37869504292806 97
1777206317351 12.069782711210705 98
1777206318470 12.692658215477353 99
1777206318842 11.883250754220144 100
1777206319218 11.966194352649508 101
1777206319596 13.009245191301618 102
1777206319976 11.376545442853654 103
1777206320842 11.959026118687222 104
1777206321488 11.974201166062128 105
1777206322328 11.132137952532087 106
1777206322707 12.209201685587566 107
1777206323456 12.498134340558734 108
1777206323835 13.09301381792341 109
1777206324214 11.300877071562267 110
1777206326355 12.788870420910063 111
1777206326787 12.500012043544224 112
1777206327173 14.41912594749814 113
1777206327708 13.405704752604167 114
1777206328865 10.987279492332823 115
1777206329238 13.246269171578543 116
1777206330629 11.245987928481329 117
1777206331603 11.198287346249534 118
1777206332369 10.90542604355585 119
1777206332819 10.547627258300782 120
1777206334736 11.818963069007511 121
1777206335120 9.689248584565663 122
1777206335885 10.235525748843239 123
1777206337065 10.161658132643927 124
1777206337436 10.954538508823939 125
1777206337808 13.377110889979772 126
1777206338408 11.003936313447499 127
1777206338931 11.982211539858863 128
1777206340079 9.955097543625605 129
1777206340467 10.197326278686523 130
1777206340857 10.114536267235165 131
1777206341244 10.075337455386208 132
1777206341632 9.997675314403715 133
1777206342024 9.429536528814406 134
1777206342413 9.855043147859119 135
1777206343708 9.802775228591193 136
1777206344097 9.538168825422014 137
1777206345998 10.953769211542038 138
1777206347416 9.463146341414678 139
1777206347779 12.317536799112956 140
1777206348533 9.575811535971505 141
1777206349399 9.309335581461589 142
1777206352128 11.874705178397042 143
1777206354161 10.144514592488607 144
1777206355010 10.292887787591843 145
1777206355377 9.313562533968971 146
1777206356833 8.723663175673712 147
1777206357203 9.083804121471587 148
1777206357573 9.0270023164295 149
1777206358631 9.906125223068964 150
1777206360072 10.719408943539573 151
1777206360762 9.692153649103075 152
1777206361188 9.641045597621373 153
1777206361556 10.003174300420852 154
1777206362337 9.86011615934826 155
1777206362842 8.96800587063744 156
1777206363233 8.18335794721331 157
1777206363620 10.03573266892206 158
1777206364008 9.380010786510649 159
1777206364397 12.257999029613677 160
1777206365538 10.479048956008185 161
1777206365922 9.718699191865467 162
1777206367529 9.477954228719076 163
1777206367914 9.261107617332822 164
1777206368305 9.227739370436895 165
1777206368694 9.282380113147553 166
1777206369082 11.013923663184757 167
1777206369764 9.12118270510719 168
1777206371332 8.677908506847563 169
1777206372637 8.439277158464705 170
1777206373034 10.11282582964216 171
1777206373426 9.69862282162621 172
1777206373819 9.00265740894136 173
1777206374330 9.283748926435198 174
