1777374787343 -2.8233686661056514 1
1777374788119 -2.7800036514961692 2
1777374788539 -2.727629164681778 3
1777374788985 -2.6801579656829313 4
1777374789398 -2.6277946711939624 5
1777374789809 -2.5513000235738352 6
1777374790618 -2.478714295607502 7
1777374791293 -2.410122828776308 8
1777374791758 -2.3369687405346156 9
1777374792902 -2.2640297547971358 10
1777374793327 -2.1889477885014244 11
1777374793741 -2.109564471641795 12
1777374794149 -2.01822845075132 13
1777374794563 -1.9177909707313696 14
1777374794995 -1.8159658172391193 15
1777374795418 -1.7186410278472053 16
1777374796036 -1.61921470447714 17
1777374796590 -1.516628297976078 18
1777374797024 -1.4135079825763475 19
1777374797600 -1.3078379155413131 20
1777374798050 -1.1971963574576914 21
1777374798622 -1.0957363535823488 22
1777374799051 -0.9772809784330885 23
1777374799495 -0.847245044073279 24
1777374799965 -0.7392074504512256 25
1777374800843 -0.6036216966026395 26
1777374801317 -0.4836898088980386 27
1777374801771 -0.35883871929018274 28
1777374802281 -0.23610210478674776 29
1777374802711 -0.11763335131100594 30
1777374803127 -0.010468671631862048 31
1777374803543 0.09265986313185048 32
1777374803967 0.1950638697045436 33
1777374804452 0.2898306880971717 34
1777374804904 0.3711368114883624 35
1777374805362 0.4501318071198579 36
1777374805797 0.524207251087929 37
1777374806248 0.5833748673534558 38
1777374806683 0.6452452334684107 39
1777374807175 0.6939055077433404 40
1777374807654 0.7354407083063144 41
1777374808116 0.7713016622002293 42
1777374808530 0.7955386429025617 43
1777374808999 0.8245973080009038 44
1777374809491 0.8414077873052448 45
1777374809965 0.8558819342576796 46
1777374810454 0.8695414788454556 47
1777374811193 0.8674821893377711 48
1777374812180 0.8843710258500745 49
1777374813032 0.8930958042070553 50
1777374814264 0.8731551462662053 51
1777374814932 0.890412815807201 52
1777374815579 0.8958566142446125 53
1777374816173 0.9040962424565475 54
1777374817286 0.9044079224875503 55
1777374817740 0.8999377033418186 56
1777374819632 0.9140917377641651 57
1777374820346 0.9103163117300467 58
1777374820761 0.9137472950422895 59
1777374821195 0.9155815084159292 60
1777374821634 0.9139312907514318 61
1777374822132 0.902963511357762 62
1777374822786 0.9151856564141468 63
1777374824045 0.9227083473237401 64
1777374824504 0.9189904950925151 65
1777374825387 0.9180346661294351 66
1777374826751 0.925491438177092 67
1777374827450 0.9254309843178032 68
1777374827924 0.9240741553204468 69
1777374828939 0.9155552381482017 70
1777374829847 0.9221806794580956 71
1777374830625 0.9287787356397218 72
1777374831029 0.9212476231610485 73
1777374831468 0.9307903915976408 74
1777374831890 0.9286698236019562 75
1777374832308 0.9249035733072832 76
1777374832723 0.9280673617100754 77
1777374833141 0.9399315600230422 78
1777374833925 0.9364850670332853 79
1777374835277 0.9373981432806524 80
1777374835950 0.9298704518936365 81
1777374836377 0.9352929258907168 82
1777374837550 0.939424905092578 83
1777374838026 0.9413577617640084 84
1777374838442 0.9370678658456396 85
1777374838986 0.9402938241185519 86
1777374839751 0.946169412415157 87
1777374840185 0.9415294885422066 88
1777374841012 0.9466378669771138 89
1777374841866 0.9394986716983165 90
1777374843191 0.9387356152386309 91
