1777130285859 39772.19921875 1
1777130287096 36887.6875 2
1777130288290 32473.96484375 3
1777130296210 25856.455078125 4
1777130351393 18523.951171875 5
1777130352578 11405.509765625 6
1777130353754 6150.52783203125 7
1777130354940 2885.563720703125 8
1777130356122 1545.615966796875 9
1777130357309 1031.345458984375 10
1777130358514 858.505126953125 11
1777130359696 742.9857788085938 12
1777130360882 689.5390625 13
1777130362065 651.3172607421875 14
1777130363258 609.7860717773438 15
1777130364443 564.4358520507812 16
1777130365624 566.8948974609375 17
1777130366808 509.1734619140625 18
1777130368002 538.19091796875 19
1777130369181 518.4187622070312 20
1777130370354 564.3425903320312 21
1777130371550 522.8177490234375 22
1777130372988 507.6104736328125 23
1777130374176 514.4269409179688 24
1777130375381 506.2625732421875 25
1777130393482 435.5317077636719 26
1777130462464 464.33465576171875 27
1777130463640 438.6815490722656 28
1777130464818 462.86004638671875 29
1777130465987 429.4837341308594 30
1777130474644 443.7344055175781 31
1777130476558 412.9557800292969 32
1777130479651 398.2657165527344 33
1777130480912 427.9606018066406 34
1777130482148 427.386474609375 35
1777130483476 408.1470947265625 36
1777130484799 365.1466064453125 37
1777130486081 447.13922119140625 38
1777130487389 350.93072509765625 39
1777130525810 382.7118225097656 40
1777130566653 343.0875549316406 41
1777130574842 325.19378662109375 42
1777130576267 347.5445556640625 43
1777130577852 322.3714904785156 44
1777130579358 338.1282653808594 45
1777130580805 318.5849914550781 46
1777130582549 347.48175048828125 47
1777130617234 333.4147644042969 48
1777130642034 296.25421142578125 49
1777130643251 321.1387634277344 50
1777130656397 288.248046875 51
1777130657611 288.81488037109375 52
1777130658818 315.6044616699219 53
1777130660025 264.4832763671875 54
1777130661234 252.36570739746094 55
1777130662433 275.0106201171875 56
1777130663647 264.39935302734375 57
1777130664855 269.78741455078125 58
1777130666097 280.41796875 59
1777130702090 225.00474548339844 60
1777130729331 230.6830596923828 61
1777130730617 233.43734741210938 62
1777130731838 230.27044677734375 63
1777130733067 240.14407348632812 64
1777130734327 197.71348571777344 65
1777130735610 220.1607666015625 66
1777130736896 219.66354370117188 67
1777130738139 206.13259887695312 68
1777130739394 211.17507934570312 69
1777130740651 203.2526092529297 70
