1777144678304 -1.7326164224897687 1
1777144678928 -1.659357535784563 2
1777144679547 -1.588440861285008 3
1777144680162 -1.5003626601774633 4
1777144680777 -1.3844635706397423 5
1777144681392 -1.2451363887006783 6
1777144682007 -1.093247295051074 7
1777144682626 -0.9303776656441558 8
1777144683241 -0.758795619175278 9
1777144683862 -0.5804271276548516 10
1777144782403 -0.4031512092397669 11
1777144783021 -0.22393745466747772 12
1777144783636 -0.04977905131526694 13
1777144784252 0.13697999444604847 14
1777144784869 0.31615899854966545 15
1777144785519 0.4878818839224125 16
1777144786140 0.6261660160011365 17
1777144786756 0.7437004442242732 18
1777144787377 0.8185011724838747 19
1777144787998 0.8705308333101154 20
1777144788619 0.8937748879182571 21
1777144789238 0.9166014011021563 22
1777144789859 0.9284876209492359 23
1777144790478 0.933122914397808 24
1777144791097 0.9407405051233213 25
1777144791719 0.9401031851636624 26
1777144792350 0.9481737710198237 27
1777144792985 0.9560613332759772 28
1777144793612 0.9536741808304168 29
1777144794243 0.9540708356155869 30
1777144794874 0.9645219003347374 31
1777144795510 0.9531865117739793 32
1777144796159 0.9566866551387982 33
1777144796829 0.9618322743370391 34
1777144797518 0.9581294358514003 35
1777144798190 0.9596349482401719 36
1777144798880 0.965765351421386 37
1777144799585 0.9627342676246876 38
1777144800288 0.964965805998084 39
1777144801065 0.9561853231778278 40
1777144801999 0.9633372030863315 41
1777144814882 0.963363558169869 42
1777145040294 0.9695096019984428 43
1777145040927 0.9627617058561122 44
1777145041549 0.9670382906535323 45
1777145042173 0.9705056019056728 46
1777145042790 0.9665157323944481 47
1777145043413 0.9691359483494753 48
1777145044042 0.9719613303252491 49
1777145044705 0.965561926751217 50
1777145045339 0.9692322632153583 51
1777145045970 0.9693041417659912 52
1777145046606 0.9641169980539738 53
1777145047239 0.9661966155492886 54
1777145047870 0.9683766142511213 55
1777145048498 0.9714511552693804 56
1777145049139 0.9667070752490017 57
1777145049771 0.9661485920663915 58
1777145050404 0.9687393653232574 59
1777145051031 0.9710240435928555 60
1777145051659 0.9757866350309831 61
1777145052318 0.97520831049804 62
1777145054846 0.9770299497756222 63
1777145055515 0.9731141307193224 64
1777145056192 0.9707018339368485 65
1777145056870 0.9738481793548232 66
1777145057553 0.9757806886057959 67
1777145058240 0.9756335684016285 68
1777145059044 0.9689940067497045 69
1777145059749 0.9731773168688572 70
1777145060460 0.9798876878630237 71
1777145061171 0.9773307298164838 72
1777145061879 0.9790886997675852 73
1777145062602 0.9804590984209051 74
1777145063317 0.9753926496788414 75
1777145102130 0.9828406512762148 76
1777145102772 0.9774169792933133 77
1777145103723 0.982209893672751 78
1777145104373 0.975771340806266 79
1777145229839 0.9790795815967029 80
1777145241126 0.9803641087036759 81
1777145252274 0.9769738916820238 82
1777145263731 0.981190621141282 83
1777145275032 0.9756077925859339 84
1777145298670 0.980387970947307 85
1777145307116 0.9819485308244311 86
1777145307740 0.9822895317581012 87
1777145308378 0.9804677669023524 88
1777145309001 0.9797127227933682 89
1777145309621 0.9836298359027759 90
1777145310244 0.9786089696432458 91
1777145310867 0.9826835027584524 92
1777145311488 0.9853769690560854 93
1777145312110 0.983157602196995 94
1777145312738 0.9787174667872779 95
1777145313364 0.9813117095894913 96
1777145313989 0.981261462775053 97
1777145314608 0.9823082919402182 98
1777145315232 0.9840460713140852 99
1777145315852 0.9825449828647276 100
1777145316472 0.9848363945160239 101
1777145317111 0.9839055912049779 102
1777145317736 0.9812722337938051 103
1777145318356 0.9848573636778917 104
1777145318978 0.9846618145527462 105
1777145319601 0.9850370468986661 106
1777145320224 0.9848736493721341 107
1777145320847 0.9853836797141154 108
1777145321470 0.9855355551448605 109
1777145322093 0.9853591812077732 110
1777145322716 0.9841055511137295 111
1777145323337 0.9868024163937402 112
