1777434998675 -1.735485257832672 1
1777434999754 -1.5797966143376376 2
1777435000629 -1.3694102781289705 3
1777435001497 -1.0564409488358726 4
1777435002433 -0.6965992760819953 5
1777435003341 -0.34848440322604124 6
1777435004250 0.002564009311429342 7
1777435005146 0.3216023406187859 8
1777435006031 0.5843659965055402 9
1777435006907 0.7585001726693975 10
1777435007786 0.8707550651990011 11
1777435008700 0.9147915331882741 12
1777435009583 0.9327176920467978 13
1777435010441 0.9482174208484944 14
1777435011321 0.9442757400890334 15
1777435012177 0.9526605577797914 16
1777435013033 0.9528048700644519 17
1777435013881 0.9580332908845038 18
1777435014743 0.9631137485836158 19
1777435015631 0.9590331614067309 20
1777435016512 0.961555155952586 21
1777435017388 0.9648921972063115 22
1777435018235 0.9672557102129633 23
1777435019289 0.9633794939842263 24
1777435020144 0.9736367041086765 25
1777435020984 0.9692669477814296 26
1777435021825 0.9682263464139819 27
1777435022705 0.967630842833668 28
1777435023597 0.9691464507698467 29
1777435024470 0.9681974904000848 30
1777435025364 0.9680158895353145 31
1777435026244 0.9696126501940983 32
1777435027154 0.9712666958737994 33
1777435028016 0.9692905685612784 34
1777435028893 0.970724122341017 35
1777435029775 0.967250209437074 36
1777435030645 0.9741060771550512 37
1777435031504 0.9731915446236877 38
1777435032382 0.9746129163623101 39
1777435033268 0.9800263618321184 40
1777435034173 0.9760529044854374 41
1777435035060 0.9763951846628984 42
1777435035933 0.9772619845663737 43
1777435036817 0.9757905789330906 44
1777435037709 0.9770889411650608 45
1777435038562 0.980016104291043 46
1777435039991 0.9788469065432842 47
1777435040874 0.9804486830699171 48
1777435041750 0.9804148574060885 49
1777435042619 0.9826095308406594 50
1777435043497 0.980901909041355 51
1777435044406 0.9804963340022006 52
1777435045339 0.9848343139553553 53
1777435046209 0.9804951129229718 54
1777435047091 0.9830606337850639 55
1777435047969 0.9827267425733558 56
1777435048858 0.9859975665786003 57
1777435049734 0.9860014446007961 58
1777435050605 0.9834325259794247 59
1777435051477 0.9863561773714928 60
1777435052362 0.9858355562049037 61
1777435053247 0.9855411475760772 62
1777435054124 0.9851579878815633 63
1777435055022 0.9820506152257172 64
1777435055907 0.9827694380997934 65
1777435057151 0.9869353820127088 66
1777435058032 0.9865201563782214 67
1777435058939 0.983510660251678 68
1777435059817 0.9874070543072991 69
1777435060694 0.9870020479494338 70
1777435061567 0.9877474821481599 71
1777435062440 0.9854067933447407 72
1777435063300 0.9879752967181936 73
1777435064204 0.9884191713918168 74
1777435065083 0.9876533897064684 75
1777435065950 0.9871561533909851 76
1777435066846 0.9877895596532343 77
1777435067719 0.9890441913376086 78
1777435068593 0.9892882701925103 79
1777435069459 0.9885918542068474 80
1777435070310 0.989212824577742 81
1777435071163 0.9887855149202487 82
1777435072046 0.9899388157957402 83
1777435072930 0.989873387639293 84
1777435073803 0.990050230819152 85
1777435074677 0.9895328498674768 86
1777435075572 0.98973412562501 87
1777435076459 0.9898848062944855 88
1777435077344 0.9906554080799364 89
1777435078226 0.9901113373600147 90
1777435079099 0.989562753201433 91
1777435079979 0.9907311125037729 92
1777435080858 0.9918475372516432 93
1777435081729 0.989317727460474 94
1777435082615 0.9902111075847516 95
1777435083477 0.9911726182643307 96
1777435084354 0.9917590032995928 97
1777435085252 0.9889547276233612 98
1777435086146 0.9908931225748084 99
