1777415750720 172.84754943847656 1
1777415751075 170.92796325683594 2
1777415751426 169.11558532714844 3
1777415751762 167.51536560058594 4
1777415758287 165.85438537597656 5
1777415758657 164.08535766601562 6
1777415760849 162.20791625976562 7
1777415766059 160.18797302246094 8
1777415779504 158.00181579589844 9
1777415780930 155.65838623046875 10
1777415785053 153.13473510742188 11
1777415785422 150.35934448242188 12
1777415786652 147.37069702148438 13
1777415792982 144.24661254882812 14
1777415793304 140.72752380371094 15
1777415796547 136.6548309326172 16
1777415803088 132.0685272216797 17
1777415806583 127.98200225830078 18
1777415806913 123.54552459716797 19
1777415807254 119.25732421875 20
1777415807592 115.08662414550781 21
1777415807917 110.66859436035156 22
1777415813558 105.77500915527344 23
1777415813914 101.22740936279297 24
1777415820274 96.70186614990234 25
1777415820614 91.67138671875 26
1777415823992 87.01190948486328 27
1777415833324 82.1300277709961 28
1777415839960 77.36969757080078 29
1777415840290 73.2700424194336 30
1777415850474 67.41541290283203 31
1777415862866 63.778472900390625 32
1777415875197 59.17919158935547 33
1777415891537 54.95854187011719 34
1777415892624 51.24018096923828 35
1777415899582 46.85438537597656 36
1777415908480 43.45125198364258 37
1777415915716 40.29179763793945 38
1777415921130 36.11257553100586 39
1777415921552 33.82280349731445 40
1777415922800 33.067901611328125 41
1777415926865 31.116769790649414 42
1777415927178 27.945053100585938 43
1777415932772 25.036088943481445 44
1777415938654 25.389055252075195 45
1777415940805 23.15557098388672 46
1777415944018 23.257558822631836 47
1777415949572 23.631208419799805 48
1777415958149 23.145679473876953 49
1777415970329 23.528440475463867 50
1777415980115 21.928340911865234 51
1777415983564 21.751392364501953 52
1777415994120 19.791318893432617 53
1777415997810 20.838727951049805 54
1777415998123 20.551530838012695 55
1777415998453 20.78484344482422 56
1777415998776 19.931421279907227 57
1777415999097 18.756582260131836 58
1777415999405 20.35105323791504 59
1777415999718 17.268301010131836 60
1777416002807 17.893415451049805 61
1777416003206 18.55207061767578 62
1777416006351 21.165748596191406 63
1777416009231 19.835697174072266 64
1777416012567 18.567554473876953 65
1777416014619 18.37624740600586 66
1777416014927 20.119821548461914 67
1777416020198 16.247459411621094 68
1777416020501 20.283422470092773 69
1777416023968 18.621370315551758 70
1777416024302 17.454788208007812 71
1777416030371 20.013566970825195 72
1777416030687 15.836298942565918 73
1777416030992 16.53773307800293 74
1777416033853 19.16274642944336 75
1777416036922 17.445987701416016 76
1777416037235 16.652650833129883 77
1777416042928 17.089035034179688 78
1777416045347 16.2619571685791 79
1777416053525 16.31264877319336 80
1777416057752 17.1668758392334 81
1777416059931 16.72287940979004 82
1777416060265 16.481481552124023 83
1777416064727 16.424840927124023 84
1777416065070 16.97669219970703 85
1777416067780 16.813159942626953 86
1777416069909 17.645845413208008 87
1777416070249 16.119108200073242 88
1777416077755 18.201005935668945 89
1777416080826 16.19877815246582 90
1777416083959 17.618045806884766 91
1777416084367 14.286627769470215 92
1777416087867 15.224678993225098 93
1777416091603 15.81081771850586 94
1777416105998 17.39825439453125 95
1777416120333 15.578412055969238 96
1777416128877 16.397092819213867 97
1777416138165 16.37204933166504 98
1777416144510 14.995171546936035 99
1777416145305 16.044063568115234 100
1777416152321 13.634252548217773 101
1777416161570 16.323888778686523 102
1777416166265 15.102046012878418 103
1777416169848 14.339044570922852 104
1777416172875 16.259639739990234 105
1777416176234 14.447770118713379 106
1777416179109 13.844958305358887 107
1777416182704 15.568034172058105 108
1777416183063 13.832578659057617 109
1777416189739 15.757756233215332 110
1777416190088 17.748151779174805 111
1777416196174 15.063981056213379 112
1777416196513 15.285775184631348 113
1777416199356 15.218385696411133 114
1777416202997 13.79067611694336 115
1777416212662 15.215703010559082 116
1777416213388 15.119915962219238 117
1777416221047 15.387465476989746 118
1777416229055 14.86843490600586 119
1777416232776 15.18099308013916 120
1777416242587 16.659156799316406 121
1777416242930 16.453140258789062 122
1777416253165 14.653922080993652 123
1777416261008 17.32468605041504 124
1777416268186 13.978124618530273 125
1777416278046 14.697267532348633 126
1777416285991 14.435487747192383 127
1777416289949 14.28384780883789 128
1777416296808 15.318135261535645 129
1777416309428 14.057047843933105 130
1777416312482 14.46483325958252 131
1777416312825 12.43406867980957 132
1777416322670 13.804247856140137 133
1777416333241 13.614480018615723 134
1777416343931 18.388578414916992 135
1777416351408 12.99531364440918 136
1777416355328 11.691560745239258 137
