1777415750720 45965.4453125 1
1777415751075 45305.71484375 2
1777415751426 44686.03125 3
1777415751762 44146.796875 4
1777415758287 43597.22265625 5
1777415758657 42990.640625 6
1777415760849 42351.453125 7
1777415766059 41626.0546875 8
1777415779504 40783.77734375 9
1777415780930 39819.03515625 10
1777415785053 38673.25 11
1777415785422 37454.77734375 12
1777415786652 36090.76953125 13
1777415792982 34771.08203125 14
1777415793304 33368.21875 15
1777415796547 31868.05078125 16
1777415803088 30244.8515625 17
1777415806583 28822.8515625 18
1777415806913 27139.37890625 19
1777415807254 25774.658203125 20
1777415807592 24375.99609375 21
1777415807917 22963.662109375 22
1777415813558 21420.912109375 23
1777415813914 19955.708984375 24
1777415820274 18377.578125 25
1777415820614 17181.72265625 26
1777415823992 15645.470703125 27
1777415833324 14220.7587890625 28
1777415839960 12934.685546875 29
1777415840290 11711.7392578125 30
1777415850474 10177.1572265625 31
1777415862866 9105.0849609375 32
1777415875197 8062.44775390625 33
1777415891537 6912.1748046875 34
1777415892624 6081.4384765625 35
1777415899582 5174.49755859375 36
1777415908480 4480.17431640625 37
1777415915716 3731.601806640625 38
1777415921130 3096.574951171875 39
1777415921552 2701.460693359375 40
1777415922800 2400.682373046875 41
1777415926865 2123.932861328125 42
1777415927178 1805.197021484375 43
1777415932772 1396.0242919921875 44
1777415938654 1362.6510009765625 45
1777415940805 1138.3057861328125 46
1777415944018 1127.9202880859375 47
1777415949572 1160.0574951171875 48
1777415958149 1123.9365234375 49
1777415970329 1155.707275390625 50
1777415980115 945.967529296875 51
1777415983564 918.3294067382812 52
1777415994120 788.4742431640625 53
1777415997810 859.0104370117188 54
1777415998123 836.5914306640625 55
1777415998453 837.66796875 56
1777415998776 765.2847900390625 57
1777415999097 658.7691040039062 58
1777415999405 809.3289794921875 59
1777415999718 577.4522094726562 60
1777416002807 619.9027709960938 61
1777416003206 649.08837890625 62
1777416006351 865.8289184570312 63
1777416009231 766.171875 64
1777416012567 669.268310546875 65
1777416014619 646.6929931640625 66
1777416014927 775.3170776367188 67
1777416020198 509.3263244628906 68
1777416020501 799.70703125 69
1777416023968 696.2308959960938 70
1777416024302 610.9207763671875 71
1777416030371 779.0933837890625 72
1777416030687 470.3009948730469 73
1777416030992 543.4549560546875 74
1777416033853 678.7421875 75
1777416036922 575.9327392578125 76
1777416037235 524.2288208007812 77
1777416042928 562.501708984375 78
1777416045347 486.9541320800781 79
1777416053525 489.8504638671875 80
1777416057752 544.14990234375 81
1777416059931 519.19970703125 82
1777416060265 509.2545471191406 83
1777416064727 528.097900390625 84
1777416065070 545.0484008789062 85
1777416067780 537.6602172851562 86
1777416069909 627.5481567382812 87
1777416070249 501.462158203125 88
1777416077755 633.7523193359375 89
1777416080826 479.2790222167969 90
1777416083959 605.5205078125 91
1777416084367 379.3426208496094 92
1777416087867 453.91900634765625 93
1777416091603 467.7008056640625 94
1777416105998 579.8858642578125 95
1777416120333 474.0007629394531 96
1777416128877 517.1685180664062 97
1777416138165 488.3565673828125 98
1777416144510 444.7369079589844 99
1777416145305 504.13470458984375 100
1777416152321 354.01068115234375 101
1777416161570 502.3681335449219 102
1777416166265 449.3216552734375 103
1777416169848 412.7099914550781 104
1777416172875 509.4197082519531 105
1777416176234 393.7845764160156 106
1777416179109 378.85394287109375 107
1777416182704 476.3251953125 108
1777416183063 356.5167236328125 109
1777416189739 460.00640869140625 110
1777416190088 588.842041015625 111
1777416196174 423.989013671875 112
1777416196513 448.70709228515625 113
1777416199356 446.5262451171875 114
1777416202997 351.1461181640625 115
1777416212662 432.1075439453125 116
1777416213388 422.3043212890625 117
1777416221047 449.96209716796875 118
1777416229055 433.7496032714844 119
1777416232776 450.6205749511719 120
1777416242587 569.0089111328125 121
1777416242930 527.9398803710938 122
1777416253165 420.1533508300781 123
1777416261008 588.4768676757812 124
1777416268186 366.2120666503906 125
1777416278046 432.1947021484375 126
1777416285991 405.8492431640625 127
1777416289949 376.3817138671875 128
1777416296808 439.2790832519531 129
1777416309428 376.518798828125 130
1777416312482 393.2243957519531 131
1777416312825 284.5647888183594 132
1777416322670 350.6697692871094 133
1777416333241 345.86724853515625 134
1777416343931 717.363037109375 135
1777416351408 320.10736083984375 136
1777416355328 253.96827697753906 137
