1777207886049 45280.189453125 1
1777207886724 43640.384765625 2
1777207887380 41908.69140625 3
1777207888028 39483.75 4
1777207888682 36441.072265625 5
1777207889333 33232.849609375 6
1777207889982 29740.63671875 7
1777207890631 26235.25 8
1777207891278 22599.4658203125 9
1777207891929 18836.677734375 10
1777207892587 15321.470703125 11
1777207893232 11845.46142578125 12
1777207893876 8589.095703125 13
1777207894523 5989.766845703125 14
1777207895171 3777.999267578125 15
1777207895821 2471.39892578125 16
1777207896465 1708.4031372070312 17
1777207897106 1373.4461059570312 18
1777207897750 1000.5795288085938 19
1777207898391 1033.7035217285156 20
1777207899034 820.1963195800781 21
1777207899675 789.8326110839844 22
1777207900311 696.9475402832031 23
1777207900953 708.8483581542969 24
1777207901597 575.6702270507812 25
1777207902238 568.4158325195312 26
1777207902882 636.4315185546875 27
1777207903521 649.5727844238281 28
1777207904164 519.2637786865234 29
1777207904953 509.3051452636719 30
1777207905559 503.39503479003906 31
1777207906162 495.0643768310547 32
1777207906767 566.8560485839844 33
1777207907372 528.5940093994141 34
1777207907981 444.71214294433594 35
1777207908588 440.31211853027344 36
1777207909190 429.10728454589844 37
1777207909790 460.7149353027344 38
1777207910395 429.0219421386719 39
1777207910996 449.6678161621094 40
1777207911595 454.2236022949219 41
1777207912197 410.18629455566406 42
1777207912795 373.7237091064453 43
1777207913397 504.3279113769531 44
1777207914001 504.6412658691406 45
1777207915569 408.78114318847656 46
1777207916291 411.58868408203125 47
1777207916909 476.3061065673828 48
1777207917942 373.1899871826172 49
1777207918571 469.9425964355469 50
1777207919211 399.26007080078125 51
1777207919833 377.3919677734375 52
1777207920768 351.1446838378906 53
1777207921383 389.22254943847656 54
1777207922030 370.65806579589844 55
1777207922681 376.1233367919922 56
1777207923323 316.70045471191406 57
1777207924102 316.788818359375 58
1777207925122 303.52378845214844 59
1777207925750 274.9209442138672 60
1777207926371 287.60926818847656 61
1777207926990 404.1390380859375 62
1777207927612 321.6310119628906 63
1777207933303 326.04017639160156 64
1777207935273 264.6211853027344 65
1777207936534 286.5164794921875 66
1777207937167 238.61981201171875 67
1777207937795 272.45008850097656 68
1777207938418 211.17605590820312 69
1777207939042 282.76548767089844 70
1777207939663 236.9982147216797 71
1777207940281 259.9103317260742 72
1777207940895 284.0783233642578 73
1777207941511 222.60535430908203 74
1777207942125 255.0824966430664 75
1777207942739 250.09053802490234 76
1777207943352 259.3388214111328 77
1777207943962 197.52275848388672 78
