1777173458257 -1.6775315104084545 1
1777173459556 -1.487022368585821 2
1777173460770 -1.1958930120759312 3
1777173461942 -0.766590715715754 4
1777173463130 -0.28077411184997103 5
1777173464304 0.16477690964541358 6
1777173465475 0.5320872432713448 7
1777173466662 0.7713888637147853 8
1777173467833 0.8816204732921982 9
1777173468984 0.9195802070668675 10
1777173470139 0.9366376315932158 11
1777173471294 0.945302275306072 12
1777173472449 0.9515908890568593 13
1777173473602 0.9440326843466437 14
1777173474764 0.956518964034949 15
1777173475905 0.9579285198742064 16
1777173477049 0.956842379719749 17
1777173478238 0.9564251808249058 18
1777173479382 0.9580757391057281 19
1777173480527 0.9631637148159159 20
1777173481685 0.9634929420190727 21
1777173482833 0.9640774780069336 22
1777173483991 0.9638647988238727 23
1777173485144 0.9659364998715609 24
1777173486294 0.9603400182187368 25
1777173487438 0.9640712091448537 26
1777173488607 0.962235737133218 27
1777173489776 0.9665678714924606 28
1777173490923 0.9682496611829305 29
1777173492076 0.9641755658435036 30
1777173493242 0.9629590161851457 31
1777173494388 0.9683441878157202 32
1777173495545 0.970147661490828 33
1777173496794 0.9665707280157958 34
1777173497975 0.967980955001817 35
1777173499130 0.9717816282079506 36
1777173500332 0.9658036453471265 37
1777173501498 0.9687206740297347 38
1777173502674 0.9743505685643588 39
1777173503859 0.9676399961667326 40
1777173506044 0.970616913435817 41
1777173507253 0.9691555313577108 42
1777173508438 0.9733188532697434 43
1777173509590 0.975025067315638 44
1777173510781 0.9722159148229274 45
1777173511928 0.973870643255669 46
1777173513078 0.9751395194959315 47
1777173514233 0.9743783105753483 48
1777173515374 0.9761052897484891 49
1777173516519 0.9777406423073025 50
1777173517667 0.9765940356676055 51
1777173518813 0.9779225000635305 52
1777173519950 0.9766972605626503 53
1777173521100 0.9797479787744063 54
1777173522258 0.980545771036357 55
1777173523398 0.9808940271190633 56
1777173524534 0.9815398889454625 57
1777173525680 0.9816127819284857 58
1777173526814 0.9817809784977584 59
1777173527948 0.983651502322464 60
1777173529084 0.9827129722466224 61
1777173530234 0.9837081899812714 62
1777173531367 0.9824468441254716 63
1777173532523 0.9838700013957593 64
1777173533680 0.9781609965392823 65
1777173534808 0.9808395900517368 66
1777173535954 0.9846507792098462 67
1777173537111 0.9659599234287966 68
1777173538251 0.9818438596285436 69
1777173539398 0.9841303117794444 70
1777173540552 0.9847222293715401 71
1777173541691 0.9865990455427855 72
1777173542838 0.9873007033831648 73
1777173544002 0.9849652314738631 74
1777173545146 0.9861906629528315 75
1777173546284 0.9859934566355918 76
1777173547416 0.9871771093515347 77
1777173548575 0.9873833285545061 78
1777173549713 0.987059338798087 79
1777173550852 0.9870444813461934 80
1777173552000 0.9866455996415343 81
1777173553140 0.9875297869019362 82
1777173554297 0.9888851855422436 83
1777173555439 0.9876750050154722 84
1777173556584 0.9870851629314761 85
1777173557727 0.9883076608824231 86
1777173558864 0.9886246954725861 87
1777173560014 0.988859691739232 88
1777173561147 0.9878990182858651 89
1777173562281 0.9889976557402722 90
1777173563426 0.9877838327290783 91
1777173564562 0.9863028943857287 92
1777173565719 0.9878333075989193 93
1777173566866 0.9887005600432224 94
1777173568010 0.9891231822404898 95
1777173569157 0.9902930503817883 96
1777173570302 0.9886213532291759 97
1777173571455 0.9890098243842201 98
1777173572590 0.989729536298625 99
1777173573728 0.9892390035815944 100
1777173574908 0.9892839203802467 101
1777173576052 0.988500278175971 102
1777173577191 0.987829309247559 103
1777173578347 0.9904997891195746 104
1777173579491 0.9892626936037399 105
1777173580634 0.990287281918803 106
1777173581781 0.9905489080028798 107
1777173582932 0.9898716891089123 108
1777173584081 0.987699546577186 109
1777173585233 0.9852914871421972 110
1777173586416 0.9893283968181276 111
1777173587565 0.9894917146922226 112
1777173588713 0.9911334939828109 113
1777173589874 0.9898943723529557 114
1777173591010 0.988780043368432 115
1777173592142 0.9865154305762944 116
1777173593286 0.9903071706300443 117
1777173594422 0.9916883690056972 118
1777173595552 0.991401128204774 119
1777173596702 0.9822277197925045 120
1777173597854 0.9891738786637003 121
1777173598984 0.9902537185823996 122
1777173600109 0.9917715921683083 123
1777173601253 0.9874424825685066 124
1777173602381 0.9900330571726726 125
1777173603506 0.9916173649571128 126
1777173604635 0.991778644638148 127
1777173605775 0.9905425271968342 128
1777173606903 0.9914250791903095 129
1777173608053 0.9911674313029541 130
1777173609200 0.992347920247598 131
1777173610328 0.992030461871426 132
1777173611462 0.9874494575386779 133
1777173612605 0.9917346315303123 134
1777173613734 0.9913907156481379 135
1777173614862 0.9850943179577563 136
1777173616002 0.9907143674033103 137
1777173617141 0.9915769408828468 138
1777173618274 0.9906360297097754 139
1777173619422 0.992307330394176 140
1777173620568 0.9915942908663598 141
1777173621697 0.9928504253478415 142
1777173622844 0.9879455630559502 143
1777173623983 0.9911884624167175 144
1777173625114 0.9904516916053584 145
1777173626243 0.9880272001065171 146
1777173627368 0.9917342611281106 147
1777173628511 0.9920256625130927 148
1777173629660 0.9915708511869676 149
1777173630794 0.9913534125677825 150
1777173631940 0.9928541090724343 151
1777173633076 0.9921502677531766 152
1777173634206 0.9927279628352924 153
1777173635345 0.9921485499582381 154
1777173636477 0.9914298005705813 155
1777173637607 0.9919166213166035 156
1777173638746 0.9918831421773711 157
1777173639899 0.9913549124494855 158
1777173641066 0.9875125688197057 159
1777173642215 0.9920011070779816 160
1777173643380 0.9921483102833373 161
