1777221899690 154.94036865234375 1
1777221900900 142.55833435058594 2
1777221902289 124.24681091308594 3
1777221903456 97.68095397949219 4
1777221904588 67.38540649414062 5
1777221905727 41.782936096191406 6
1777221906872 26.951740264892578 7
1777221908014 21.17494773864746 8
1777221909161 19.004911422729492 9
1777221910296 17.927148818969727 10
1777221911559 16.748546600341797 11
1777221912931 15.779455184936523 12
1777221914196 15.712933540344238 13
1777221915538 15.733230590820312 14
1777221916983 16.106155395507812 15
1777221918281 15.637544631958008 16
1777221919736 15.250252723693848 17
1777221921232 14.712532043457031 18
1777221922519 14.2018461227417 19
1777221923927 14.534560203552246 20
1777221925235 14.81603717803955 21
1777221926558 14.13845157623291 22
1777221928058 12.599397659301758 23
1777221929775 12.862041473388672 24
1777221931124 13.702152252197266 25
1777221932484 13.311188697814941 26
1777221935070 11.877165794372559 27
1777221985736 13.627910614013672 28
1777221988948 12.618062019348145 29
1777221991059 12.478021621704102 30
1777221992349 12.723526000976562 31
1777221993814 12.51498031616211 32
1777221995534 11.69119644165039 33
1777221997039 11.643762588500977 34
1777221998606 11.764832496643066 35
1777222000383 11.837106704711914 36
1777222001944 11.422879219055176 37
1777222003245 11.290841102600098 38
1777222004467 11.390480041503906 39
1777222005744 11.282444953918457 40
1777222006948 11.642051696777344 41
1777222008257 10.623403549194336 42
1777222009411 10.667320251464844 43
1777222010539 11.646346092224121 44
1777222011657 10.851819038391113 45
1777222012772 10.586307525634766 46
1777222013881 10.716081619262695 47
1777222015012 10.1492919921875 48
1777222016123 9.540108680725098 49
1777222017496 9.940932273864746 50
1777222018795 9.574975967407227 51
1777222020039 10.022380828857422 52
1777222021204 9.672834396362305 53
1777222022360 9.12615966796875 54
1777222023506 10.075921058654785 55
1777222024784 8.786091804504395 56
1777222026140 9.542428016662598 57
1777222027478 9.26695442199707 58
1777222028600 9.279613494873047 59
1777222029719 9.1242036819458 60
1777222030854 9.113800048828125 61
1777222031956 8.95424747467041 62
1777222033066 8.978117942810059 63
1777222034751 8.943089485168457 64
1777222035876 9.452557563781738 65
1777222037004 8.625320434570312 66
1777222038141 8.977993965148926 67
1777222039296 8.27601432800293 68
1777222040511 8.352219581604004 69
1777222041766 8.768369674682617 70
1777222043152 8.782103538513184 71
1777222044377 8.730513572692871 72
1777222045798 8.244697570800781 73
1777222047221 8.125702857971191 74
1777222048631 8.80463695526123 75
1777222050087 8.539067268371582 76
1777222051563 8.631205558776855 77
1777222052898 8.046631813049316 78
1777222054355 7.979743957519531 79
1777222055764 8.02125358581543 80
1777222057189 7.930871486663818 81
1777222058468 7.69217586517334 82
1777222059654 7.7277445793151855 83
1777222061007 7.927951812744141 84
1777222062196 7.941624641418457 85
1777222063698 7.866189002990723 86
1777222065172 7.474020481109619 87
1777222066665 7.4273481369018555 88
1777222068155 8.116240501403809 89
1777222158418 7.526768207550049 90
1777222163238 7.572000026702881 91
1777222164485 7.603568077087402 92
1777222165813 7.530429363250732 93
1777222167252 7.362259864807129 94
1777222168655 7.634357452392578 95
1777222170062 7.472843170166016 96
1777222171466 7.627770900726318 97
1777222172868 7.396146297454834 98
1777222174261 7.220141887664795 99
1777222175677 7.064078330993652 100
1777222178978 7.345566749572754 101
1777222194719 6.96258020401001 102
1777222196018 7.571689605712891 103
1777222197406 7.099956512451172 104
1777222198646 7.100091934204102 105
1777222199935 7.369924068450928 106
1777222201198 7.260972499847412 107
1777222202558 7.131153583526611 108
1777222203989 6.83664608001709 109
1777222205311 6.86736536026001 110
1777222207065 7.168517112731934 111
1777222208931 7.2943434715271 112
1777222210660 6.828990936279297 113
1777222212397 6.906349182128906 114
1777222214091 6.825894832611084 115
1777222216131 6.415532112121582 116
1777222217725 6.731171131134033 117
1777222219823 6.624153137207031 118
1777222222437 6.40639591217041 119
1777222225667 6.8968586921691895 120
1777222320252 6.733627796173096 121
1777222342117 6.498876094818115 122
1777222343220 7.11925745010376 123
1777222344320 6.6300482749938965 124
1777222345418 6.460019588470459 125
1777222346520 6.181491851806641 126
1777222347625 6.629624366760254 127
1777222348732 6.6576151847839355 128
1777222349838 6.236260890960693 129
1777222350935 6.374927520751953 130
1777222352047 6.822170734405518 131
1777222353189 6.488126277923584 132
1777222354310 6.379074573516846 133
1777222355409 6.413997173309326 134
1777222356529 6.274347305297852 135
1777222357632 6.293530464172363 136
1777222358753 6.292842388153076 137
1777222359858 6.532900810241699 138
1777222360963 6.179736137390137 139
1777222362065 6.363701820373535 140
1777222363160 6.362119674682617 141
1777222364517 6.181807994842529 142
1777222365878 6.396324157714844 143
1777222367237 6.050726413726807 144
1777222368611 6.38274621963501 145
1777222369980 6.063157081604004 146
