1777221899690 154.94036254882812 1
1777221900900 142.55833435058594 2
1777221902289 124.24680938720704 3
1777221903456 97.68095550537109 4
1777221904588 67.38540802001953 5
1777221905727 41.78294067382812 6
1777221906872 26.9517391204834 7
1777221908014 21.174946975708007 8
1777221909161 19.00491065979004 9
1777221910296 17.92714958190918 10
1777221911559 16.74854431152344 11
1777221912931 15.779454040527344 12
1777221914196 15.712932777404784 13
1777221915538 15.73323097229004 14
1777221916983 16.106156158447266 15
1777221918281 15.637544059753418 16
1777221919736 15.250252723693848 17
1777221921232 14.71253261566162 18
1777221922519 14.201846504211426 19
1777221923927 14.53455982208252 20
1777221925235 14.816037368774413 21
1777221926558 14.138450813293456 22
1777221928058 12.59939785003662 23
1777221929775 12.862042427062988 24
1777221931124 13.702151489257812 25
1777221932484 13.311189460754395 26
1777221935070 11.877165985107421 27
1777221985736 13.627910614013672 28
1777221988948 12.618061447143555 29
1777221991059 12.478022384643555 30
1777221992349 12.723525428771973 31
1777221993814 12.514980697631836 32
1777221995534 11.691195869445801 33
1777221997039 11.643762016296387 34
1777221998606 11.764832496643066 35
1777222000383 11.837106704711914 36
1777222001944 11.422879409790038 37
1777222003245 11.290841484069825 38
1777222004467 11.39047908782959 39
1777222005744 11.28244514465332 40
1777222006948 11.642051887512206 41
1777222008257 10.623403167724609 42
1777222009411 10.667319679260254 43
1777222010539 11.646346855163575 44
1777222011657 10.851818656921386 45
1777222012772 10.586307525634766 46
1777222013881 10.716080856323241 47
1777222015012 10.14929141998291 48
1777222016123 9.540108489990235 49
1777222017496 9.940932273864746 50
1777222018795 9.574976921081543 51
1777222020039 10.0223819732666 52
1777222021204 9.672835350036621 53
1777222022360 9.126160049438477 54
1777222023506 10.075921058654785 55
1777222024784 8.786091995239257 56
1777222026140 9.542427253723144 57
1777222027478 9.266954231262208 58
1777222028600 9.279613304138184 59
1777222029719 9.124203109741211 60
1777222030854 9.113800048828125 61
1777222031956 8.95424690246582 62
1777222033066 8.978116989135742 63
1777222034751 8.94308910369873 64
1777222035876 9.452557182312011 65
1777222037004 8.625321197509766 66
1777222038141 8.977994537353515 67
1777222039296 8.276015377044677 68
1777222040511 8.35221996307373 69
1777222041766 8.768369674682617 70
1777222043152 8.782102584838867 71
1777222044377 8.730513000488282 72
1777222045798 8.244697761535644 73
1777222047221 8.12570333480835 74
1777222048631 8.804637145996093 75
1777222050087 8.539067459106445 76
1777222051563 8.631204795837402 77
1777222052898 8.046631145477296 78
1777222054355 7.9797436714172365 79
1777222055764 8.021253395080567 80
1777222057189 7.930871486663818 81
1777222058468 7.692175674438476 82
1777222059654 7.727744197845459 83
1777222061007 7.927951717376709 84
1777222062196 7.941625022888184 85
1777222063698 7.866188621520996 86
1777222065172 7.474020195007324 87
1777222066665 7.42734842300415 88
1777222068155 8.116240692138671 89
1777222158418 7.526768207550049 90
1777222163238 7.572000408172608 91
1777222164485 7.603568077087402 92
1777222165813 7.530429172515869 93
1777222167252 7.3622596740722654 94
1777222168655 7.634357261657715 95
1777222170062 7.472843074798584 96
1777222171466 7.627771282196045 97
1777222172868 7.396145915985107 98
1777222174261 7.220141887664795 99
1777222175677 7.064078235626221 100
1777222178978 7.345566463470459 101
1777222194719 6.96258020401001 102
1777222196018 7.571689891815185 103
1777222197406 7.099956798553467 104
1777222198646 7.100091552734375 105
1777222199935 7.369923686981201 106
1777222201198 7.260971927642823 107
1777222202558 7.131153869628906 108
1777222203989 6.836646270751953 109
1777222205311 6.867365550994873 110
1777222207065 7.16851692199707 111
1777222208931 7.294343376159668 112
1777222210660 6.82899169921875 113
1777222212397 6.90634937286377 114
1777222214091 6.825894927978515 115
1777222216131 6.41553258895874 116
1777222217725 6.731171607971191 117
1777222219823 6.624152660369873 118
1777222222437 6.406396007537841 119
1777222225667 6.8968586921691895 120
1777222320252 6.733627986907959 121
1777222342117 6.498876571655273 122
1777222343220 7.119257259368896 123
1777222344320 6.630048084259033 124
1777222345418 6.46001968383789 125
1777222346520 6.1814922332763675 126
1777222347625 6.629624557495117 127
1777222348732 6.657615280151367 128
1777222349838 6.236261081695557 129
1777222350935 6.374927997589111 130
1777222352047 6.822170925140381 131
1777222353189 6.488126659393311 132
1777222354310 6.379074382781982 133
1777222355409 6.413996887207031 134
1777222356529 6.274346923828125 135
1777222357632 6.293530750274658 136
1777222358753 6.292842102050781 137
1777222359858 6.532900333404541 138
1777222360963 6.179736614227295 139
1777222362065 6.363702392578125 140
1777222363160 6.362119960784912 141
1777222364517 6.181807899475098 142
1777222365878 6.396324348449707 143
1777222367237 6.050726795196534 144
1777222368611 6.3827461242675785 145
1777222369980 6.063157367706299 146
