1777221899690 37244.1765625 1
1777221900900 33075.9828125 2
1777221902289 26181.930078125 3
1777221903456 17536.428515625 4
1777221904588 9394.098828125 5
1777221905727 3990.930517578125 6
1777221906872 1643.055908203125 7
1777221908014 936.4962280273437 8
1777221909161 730.0759887695312 9
1777221910296 618.6878784179687 10
1777221911559 551.1933715820312 11
1777221912931 484.0633117675781 12
1777221914196 480.8524963378906 13
1777221915538 477.2902099609375 14
1777221916983 492.6539794921875 15
1777221918281 457.86310424804685 16
1777221919736 457.7191162109375 17
1777221921232 422.73765869140624 18
1777221922519 396.4552978515625 19
1777221923927 414.65704956054685 20
1777221925235 422.921533203125 21
1777221926558 402.2859252929687 22
1777221928058 311.01145629882814 23
1777221929775 322.3399658203125 24
1777221931124 373.3152709960938 25
1777221932484 352.775830078125 26
1777221935070 275.85816955566406 27
1777221985736 368.64954833984376 28
1777221988948 315.5771240234375 29
1777221991059 308.9608581542969 30
1777221992349 324.6122680664063 31
1777221993814 306.05405883789064 32
1777221995534 265.9156768798828 33
1777221997039 273.951611328125 34
1777221998606 265.8273468017578 35
1777222000383 286.9153137207031 36
1777222001944 252.62476196289063 37
1777222003245 243.51548767089844 38
1777222004467 255.26292419433594 39
1777222005744 252.56360473632813 40
1777222006948 271.9542724609375 41
1777222008257 223.44772644042968 42
1777222009411 222.93978881835938 43
1777222010539 266.9175567626953 44
1777222011657 230.28136596679687 45
1777222012772 218.95731201171876 46
1777222013881 227.1064453125 47
1777222015012 198.1077667236328 48
1777222016123 175.0225799560547 49
1777222017496 192.28795166015624 50
1777222018795 170.38460998535157 51
1777222020039 194.08265991210936 52
1777222021204 175.677978515625 53
1777222022360 159.62402954101563 54
1777222023506 193.1833984375 55
1777222024784 151.67420043945313 56
1777222026140 173.9611785888672 57
1777222027478 164.29044494628906 58
1777222028600 167.83856811523438 59
1777222029719 155.1796447753906 60
1777222030854 157.81009826660156 61
1777222031956 149.92027587890624 62
1777222033066 150.0638458251953 63
1777222034751 149.1961212158203 64
1777222035876 170.6269104003906 65
1777222037004 139.9013885498047 66
1777222038141 146.6141815185547 67
1777222039296 125.25325012207031 68
1777222040511 131.46098785400392 69
1777222041766 144.30055236816406 70
1777222043152 143.0898864746094 71
1777222044377 144.36288146972657 72
1777222045798 127.71177368164062 73
1777222047221 122.09888153076172 74
1777222048631 143.7407684326172 75
1777222050087 135.5901885986328 76
1777222051563 134.58755187988282 77
1777222052898 118.54660339355469 78
1777222054355 119.01907196044922 79
1777222055764 119.21021423339843 80
1777222057189 116.73660278320312 81
1777222058468 107.95299530029297 82
1777222059654 110.03560333251953 83
1777222061007 116.9551788330078 84
1777222062196 114.93357543945312 85
1777222063698 112.1982192993164 86
1777222065172 102.34031219482422 87
1777222066665 99.65285186767578 88
1777222068155 123.4115203857422 89
1777222158418 105.940380859375 90
1777222163238 103.50108032226562 91
1777222164485 106.15359649658203 92
1777222165813 103.67052764892578 93
1777222167252 98.12812805175781 94
1777222168655 106.82076110839844 95
1777222170062 102.37832794189453 96
1777222171466 106.46481170654297 97
1777222172868 98.70258178710938 98
1777222174261 99.1992919921875 99
1777222175677 89.56522979736329 100
1777222178978 98.44000854492188 101
1777222194719 89.55823974609375 102
1777222196018 107.42196197509766 103
1777222197406 93.02728881835938 104
1777222198646 90.97367553710937 105
1777222199935 103.4161361694336 106
1777222201198 96.91312713623047 107
1777222202558 93.95106964111328 108
1777222203989 86.3740234375 109
1777222205311 86.85502471923829 110
1777222207065 94.50395355224609 111
1777222208931 95.73988494873046 112
1777222210660 84.55471954345703 113
1777222212397 86.92475128173828 114
1777222214091 86.92418060302734 115
1777222216131 75.70490875244141 116
1777222217725 83.05740509033203 117
1777222219823 80.91238250732422 118
1777222222437 74.63678741455078 119
1777222225667 88.08569641113282 120
1777222320252 84.51620941162109 121
1777222342117 77.63206787109375 122
1777222343220 92.68140258789063 123
1777222344320 80.15098266601562 124
1777222345418 76.92855377197266 125
1777222346520 69.8255386352539 126
1777222347625 79.47069244384765 127
1777222348732 80.73424072265625 128
1777222349838 70.42356719970704 129
1777222350935 73.72885131835938 130
1777222352047 89.85435791015625 131
1777222353189 78.77676391601562 132
1777222354310 76.49964294433593 133
1777222355409 73.92899475097656 134
1777222356529 70.3957275390625 135
1777222357632 74.52672271728515 136
1777222358753 73.05542907714843 137
1777222359858 79.01010131835938 138
1777222360963 69.51346435546876 139
1777222362065 75.4534408569336 140
1777222363160 76.9435546875 141
1777222364517 69.87019729614258 142
1777222365878 76.151171875 143
1777222367237 66.80541915893555 144
1777222368611 76.44170989990235 145
1777222369980 66.27560501098633 146
