1777402567717 205.09285244737322 1
1777402581512 202.93170610762135 2
1777402603302 201.2867978780526 3
1777402606484 199.6456039773979 4
1777402606844 197.86378679536082 5
1777402608178 195.8723276780056 6
1777402612981 193.49534676252554 7
1777402613295 190.64413838353383 8
1777402613616 187.28507473568203 9
1777402616957 183.41406366470375 10
1777402617281 179.1609513381055 11
1777402620434 174.56586776199978 12
1777402620889 169.86456001767996 13
1777402622169 164.8490550094237 14
1777402622779 159.47889383277337 15
1777402626368 154.52669672260518 16
1777402627254 149.08861799488585 17
1777402633955 143.1740772844372 18
1777402643176 137.46632400109854 19
1777402658692 131.3555750981853 20
1777402662132 123.84171553968598 21
1777402665160 116.8315803370925 22
1777402665868 110.03698774446255 23
1777402676701 103.7605933974334 24
1777402694485 96.11469283979167 25
1777402713466 86.88214617640813 26
1777402730686 81.70212844821577 27
1777402745421 73.72966152289898 28
1777402764967 66.49426520150065 29
1777402776202 58.962849963186564 30
1777402777853 54.004545797524074 31
1777402778229 50.26671052993223 32
1777402782692 44.69337674426366 33
1777402789993 40.37401586697269 34
1777402790313 40.13452111532228 35
1777402793273 37.66111061731568 36
1777402794097 34.60781599197463 37
1777402799739 31.5160888274619 38
1777402800129 32.58206660807637 39
1777402806716 30.969731474104275 40
1777402807062 29.96887423397086 41
1777402807456 30.83534863733403 42
1777402808031 28.566240395474363 43
1777402808455 28.71596150771379 44
1777402814714 25.941951801690827 45
1777402824420 32.510963820758796 46
1777402824788 28.613149797052994 47
1777402830492 28.343760766949444 48
1777402830814 27.186544747945284 49
1777402831123 25.52618739012509 50
1777402831447 26.340501542005136 51
1777402831777 24.336619673424373 52
1777402839820 26.448151158578764 53
1777402848247 26.783395616719677 54
1777402861723 23.274078698367685 55
1777402877060 23.848702692540478 56
1777402895021 24.175807443130907 57
1777402921136 24.788866755845508 58
1777402948745 27.694462918915534 59
1777402977792 23.77652070871007 60
1777403003509 24.10719773059231 61
1777403033578 24.953455206800772 62
1777403053019 22.254709495443038 63
1777403059933 19.097441720645136 64
1777403082236 24.447972700013903 65
1777403089370 22.185565359096316 66
1777403100506 23.372618528419103 67
1777403111498 24.84953254244685 68
1777403122061 24.407437851215303 69
1777403136766 21.635393941319712 70
1777403141418 20.140496963082164 71
1777403158014 20.388263153443514 72
1777403169065 22.357767811079455 73
1777403177958 22.55586529765976 74
1777403195827 22.590358790925265 75
1777403199463 21.091167376619858 76
1777403203461 19.570602542760884 77
1777403213216 21.277646738594516 78
1777403213526 24.473729587894983 79
1777403213845 21.25467836828077 80
1777403216773 23.737938960527934 81
1777403217112 22.294229159327166 82
1777403219865 21.194231882469595 83
1777403220177 19.215662861810156 84
1777403223235 23.283555621990892 85
1777403223567 19.28488683792473 86
1777403226815 21.171627794912894 87
1777403227140 24.067874298371002 88
1777403227491 20.425903389981922 89
1777403227816 21.716652748335708 90
1777403230914 19.622112863614404 91
1777403236898 23.248942033220835 92
1777403248421 20.33846222442338 93
1777403255360 21.44762908708166 94
1777403255746 20.885317873701297 95
1777403261784 19.921417733722777 96
1777403265244 17.758358988511404 97
1777403268960 18.712605940748873 98
1777403277802 18.2568973414737 99
1777403282238 20.3453932888055 100
1777403285868 19.618660650083253 101
1777403286664 21.45792263588571 102
1777403287351 20.231590662678688 103
1777403287749 18.82777408257006 104
1777403294276 22.02115584912928 105
1777403305419 22.502169356140353 106
1777403309149 18.72286366396169 107
1777403312680 21.770475724734403 108
1777403322827 17.505120100597086 109
1777403326050 20.503227910168878 110
1777403337971 18.068127874050674 111
1777403356984 18.417115817339504 112
1777403364291 17.965934731903477 113
1777403375003 18.066026600740734 114
1777403398122 20.18651661086824 115
1777403416247 15.897833795356071 116
1777403432420 17.063640179109186 117
1777403447042 17.038878022270495 118
1777403455253 17.938507158136098 119
1777403455673 18.06865568766462 120
1777403456269 19.21585582247729 121
1777403461250 20.083808777221517 122
1777403465623 16.16182318949795 123
1777403474575 18.156299584431 124
1777403475121 21.882863402520233 125
1777403482142 19.262863815208817 126
1777403508257 17.73045799253364 127
1777403522855 17.04088836360074 128
1777403536138 20.162740446053505 129
1777403545515 18.384357171874324 130
1777403549562 18.420973790509148 131
1777403567897 22.54588014307229 132
1777403571419 16.868463903476528 133
1777403587553 17.78487612685723 134
1777403615176 18.75974925575158 135
1777403630208 14.567049944714162 136
1777403648092 17.3858942141885 137
1777403660557 16.30609215469549 138
1777403661410 18.515279697465836 139
1777403662539 14.934586372484091 140
1777403668921 16.555642374537864 141
1777403669237 17.616819390555523 142
1777403675956 18.227959688464775 143
1777403683106 17.882496788934425 144
1777403686323 16.083303079263697 145
1777403697693 16.480416438202116 146
1777403713390 15.58081251892853 147
1777403730291 15.671323909179028 148
1777403737255 15.830846223075755 149
1777403759746 17.36553038371741 150
1777403774235 19.418116874183582 151
1777403783131 17.313986814257913 152
1777403803662 16.32269646602163 153
1777403830034 17.369370680649222 154
1777403842368 14.64638735653459 155
1777403862479 17.478897013836786 156
1777403877215 16.835092786233574 157
1777403894374 15.32318713867693 158
1777403905976 14.739531341928329 159
1777403910323 15.248938851880757 160
1777403920316 14.408215701033212 161
1777403927091 16.627471510662428 162
1777403936422 17.043687223424453 163
1777403960088 19.08356130316663 164
1777403982787 18.59829579411276 165
1777403992523 15.914471433289155 166
1777404000352 16.984035400813724 167
1777404010638 14.241034113164138 168
1777404013984 14.694729458296912 169
1777404030356 17.25904763716112 170
1777404039088 15.723536466044255 171
1777404050583 11.956090063210857 172
1777404060787 15.257449472447774 173
1777404070066 14.253865035737894 174
1777404084396 15.213751063940375 175
1777404104749 13.763732156503794 176
1777404124767 14.89170092191138 177
1777404149926 14.966556651186139 178
1777404158672 15.249899441747097 179
1777404182311 14.009684346664063 180
1777404186231 15.3052752208172 181
1777404189821 16.546035817365176 182
1777404190149 16.89486677773755 183
1777404190468 15.709765192774505 184
1777404196140 14.109161949872655 185
1777404196520 13.551501899618048 186
