1777208695401 170.86641693115234 1
1777208696211 165.98702239990234 2
1777208696865 160.8901596069336 3
1777208697518 154.6280288696289 4
1777208698156 147.05644989013672 5
1777208698787 137.58150482177734 6
1777208699804 127.17177200317383 7
1777208700432 116.4549331665039 8
1777208701055 105.03857040405273 9
1777208704525 92.60457229614258 10
1777208706046 80.38861846923828 11
1777208707209 68.68679809570312 12
1777208708249 55.87790298461914 13
1777208718434 44.85099983215332 14
1777208719294 37.26188278198242 15
1777208720007 29.89350414276123 16
1777208720673 25.448857307434082 17
1777208721363 24.47129535675049 18
1777208722171 22.910449981689453 19
1777208722843 20.94149684906006 20
1777208723686 21.1454439163208 21
1777208724471 19.96454429626465 22
1777208725342 19.755352020263672 23
1777208726206 18.329764366149902 24
1777208726935 18.991283416748047 25
1777208727819 18.21225357055664 26
1777208729069 19.5595703125 27
1777208731073 17.902287483215332 28
1777208734565 17.247100830078125 29
1777208735858 16.16611099243164 30
1777208737367 18.302786827087402 31
1777208738715 16.986552238464355 32
1777208739518 15.688884735107422 33
1777208740277 16.06857681274414 34
1777208741048 15.607375144958496 35
1777208741804 15.476193904876709 36
1777208742503 15.39756155014038 37
1777208743237 16.394451141357422 38
1777208743949 14.529093265533447 39
1777208744667 15.583427429199219 40
1777208745335 15.075607299804688 41
1777208745997 14.211257934570312 42
1777208755860 14.211946964263916 43
1777208757018 14.548233032226562 44
1777208757864 14.063610553741455 45
1777208758752 13.482264995574951 46
1777208759695 14.089295864105225 47
1777208760649 14.928336143493652 48
1777208761376 12.284984588623047 49
1777208762081 12.579815864562988 50
1777208763303 14.594236373901367 51
1777208764039 13.510107040405273 52
1777208764771 12.924097537994385 53
1777208765852 12.571775913238525 54
1777208766529 15.22422981262207 55
1777208767197 13.367427825927734 56
1777208767914 12.489318370819092 57
1777208768642 12.911402702331543 58
1777208769339 12.557796001434326 59
1777208770061 12.360208511352539 60
1777208770922 12.17705488204956 61
1777208781116 12.860058784484863 62
1777208781970 12.909380912780762 63
1777208801572 12.03941297531128 64
1777208803163 11.762528419494629 65
1777208804135 11.84718656539917 66
1777208804796 12.689115524291992 67
1777208805810 12.236725807189941 68
1777208806457 12.79511547088623 69
1777208810832 12.052184104919434 70
1777208811588 11.94324254989624 71
1777208812301 12.022924900054932 72
1777208813007 11.981420516967773 73
1777208813701 11.943943500518799 74
1777208814462 12.346562385559082 75
1777208815177 10.435186386108398 76
1777208816009 11.419217586517334 77
1777208816826 11.771772384643555 78
1777208817581 11.893473148345947 79
1777208842601 11.292927742004395 80
1777208852149 12.645873546600342 81
1777208853104 11.496437072753906 82
