1777208695401 -1.8149556618636467 1
1777208696211 -1.7128912015767814 2
1777208696865 -1.602666490460409 3
1777208697518 -1.4446729485310592 4
1777208698156 -1.2441275817325665 5
1777208698787 -1.0264162824928862 6
1777208699804 -0.7932570245440154 7
1777208700432 -0.5593946271219625 8
1777208701055 -0.32084328031034637 9
1777208704525 -0.08175004523200691 10
1777208706046 0.1451289430437171 11
1777208707209 0.34598231290319953 12
1777208708249 0.5471932055950284 13
1777208718434 0.703161968985988 14
1777208719294 0.8080747204973753 15
1777208720007 0.8758797580995057 16
1777208720673 0.9116017714760309 17
1777208721363 0.9229192135601534 18
1777208722171 0.9333379495329828 19
1777208722843 0.9446290497950367 20
1777208723686 0.9437401692052438 21
1777208724471 0.9515868358805364 22
1777208725342 0.9506182576882721 23
1777208726206 0.9586888092525179 24
1777208726935 0.9556435936609691 25
1777208727819 0.959582101667883 26
1777208729069 0.9530815586140267 27
1777208731073 0.9604640904291886 28
1777208734565 0.9640270073718253 29
1777208735858 0.9689669483970245 30
1777208737367 0.96154751532434 31
1777208738715 0.9658953905077892 32
1777208739518 0.9705773123806927 33
1777208740277 0.9689664290832273 34
1777208741048 0.970148141117387 35
1777208741804 0.9711201077043327 36
1777208742503 0.9713129273031132 37
1777208743237 0.9679624943482472 38
1777208743949 0.9748741664451528 39
1777208744667 0.9710620792794187 40
1777208745335 0.9735134228221116 41
1777208745997 0.9758717291903907 42
1777208755860 0.9755581488023319 43
1777208757018 0.9748166395154726 44
1777208757864 0.9765025659047426 45
1777208758752 0.978656619960498 46
1777208759695 0.9766873629326311 47
1777208760649 0.9742428684141596 48
1777208761376 0.9825157784842045 49
1777208762081 0.9809619602542564 50
1777208763303 0.9746756595031264 51
1777208764039 0.9780264101864997 52
1777208764771 0.98032414629037 53
1777208765852 0.9813216702583767 54
1777208766529 0.9709561855174128 55
1777208767197 0.978381283245126 56
1777208767914 0.9813641231411263 57
1777208768642 0.9800116962506173 58
1777208769339 0.9811753290982709 59
1777208770061 0.9817182642392697 60
1777208770922 0.9824123747603872 61
1777208781116 0.9811272620949307 62
1777208781970 0.9804529814636898 63
1777208801572 0.9834579997206636 64
1777208803163 0.9837725853291841 65
1777208804135 0.9831777507901482 66
1777208804796 0.981526971961936 67
1777208805810 0.9821097190509922 68
1777208806457 0.9807730525213948 69
1777208810832 0.98269895624576 70
1777208811588 0.983786518562813 71
1777208812301 0.9830550430707587 72
1777208813007 0.9830337383169849 73
1777208813701 0.9827665030730788 74
1777208814462 0.9830120474506234 75
1777208815177 0.9876509122502066 76
1777208816009 0.985296119895027 77
1777208816826 0.9837325925385452 78
1777208817581 0.9830573711120651 79
1777208842601 0.9854791089326043 80
1777208852149 0.981562572504475 81
1777208853104 0.9848678968088486 82
