1777208695401 165.86643798262983 1
1777208696211 160.99484196415654 2
1777208696865 155.97231773093895 3
1777208697518 149.78122343840423 4
1777208698156 142.16455445466218 5
1777208698787 132.7410957901566 6
1777208699804 122.42230591950593 7
1777208700432 111.76016687463832 8
1777208701055 100.36023175274885 9
1777208704525 87.9900917477078 10
1777208706046 75.7847883436415 11
1777208707209 64.08499286792896 12
1777208708249 51.3564960691664 13
1777208718434 40.36394638485379 14
1777208719294 32.83169301350912 15
1777208720007 25.59349153659962 16
1777208720673 21.19802874105948 17
1777208721363 20.185355062837953 18
1777208722171 18.626230875651043 19
1777208722843 16.725813636073358 20
1777208723686 16.889138557292796 21
1777208724471 15.704581472608778 22
1777208725342 15.53809314303928 23
1777208726206 14.13660376160233 24
1777208726935 14.814969027483905 25
1777208727819 14.049148983425564 26
1777208729069 15.374664474416662 27
1777208731073 13.752146191067165 28
1777208734565 13.1064550170192 29
1777208735858 12.054054639957569 30
1777208737367 14.086001873016357 31
1777208738715 12.837360938390097 32
1777208739518 11.564265171686808 33
1777208740277 11.969619697994656 34
1777208741048 11.573342932595146 35
1777208741804 11.416329472153276 36
1777208742503 11.357293296743322 37
1777208743237 12.28171843069571 38
1777208743949 10.505243283730966 39
1777208744667 11.486255884170532 40
1777208745335 11.003564949388858 41
1777208745997 10.187048947369611 42
1777208755860 10.190139540919551 43
1777208757018 10.474176795394332 44
1777208757864 10.030296820181388 45
1777208758752 9.485774252149794 46
1777208759695 10.031785249710083 47
1777208760649 10.84571726233871 48
1777208761376 8.359165694978502 49
1777208762081 8.619563067400897 50
1777208763303 10.499002443419563 51
1777208764039 9.523093104362488 52
1777208764771 8.943708393308851 53
1777208765852 8.641788473835698 54
1777208766529 11.170212516078243 55
1777208767197 9.381339814927843 56
1777208767914 8.569750211856983 57
1777208768642 9.009475045733982 58
1777208769339 8.63883109445925 59
1777208770061 8.468043115403917 60
1777208770922 8.255898237228394 61
1777208781116 8.883070336447823 62
1777208781970 8.895394519523338 63
1777208801572 8.073247591654459 64
1777208803163 7.855361104011536 65
1777208804135 7.93807261078446 66
1777208804796 8.692459680415967 67
1777208805810 8.325572702619764 68
1777208806457 8.810566752045244 69
1777208810832 8.132325384351942 70
1777208811588 8.01823268113313 71
1777208812301 8.069155353086966 72
1777208813007 8.038165692929867 73
1777208813701 8.041983551449245 74
1777208814462 8.350593889201129 75
1777208815177 6.604312600912871 76
1777208816009 7.512665766256827 77
1777208816826 7.863958720807676 78
1777208817581 7.995289899684765 79
1777208842601 7.391085059554489 80
1777208852149 8.657319060078374 81
1777208853104 7.628681447770861 82
