1777384282353 162.4501953125 1
1777384283217 159.5656941731771 2
1777384284096 156.41685485839844 3
1777384284958 152.78827412923178 4
1777384285814 148.53568013509116 5
1777384286663 143.63587443033853 6
1777384287513 137.8582560221354 7
1777384288435 130.91635131835938 8
1777384302909 122.46294911702473 9
1777384304007 113.81178792317708 10
1777384304858 104.75990549723308 11
1777384305724 95.24827321370442 12
1777384306578 85.54757181803386 13
1777384307417 75.85300191243489 14
1777384308269 65.96261342366536 15
1777384309125 57.17598088582357 16
1777384309973 48.477709452311196 17
1777384310818 41.70582962036133 18
1777384311664 35.4253298441569 19
1777384312524 30.492088953653973 20
1777384313393 27.416654586791992 21
1777384314237 25.638151168823242 22
1777384315088 23.309029897054035 23
1777384315940 22.238161087036133 24
1777384316785 21.39849789937337 25
1777384318252 22.011730829874676 26
1777384319102 20.126675287882488 27
1777384319957 20.754505157470703 28
1777384320798 21.081454594930012 29
1777384321652 20.077720006306965 30
1777384322503 18.609455108642578 31
1777384323361 19.298335393269856 32
1777384324216 19.003753662109375 33
1777384325079 19.76032257080078 34
1777384325930 18.524369557698567 35
1777384326796 19.09039306640625 36
1777384327633 17.374208450317383 37
1777384328560 17.95192019144694 38
1777384329413 17.853987375895183 39
1777384330266 16.86292775472005 40
1777384331105 16.947786966959637 41
1777384331959 18.976826985677082 42
1777384332801 16.21884059906006 43
1777384333665 16.057369232177734 44
1777384334507 17.28515116373698 45
1777384335367 16.024991671244305 46
1777384336207 16.930708567301433 47
1777384337058 16.192719141642254 48
1777384337919 17.183197021484375 49
1777384338787 17.57468096415202 50
1777384339721 16.155057589213055 51
1777384354931 16.164437611897785 52
1777384356282 15.421283086140951 53
1777384442483 16.869222005208332 54
1777384443370 15.619354883829752 55
1777384445864 15.330931663513184 56
1777384448242 15.639753341674805 57
1777384449189 15.368983268737793 58
1777384490533 14.49282201131185 59
1777384491697 16.005152702331543 60
1777384493194 15.021294275919596 61
1777384494485 15.696606000264486 62
1777384495756 14.460206667582193 63
1777384497052 15.045710563659668 64
1777384498289 14.906790415445963 65
1777384499896 14.8961763381958 66
1777384501310 14.234754880269369 67
1777384503217 15.419877370198568 68
1777384504626 15.949241002400717 69
1777384505978 15.15162467956543 70
1777384507329 14.762542724609375 71
1777384508587 14.148889859517416 72
1777384510087 14.267995198567709 73
1777384511229 14.124758084615072 74
1777384512620 14.042658487955729 75
1777384513888 13.763020515441895 76
1777384515491 13.348172823588053 77
1777384516575 14.23313013712565 78
1777384518006 13.556416829427084 79
1777384519070 14.158066113789877 80
1777384519910 13.483510971069336 81
1777384520746 13.346232096354166 82
1777384521596 13.80945078531901 83
1777384522431 13.144084294637045 84
1777384523259 12.382835070292154 85
1777384524103 13.808439572652182 86
1777384524968 12.891445795694986 87
1777384525836 12.54366397857666 88
1777384526675 12.0127166112264 89
1777384527510 13.518404960632324 90
1777384528381 12.798319180806478 91
1777384529212 12.288008371988932 92
1777384530050 13.264187177022299 93
1777384530904 12.694928805033365 94
1777384531727 12.925397237141928 95
1777384532553 12.407412846883139 96
1777384533394 12.486839612325033 97
1777384534243 12.246898651123047 98
1777384535106 13.209590276082357 99
1777384563182 11.723246892293295 100
1777384578502 12.929651578267416 101
1777384579658 12.265244483947754 102
1777384580545 12.229001998901367 103
1777384581405 11.845967610677084 104
1777384582358 11.643155733744303 105
1777384583266 12.014542579650879 106
1777384584202 11.259784698486328 107
1777384585130 11.428722063700357 108
1777384586015 12.363179206848145 109
1777384586907 12.074858665466309 110
1777384595223 12.652186393737793 111
1777384596089 11.797128041585287 112
1777384596927 11.796333948771158 113
1777384597766 11.437091509501139 114
1777384598604 12.083617528279623 115
1777384599467 11.684614181518555 116
