1777384282353 157.45018465556797 1
1777384283217 154.5656962076823 2
1777384284096 151.4205346001519 3
1777384284958 147.8282954140315 4
1777384285814 143.66659105088976 5
1777384286663 138.8138218955388 6
1777384287513 132.95978388710628 7
1777384288435 125.96239430261036 8
1777384302909 117.51561371334016 9
1777384304007 108.9035881163582 10
1777384304858 99.87006068153987 11
1777384305724 90.4120828537714 12
1777384306578 80.77391325935484 13
1777384307417 71.11929540482778 14
1777384308269 61.28865707639664 15
1777384309125 52.55067382085891 16
1777384309973 43.94706506880503 17
1777384310818 37.24585800170898 18
1777384311664 30.998466019403367 19
1777384312524 26.136180260067896 20
1777384313393 23.05606123909118 21
1777384314237 21.296715206570095 22
1777384315088 19.007819608658078 23
1777384315940 17.904517049638052 24
1777384316785 17.12701946440197 25
1777384318252 17.70834419008285 26
1777384319102 15.891629791259765 27
1777384319957 16.479192364405073 28
1777384320798 16.800677768767827 29
1777384321652 15.825679806300572 30
1777384322503 14.380577553643121 31
1777384323361 15.057241291469998 32
1777384324216 14.790453520275298 33
1777384325079 15.52834077259851 34
1777384325930 14.30765293060787 35
1777384326796 14.875978796822684 36
1777384327633 13.218620969378758 37
1777384328560 13.786647666446747 38
1777384329413 13.650888170514788 39
1777384330266 12.727782785324823 40
1777384331105 12.771113077799479 41
1777384331959 14.76699655623663 42
1777384332801 12.090587718903071 43
1777384333665 11.92869677165198 44
1777384334507 13.108717567201644 45
1777384335367 11.899013973417736 46
1777384336207 12.748508338322715 47
1777384337058 12.080281987265934 48
1777384337919 13.021500466361879 49
1777384338787 13.40970330011277 50
1777384339721 12.041626279316251 51
1777384354931 12.029089724828326 52
1777384356282 11.317814787607345 53
1777384442483 12.74213446057032 54
1777384443370 11.524207269577753 55
1777384445864 11.220995987786187 56
1777384448242 11.547752707345145 57
1777384449189 11.275716581798735 58
1777384490533 10.43973232753693 59
1777384491697 11.913242321922665 60
1777384493194 10.931821647522941 61
1777384494485 11.618852348933144 62
1777384495756 10.405597680712503 63
1777384497052 10.952757905021546 64
1777384498289 10.808667730906652 65
1777384499896 10.822178772517614 66
1777384501310 10.188457422407847 67
1777384503217 11.34600101047092 68
1777384504626 11.781608548240056 69
1777384505978 11.055343485635424 70
1777384507329 10.702529401627798 71
1777384508587 10.126246194990854 72
1777384510087 10.244177240038676 73
1777384511229 10.085498955136254 74
1777384512620 9.996761600554935 75
1777384513888 9.71403397151402 76
1777384515491 9.353195072355724 77
1777384516575 10.206655175345285 78
1777384518006 9.536140496390207 79
1777384519070 10.156004575699095 80
1777384519910 9.493048277355376 81
1777384520746 9.298939332507906 82
1777384521596 9.784906780908978 83
1777384522431 9.127811271425278 84
1777384523259 8.44003190691509 85
1777384524103 9.771007792154949 86
1777384524968 8.909351058233351 87
1777384525836 8.588201450166249 88
1777384526675 8.066585891965836 89
1777384527510 9.50919554574149 90
1777384528381 8.838614902799092 91
1777384529212 8.326107341524155 92
1777384530050 9.252049673171271 93
1777384530904 8.725646247561016 94
1777384531727 8.938208443777901 95
1777384532553 8.44286832960825 96
1777384533394 8.508383251371837 97
1777384534243 8.28009405590239 98
1777384535106 9.21075962914361 99
1777384563182 7.7914620263235905 100
1777384578502 8.91344209701296 101
1777384579658 8.274850049094548 102
1777384580545 8.277356956118629 103
1777384581405 7.898282479482984 104
1777384582358 7.721070595393106 105
1777384583266 8.058884072682215 106
1777384584202 7.352271836901468 107
1777384585130 7.497827535962301 108
1777384586015 8.432619594392323 109
1777384586907 8.117465355282738 110
1777384595223 8.677477780599443 111
1777384596089 7.816917204478431 112
1777384596927 7.874897611708868 113
1777384597766 7.531264638143872 114
1777384598604 8.167298407781692 115
1777384599467 7.749559684026809 116
