1777433913480 -2.7316742576282107 1
1777433914366 -2.5294763880407203 2
1777433915318 -2.25293594515574 3
1777433916191 -1.8935497346136418 4
1777433917105 -1.5185167697176716 5
1777433917977 -1.096526053751609 6
1777433918859 -0.6462014996317026 7
1777433919738 -0.2274884736536157 8
1777433920642 0.14992863143742333 9
1777433921580 0.465741341162365 10
1777433922473 0.6729739719557633 11
1777433923666 0.8074193692052027 12
1777433924536 0.8650933383104205 13
1777433925393 0.8953901762686325 14
1777433926239 0.913489128317213 15
1777433927092 0.9252737853383102 16
1777433927965 0.9346112032437691 17
1777433928844 0.9465526129358098 18
1777433929709 0.9440607101751995 19
1777433930603 0.9515747171955856 20
1777433931498 0.9526403608327021 21
1777433932398 0.9590283140767042 22
1777433933272 0.956209176976722 23
1777433934143 0.9595095676748621 24
1777433935021 0.9570827749557962 25
1777433936243 0.9666390106564345 26
1777433937129 0.959800203802336 27
1777433938015 0.9646349368030008 28
1777433938880 0.9600002046825659 29
1777433939759 0.9629222313873961 30
1777433940649 0.963332757832121 31
1777433941550 0.9653565384851023 32
1777433942436 0.9671431006789893 33
1777433943330 0.9652527225623057 34
1777433944236 0.9619921553384595 35
1777433945120 0.968993285522867 36
1777433946001 0.9677625814760505 37
1777433946893 0.9667844954027524 38
1777433947767 0.9717592053378997 39
1777433948768 0.9694647267087708 40
1777433949641 0.9690184427517218 41
1777433950515 0.9759382136200457 42
1777433951388 0.9729391121612077 43
1777433952300 0.9715479939155721 44
1777433953163 0.9736012537036688 45
1777433954059 0.9702212471056729 46
1777433954937 0.9735711187682355 47
1777433955816 0.9768090003106744 48
1777433956697 0.976547498567732 49
1777433957580 0.976383760257154 50
1777433958440 0.9775718349823359 51
1777433959296 0.9799699444927916 52
1777433960173 0.9759288065288215 53
