1777223396978 178.17939952963204 1
1777223414363 144.67613577396912 2
1777223423822 93.11988575771716 3
1777223514013 41.5381852514504 4
1777223515818 22.762053065553925 5
1777223517650 18.138961223624868 6
1777223519532 16.282543278530504 7
1777223521515 15.223867850219005 8
1777223523470 13.949295382527911 9
1777223525317 13.660257592963044 10
1777223527700 13.697045674521542 11
1777223537856 12.973553911017243 12
1777223622539 12.587065223829281 13
1777223624341 12.731388123642057 14
1777223626171 11.888307054508367 15
1777223627976 11.865620619192631 16
1777223629788 11.379216140656782 17
1777223631598 11.067948341143907 18
1777223633431 10.860178791475015 19
1777223635319 11.26813759685268 20
1777223637212 10.491006452120267 21
1777223639132 10.351074258928469 22
1777223641280 10.20233172264325 23
1777223645209 10.393407890726124 24
1777223659335 9.784200590235242 25
1777223711613 10.061828597932172 26
1777223713453 9.69841727262418 27
1777223715285 9.645219702297414 28
1777223728149 9.77005905512522 29
1777223730965 9.034385080676106 30
1777223733312 8.801652757994521 31
1777223735915 8.771484052217923 32
1777223755820 8.49914583375468 33
1777223801812 8.343923131954035 34
1777223827747 7.573530310907308 35
1777223830277 7.807371110182542 36
1777223832489 7.454251228197086 37
1777223834702 7.406995430669841 38
1777223837776 6.89743831837671 39
1777223842307 7.055646123491095 40
1777223847380 6.6944077025644875 41
1777223867349 6.8312386353622525 42
1777223950512 6.739284172283827 43
1777223954886 6.359327471806453 44
1777223957574 6.494989072359525 45
