1777386854701 161.7647247314453 1
1777386855049 160.09036254882812 2
1777386855376 158.26707458496094 3
1777386855700 156.65231323242188 4
1777386856212 155.01541137695312 5
1777386856550 153.26007080078125 6
1777386856875 151.37660217285156 7
1777386857222 149.28045654296875 8
1777386857560 146.97259521484375 9
1777386857893 144.51632690429688 10
1777386858235 141.8753204345703 11
1777386858578 139.03338623046875 12
1777386858961 135.96728515625 13
1777386859350 132.6544952392578 14
1777386859745 128.95323181152344 15
1777386860795 125.00740051269531 16
1777386861193 121.10240936279297 17
1777386861568 116.93466186523438 18
1777386861969 112.8111343383789 19
1777386862378 108.0787353515625 20
1777386862782 103.79962921142578 21
1777386863157 99.125 22
1777386863560 94.5991439819336 23
1777386864038 89.57887268066406 24
1777386864523 85.21562194824219 25
1777386864962 80.62356567382812 26
1777386865407 75.8077163696289 27
1777386865928 71.26859283447266 28
1777386866431 66.55194091796875 29
1777386866837 61.828739166259766 30
1777386867407 57.68891525268555 31
1777386867907 53.794029235839844 32
1777386868459 48.952022552490234 33
1777386869020 44.76053237915039 34
1777386869586 40.26937484741211 35
1777386870186 37.419342041015625 36
1777386870859 33.92912292480469 37
1777386871677 31.882896423339844 38
1777386872322 30.20855712890625 39
1777386872993 27.812849044799805 40
1777386873682 26.433956146240234 41
1777386874334 26.568695068359375 42
1777386875083 25.08557891845703 43
1777386875919 22.64722442626953 44
1777386876828 22.37925910949707 45
1777386877781 23.045747756958008 46
1777386878552 24.932315826416016 47
1777386879124 21.237499237060547 48
1777386879895 21.349781036376953 49
1777386880748 20.122943878173828 50
1777386881293 20.869243621826172 51
1777386881848 18.724027633666992 52
1777386882567 18.42513084411621 53
1777386883196 19.42591667175293 54
1777386883799 21.940343856811523 55
1777386884151 19.507661819458008 56
1777386884490 19.801342010498047 57
1777386884826 18.8409366607666 58
1777386885143 16.85362434387207 59
1777386885474 19.540132522583008 60
1777386885800 17.940876007080078 61
1777386886132 17.15007972717285 62
1777386886463 17.268301010131836 63
1777386886802 18.401071548461914 64
1777386887130 18.303537368774414 65
1777386887456 18.480852127075195 66
1777386887789 15.795182228088379 67
1777386888111 16.101144790649414 68
1777386888443 17.138200759887695 69
1777386888765 17.393207550048828 70
1777386889107 18.986867904663086 71
1777386889444 17.66860580444336 72
1777386889768 17.659526824951172 73
1777386890079 17.41402244567871 74
1777386890408 17.396656036376953 75
1777386890723 16.97437858581543 76
1777386891042 16.375314712524414 77
1777386891364 16.62626838684082 78
1777386891693 15.68257999420166 79
1777386892018 16.346149444580078 80
1777386892330 16.852243423461914 81
1777386892727 15.580692291259766 82
1777386893061 17.078134536743164 83
1777386893395 14.835216522216797 84
1777386893709 16.051166534423828 85
1777386894065 16.650623321533203 86
1777386894383 16.060667037963867 87
1777386894714 15.680604934692383 88
1777386895037 17.486482620239258 89
1777386895399 14.457192420959473 90
1777386895728 17.70745086669922 91
1777386896054 18.84684181213379 92
1777386896412 15.381738662719727 93
1777386896744 17.081552505493164 94
1777386897080 13.9943265914917 95
1777386897415 15.595277786254883 96
1777386897742 15.598860740661621 97
1777386898068 13.704266548156738 98
1777386898406 17.255443572998047 99
1777386898738 16.022586822509766 100
1777386899095 14.953335762023926 101
1777386899440 14.658597946166992 102
1777386899787 14.001777648925781 103
1777386900125 17.011180877685547 104
1777386900500 15.26699447631836 105
1777386900843 15.848423957824707 106
1777386901244 14.28622817993164 107
1777386901583 15.027995109558105 108
1777386901938 14.234811782836914 109
1777386902616 17.36170768737793 110
1777386953113 15.301213264465332 111
1777386980278 14.522287368774414 112
1777386981874 16.53708267211914 113
1777386982230 13.689772605895996 114
1777386982575 14.880146026611328 115
1777386982935 13.285881996154785 116
1777386983315 13.656473159790039 117
1777386983671 13.25666618347168 118
1777386984037 16.146127700805664 119
1777386984396 14.315302848815918 120
1777386991990 14.501534461975098 121
1777386995882 14.150086402893066 122
1777387006392 13.687747955322266 123
1777387006706 14.3521728515625 124
1777387007029 12.681894302368164 125
1777387007363 13.005609512329102 126
1777387007676 13.973076820373535 127
1777387007985 13.644827842712402 128
1777387008316 16.089914321899414 129
1777387008630 14.662860870361328 130
1777387008951 14.473539352416992 131
1777387010208 13.81198501586914 132
1777387011478 14.208335876464844 133
1777387012660 14.570746421813965 134
1777387014031 13.330389976501465 135
1777387088569 14.654677391052246 136
1777387095346 11.354020118713379 137
1777387095673 14.193490028381348 138
1777387095981 15.386348724365234 139
1777387096307 12.801281929016113 140
1777387096618 12.979592323303223 141
1777387096941 13.740047454833984 142
1777387097295 12.520514488220215 143
1777387097619 12.892104148864746 144
1777387097947 11.816991806030273 145
1777387098279 12.10866928100586 146
1777387098618 13.543581008911133 147
1777387098945 12.289578437805176 148
1777387099293 13.990790367126465 149
1777387099615 11.873891830444336 150
1777387099955 11.909154891967773 151
1777387100311 13.003015518188477 152
1777387100633 13.462247848510742 153
1777387100978 12.18106746673584 154
1777387101321 11.935404777526855 155
1777387101644 13.844964027404785 156
1777387101990 12.554112434387207 157
1777387102317 11.956868171691895 158
1777387102635 13.206302642822266 159
1777387102968 11.656322479248047 160
1777387103305 12.119283676147461 161
1777387103657 11.917624473571777 162
1777387104026 13.791594505310059 163
1777387104538 13.443660736083984 164
1777387105379 13.637938499450684 165
1777387177813 11.431108474731445 166
1777387178172 10.4271879196167 167
1777387178500 11.98828125 168
1777387178818 12.15705680847168 169
1777387179142 12.430691719055176 170
1777387179467 12.101561546325684 171
1777387179790 10.945122718811035 172
1777387180110 10.96229076385498 173
1777387180448 10.344510078430176 174
1777387180777 12.778276443481445 175
1777387181085 11.381945610046387 176
1777387181406 11.438411712646484 177
1777387181730 11.986398696899414 178
1777387182065 13.109219551086426 179
1777387182414 13.680356979370117 180
1777387182747 12.610474586486816 181
1777387183077 13.869966506958008 182
1777387183403 12.349488258361816 183
1777387183718 11.319310188293457 184
1777387184045 12.314325332641602 185
1777387184378 10.892459869384766 186
1777387184704 11.575369834899902 187
1777387254691 11.967628479003906 188
1777387255273 11.083946228027344 189
1777387255601 11.62971305847168 190
1777387255942 11.771574020385742 191
1777387256299 11.501861572265625 192
1777387257143 11.407491683959961 193
1777387257517 11.115273475646973 194
1777387258563 10.911165237426758 195
1777387348269 12.145312309265137 196
1777387349083 11.087578773498535 197
1777387349677 11.287609100341797 198
1777387350150 10.924335479736328 199
1777387350468 10.238945960998535 200
1777387350784 10.923944473266602 201
1777387351275 12.644081115722656 202
1777387351767 10.995875358581543 203
1777387352089 11.075020790100098 204
1777387352417 9.703943252563477 205
1777387352931 11.47883415222168 206
1777387353460 10.720728874206543 207
1777387353783 10.697660446166992 208
1777387354507 10.584282875061035 209
1777387355146 11.706233978271484 210
1777387355538 11.418320655822754 211
1777387356241 10.972484588623047 212
1777387356829 12.456401824951172 213
