1777386854701 -1.7706926984687543 1
1777386855049 -1.734432930063731 2
1777386855376 -1.694455364064797 3
1777386855700 -1.6602298189842002 4
1777386856212 -1.626305870237533 5
1777386856550 -1.5876563815934417 6
1777386856875 -1.5481263649972967 7
1777386857222 -1.5006877749730463 8
1777386857560 -1.4456728300310657 9
1777386857893 -1.3828385241628287 10
1777386858235 -1.3120445847024924 11
1777386858578 -1.2348762005048517 12
1777386858961 -1.1559066159795792 13
1777386859350 -1.0681269385458805 14
1777386859745 -0.9786177543575192 15
1777386860795 -0.8921129336494509 16
1777386861193 -0.7953179267348132 17
1777386861568 -0.7011338458483585 18
1777386861969 -0.6052682370727627 19
1777386862378 -0.5135566907664477 20
1777386862782 -0.4194992340870878 21
1777386863157 -0.3197613909004262 22
1777386863560 -0.22660010388318175 23
1777386864038 -0.14873363372671888 24
1777386864523 -0.05923033002243283 25
1777386864962 0.03677115024846256 26
1777386865407 0.13824187234597862 27
1777386865928 0.20859873381094673 28
1777386866431 0.3059058426556459 29
1777386866837 0.37655784495241806 30
1777386867407 0.44703190645681123 31
1777386867907 0.5176778614695006 32
1777386868459 0.589665742007536 33
1777386869020 0.6511663013785143 34
1777386869586 0.7056988697548499 35
1777386870186 0.7479252766083043 36
1777386870859 0.7923459297061434 37
1777386871677 0.828859929608189 38
1777386872322 0.8493433976341443 39
1777386872993 0.8772586293076052 40
1777386873682 0.8925100072950224 41
1777386874334 0.8962863856966006 42
1777386875083 0.9027767283306578 43
1777386875919 0.9218033164963528 44
1777386876828 0.9252231603429176 45
1777386877781 0.9222377938681056 46
1777386878552 0.911344308759222 47
1777386879124 0.9380724107042524 48
1777386879895 0.9352419646004525 49
1777386880748 0.9437006678779389 50
1777386881293 0.9408426473890973 51
1777386881848 0.9507674998372797 52
1777386882567 0.9501734138503111 53
1777386883196 0.9479241951631165 54
1777386883799 0.9338805721211567 55
1777386884151 0.9487611068649899 56
1777386884490 0.9477388189442453 57
1777386884826 0.9515269683832954 58
1777386885143 0.9624210912543185 59
1777386885474 0.9491121678080578 60
1777386885800 0.9553328333579696 61
1777386886132 0.9610631953471033 62
1777386886463 0.9595527902290529 63
1777386886802 0.9558303348234856 64
1777386887130 0.9561625368617741 65
1777386887456 0.9547057526600732 66
1777386887789 0.967480824991572 67
1777386888111 0.9655920340465528 68
1777386888443 0.9593774498660539 69
1777386888765 0.9585430605293531 70
1777386889107 0.9528247479205642 71
1777386889444 0.9588095174466713 72
1777386889768 0.957549624635843 73
1777386890079 0.9611644404739992 74
1777386890408 0.9599778540383416 75
1777386890723 0.9635518937414249 76
1777386891042 0.9622956149149698 77
1777386891364 0.961587336861892 78
1777386891693 0.9667159793253457 79
1777386892018 0.9639270968195119 80
1777386892330 0.9620595930624793 81
1777386892727 0.9658397244993433 82
1777386893061 0.9606492386183442 83
1777386893395 0.9699309804361934 84
1777386893709 0.966093680118905 85
1777386894065 0.9622274234741656 86
1777386894383 0.9640707637660711 87
1777386894714 0.9674380101319935 88
1777386895037 0.9592474481319194 89
1777386895399 0.9718351393332256 90
1777386895728 0.9584195451904729 91
1777386896054 0.9536713651462125 92
1777386896412 0.9658336524637134 93
1777386896744 0.9608394927711934 94
1777386897080 0.9743241471586993 95
1777386897415 0.9688341216337049 96
1777386897742 0.9670657675702607 97
1777386898068 0.9752539080042646 98
1777386898406 0.9616564023362436 99
1777386898738 0.9664079184866631 100
1777386899095 0.9700664530950035 101
1777386899440 0.9724881851619288 102
1777386899787 0.9743874529813045 103
1777386900125 0.9637336026138347 104
1777386900500 0.969639312453802 105
1777386900843 0.9670762923934569 106
1777386901244 0.9737981161547047 107
1777386901583 0.9707260666916171 108
1777386901938 0.9733370918753064 109
1777386902616 0.9617749459378143 110
1777386953113 0.9698683818882716 111
1777386980278 0.9724155425612084 112
1777386981874 0.9640167490283507 113
1777386982230 0.9752210417397531 114
1777386982575 0.9710383363225792 115
1777386982935 0.9786918519811271 116
1777386983315 0.9743064956385742 117
1777386983671 0.9771581859882725 118
1777386984037 0.9649979519000608 119
1777386984396 0.9740236060352777 120
1777386991990 0.9724354017800143 121
1777386995882 0.9706990203355984 122
1777387006392 0.9764910927791286 123
1777387006706 0.9745690007945903 124
1777387007029 0.978728387712367 125
1777387007363 0.9795220490947881 126
1777387007676 0.9744938307881846 127
1777387007985 0.9757521078110142 128
1777387008316 0.9667253389232835 129
1777387008630 0.9715807255735969 130
1777387008951 0.9733841940160194 131
1777387010208 0.9751489680556825 132
1777387011478 0.9728660037159823 133
1777387012660 0.9733372508366398 134
1777387014031 0.9775503929250532 135
1777387088569 0.9715220967226776 136
1777387095346 0.9829430152798337 137
1777387095673 0.9744440103000304 138
1777387095981 0.9679381860833269 139
1777387096307 0.9791473730065159 140
1777387096618 0.9773819716360892 141
1777387096941 0.9768063556750091 142
1777387097295 0.9799163658725221 143
1777387097619 0.9786794667150102 144
1777387097947 0.9821861372432373 145
1777387098279 0.9819042627588782 146
1777387098618 0.9758675002883854 147
1777387098945 0.98001307541745 148
1777387099293 0.9730577940775474 149
1777387099615 0.9818391396228193 150
1777387099955 0.9811738366549745 151
1777387100311 0.9751594608047209 152
1777387100633 0.9769021551972399 153
1777387100978 0.9816992012309543 154
1777387101321 0.9819534727943835 155
1777387101644 0.9755327179863225 156
1777387101990 0.9794440584258267 157
1777387102317 0.981800337286039 158
1777387102635 0.9763671752909471 159
1777387102968 0.9832004161006365 160
1777387103305 0.9809954460282727 161
1777387103657 0.9802217860314981 162
1777387104026 0.9752030987291388 163
1777387104538 0.9772677603507798 164
1777387105379 0.9751610159985403 165
1777387177813 0.9828665137271029 166
1777387178172 0.9864388183159196 167
1777387178500 0.9815027384729623 168
1777387178818 0.9817935404936577 169
1777387179142 0.978816620950602 170
1777387179467 0.9818044357071826 171
1777387179790 0.9845937887467512 172
1777387180110 0.9848015037565822 173
1777387180448 0.9864130469806335 174
1777387180777 0.9794762131499063 175
1777387181085 0.9837794084116216 176
1777387181406 0.9840394386111748 177
1777387181730 0.9803938056153785 178
1777387182065 0.9782218706462772 179
1777387182414 0.9740499952110304 180
1777387182747 0.9785682200541407 181
1777387183077 0.975430041109417 182
1777387183403 0.9808118873220307 183
1777387183718 0.9828197554500004 184
1777387184045 0.9807930114077354 185
1777387184378 0.9844628737077536 186
1777387184704 0.9828299934331909 187
1777387254691 0.9810599868736328 188
1777387255273 0.9839287075082666 189
1777387255601 0.9832665753224761 190
1777387255942 0.9824225257299373 191
1777387256299 0.9830311194386635 192
1777387257143 0.9833922606794214 193
1777387257517 0.9849039754284395 194
1777387258563 0.9848760998116312 195
1777387348269 0.981006254458192 196
1777387349083 0.9843454276598155 197
1777387349677 0.9836535570481423 198
1777387350150 0.9844820167547075 199
1777387350468 0.9877603715225395 200
1777387350784 0.9844681953440264 201
1777387351275 0.9787686901706105 202
1777387351767 0.9839220366188991 203
1777387352089 0.9839030785663283 204
1777387352417 0.9883810470508003 205
1777387352931 0.9832497834692987 206
1777387353460 0.9853018445184025 207
1777387353783 0.9848353870252677 208
1777387354507 0.9852264215949419 209
1777387355146 0.9811455093948781 210
1777387355538 0.983793747173038 211
1777387356241 0.985094158532534 212
1777387356829 0.9793478695711049 213
