1777386854701 202.3528979592336 1
1777386855049 201.02445630134162 2
1777386855376 199.54954154607822 3
1777386855700 198.27813482580473 4
1777386856212 197.00983477989112 5
1777386856550 195.5548396550185 6
1777386856875 194.05539439487376 7
1777386857222 192.24054146108205 8
1777386857560 190.11415156426415 9
1777386857893 187.65603923801652 10
1777386858235 184.847403281734 11
1777386858578 181.7364270206994 12
1777386858961 178.49671193575247 13
1777386859350 174.8251246782052 14
1777386859745 171.00003426534744 15
1777386860795 167.22021292109096 16
1777386861193 162.8868232470018 17
1777386861568 158.55666746269299 18
1777386861969 154.0242345988124 19
1777386862378 149.5597053646135 20
1777386862782 144.8381033149599 21
1777386863157 139.6570786225138 22
1777386863560 134.63772282035225 23
1777386864038 130.29415338475476 24
1777386864523 125.11531009557743 25
1777386864962 119.31086300605658 26
1777386865407 112.85166390831372 27
1777386865928 108.14678700295492 28
1777386866431 101.28017490172991 29
1777386866837 95.98720210918745 30
1777386867407 90.39935000025581 31
1777386867907 84.42748656854147 32
1777386868459 77.87250447446134 33
1777386869020 71.80000163213786 34
1777386869586 65.94945463312226 35
1777386870186 61.03513412499599 36
1777386870859 55.39690109013883 37
1777386871677 50.291095990617464 38
1777386872322 47.18558305295035 39
1777386872993 42.59030502392827 40
1777386873682 39.856509905358465 41
1777386874334 39.15012359794506 42
1777386875083 37.90533702785549 43
1777386875919 33.99455845988903 44
1777386876828 33.24289162738404 45
1777386877781 33.8999886211725 46
1777386878552 36.19666570830022 47
1777386879124 30.252227448982993 48
1777386879895 30.935851636958475 49
1777386880748 28.844757227809183 50
1777386881293 29.56784067442933 51
1777386881848 26.973742114728445 52
1777386882567 27.13599984877964 53
1777386883196 27.741711177620243 54
1777386883799 31.259339424714835 55
1777386884151 27.517889688885802 56
1777386884490 27.79104355814623 57
1777386884826 26.764882733797027 58
1777386885143 23.566079593811843 59
1777386885474 27.423459712044448 60
1777386885800 25.692684049586468 61
1777386886132 23.98807483678088 62
1777386886463 24.44891262639877 63
1777386886802 25.549199531094658 64
1777386887130 25.452940357678962 65
1777386887456 25.872402779524315 66
1777386887789 21.922244601080642 67
1777386888111 22.549906674210984 68
1777386888443 24.50184842357562 69
1777386888765 24.752203332718054 70
1777386889107 26.404160420282256 71
1777386889444 24.67253056839605 72
1777386889768 25.047018772980998 73
1777386890079 23.956867878641553 74
1777386890408 24.320105454065676 75
1777386890723 23.208802177948698 76
1777386891042 23.60538956475631 77
1777386891364 23.826073169855594 78
1777386891693 22.17854958114794 79
1777386892018 23.089035853845353 80
1777386892330 23.679157811215276 81
1777386892727 22.468596520251186 82
1777386893061 24.115253910987672 83
1777386893395 21.08020760305483 84
1777386893709 22.384921639283775 85
1777386894065 23.626727005743014 86
1777386894383 23.043012123306358 87
1777386894714 21.936670879987123 88
1777386895037 24.541023630246407 89
1777386895399 20.401827322704914 90
1777386895728 24.789048958001345 91
1777386896054 26.166161923086012 92
1777386896412 22.47059235427391 93
1777386896744 24.056886013123925 94
1777386897080 19.479495492155493 95
1777386897415 21.461246073045537 96
1777386897742 22.06170324340349 97
1777386898068 19.123552654077674 98
1777386898406 23.804643912004728 99
1777386898738 22.280950044001294 100
1777386899095 21.032666911083297 101
1777386899440 20.16391645021691 102
1777386899787 19.45546625594792 103
1777386900125 23.150878942294636 104
1777386900500 21.182199540948954 105
1777386900843 22.058176973329385 106
1777386901244 19.678025063764814 107
1777386901583 20.799638686343133 108
1777386901938 19.85038874555381 109
1777386902616 23.767818151599442 110
1777386953113 21.102139535335038 111
1777386980278 20.19051940824231 112
1777386981874 23.060325788858258 113
1777386982230 19.136247905133303 114
1777386982575 20.688405734515587 115
1777386982935 17.74549400194446 116
1777386983315 19.48619020965152 117
1777386983671 18.37302019521423 118
1777386984037 22.743745384205358 119
1777386984396 19.593169037938164 120
1777386991990 20.18325014525117 121
1777386995882 20.809245270328837 122
1777387006392 18.63938072125453 123
1777387006706 19.386390930761518 124
1777387007029 17.730274684303662 125
1777387007363 17.396364976750082 126
1777387007676 19.415021354590852 127
1777387007985 18.930071994908573 128
1777387008316 22.175432044876896 129
1777387008630 20.49376453377039 130
1777387008951 19.832847183210436 131
1777387010208 19.16405772268591 132
1777387011478 20.0249828705256 133
1777387012660 19.850328787667866 134
1777387014031 18.214599555381135 135
1777387088569 20.51489386668447 136
1777387095346 15.876924653414317 137
1777387095673 19.433973378829727 138
1777387095981 21.767537380093092 139
1777387096307 17.554790067012338 140
1777387096618 18.28279657587333 141
1777387096941 18.513979192413213 142
1777387097295 17.228061159300363 143
1777387097619 17.750650743187997 144
1777387097947 16.225358796230246 145
1777387098279 16.353224391478484 146
1777387098618 18.884974793449388 147
1777387098945 17.18653140026415 148
1777387099293 19.954086244710084 149
1777387099615 16.382624358123305 150
1777387099955 16.6800040221724 151
1777387100311 19.160010909871797 152
1777387100633 18.475703600544048 153
1777387100978 16.4456214712662 154
1777387101321 16.330973136765305 155
1777387101644 19.015515868626863 156
1777387101990 17.429460757433716 157
1777387102317 16.40011604081946 158
1777387102635 18.68844061177925 159
1777387102968 15.756672732391923 160
1777387103305 16.758845029379263 161
1777387103657 17.09656162605785 162
1777387104026 19.143174256258252 163
1777387104538 18.32889840786137 164
1777387105379 19.159412017273816 165
1777387177813 15.91248995053198 166
1777387178172 14.156764680040942 167
1777387178500 16.533658924793574 168
1777387178818 16.403177725732082 169
1777387179142 17.693463617538434 170
1777387179467 16.39827000867298 171
1777387179790 15.089094435188064 172
1777387180110 14.98702950777094 173
1777387180448 14.17021033153156 174
1777387180777 17.415822764611477 175
1777387181085 15.482767677992948 176
1777387181406 15.358165425572738 177
1777387181730 17.022052598268022 178
1777387182065 17.94012835980853 179
1777387182414 19.58321368674665 180
1777387182747 17.796900721557357 181
1777387183077 19.055373764035945 182
1777387183403 16.83958505295957 183
1777387183718 15.934187481276746 184
1777387184045 16.847865916415053 185
1777387184378 15.153069294146421 186
1777387184704 15.929438927223169 187
1777387254691 16.730364321557115 188
1777387255273 15.411348872576522 189
1777387255601 15.725615986947707 190
1777387255942 16.117344658104354 191
1777387256299 15.835867642143647 192
1777387257143 15.666447468840705 193
1777387257517 14.936421758449681 194
1777387258563 14.950205231855827 195
1777387348269 16.754079748897635 196
1777387349083 15.210232272108286 197
1777387349677 15.542715465076245 198
1777387350150 15.143731238542083 199
1777387350468 13.449290226356684 200
1777387350784 15.150474092726439 201
1777387351275 17.713470264422885 202
1777387351767 15.414547556356869 203
1777387352089 15.423632118744761 204
1777387352417 13.103845023294928 205
1777387352931 15.733504118773693 206
1777387353460 14.73827607341547 207
1777387353783 14.970314151217162 208
1777387354507 14.776041609296058 209
1777387355146 16.692549380905973 210
1777387355538 15.4759236049349 211
1777387356241 14.842036804918477 212
1777387356829 17.47019207347144 213
