1777433315641 156.31808239164806 1
1777433315952 153.56484840029762 2
1777433316257 151.49505012148902 3
1777433316570 149.45039992559524 4
1777433316874 147.28789730980282 5
1777433317190 145.00247541155133 6
1777433317488 142.56346711658296 7
1777433317788 139.9217309860956 8
1777433318090 137.04412115187873 9
1777433318408 133.77498357863652 10
1777433318735 130.13147786458333 11
1777433319064 126.22785477411179 12
1777433319377 121.96695578438896 13
1777433319706 117.31685907273065 14
1777433320013 112.13131786528088 15
1777433320341 106.8052991594587 16
1777433320641 101.2091561453683 17
1777433320922 95.61864326113746 18
1777433321229 89.72276175362724 19
1777433321527 84.05006357828776 20
1777433321819 78.10675586518788 21
1777433322150 71.61192525227865 22
1777433322437 65.5389888218471 23
1777433322741 59.93827354794457 24
1777433323050 54.49321092878069 25
1777433323356 49.857403782435824 26
1777433323669 44.77678549630301 27
1777433323965 40.39029748099191 28
1777433324285 36.63825049627395 29
1777433324599 32.82050459725516 30
1777433324900 29.864327094668432 31
1777433325207 26.888032731555757 32
1777433325506 23.93260988507952 33
1777433325802 24.125116548084076 34
1777433326127 21.955312256585984 35
1777433326426 19.540688896179198 36
1777433326739 20.05037173316592 37
1777433327036 18.66878389630999 38
1777433327343 19.155844406854538 39
1777433327642 18.321267591203963 40
1777433327944 16.38544051760719 41
1777433328275 16.249951753162204 42
1777433328598 14.71592763264974 43
1777433328883 15.431078592936197 44
1777433329190 16.204419326782226 45
1777433329535 15.340735126677014 46
1777433329858 13.571829114641462 47
1777433330170 15.201276134309314 48
1777433330476 13.396434384300596 49
1777433330762 13.69365452357701 50
1777433331065 13.407974261329288 51
1777433331364 14.687476757594517 52
1777433331670 14.262546902611142 53
1777433331975 12.251650946480888 54
1777433332281 14.041843359810965 55
1777433332617 14.785575321742467 56
1777433332920 13.67693214416504 57
1777433333212 15.178174463907878 58
1777433333519 12.8476045245216 59
1777433333826 13.66054583958217 60
1777433334146 13.383555512201218 61
1777433334473 14.436392012096587 62
1777433334765 15.747288186209543 63
1777433335062 12.789024516514369 64
1777433335360 14.62299063546317 65
1777433335715 12.993859881446475 66
1777433336041 12.338635063171386 67
1777433336379 10.907538400377547 68
1777433336706 12.215470840817407 69
1777433337032 12.499640010652088 70
1777433337360 10.623041598002116 71
1777433337701 12.89743537902832 72
1777433338048 14.02779017857143 73
1777433338439 14.204271934145973 74
1777433338793 13.655617087227958 75
1777433339099 11.139994294302804 76
1777433339415 10.563727696736654 77
1777433339734 11.807888466971262 78
1777433340070 12.257020532517206 79
1777433340419 11.271534928821382 80
1777433340750 11.71968514578683 81
1777433341090 10.964979916527158 82
1777433341409 10.95961076645624 83
1777433341767 12.613755507696242 84
1777433342089 11.86154036748977 85
1777433342425 10.94873419262114 86
1777433342748 11.617910058157785 87
1777433343090 13.74624266851516 88
1777433343424 12.302463331676664 89
1777433343762 10.301725569225493 90
1777433344086 12.489387080782937 91
1777433344409 10.728701309930711 92
1777433344743 10.504734911237444 93
1777433345087 11.650053750900994 94
1777433345448 10.340596771240234 95
1777433345795 10.304173278808594 96
1777433346166 13.06189072018578 97
1777433346499 9.540172413417272 98
1777433346831 8.93370626540411 99
1777433347166 9.977536010742188 100
1777433347505 11.656915610177176 101
1777433347868 9.727803929646809 102
1777433348236 9.719645709083194 103
1777433348578 9.835083134969075 104
1777433348935 8.846883869171142 105
1777433349285 10.67979066939581 106
1777433349632 10.871302613757905 107
1777433350035 10.997985040573846 108
1777433350584 10.920589864821661 109
1777433350964 9.8621521177746 110
1777433351330 11.516171827770414 111
1777433351686 9.53725102742513 112
1777433352329 10.119306718735467 113
1777433352720 11.738177399408249 114
1777433353439 9.473706672305152 115
1777433354953 11.182436988467263 116
1777433356052 11.75642737434024 117
1777433357566 9.184020632789249 118
1777433366784 8.369858905247279 119
1777433367096 10.456919433957054 120
1777433367395 11.276053219749814 121
1777433367707 12.12097046261742 122
1777433368022 9.444078595297677 123
1777433368343 9.352773085094633 124
1777433368680 10.872314062572661 125
1777433369015 11.43641600835891 126
1777433369342 9.976784842354911 127
1777433369673 9.361694844563802 128
1777433370031 9.652429707845052 129
1777433370348 9.649718647911435 130
1777433370664 10.267464338030134 131
1777433371000 9.749000403994605 132
1777433371371 8.92206594376337 133
1777433371782 10.633647900535946 134
1777433372145 10.814662715366909 135
1777433372513 8.650000508626302 136
1777433372855 9.996108073279972 137
1777433373185 7.80795662289574 138
1777433373542 10.378478404453823 139
1777433373915 9.566219220842633 140
1777433374262 9.32149035135905 141
1777433374627 8.85846345084054 142
1777433374979 10.836261985415504 143
1777433375330 11.27259743100121 144
1777433375664 8.39016141437349 145
1777433376014 10.73140404110863 146
1777433376332 9.971684065319243 147
1777433376676 9.082994170415969 148
1777433376995 9.24346479688372 149
1777433377328 9.203174536568778 150
1777433377668 7.998279471624465 151
1777433378019 9.063890884036109 152
1777433378328 8.295991252717517 153
1777433378656 8.52881070091611 154
