1777374738446 227.29244481229463 1
1777374738876 225.84232089280786 2
1777374739298 224.39824043984837 3
1777374739699 223.11410162459475 4
1777374740105 221.70297028062117 5
1777374740535 219.77669775251425 6
1777374740965 217.5589629129308 7
1777374741379 215.5062625975171 8
1777374741796 213.41970094159535 9
1777374742206 211.29535385923657 10
1777374742639 209.09803509657857 11
1777374743299 206.80706966276563 12
1777374743728 204.48171907899248 13
1777374744171 201.98063219341105 14
1777374744595 199.0687597131956 15
1777374745030 195.9225572452034 16
1777374745437 192.6968149710835 17
1777374745907 189.43813922689907 18
1777374746355 185.60784853421472 19
1777374747196 181.51672185366283 20
1777374747623 177.30411175964025 21
1777374748440 173.0575568091437 22
1777374748860 168.94102613782124 23
1777374749290 164.18725613799933 24
1777374749709 159.07844959327457 25
1777374750134 154.14812529268724 26
1777374750562 149.05260056226794 27
1777374750984 143.26085937242246 28
1777374751399 137.7292690843163 29
1777374751839 131.73425546341392 30
1777374752280 125.7984809626094 31
1777374752698 119.7368207779044 32
1777374753115 114.07309026179225 33
1777374753532 107.03262772835907 34
1777374753952 101.29372609057532 35
1777374754370 95.00741130630284 36
1777374754961 88.59264494460729 37
1777374755398 83.43353806136655 38
1777374755860 78.07960243499099 39
1777374756292 72.27721022000988 40
1777374756717 66.37995435252837 41
1777374757153 61.81293841477486 42
1777374757573 58.591960389336904 43
1777374757995 53.35869554838274 44
1777374758444 52.24268227764057 45
1777374758862 46.90210414306458 46
1777374759289 45.69191368899425 47
1777374759707 44.71634094445718 48
1777374760126 41.974866340428946 49
1777374760569 42.12082839368562 50
1777374760980 40.48499915092008 51
1777374761396 39.88356160535472 52
1777374761834 39.30781874204943 53
1777374762274 39.077998487899976 54
1777374762714 36.45683181431843 55
1777374763124 35.846738309934665 56
1777374763531 37.329431420734394 57
1777374763956 37.109927627464124 58
1777374764408 34.79146862468585 59
1777374764838 36.16113670250408 60
1777374765278 33.12663984738152 61
1777374765882 31.93323991585316 62
1777374766924 34.897646097194006 63
1777374767352 31.83845273806355 64
1777374767777 32.28483840776696 65
1777374768204 32.455842522836896 66
1777374768621 31.31225147262899 67
1777374769052 32.04313232350362 68
1777374769472 30.75327984445572 69
1777374769885 31.399840958307912 70
1777374770316 30.756765722281536 71
1777374770742 30.130272368305622 72
1777374771157 30.651065119645516 73
1777374771590 29.368914554164984 74
1777374772022 30.21105972790118 75
1777374772450 30.21564948222713 76
1777374772874 28.531172987300224 77
1777374773292 31.936897048185603 78
1777374773707 29.942313108005074 79
1777374774142 27.00720909797454 80
1777374774564 27.833515585418777 81
1777374774994 28.172783843839763 82
1777374775415 28.211554098772524 83
1777374775887 29.61239265625331 84
1777374776326 32.15798100297187 85
1777374776764 26.47043097156358 86
1777374777194 28.593754269125366 87
1777374778519 30.27205742822083 88
1777374778967 25.233741284612357 89
1777374779415 28.71445556677148 90
1777374779852 27.13922393116534 91
1777374780286 28.69751493215484 92
1777374780709 27.657748458699373 93
1777374781152 28.53339664535391 94
1777374781584 27.299890047068526 95
