1777227673305 183.02828979492188 1
1777227675144 150.0768585205078 2
1777227677007 98.88643646240234 3
1777227678836 46.577449798583984 4
1777227681116 28.37891387939453 5
1777227683542 23.515350341796875 6
1777227685568 21.214561462402344 7
1777227687413 19.949413299560547 8
1777227689265 18.89997100830078 9
1777227691147 18.311279296875 10
1777227692975 18.226200103759766 11
1777227694813 17.3945369720459 12
1777227696637 16.688095092773438 13
1777227698499 16.55609130859375 14
1777227700323 16.603504180908203 15
1777227702174 15.692811012268066 16
1777227704001 16.662113189697266 17
1777227705820 15.36170482635498 18
1777227707655 15.24880313873291 19
1777227709779 15.183730125427246 20
1777227711888 14.825477600097656 21
1777227713829 14.822367668151855 22
1777227715731 14.248400688171387 23
1777227719783 14.13516616821289 24
1777227722120 14.993205070495605 25
1777227724540 13.781057357788086 26
1777227726948 13.328085899353027 27
1777227729362 13.447793960571289 28
1777227731791 12.824610710144043 29
1777227734123 12.816944122314453 30
1777227735964 12.733421325683594 31
1777227737790 12.56599235534668 32
1777227739637 12.46861743927002 33
1777227741513 11.79516315460205 34
1777227743371 11.254178047180176 35
1777227745257 11.701733589172363 36
1777227747093 11.284505844116211 37
1777227748934 11.558311462402344 38
1777227750770 11.16529655456543 39
1777227752612 10.686893463134766 40
1777227754448 10.64674186706543 41
1777227756625 10.540124893188477 42
1777227758741 10.512643814086914 43
1777227760579 10.410820960998535 44
1777227762429 10.315499305725098 45
