1777121590083 159.6909637451172 1
1777121590719 156.19888305664062 2
1777121591353 152.83628845214844 3
1777121591984 148.90634155273438 4
1777121592614 144.15463256835938 5
1777121593244 138.69854736328125 6
1777121593869 132.27490234375 7
1777121594500 124.81584930419922 8
1777121595131 116.94499206542969 9
1777121595760 108.82911682128906 10
1777121596417 100.30135345458984 11
1777121597055 90.87865447998047 12
1777121597683 80.9798812866211 13
1777121598310 70.7821273803711 14
1777121598936 61.48040771484375 15
1777121599568 52.365745544433594 16
1777121600199 43.80940246582031 17
1777121600829 36.34385681152344 18
1777121601463 30.236324310302734 19
1777121602095 26.48651695251465 20
1777121602723 23.512861251831055 21
1777121603349 22.93873405456543 22
1777121603982 21.94538688659668 23
1777121604610 19.175830841064453 24
1777121605238 19.314863204956055 25
1777121605868 19.398839950561523 26
1777121606503 19.53366470336914 27
1777121607157 16.93992042541504 28
1777121607790 17.93712043762207 29
1777121608422 17.490894317626953 30
1777121609065 18.302671432495117 31
1777121609709 16.528358459472656 32
1777121610352 16.06609535217285 33
1777121611000 15.576321601867676 34
1777121611645 16.17523956298828 35
1777121612282 14.330548286437988 36
1777121612923 16.518474578857422 37
1777121613567 15.83211612701416 38
1777121614201 14.196163177490234 39
1777121614844 13.944528579711914 40
1777121615476 14.47717571258545 41
1777121616113 14.552229881286621 42
1777121616752 15.099494934082031 43
1777121617418 13.770480155944824 44
1777121618054 14.937481880187988 45
1777121618692 13.696974754333496 46
1777121619326 14.214742660522461 47
1777121619966 14.691319465637207 48
1777121620601 14.050288200378418 49
1777121621236 15.120641708374023 50
1777121621872 13.563591957092285 51
1777121622508 13.586267471313477 52
1777121623141 14.372588157653809 53
1777121623778 13.08089542388916 54
1777121624412 14.166014671325684 55
1777121625037 12.893492698669434 56
1777121625649 13.809797286987305 57
1777121626260 13.864938735961914 58
1777121626872 12.330456733703613 59
1777121627495 12.41037654876709 60
1777121628154 11.3450345993042 61
1777121628795 11.85357666015625 62
1777121629431 12.582159042358398 63
1777121630068 11.88817024230957 64
1777121630931 12.336336135864258 65
1777121631565 12.458117485046387 66
1777121632201 12.005191802978516 67
1777121632835 12.159184455871582 68
1777121633471 11.837325096130371 69
1777121634111 11.350194931030273 70
1777121634748 11.748390197753906 71
1777121635384 11.206131935119629 72
1777121636027 11.189814567565918 73
1777121636662 11.044990539550781 74
1777121637315 10.998608589172363 75
1777121637980 10.495247840881348 76
1777121638625 12.474812507629395 77
1777121639260 10.939733505249023 78
1777121639898 10.701711654663086 79
1777121640537 11.651689529418945 80
1777121641187 10.788798332214355 81
1777121641820 11.05889892578125 82
1777121642460 11.208821296691895 83
1777121643092 11.198456764221191 84
1777121643732 10.777436256408691 85
1777121644366 10.50620174407959 86
1777121645007 10.507844924926758 87
1777121645641 10.554914474487305 88
1777121646277 11.130172729492188 89
1777121646914 11.12061595916748 90
1777121647550 10.785561561584473 91
1777121648184 10.17336368560791 92
1777121648852 9.9635648727417 93
1777121649491 11.414491653442383 94
1777121650131 10.090989112854004 95
1777121650770 10.127668380737305 96
1777121651406 10.193363189697266 97
1777121652046 9.853148460388184 98
1777121652685 10.543529510498047 99
1777121653324 9.873518943786621 100
1777121653954 9.85426139831543 101
1777121654591 9.937520980834961 102
1777121655231 9.658370018005371 103
1777121655857 10.691779136657715 104
1777121656493 10.26536750793457 105
1777121657135 9.58381462097168 106
1777121657775 9.080622673034668 107
1777121658410 10.390538215637207 108
1777121659074 9.43515396118164 109
1777121659706 10.02004623413086 110
1777121660349 9.199684143066406 111
1777121660990 9.877490997314453 112
1777121661631 9.423349380493164 113
1777121662276 11.28002643585205 114
1777121662913 9.880698204040527 115
1777121663541 9.141373634338379 116
1777121664171 9.670259475708008 117
1777121664801 9.815926551818848 118
1777121665430 9.397367477416992 119
1777121666067 9.566959381103516 120
1777121666691 8.888050079345703 121
1777121667317 9.349607467651367 122
1777121667946 9.609405517578125 123
1777121668579 9.48716926574707 124
1777121669233 9.319135665893555 125
1777121669863 9.226208686828613 126
1777121670493 9.723410606384277 127
1777121671125 8.76584243774414 128
