1777160787255 161.75540161132812 1
1777160787879 158.23936462402344 2
1777160788531 154.9723358154297 3
1777160789149 151.0952911376953 4
1777160789765 146.5435791015625 5
1777160790377 141.43350219726562 6
1777160790990 135.38316345214844 7
1777160791602 128.42486572265625 8
1777160792215 121.07260131835938 9
1777160792827 113.76358795166016 10
1777160793439 105.99462127685547 11
1777160794055 97.7181167602539 12
1777160794668 88.69972229003906 13
1777160795278 80.28324127197266 14
1777160795889 71.34443664550781 15
1777160796501 61.790924072265625 16
1777160797112 52.63302993774414 17
1777160797726 45.3101921081543 18
1777160798338 37.4797477722168 19
1777160798985 31.880084991455078 20
1777160799600 28.94693946838379 21
1777160800212 25.127553939819336 22
1777160800826 24.619712829589844 23
1777160801436 23.10835838317871 24
1777160802048 21.253128051757812 25
1777160802661 20.566606521606445 26
1777160803274 20.485212326049805 27
1777160803888 20.758159637451172 28
1777160804501 19.57196807861328 29
1777160805117 18.692813873291016 30
1777160805732 19.579402923583984 31
1777160806349 17.999271392822266 32
1777160806964 18.077777862548828 33
1777160807579 18.174907684326172 34
1777160808192 17.380399703979492 35
1777160808824 17.242338180541992 36
1777160809435 16.742605209350586 37
1777160810049 16.00542640686035 38
1777160810663 16.570953369140625 39
1777160811276 15.973581314086914 40
1777160811891 16.053836822509766 41
1777160812508 15.908710479736328 42
1777160813129 17.31627082824707 43
1777160813743 14.905224800109863 44
1777160814358 16.784515380859375 45
1777160814975 15.977829933166504 46
1777160815590 15.555313110351562 47
1777160816206 14.884482383728027 48
1777160816821 14.732531547546387 49
1777160817435 15.014176368713379 50
1777160818045 14.634437561035156 51
1777160818679 14.525702476501465 52
1777160819298 15.786181449890137 53
1777160819914 15.193099021911621 54
1777160820529 16.176610946655273 55
1777160821148 14.072503089904785 56
1777160821774 13.836936950683594 57
1777160822410 14.210636138916016 58
1777160823051 13.285518646240234 59
1777160823687 15.161300659179688 60
1777160824318 14.101390838623047 61
1777160824963 13.778310775756836 62
1777160825601 14.748449325561523 63
1777160826245 13.811442375183105 64
1777160826879 12.460772514343262 65
1777160827522 12.414036750793457 66
1777160828159 12.84487533569336 67
1777160828822 13.297965049743652 68
1777160829451 13.573261260986328 69
1777160830091 13.530827522277832 70
1777160830727 12.131612777709961 71
1777160831360 12.902644157409668 72
1777160831992 13.162247657775879 73
1777160832624 13.424734115600586 74
1777160833269 12.150551795959473 75
1777160833958 12.131587028503418 76
1777160835458 13.447524070739746 77
1777160836132 12.76900577545166 78
1777160836802 11.969039916992188 79
1777160837470 11.883099555969238 80
1777160838121 11.800761222839355 81
1777160838803 12.352038383483887 82
1777160839461 10.880738258361816 83
1777160840122 11.530489921569824 84
1777160840770 11.529731750488281 85
1777160841421 10.842533111572266 86
1777160842068 11.839764595031738 87
1777160842726 10.668066024780273 88
1777160843377 10.347121238708496 89
1777160844024 10.005583763122559 90
1777160844678 10.923810958862305 91
1777160845342 10.379305839538574 92
1777160846006 10.342039108276367 93
1777160876172 10.291752815246582 94
1777160877004 10.399876594543457 95
1777160877850 11.651297569274902 96
1777160897321 10.481620788574219 97
1777160915467 9.868861198425293 98
1777161003249 10.610981941223145 99
1777161003999 10.445956230163574 100
1777161004709 11.009157180786133 101
1777161053351 10.821721076965332 102
1777161053978 9.975963592529297 103
1777161054607 10.410207748413086 104
1777161055262 10.432327270507812 105
1777161055978 10.024264335632324 106
1777161178457 10.243457794189453 107
1777161307165 9.716581344604492 108
1777161307823 9.01739501953125 109
1777161311647 9.28589916229248 110
1777161319415 9.912880897521973 111
1777161320218 9.840173721313477 112
1777161321038 9.311153411865234 113
1777161418315 9.356553077697754 114
1777161496172 9.479813575744629 115
1777161499511 9.103561401367188 116
1777161500273 9.360779762268066 117
1777161500963 8.700748443603516 118
1777161501655 9.693196296691895 119
1777161502350 9.612154006958008 120
1777161503031 9.270456314086914 121
1777161503702 9.368768692016602 122
1777161504373 9.113537788391113 123
1777161505058 8.767982482910156 124
1777161505726 8.907608985900879 125
1777161506393 9.387444496154785 126
1777161507091 8.965375900268555 127
1777161507760 9.492371559143066 128
1777161508423 9.147244453430176 129
1777161509081 8.918752670288086 130
1777161509754 10.425922393798828 131
1777161510418 9.729252815246582 132
1777161511082 9.476790428161621 133
1777161511748 9.032432556152344 134
1777161512434 9.873892784118652 135
1777161513103 8.544265747070312 136
1777161515772 8.65602970123291 137
1777161516503 8.504152297973633 138
1777161517228 9.03629207611084 139
1777161517975 8.758341789245605 140
1777161518710 8.943225860595703 141
1777161519469 8.091632843017578 142
1777161520237 8.373966217041016 143
1777161699056 9.394350051879883 144
1777161699766 8.04738998413086 145
1777161700400 8.209980964660645 146
1777161701034 8.86130142211914 147
1777161701669 8.560697555541992 148
1777161702301 8.049546241760254 149
1777161702925 8.463239669799805 150
1777161703558 8.664729118347168 151
1777161704192 8.470404624938965 152
1777161704826 7.871598243713379 153
1777161705454 8.264261245727539 154
1777161706089 8.091717720031738 155
1777161706723 8.453184127807617 156
1777161707354 8.946659088134766 157
1777161707981 8.182321548461914 158
1777161708615 8.669320106506348 159
1777161709283 8.271641731262207 160
1777161709904 7.8939290046691895 161
1777161710538 8.226902961730957 162
1777161711172 8.230480194091797 163
1777161711805 8.624003410339355 164
1777161712430 8.321746826171875 165
1777161713075 8.1246337890625 166
1777161713709 8.646281242370605 167
1777161714344 7.922986030578613 168
1777161714968 8.114032745361328 169
1777161715601 7.727348804473877 170
1777161716238 7.399106502532959 171
