1777160787255 40826.736328125 1
1777160787879 39706.138671875 2
1777160788531 38687.482421875 3
1777160789149 37441.83984375 4
1777160789765 35828.41015625 5
1777160790377 33802.9296875 6
1777160790990 31533.8095703125 7
1777160791602 29116.19921875 8
1777160792215 26624.421875 9
1777160792827 24134.208984375 10
1777160793439 21607.486328125 11
1777160794055 19082.65625 12
1777160794668 16368.71875 13
1777160795278 13866.62841796875 14
1777160795889 11479.8125 15
1777160796501 8914.748046875 16
1777160797112 6582.103515625 17
1777160797726 5046.28662109375 18
1777160798338 3399.3870849609375 19
1777160798985 2397.6419677734375 20
1777160799600 1899.6316528320312 21
1777160800212 1399.5889892578125 22
1777160800826 1278.6563720703125 23
1777160801436 1111.4583740234375 24
1777160802048 919.8866577148438 25
1777160802661 907.8612365722656 26
1777160803274 853.0704650878906 27
1777160803888 860.3114624023438 28
1777160804501 780.4948425292969 29
1777160805117 704.3655090332031 30
1777160805732 768.59814453125 31
1777160806349 659.3628845214844 32
1777160806964 651.0665588378906 33
1777160807579 642.0755310058594 34
1777160808192 580.7683715820312 35
1777160808824 579.3612976074219 36
1777160809435 555.6007385253906 37
1777160810049 495.5688171386719 38
1777160810663 553.6260070800781 39
1777160811276 516.0630493164062 40
1777160811891 525.9761352539062 41
1777160812508 500.1739807128906 42
1777160813129 586.8874206542969 43
1777160813743 432.39976501464844 44
1777160814358 534.0284118652344 45
1777160814975 507.1858825683594 46
1777160815590 482.0316925048828 47
1777160816206 424.7327423095703 48
1777160816821 408.7253875732422 49
1777160817435 440.3356018066406 50
1777160818045 433.8597106933594 51
1777160818679 404.866455078125 52
1777160819298 485.09178161621094 53
1777160819914 449.0561828613281 54
1777160820529 519.3805847167969 55
1777160821148 399.6679229736328 56
1777160821774 377.61875915527344 57
1777160822410 408.79835510253906 58
1777160823051 338.94627380371094 59
1777160823687 475.7865905761719 60
1777160824318 373.7079620361328 61
1777160824963 367.7427520751953 62
1777160825601 414.62770080566406 63
1777160826245 364.3011169433594 64
1777160826879 292.75885009765625 65
1777160827522 300.484375 66
1777160828159 331.7187805175781 67
1777160828822 357.7406768798828 68
1777160829451 356.8589782714844 69
1777160830091 354.98155212402344 70
1777160830727 281.7830047607422 71
1777160831360 317.2729797363281 72
1777160831992 339.1687469482422 73
1777160832624 330.5718078613281 74
1777160833269 291.7216491699219 75
1777160833958 284.60716247558594 76
1777160835458 350.97479248046875 77
1777160836132 307.1172790527344 78
1777160836802 263.94444274902344 79
1777160837470 275.0564880371094 80
1777160838121 260.88597106933594 81
1777160838803 283.51654052734375 82
1777160839461 223.21902465820312 83
1777160840122 249.32424926757812 84
1777160840770 253.00140380859375 85
1777160841421 217.7135467529297 86
1777160842068 268.3989562988281 87
1777160842726 213.16168975830078 88
1777160843377 194.1183319091797 89
1777160844024 191.21478271484375 90
1777160844678 217.13239288330078 91
1777160845342 201.20960235595703 92
1777160846006 195.17091369628906 93
1777160876172 195.36387634277344 94
1777160877004 210.2868423461914 95
1777160877850 255.42008209228516 96
1777160897321 202.82160186767578 97
1777160915467 173.7213897705078 98
1777161003249 208.38314819335938 99
1777161003999 200.34933471679688 100
1777161004709 229.63381958007812 101
1777161053351 216.76513671875 102
1777161053978 184.90402221679688 103
1777161054607 201.99669647216797 104
1777161055262 204.10062408447266 105
1777161055978 181.71119689941406 106
1777161178457 195.1283187866211 107
1777161307165 170.18474578857422 108
1777161307823 148.9481964111328 109
1777161311647 155.6996078491211 110
1777161319415 174.25537872314453 111
1777161320218 176.49890899658203 112
1777161321038 163.08165740966797 113
1777161418315 165.0934295654297 114
1777161496172 162.30199432373047 115
1777161499511 150.42446899414062 116
1777161500273 158.12297821044922 117
1777161500963 138.23626708984375 118
1777161501655 173.1971435546875 119
1777161502350 170.43029022216797 120
1777161503031 158.88175201416016 121
1777161503702 162.12494659423828 122
1777161504373 151.73413848876953 123
1777161505058 141.0902557373047 124
1777161505726 144.10179901123047 125
1777161506393 167.3858871459961 126
1777161507091 158.9448471069336 127
1777161507760 171.3463897705078 128
1777161508423 154.24376678466797 129
1777161509081 144.6502914428711 130
1777161509754 212.08075714111328 131
1777161510418 180.2135238647461 132
1777161511082 169.73677825927734 133
1777161511748 152.06279754638672 134
1777161512434 182.1663360595703 135
1777161513103 131.56171417236328 136
1777161515772 146.69652557373047 137
1777161516503 131.80936431884766 138
1777161517228 148.20902252197266 139
1777161517975 145.49628448486328 140
1777161518710 154.02411651611328 141
1777161519469 118.91035461425781 142
1777161520237 132.89824676513672 143
1777161699056 159.71887969970703 144
1777161699766 119.02706146240234 145
1777161700400 120.56258773803711 146
1777161701034 150.63172149658203 147
1777161701669 135.14601135253906 148
1777161702301 126.77437591552734 149
1777161702925 144.73615264892578 150
1777161703558 136.71136474609375 151
1777161704192 127.59765625 152
1777161704826 111.08995819091797 153
1777161705454 124.46871948242188 154
1777161706089 118.0860595703125 155
1777161706723 136.1065902709961 156
1777161707354 148.24828338623047 157
1777161707981 121.01448440551758 158
1777161708615 140.4297637939453 159
1777161709283 125.40093612670898 160
1777161709904 110.83842849731445 161
1777161710538 125.37014770507812 162
1777161711172 124.08703994750977 163
1777161711805 140.8824234008789 164
1777161712430 128.6761932373047 165
1777161713075 125.31721115112305 166
1777161713709 142.79273223876953 167
1777161714344 117.25950622558594 168
1777161714968 115.41683578491211 169
1777161715601 108.564697265625 170
1777161716238 98.24322891235352 171
