1777308171955 -1.6011618485477448 1
1777308173852 -0.8382762735323294 2
1777308175740 0.2008402468115101 3
1777308177623 0.8223404646483816 4
1777308179507 0.9225350249633607 5
1777308181392 0.9392141253052847 6
1777308183297 0.9486901465158457 7
1777308185189 0.9552565298830833 8
1777308187068 0.9582966685026786 9
1777308188939 0.9607488634498088 10
1777308190821 0.962725608338355 11
1777308192728 0.9664799829468457 12
1777308194606 0.965654761840903 13
1777308196473 0.96550964282813 14
1777308198343 0.9701507878164272 15
1777308200213 0.9707021634705859 16
1777308202084 0.971071656864743 17
1777308203950 0.974312932196769 18
1777308205813 0.9748329997223166 19
1777308207681 0.9755196543032427 20
1777308209546 0.9759708317527467 21
1777308211411 0.9766376588557322 22
1777308213300 0.9784756711515599 23
1777308215165 0.978412645444551 24
1777308217030 0.9797356555554231 25
1777308218928 0.9817952766715831 26
1777308220796 0.9829132663376058 27
1777308222657 0.9837812429044073 28
1777308224540 0.9840633830567773 29
1777308226404 0.9844873416165936 30
1777308228271 0.9857584192446438 31
1777308230138 0.986813017048574 32
1777308232000 0.985558320391043 33
1777308233865 0.9866925474873962 34
1777308235760 0.9874632967406182 35
1777308237628 0.9879867894382242 36
1777308239498 0.9879171095034229 37
1777308241358 0.988088506268247 38
1777308243224 0.9883568762971032 39
1777308245087 0.9883558125210824 40
1777308246985 0.9888048269309389 41
1777308248850 0.9891549684071974 42
1777308250723 0.9890881518979535 43
1777308252586 0.9895661510070474 44
1777308254452 0.9898649182820677 45
1777308256328 0.9899997068562747 46
1777308258204 0.9902932725995619 47
1777308260082 0.9898100484996644 48
1777308261947 0.9906218200214996 49
1777308263822 0.9904159938033391 50
1777308265704 0.9903136101977206 51
1777308267594 0.991088705715196 52
