1777370856281 160.11370239257812 1
1777370857528 150.64305114746094 2
1777370860153 137.4120330810547 3
1777370861592 118.59500274658203 4
1777370863006 96.1758041381836 5
1777370864215 73.38369903564453 6
1777370865640 53.2870361328125 7
1777370867117 35.94725341796875 8
1777370869258 26.95906982421875 9
1777370871276 22.965840148925782 10
1777370872677 21.60377311706543 11
1777370874357 19.99910697937012 12
1777370876385 20.102286529541015 13
1777370877594 19.856882858276368 14
1777370879056 17.52676467895508 15
1777370880650 18.440610885620117 16
1777370882699 16.979158020019533 17
1777370884606 17.174439239501954 18
1777370886264 17.261594390869142 19
1777370887921 15.631405639648438 20
1777370889397 15.197395706176758 21
1777370891179 15.659830093383789 22
1777370892402 16.65446357727051 23
1777370894272 15.120635604858398 24
1777370895826 15.506494522094727 25
1777370897966 15.047519302368164 26
1777370899370 15.220978736877441 27
1777370900548 14.610033416748047 28
1777370901976 14.385158157348632 29
1777370903692 13.697587776184083 30
1777370904925 13.435673332214355 31
1777370906153 15.55232639312744 32
1777370907635 13.674059867858887 33
1777370908828 13.68525333404541 34
1777370910269 12.963764190673828 35
1777370911464 14.312650680541992 36
1777370912735 13.734021186828613 37
1777370914018 11.799061584472657 38
1777370915809 12.226600837707519 39
1777370917027 11.699249839782714 40
1777370918614 11.609988784790039 41
1777370920400 10.870216941833496 42
1777370921667 11.084021949768067 43
1777370923036 10.956707382202149 44
1777370924493 11.58049659729004 45
1777370925923 10.841732215881347 46
1777370927274 11.258246994018554 47
1777370928792 10.513381385803223 48
1777370930293 11.046081161499023 49
1777370931784 10.383965873718262 50
1777370933439 10.662883949279784 51
1777370935321 10.089672088623047 52
1777370936508 10.238721084594726 53
1777370938291 12.963876533508301 54
1777370939488 10.329472541809082 55
1777370940686 10.071810150146485 56
1777370941880 9.837682914733886 57
1777370943326 10.317509841918945 58
1777370944789 9.901581764221191 59
1777370945953 9.436798667907714 60
1777370947423 9.408160781860351 61
1777370948890 9.960873031616211 62
1777370950543 8.895321655273438 63
1777370952157 9.621874618530274 64
1777370953635 9.200568389892577 65
1777370955045 9.808253288269043 66
1777370956540 9.28108615875244 67
1777370957974 9.415310668945313 68
1777370960031 10.481640434265136 69
1777370961596 9.457376289367676 70
1777370962788 9.164200019836425 71
1777370963967 9.39644947052002 72
1777370965266 9.78587760925293 73
1777370966721 8.956604766845704 74
1777370968550 8.96751651763916 75
1777370969718 9.233240127563477 76
1777370970889 9.588676643371581 77
1777370972463 8.746264457702637 78
1777370973783 9.407159996032714 79
1777370975327 9.068832778930664 80
1777370976546 8.81642417907715 81
1777370978012 8.295683097839355 82
1777370979278 8.516512680053712 83
1777370980527 8.546977424621582 84
1777370982037 8.717044830322266 85
1777370984139 9.059496879577637 86
1777370985860 8.751808547973633 87
1777370987128 8.119029998779297 88
1777370988340 8.774114418029786 89
1777370989540 8.08436222076416 90
1777370990740 7.961515235900879 91
1777370993201 8.043519592285156 92
1777370994738 8.35503568649292 93
1777370997901 8.371185874938964 94
1777370999304 8.416743087768555 95
1777371000476 8.753024101257324 96
1777371001757 8.002435970306397 97
1777371003217 7.925486755371094 98
1777371005531 8.013962173461914 99
1777371007461 8.06396198272705 100
1777371008642 8.298363971710206 101
