1777370856281 40982.88046875 1
1777370857528 37783.0546875 2
1777370860153 32843.07578125 3
1777370861592 26269.208984375 4
1777370863006 19227.95234375 5
1777370864215 12475.4890625 6
1777370865640 7087.53193359375 7
1777370867117 3294.3474609375 8
1777370869258 1627.333740234375 9
1777370871276 1093.413525390625 10
1777370872677 964.1410766601563 11
1777370874357 806.0715209960938 12
1777370876385 817.8797607421875 13
1777370877594 802.1163940429688 14
1777370879056 611.2260864257812 15
1777370880650 690.06953125 16
1777370882699 577.5569580078125 17
1777370884606 591.9162475585938 18
1777370886264 616.0563354492188 19
1777370887921 492.83709716796875 20
1777370889397 471.5098083496094 21
1777370891179 493.7823913574219 22
1777370892402 565.7100830078125 23
1777370894272 463.39464111328124 24
1777370895826 486.457275390625 25
1777370897966 455.2820678710938 26
1777370899370 484.09824829101564 27
1777370900548 429.6812377929688 28
1777370901976 425.7916687011719 29
1777370903692 379.79692993164065 30
1777370904925 355.7991027832031 31
1777370906153 510.7849365234375 32
1777370907635 369.28553466796876 33
1777370908828 376.60633544921876 34
1777370910269 329.87896118164065 35
1777370911464 415.51262817382815 36
1777370912735 380.0179809570312 37
1777370914018 265.24741516113284 38
1777370915809 295.598583984375 39
1777370917027 268.07860412597654 40
1777370918614 274.11473693847654 41
1777370920400 228.39811096191406 42
1777370921667 244.1341552734375 43
1777370923036 227.55539245605468 44
1777370924493 278.4858367919922 45
1777370925923 227.77672424316407 46
1777370927274 243.86438598632813 47
1777370928792 208.3872283935547 48
1777370930293 241.69497680664062 49
1777370931784 200.18242797851562 50
1777370933439 214.43392028808594 51
1777370935321 197.72194213867186 52
1777370936508 204.36610412597656 53
1777370938291 343.80760498046874 54
1777370939488 201.71700744628907 55
1777370940686 190.0620880126953 56
1777370941880 182.54344482421874 57
1777370943326 208.5191162109375 58
1777370944789 195.8206787109375 59
1777370945953 171.3705047607422 60
1777370947423 174.7026611328125 61
1777370948890 193.63664855957032 62
1777370950543 149.2354705810547 63
1777370952157 176.61855773925782 64
1777370953635 159.0013854980469 65
1777370955045 192.62367248535156 66
1777370956540 166.38428955078126 67
1777370957974 170.4153076171875 68
1777370960031 229.49873962402344 69
1777370961596 167.03143310546875 70
1777370962788 161.92803039550782 71
1777370963967 176.61468811035155 72
1777370965266 201.45388793945312 73
1777370966721 154.1552734375 74
1777370968550 152.04947204589843 75
1777370969718 159.77996826171875 76
1777370970889 175.5551025390625 77
1777370972463 146.08720703125 78
1777370973783 181.50164794921875 79
1777370975327 157.05309448242187 80
1777370976546 150.7533416748047 81
1777370978012 130.34073944091796 82
1777370979278 134.8038360595703 83
1777370980527 140.99859924316405 84
1777370982037 149.73014221191406 85
1777370984139 167.31849060058593 86
1777370985860 145.71864013671876 87
1777370987128 125.11358947753907 88
1777370988340 154.58477478027345 89
1777370989540 124.44531860351563 90
1777370990740 117.85191650390625 91
1777370993201 122.61884307861328 92
1777370994738 133.4840530395508 93
1777370997901 135.1705810546875 94
1777370999304 138.27557067871095 95
1777371000476 149.08494873046874 96
1777371001757 121.63257598876953 97
1777371003217 117.53941802978515 98
1777371005531 120.76534423828124 99
1777371007461 124.25176239013672 100
1777371008642 131.13311920166015 101
