1777213042955 155.47264099121094 1
1777213044145 143.52569580078125 2
1777213045300 125.62670440673828 3
1777213046472 100.44815063476562 4
1777213101546 71.26487731933594 5
1777213104084 45.07379302978516 6
1777213105337 29.371199798583984 7
1777213106555 22.52191047668457 8
1777213107769 19.858404922485352 9
1777213108924 18.940127563476562 10
1777213110073 17.047751045227052 11
1777213111214 16.75605926513672 12
1777213112395 16.833636856079103 13
1777213113540 16.611682510375978 14
1777213117551 15.433926773071288 15
1777213118870 14.797391128540038 16
1777213149912 14.446502113342286 17
1777213151064 14.930458068847656 18
1777213152192 14.885048103332519 19
1777213153314 15.222904586791993 20
1777213154438 13.571786308288575 21
1777213155639 14.734085083007812 22
1777213156823 14.130382919311524 23
1777213157987 13.39425449371338 24
1777213162431 12.776668739318847 25
1777213163707 12.404948425292968 26
1777213164911 12.967424392700195 27
1777213166074 12.707051849365234 28
1777213183382 12.568814468383788 29
1777213184530 11.956738662719726 30
1777213185676 12.528975486755371 31
1777213186805 12.91644344329834 32
1777213187928 12.91284236907959 33
1777213189040 12.148037719726563 34
1777213190148 11.86114444732666 35
1777213191271 11.365504455566406 36
1777213192374 11.757588768005371 37
1777213193517 11.620491981506348 38
1777213194621 11.411772537231446 39
1777213195728 11.24146671295166 40
1777213196838 11.150248527526855 41
1777213197945 11.429919242858887 42
1777213199055 10.62246494293213 43
1777213200177 10.42927951812744 44
1777213201939 11.03153076171875 45
1777213203203 10.25010280609131 46
1777213204509 10.217654609680176 47
1777213208805 10.67135124206543 48
1777213214572 10.130853080749512 49
1777213280341 9.869356155395508 50
1777213281429 10.819207763671875 51
1777213287672 10.016220092773438 52
1777213289053 9.834578323364259 53
1777213290336 9.77656421661377 54
1777213291680 9.949551963806153 55
1777213293028 10.133690071105956 56
1777213294368 9.656247901916505 57
1777213295702 9.276458740234375 58
1777213296850 9.538164329528808 59
1777213297958 10.248936653137207 60
1777213299174 9.566997718811034 61
1777213300525 9.41322078704834 62
1777213301861 9.289085960388183 63
1777213303170 9.073234367370606 64
1777213304277 9.003502655029298 65
1777213305384 8.884528732299804 66
1777213306497 9.301644706726075 67
1777213307720 9.524650382995606 68
1777213308877 8.788145637512207 69
1777213310106 8.56930103302002 70
1777213311830 8.437173461914062 71
1777213482172 8.399147987365723 72
1777213517190 8.342296600341797 73
1777213524558 7.975432968139648 74
1777213526741 8.952899551391601 75
1777213532564 8.103833961486817 76
1777213533984 8.269963455200195 77
1777213535243 8.058117294311524 78
1777213536630 8.346874046325684 79
1777213538064 8.152793216705323 80
1777213553968 8.1655704498291 81
1777213555744 8.113140487670899 82
1777213557604 7.941944789886475 83
1777213559437 7.983916282653809 84
1777213562306 7.899921321868897 85
1777213567420 7.8489203453063965 86
1777213587010 7.415746402740479 87
1777213589031 7.512612247467041 88
1777213615960 7.576599025726319 89
1777213617319 7.486786651611328 90
1777213618929 8.073193359375 91
1777213623825 7.943476867675781 92
1777213625936 7.61278600692749 93
1777213631975 7.534761619567871 94
1777213634574 7.886298751831054 95
1777213638356 7.577186965942383 96
1777213640326 7.393388748168945 97
1777213641995 7.371054744720459 98
1777213643749 7.535207939147949 99
1777213645323 7.376082706451416 100
1777213646855 7.328666496276855 101
1777213648336 7.8780440330505375 102
1777213649838 7.28270206451416 103
1777213651333 7.383922481536866 104
1777213652555 6.95853624343872 105
1777213653898 7.267458915710449 106
1777213655133 7.237674427032471 107
1777213656395 7.155827808380127 108
1777213657719 7.374749946594238 109
1777213659029 6.919316577911377 110
1777213660304 7.142943572998047 111
1777213661596 6.998803806304932 112
1777213663024 6.745960998535156 113
1777213664507 6.970269966125488 114
1777213665966 6.814647674560547 115
1777213682330 6.958727836608887 116
1777213683948 6.8571295738220215 117
1777213685538 7.148672008514405 118
1777213687076 6.446104717254639 119
1777213689213 6.623332118988037 120
1777213691794 6.634070110321045 121
1777213694705 6.766559028625489 122
1777213697259 6.66180419921875 123
1777213718672 6.886678314208984 124
1777213720251 6.544015121459961 125
1777213721628 6.691266059875488 126
1777213722960 6.644929885864258 127
1777213724453 6.5749311447143555 128
1777213725949 6.476233577728271 129
1777213727186 6.120916843414307 130
1777213728689 6.464059925079345 131
1777213730081 6.609529113769531 132
1777213731365 6.543324184417725 133
1777213732648 6.634364032745362 134
1777213733846 6.536695194244385 135
1777213735153 6.602130317687989 136
1777213736419 6.659960842132568 137
1777213737711 6.501975154876709 138
1777213739021 6.343908882141113 139
1777213740429 6.407376003265381 140
1777214126284 6.563879489898682 141
1777214276716 6.73027286529541 142
1777214305569 6.879274177551269 143
1777214306866 6.317197036743164 144
1777214308281 6.435318183898926 145
1777214310471 6.232148170471191 146
1777214373299 6.165262508392334 147
1777214375286 6.376978206634521 148
