1777385096842 194.7865447998047 1
1777385097210 191.97409057617188 2
1777385097571 189.7288055419922 3
1777385097918 187.54571533203125 4
1777385098269 185.15887451171875 5
1777385098625 182.44989013671875 6
1777385098980 179.3916778564453 7
1777385099344 176.00547790527344 8
1777385099721 172.3856201171875 9
1777385100074 168.4654541015625 10
1777385100443 164.4010772705078 11
1777385100967 160.12109375 12
1777385101332 155.73602294921875 13
1777385101815 151.1547393798828 14
1777385102176 146.34384155273438 15
1777385102561 141.38894653320312 16
1777385102929 136.34193420410156 17
1777385103301 130.82164001464844 18
1777385103932 125.19778442382812 19
1777385104300 119.26908111572266 20
1777385104674 113.16974639892578 21
1777385105065 107.08816528320312 22
1777385105585 100.99485778808594 23
1777385105958 94.71800231933594 24
1777385106316 88.11143493652344 25
1777385106680 82.2065658569336 26
1777385107193 75.86237335205078 27
1777385107557 70.20940399169922 28
1777385107902 64.06446075439453 29
1777385108256 58.691123962402344 30
1777385108612 53.005863189697266 31
1777385108977 47.86725616455078 32
1777385109375 43.36648941040039 33
1777385109724 39.95072937011719 34
1777385110099 35.75669479370117 35
1777385110520 32.4327507019043 36
1777385110915 31.912328720092773 37
1777385111289 30.027732849121094 38
1777385111674 27.703445434570312 39
1777385112166 26.02483367919922 40
1777385112556 26.042339324951172 41
1777385112922 24.73848533630371 42
1777385113282 23.15300941467285 43
1777385113630 23.720890045166016 44
1777385114002 21.26184844970703 45
1777385114376 22.17631721496582 46
1777385114752 21.940387725830078 47
1777385115111 19.816997528076172 48
1777385115475 19.64849281311035 49
1777385115836 20.601335525512695 50
1777385116203 22.032377243041992 51
1777385116568 22.429323196411133 52
1777385116943 17.94672393798828 53
1777385117374 18.76287841796875 54
1777385117744 20.794221878051758 55
1777385118128 17.911510467529297 56
1777385118489 19.260028839111328 57
1777385118850 18.583980560302734 58
1777385119219 17.654254913330078 59
1777385119595 17.96782684326172 60
1777385119949 19.251262664794922 61
1777385120301 16.441904067993164 62
1777385120686 17.85782241821289 63
1777385121061 17.110328674316406 64
1777385121476 16.343955993652344 65
1777385121832 17.793256759643555 66
1777385122200 15.88060474395752 67
1777385122565 16.1516170501709 68
1777385122941 16.6798095703125 69
1777385123300 16.72928237915039 70
1777385123660 17.81844711303711 71
1777385124037 14.88220500946045 72
1777385124395 14.270055770874023 73
1777385124768 15.696639060974121 74
1777385125131 17.122892379760742 75
1777385125497 17.51667022705078 76
1777385125872 15.777359008789062 77
1777385126222 13.506495475769043 78
1777385126635 15.394969940185547 79
1777385126984 15.973034858703613 80
1777385127331 17.11968994140625 81
1777385127690 16.598804473876953 82
1777385128036 15.224560737609863 83
1777385128380 14.812844276428223 84
1777385128740 15.89731216430664 85
1777385129095 14.175520896911621 86
1777385129438 14.390048027038574 87
1777385129779 14.497598648071289 88
1777385130128 15.780817985534668 89
1777385130477 12.65110969543457 90
