1777385096842 189.78654328295465 1
1777385097210 186.97409465722077 2
1777385097571 184.72885065022305 3
1777385097918 182.54752406735392 4
1777385098269 180.17277900650657 5
1777385098625 177.49745355188494 6
1777385098980 174.51691080127242 7
1777385099344 171.21398812017497 8
1777385099721 167.62469932059565 9
1777385100074 163.64053584894484 10
1777385100443 159.5436226748856 11
1777385100967 155.2593708828356 12
1777385101332 150.8943821472529 13
1777385101815 146.3263821393075 14
1777385102176 141.5183636907995 15
1777385102561 136.57166897926106 16
1777385102929 131.5302218826565 17
1777385103301 126.02045176127959 18
1777385103932 120.37959755440436 19
1777385104300 114.46478359064407 20
1777385104674 108.3845247167102 21
1777385105065 102.31287508631598 22
1777385105585 96.24076909172464 23
1777385105958 89.96803671029897 24
1777385106316 83.41526283399593 25
1777385106680 77.53594902083718 26
1777385107193 71.18352429993759 27
1777385107557 65.52480932382437 28
1777385107902 59.42333885960325 29
1777385108256 54.086626759365465 30
1777385108612 48.46468992063985 31
1777385108977 43.34233670657908 32
1777385109375 38.872082253179606 33
1777385109724 35.480825232330865 34
1777385110099 31.2906437958486 35
1777385110520 27.995890002278887 36
1777385110915 27.435469484047072 37
1777385111289 25.602919396846254 38
1777385111674 23.286289163171894 39
1777385112166 21.63842700303659 40
1777385112556 21.604619177417643 41
1777385112922 20.333871277126335 42
1777385113282 18.821621692815476 43
1777385113630 19.39025014166296 44
1777385114002 17.020848931081197 45
1777385114376 17.84687934965777 46
1777385114752 17.627598176764312 47
1777385115111 15.548099608110958 48
1777385115475 15.368520165618355 49
1777385115836 16.313554594502648 50
1777385116203 17.718985697503626 51
1777385116568 18.071233988654683 52
1777385116943 13.71273789039025 53
1777385117374 14.522911250097511 54
1777385117744 16.547070612709902 55
1777385118128 13.709840194431282 56
1777385118489 15.039951427166278 57
1777385118850 14.376998194858167 58
1777385119219 13.48894433354485 59
1777385119595 13.785391097661305 60
1777385119949 14.998287716701892 61
1777385120301 12.293804272533169 62
1777385120686 13.602069568069728 63
1777385121061 12.85839848715878 64
1777385121476 12.200336179789707 65
1777385121832 13.539015105207996 66
1777385122200 11.764899234658868 67
1777385122565 12.024868152550692 68
1777385122941 12.490837093782142 69
1777385123300 12.5576286451351 70
1777385123660 13.610617471728805 71
1777385124037 10.7534225960455 72
1777385124395 10.20017594557542 73
1777385124768 11.588395749605619 74
1777385125131 12.951673442231128 75
1777385125497 13.29598824540539 76
1777385125872 11.684870119489862 77
1777385126222 9.550050987153364 78
1777385126635 11.281940801044893 79
1777385126984 11.84652687614486 80
1777385127331 12.904266530099 81
1777385127690 12.430944842276489 82
1777385128036 11.088810929744202 83
1777385128380 10.714156206119695 84
1777385128740 11.750287410352357 85
1777385129095 10.099410311004819 86
1777385129438 10.363297592253375 87
1777385129779 10.41954856398543 88
1777385130128 11.650506583896615 89
1777385130477 8.66030315534603 90
