1777385096842 51423.35546875 1
1777385097210 50338.79296875 2
1777385097571 49487.6484375 3
1777385097918 48664.73046875 4
1777385098269 47771.19921875 5
1777385098625 46763.2890625 6
1777385098980 45652.44140625 7
1777385099344 44383.5546875 8
1777385099721 43007.3359375 9
1777385100074 41434.69921875 10
1777385100443 39849.48828125 11
1777385100967 38260.5390625 12
1777385101332 36636.55078125 13
1777385101815 34941.1875 14
1777385102176 33253.96484375 15
1777385102561 31596.666015625 16
1777385102929 29752.43359375 17
1777385103301 27933.798828125 18
1777385103932 26193.78515625 19
1777385104300 24437.41796875 20
1777385104674 22516.3359375 21
1777385105065 20748.72265625 22
1777385105585 18919.697265625 23
1777385105958 17137.208984375 24
1777385106316 15350.0556640625 25
1777385106680 13553.4638671875 26
1777385107193 12051.6083984375 27
1777385107557 10535.7392578125 28
1777385107902 8976.97265625 29
1777385108256 7760.7958984375 30
1777385108612 6493.3642578125 31
1777385108977 5435.5390625 32
1777385109375 4426.96435546875 33
1777385109724 3644.38671875 34
1777385110099 3048.43408203125 35
1777385110520 2474.718505859375 36
1777385110915 2165.676513671875 37
1777385111289 1907.1650390625 38
1777385111674 1643.791748046875 39
1777385112166 1459.99169921875 40
1777385112556 1374.24169921875 41
1777385112922 1264.97900390625 42
1777385113282 1113.5894775390625 43
1777385113630 1114.8563232421875 44
1777385114002 925.7625122070312 45
1777385114376 958.1455078125 46
1777385114752 970.8009033203125 47
1777385115111 774.0783081054688 48
1777385115475 794.817138671875 49
1777385115836 816.8927612304688 50
1777385116203 952.5304565429688 51
1777385116568 934.2562866210938 52
1777385116943 622.0086059570312 53
1777385117374 662.96728515625 54
1777385117744 855.1840209960938 55
1777385118128 620.8418579101562 56
1777385118489 726.4933471679688 57
1777385118850 666.5028076171875 58
1777385119219 598.91015625 59
1777385119595 637.1900024414062 60
1777385119949 734.3264770507812 61
1777385120301 516.8822021484375 62
1777385120686 578.0233154296875 63
1777385121061 533.7354125976562 64
1777385121476 505.3692321777344 65
1777385121832 585.2138061523438 66
1777385122200 469.52020263671875 67
1777385122565 502.0458068847656 68
1777385122941 511.6900939941406 69
1777385123300 541.4923095703125 70
1777385123660 610.7435913085938 71
1777385124037 410.338623046875 72
1777385124395 382.68255615234375 73
1777385124768 455.6916809082031 74
1777385125131 570.282958984375 75
1777385125497 569.6824951171875 76
1777385125872 484.15679931640625 77
1777385126222 354.5028991699219 78
1777385126635 451.1480712890625 79
1777385126984 470.6968994140625 80
1777385127331 513.9771118164062 81
1777385127690 535.50634765625 82
1777385128036 419.9784851074219 83
1777385128380 401.1474914550781 84
1777385128740 455.48065185546875 85
1777385129095 371.0731201171875 86
1777385129438 402.5664978027344 87
1777385129779 388.4303283691406 88
1777385130128 453.0710144042969 89
1777385130477 296.64849853515625 90
