1777232481157 204.2437950297595 1
1777232483066 171.40833438770022 2
1777232484974 113.26614181629415 3
1777232486917 54.132844983304 4
1777232488801 35.16498101568993 5
1777232490732 31.740197869735994 6
1777232492858 28.251134289441342 7
1777232494781 26.76456704439542 8
1777232496995 26.175179000492385 9
1777232499691 25.234031508567305 10
1777232502794 24.33081257636692 11
1777232506777 24.68070674415599 12
1777232514759 23.314652528700535 13
1777232517179 23.31930203713954 14
1777232519901 21.17433870059215 15
1777232521742 21.567435554724916 16
1777232523664 20.653589192336486 17
1777232525509 20.048584701541408 18
1777232527413 21.090364587917414 19
1777232529740 19.695272977573076 20
1777232532173 19.972556936183487 21
1777232534630 19.543689113212874 22
1777232536519 19.75244674132953 23
1777232538416 18.004091902916464 24
1777232540267 17.24069271858183 25
1777232542141 16.907410776151906 26
1777232543997 16.184174384789138 27
1777232545897 15.428798989823733 28
1777232547747 15.004297162513762 29
1777232549644 14.998930574529982 30
1777232551516 14.277951371388784 31
1777232556789 14.397804667990702 32
1777232559558 14.059732724969672 33
1777232562458 13.959536610886428 34
1777232576190 13.845926340308745 35
1777232621914 13.834996590047936 36
1777232624221 13.783048859864817 37
1777232626512 13.237472287291514 38
1777232628816 13.076642386424918 39
1777232631107 13.379604874815545 40
1777232633453 13.023242377341859 41
1777232635752 12.619970759833324 42
1777232638057 12.786296679950961 43
1777232640459 12.962652200383399 44
1777232642831 12.832858704297148 45
1777232644740 12.379327716359345 46
1777232646954 12.082814830904718 47
1777232649240 12.070274547970381 48
1777232651701 12.22825901824427 49
1777232653904 12.096836198832163 50
1777232655899 12.02209556863212 51
