1777204943159 171.27481079101562 1
1777204944141 166.80360412597656 2
1777204944838 162.04835510253906 3
1777204945778 156.13865661621094 4
1777204946522 149.35354614257812 5
1777204948968 141.20938110351562 6
1777204950009 131.67027282714844 7
1777204951092 121.81465911865234 8
1777204952215 111.424072265625 9
1777204954165 100.23251342773438 10
1777204956491 88.97842407226562 11
1777204968447 76.85015869140625 12
1777204969093 64.76175689697266 13
1777204969690 54.26052474975586 14
1777204970287 43.13175582885742 15
1777204970883 36.09897232055664 16
1777204971479 30.169103622436523 17
1777204972076 26.272056579589844 18
1777204972688 23.585912704467773 19
1777204973286 22.739744186401367 20
1777204973884 21.201473236083984 21
1777204974480 20.531461715698242 22
1777204975078 19.512754440307617 23
1777204975674 20.485620498657227 24
1777204976276 19.18079376220703 25
1777204976873 20.593238830566406 26
1777204977473 16.678884506225586 27
1777204978069 17.489992141723633 28
1777204978665 16.479158401489258 29
1777204979269 16.997596740722656 30
1777204979895 17.348678588867188 31
1777204982020 17.29741859436035 32
1777204982630 16.593149185180664 33
1777204983227 16.592164993286133 34
1777204983828 16.148372650146484 35
1777204984426 15.167584419250488 36
1777204985028 16.382177352905273 37
1777204985629 15.844240188598633 38
1777204986231 14.22673225402832 39
1777204986833 15.641890525817871 40
1777204987433 14.640113830566406 41
1777204988043 14.572789192199707 42
1777204988647 16.053953170776367 43
1777204989258 15.266271591186523 44
1777204992167 15.46255111694336 45
1777204993175 13.813605308532715 46
1777204993792 14.592820167541504 47
1777204994408 16.43809700012207 48
1777204995022 14.55673599243164 49
1777204995651 14.420494079589844 50
1777204996271 14.586283683776855 51
1777204996900 13.329140663146973 52
1777204997520 15.157267570495605 53
1777204998137 14.263081550598145 54
1777204998772 13.941056251525879 55
1777204999400 14.256247520446777 56
1777205000064 15.016011238098145 57
1777205001020 13.813349723815918 58
1777205001745 13.558990478515625 59
1777205002498 13.676289558410645 60
1777205003118 12.890148162841797 61
1777205003734 12.277448654174805 62
1777205004354 13.756232261657715 63
1777205004986 12.610228538513184 64
1777205005608 12.232748985290527 65
1777205006281 14.07758617401123 66
1777205006893 13.919761657714844 67
1777205007518 13.306563377380371 68
1777205008148 11.960914611816406 69
1777205008766 13.33969783782959 70
1777205009494 12.449385643005371 71
1777205010113 11.002043724060059 72
1777205010726 12.499224662780762 73
1777205011353 12.864396095275879 74
1777205011977 11.78190803527832 75
1777205012607 12.513602256774902 76
1777205013227 11.173383712768555 77
1777205013846 11.715229988098145 78
