1777204943159 -1.8237186213081245 1
1777204944141 -1.7297292349193878 2
1777204944838 -1.626784901731248 3
1777204945778 -1.4848692732052786 4
1777204946522 -1.3043832313323238 5
1777204948968 -1.110810755397896 6
1777204950009 -0.8950898003712802 7
1777204951092 -0.6798955264614784 8
1777204952215 -0.46280082116264054 9
1777204954165 -0.2357743269962962 10
1777204956491 -0.01657498567503246 11
1777204968447 0.20134285284140818 12
1777204969093 0.4018471564624578 13
1777204969690 0.5784409687239107 14
1777204970287 0.7292029714101785 15
1777204970883 0.8146747623194355 16
1777204971479 0.8708549677147011 17
1777204972076 0.9075897747059588 18
1777204972688 0.926087193550905 19
1777204973286 0.9329619325451394 20
1777204973884 0.9432980821462955 21
1777204974480 0.94791772514903 22
1777204975078 0.952970816632861 23
1777204975674 0.9474621447284961 24
1777204976276 0.953749845779539 25
1777204976873 0.9474708653173807 26
1777204977473 0.9664780594944467 27
1777204978069 0.9628063290929136 28
1777204978665 0.9668087892893485 29
1777204979269 0.964984600627342 30
1777204979895 0.9635066178562655 31
1777204982020 0.9637306286961205 32
1777204982630 0.9663482052923902 33
1777204983227 0.9661439789438415 34
1777204983828 0.9683466269310932 35
1777204984426 0.9719007644838641 36
1777204985028 0.9672729467906138 37
1777204985629 0.9701682414235917 38
1777204986231 0.9767209025107271 39
1777204986833 0.9710510232325256 40
1777204987433 0.9729470403188122 41
1777204988043 0.9741066588708149 42
1777204988647 0.9694043522452881 43
1777204989258 0.9711295834950475 44
1777204992167 0.970067036017737 45
1777204993175 0.9769097663726376 46
1777204993792 0.973294339686437 47
1777204994408 0.9669269433404867 48
1777204995022 0.9739313468083917 49
1777204995651 0.9754564597471991 50
1777204996271 0.9736356794746684 51
1777204996900 0.978981482951598 52
1777204997520 0.9721409123433435 53
1777204998137 0.9758393412869402 54
1777204998772 0.9764901169863361 55
1777204999400 0.975352632251065 56
1777205000064 0.9737911510097979 57
1777205001020 0.9766943520462498 58
1777205001745 0.976916115040011 59
1777205002498 0.9767868935808678 60
1777205003118 0.9807754317525141 61
1777205003734 0.9818507627662565 62
1777205004354 0.9773414240474572 63
1777205004986 0.9818240653472721 64
1777205005608 0.9824778825642122 65
1777205006281 0.9757011109481771 66
1777205006893 0.9776104049892252 67
1777205007518 0.9788804232101016 68
1777205008148 0.9834350903966826 69
1777205008766 0.9787334477013321 70
1777205009494 0.9811795648410438 71
1777205010113 0.9861767754504022 72
1777205010726 0.9812015189096767 73
1777205011353 0.9800290355056887 74
1777205011977 0.9836777594042108 75
1777205012607 0.9820494340842606 76
1777205013227 0.9855010611536734 77
1777205013846 0.9835597110362579 78
