1777382141459 51178.94140625 1
1777382142631 50118.91015625 2
1777382143041 49291.06640625 3
1777382143879 48473.44140625 4
1777382144864 47541.203125 5
1777382145358 46426.32421875 6
1777382145821 45135.484375 7
1777382146456 43725.66015625 8
1777382146882 42268.640625 9
1777382147847 40726.0703125 10
1777382148200 39149.8515625 11
1777382149022 37525.12109375 12
1777382149587 35876.8359375 13
1777382150603 34125.14453125 14
1777382150952 32369.85546875 15
1777382151420 30569.90625 16
1777382151799 28712.228515625 17
1777382152161 26866.5 18
1777382153659 24914.96484375 19
1777382154525 23019.8828125 20
1777382155553 21133.486328125 21
1777382156351 19249.408203125 22
1777382156856 17518.44140625 23
1777382157749 15463.0791015625 24
1777382158820 13870.177734375 25
1777382159451 12001.576171875 26
1777382160165 10481.8603515625 27
1777382160544 8893.6240234375 28
1777382161184 7638.4228515625 29
1777382161576 6326.33349609375 30
1777382162252 5496.08349609375 31
1777382162879 4388.40625 32
1777382163497 3705.8779296875 33
1777382164349 3112.574951171875 34
1777382165995 2588.48974609375 35
1777382167653 2152.154296875 36
1777382168948 1703.63916015625 37
1777382169600 1476.79150390625 38
1777382170346 1458.7528076171875 39
1777382170767 1187.9818115234375 40
1777382171716 1187.187255859375 41
1777382172228 967.5848388671875 42
1777382172938 959.3496704101562 43
1777382173823 879.53564453125 44
1777382174607 847.8199462890625 45
1777382175232 930.8330688476562 46
1777382175702 911.3851928710938 47
1777382176514 787.60791015625 48
1777382177894 763.719970703125 49
1777382178473 889.7740478515625 50
1777382178823 698.8626098632812 51
1777382179409 742.69775390625 52
1777382180192 723.1765747070312 53
1777382181270 693.1566162109375 54
1777382182077 563.1473388671875 55
1777382182425 672.5489501953125 56
1777382183072 566.6064453125 57
1777382183944 654.8804321289062 58
1777382184323 545.8573608398438 59
1777382184661 603.046875 60
1777382185502 435.0224914550781 61
1777382186852 546.0939331054688 62
1777382187718 459.1497497558594 63
1777382188571 593.2606201171875 64
1777382189637 560.3552856445312 65
1777382190393 537.1248779296875 66
1777382190994 653.5982055664062 67
1777382191774 535.980712890625 68
1777382192130 554.43505859375 69
1777382192652 559.8896484375 70
1777382193462 473.5201110839844 71
1777382195278 582.072509765625 72
1777382196102 420.9450378417969 73
1777382196716 531.618896484375 74
1777382197522 432.47918701171875 75
1777382197855 604.9263305664062 76
1777382198277 520.954833984375 77
1777382198671 498.60546875 78
1777382199501 465.89208984375 79
1777382200452 395.44110107421875 80
1777382201478 365.85247802734375 81
1777382201821 478.3271179199219 82
1777382202526 568.3827514648438 83
1777382203043 483.7691650390625 84
1777382204539 548.4805908203125 85
1777382205265 484.4524841308594 86
1777382206214 363.7435302734375 87
1777382206998 530.4711303710938 88
