1777239303639 -1.7766494725716884 1
1777239304910 -1.6617025336275897 2
1777239306236 -1.5153633068150363 3
1777239307518 -1.3083493993540167 4
1777239308794 -1.0078232634247661 5
1777239310148 -0.659526006171482 6
1777239311420 -0.3003980667001691 7
1777239312667 0.029159778832494432 8
1777239313949 0.31972028433447064 9
1777239315234 0.545769649956663 10
1777239316598 0.7169690819319645 11
1777239317939 0.8216762787861894 12
1777239319252 0.8824938683284667 13
1777239320553 0.9088530501063715 14
1777239321845 0.9209866435224181 15
1777239323147 0.9261440926899097 16
1777239324392 0.9370005413717514 17
1777239325667 0.9369421934011615 18
1777239327002 0.9410586701244492 19
1777239328406 0.941215546000298 20
1777239329729 0.9476693470391654 21
1777239331086 0.9462100632799673 22
1777239534623 0.9509001847781798 23
1777239746329 0.9518746182114703 24
1777239749197 0.9538265009070704 25
1777239751445 0.9562483699099138 26
1777239757758 0.9575938233743488 27
1777239769967 0.9466374423769649 28
1777239771707 0.9556620895014275 29
1777239773088 0.958424674121612 30
1777239774485 0.9583927339351375 31
1777239775788 0.9632679656384803 32
1777239777045 0.9591208313693237 33
1777239778181 0.9608611636037642 34
1777239779454 0.9614806465443844 35
1777239780813 0.9601586499788738 36
1777239782132 0.9626150893932311 37
1777239783611 0.963049210471387 38
1777239784805 0.9588528812524183 39
1777239786167 0.9630059010559996 40
1777239787474 0.9671913481247665 41
1777239788785 0.9681411861126455 42
1777239790120 0.9641392520367359 43
1777239791458 0.9693260253721249 44
1777239792767 0.9679742378549521 45
1777239794110 0.9669670483783461 46
1777239795490 0.9645950115866284 47
1777239796826 0.9704277304431078 48
1777239798169 0.9677230473046947 49
1777239799509 0.9644846354917241 50
1777239800825 0.9679134220188932 51
1777239802114 0.9700788603163466 52
1777239803415 0.9684746422455808 53
1777239804730 0.9683407524080198 54
1777239808394 0.967644321178533 55
1777239809962 0.9664134367449062 56
1777239811550 0.9697069026586834 57
1777239813376 0.9659002061511802 58
1777239817051 0.9706453409752303 59
1777239820796 0.9725374367885484 60
1777239826872 0.9706664761322988 61
1777239832915 0.9710410234251089 62
1777239844394 0.9721759492936775 63
1777239871418 0.9729966931576871 64
1777239873780 0.9704546740138053 65
1777239877157 0.9717690843283918 66
1777239882805 0.9733366010361658 67
1777239892026 0.9719069438395649 68
1777239899804 0.9743862921892967 69
1777239922355 0.9748893836129316 70
1777239927148 0.9747246657698357 71
1777239932538 0.9760503133961842 72
1777239939317 0.9743480666579556 73
1777240041604 0.9756286879164604 74
1777240042774 0.9757321880835609 75
