1777303159345 155.1029083251953 1
1777303160456 142.24710693359376 2
1777303161582 122.89825286865235 3
1777303162701 95.80050811767578 4
1777303163810 65.55094909667969 5
1777303164921 39.627688598632815 6
1777303166035 26.62569808959961 7
1777303167156 21.717610549926757 8
1777303168270 19.31054229736328 9
1777303169388 17.79657554626465 10
1777303170506 16.734630584716797 11
1777303171617 15.475671577453614 12
1777303172746 15.752970123291016 13
1777303173864 16.790546417236328 14
1777303174980 15.541252136230469 15
1777303176100 15.487319374084473 16
1777303177213 14.617422103881836 17
1777303178322 13.855414962768554 18
1777303179436 13.888361740112305 19
1777303180546 13.86221981048584 20
1777303181654 13.118120765686035 21
1777303182770 13.05543327331543 22
1777303183881 12.973981666564942 23
1777303184988 12.899014472961426 24
1777303186096 12.881098175048828 25
1777303187201 12.890958786010742 26
1777303188306 12.94281234741211 27
1777303189409 12.938539123535156 28
1777303190516 12.004470825195312 29
1777303191625 12.147933959960938 30
1777303192734 11.528756141662598 31
1777303193851 11.473098182678223 32
1777303194969 11.983922958374023 33
1777303196072 11.48639087677002 34
1777303197181 11.171110534667969 35
1777303198283 11.267162704467774 36
1777303199388 11.18268699645996 37
1777303200494 11.720060920715332 38
1777303201603 11.022878456115723 39
1777303202707 10.9664737701416 40
1777303203813 10.724999046325683 41
1777303204935 10.542529678344726 42
1777303206045 10.447332191467286 43
1777303207151 10.394959640502929 44
1777303208262 10.492920875549316 45
1777303209376 10.001411628723144 46
1777303210492 10.285269737243652 47
1777303211616 10.236513900756837 48
1777303212724 9.949517059326173 49
1777303213835 10.290585136413574 50
1777303214950 9.967007255554199 51
1777303216077 10.433638191223144 52
1777303217192 10.381285667419434 53
1777303218302 9.362238311767578 54
1777303219421 9.910168647766113 55
1777303220537 9.392200660705566 56
1777303221657 9.04761028289795 57
1777303222775 8.827249908447266 58
1777303223891 9.020445251464844 59
1777303225003 9.254271507263184 60
1777303226116 8.887024307250977 61
1777303227253 8.89918327331543 62
1777303228365 8.50876293182373 63
1777303229473 9.477415084838867 64
1777303230582 8.703252601623536 65
1777303231688 8.482923698425292 66
1777303232804 8.351547241210938 67
1777303233913 8.71370964050293 68
1777303235015 8.489553833007813 69
1777303236122 8.542351913452148 70
1777303237234 8.06116762161255 71
1777303238350 8.124381923675537 72
1777303239458 8.559306526184082 73
1777303240569 8.280941581726074 74
1777303241678 8.215297412872314 75
1777303242784 8.138987064361572 76
1777303243890 8.159185981750488 77
1777303245003 8.209703540802002 78
1777303246113 8.264047622680664 79
1777303247225 8.222013092041015 80
1777303248349 7.802431392669678 81
1777303249461 7.824165534973145 82
1777303250563 7.997623538970947 83
1777303251671 7.655064105987549 84
1777303252772 7.585245990753174 85
1777303253881 7.51592378616333 86
1777303254992 7.311629009246826 87
1777303256099 7.420288753509522 88
1777303257205 7.783758449554443 89
1777303258313 7.395806980133057 90
1777303259437 7.20787353515625 91
1777303260550 7.383242893218994 92
1777303261657 7.4303539276123045 93
1777303262761 7.513054370880127 94
1777303263869 7.362474250793457 95
1777303264984 7.094302463531494 96
1777303266089 7.10815839767456 97
1777303267189 6.829700756072998 98
1777303268293 7.3300371170043945 99
1777303269402 7.3748555183410645 100
1777303270527 7.12888355255127 101
1777303271640 7.002428340911865 102
1777303272748 7.021485996246338 103
1777303273850 6.973903369903565 104
1777303274958 6.85242395401001 105
1777303276075 6.838722515106201 106
1777303277196 6.648334884643555 107
1777303281347 6.678144741058349 108
1777303282467 6.670320510864258 109
1777303283588 6.682555484771728 110
1777303284704 6.934599304199219 111
1777303285827 6.920908260345459 112
1777303286950 6.636271190643311 113
1777303288068 6.725291919708252 114
1777303289186 6.456226921081543 115
1777303290302 6.686053085327148 116
1777303291413 6.328111839294434 117
1777303292552 6.828500366210937 118
1777303293680 6.6572386741638185 119
1777303294802 6.716149997711182 120
1777303295921 6.436429977416992 121
1777303297038 6.898769950866699 122
1777303298159 6.4148941993713375 123
1777303299275 6.221909236907959 124
1777303300394 6.581504154205322 125
1777303301518 6.653545761108399 126
1777303302630 6.198425769805908 127
1777303303758 6.2375589370727536 128
1777303304869 6.25151309967041 129
1777303305973 6.132813453674316 130
1777303307079 6.564969539642334 131
1777303308181 6.607199478149414 132
1777303309287 6.312332057952881 133
1777303310390 6.775387096405029 134
1777303311495 6.398442649841309 135
1777303312600 6.227703189849853 136
1777303313718 6.0240785598754885 137
1777303314845 6.278160667419433 138
1777303315947 6.4780303001403805 139
1777303317049 6.079235553741455 140
1777303318160 5.886725044250488 141
1777303319269 5.901216316223144 142
1777303320383 6.224563884735107 143
1777303321489 6.107406425476074 144
1777303322600 6.072624969482422 145
1777303323708 6.1211161613464355 146
1777303324832 6.551164245605468 147
1777303325947 6.15504150390625 148
1777303327052 6.044670581817627 149
1777303328156 5.705786418914795 150
1777303329260 6.0290687561035154 151
1777303330370 6.038038539886474 152
1777303331482 5.98380298614502 153
1777303332583 5.97795877456665 154
1777303333689 5.715464973449707 155
1777303334797 5.9464576721191404 156
1777303335924 6.019378280639648 157
1777303337050 6.028287410736084 158
1777303338161 5.903831100463867 159
1777303339266 5.995598888397216 160
1777303340381 6.0018310546875 161
1777303341492 5.739729499816894 162
1777303342607 5.991304206848144 163
1777303343710 6.101703357696533 164
1777303344821 5.901117134094238 165
1777303345927 5.548080539703369 166
1777303347047 6.0060834884643555 167
1777303348156 5.726874256134034 168
1777303349263 5.77480936050415 169
1777303350367 6.138850212097168 170
1777303351472 5.66696252822876 171
1777303352573 5.87229642868042 172
1777303353683 5.682461071014404 173
1777303354790 6.075152206420898 174
