1777303159345 193.08336159622792 1
1777303160456 181.61741297271223 2
1777303161582 160.40372554000766 3
1777303162701 130.4343310325012 4
1777303163810 94.69822781289803 5
1777303164921 60.27236402621255 6
1777303166035 39.45776197303128 7
1777303167156 31.052567924536902 8
1777303168270 27.19190404818089 9
1777303169388 24.992412169769658 10
1777303170506 23.432982192504962 11
1777303171617 21.345443804849285 12
1777303172746 21.793402966488575 13
1777303173864 23.13872124356643 14
1777303174980 21.279662379666156 15
1777303176100 21.587801400471207 16
1777303177213 20.506409179282954 17
1777303178322 19.235637215588923 18
1777303179436 19.237089285906798 19
1777303180546 19.298975134876848 20
1777303181654 18.248305149532985 21
1777303182770 18.17194086042984 22
1777303183881 17.90449463291456 23
1777303184988 17.873159698684738 24
1777303186096 18.11235915707571 25
1777303187201 17.733948013201566 26
1777303188306 17.74723586533735 27
1777303189409 17.921998655357363 28
1777303190516 16.471084842022965 29
1777303191625 16.756000123756145 30
1777303192734 15.841741345542058 31
1777303193851 15.847463992236499 32
1777303194969 16.576238434860056 33
1777303196072 15.78971944071103 34
1777303197181 15.53553191768771 35
1777303198283 15.452765895953096 36
1777303199388 15.56653214278592 37
1777303200494 16.346737196434088 38
1777303201603 15.16835683112048 39
1777303202707 15.180822953508876 40
1777303203813 14.721901345362477 41
1777303204935 14.467031820701909 42
1777303206045 14.491895653612351 43
1777303207151 14.284840202218728 44
1777303208262 14.417034622453329 45
1777303209376 13.667830926206312 46
1777303210492 14.36191327027014 47
1777303211616 14.1115243593492 48
1777303212724 13.79082925315077 49
1777303213835 14.164062292550756 50
1777303214950 13.601491887167859 51
1777303216077 14.40561855795564 52
1777303217192 14.336741650905557 53
1777303218302 12.72930941486311 54
1777303219421 13.75373752695901 55
1777303220537 12.990453197888623 56
1777303221657 12.391910516924664 57
1777303222775 12.040062418344466 58
1777303223891 12.414313625900181 59
1777303225003 12.893566284901521 60
1777303226116 12.177725025303209 61
1777303227253 12.203759434741482 62
1777303228365 11.651479681802481 63
1777303229473 12.996844534596391 64
1777303230582 11.799762726802589 65
1777303231688 11.570499522972549 66
1777303232804 11.407628414684284 67
1777303233913 11.77047896869253 68
1777303235015 11.628156524718431 69
1777303236122 11.759884337972798 70
1777303237234 10.986710317471804 71
1777303238350 10.983324779945393 72
1777303239458 11.644879168005199 73
1777303240569 11.300889469998085 74
1777303241678 11.26834468754252 75
1777303242784 11.040801635370352 76
1777303243890 11.130869584479624 77
1777303245003 11.248718102203997 78
1777303246113 11.338128820594715 79
1777303247225 11.203212078043695 80
1777303248349 10.668356065837731 81
1777303249461 10.557858435904548 82
1777303250563 10.824466482382139 83
1777303251671 10.338135752084511 84
1777303252772 10.231209309451993 85
1777303253881 10.206328933795156 86
1777303254992 9.873597104485407 87
1777303256099 10.196880414609833 88
1777303257205 10.584326386821669 89
1777303258313 10.026039143321096 90
1777303259437 9.68711735534369 91
1777303260550 10.027713313627343 92
1777303261657 10.01856573460237 93
1777303262761 10.206117454081342 94
1777303263869 9.958621491837295 95
1777303264984 9.600412632738493 96
1777303266089 9.586795491002528 97
1777303267189 9.234487328411348 98
1777303268293 9.992543226925186 99
1777303269402 10.31316455399007 100
1777303270527 9.593092857630719 101
1777303271640 9.412123919763065 102
1777303272748 9.523981167889195 103
1777303273850 9.522220250880313 104
1777303274958 9.21241287968403 105
1777303276075 9.200512720639008 106
1777303277196 8.898025484687997 107
1777303281347 9.042303017136398 108
1777303282467 8.998123733729631 109
1777303283588 9.125494889354508 110
1777303284704 9.39596107926263 111
1777303285827 9.463098226213342 112
1777303286950 8.900248511960779 113
1777303288068 9.282582209830737 114
1777303289186 8.724402587535101 115
1777303290302 8.956861896896637 116
1777303291413 8.538415993934732 117
1777303292552 9.304028485026652 118
1777303293680 9.040798337085036 119
1777303294802 9.150424990545485 120
1777303295921 8.699231630542647 121
1777303297038 9.394050166619355 122
1777303298159 8.741719613446646 123
1777303299275 8.365275954575349 124
1777303300394 8.987691210768713 125
1777303301518 8.993989379839734 126
1777303302630 8.395385216516244 127
1777303303758 8.486355125910006 128
1777303304869 8.369207286550466 129
1777303305973 8.275005434208143 130
1777303307079 9.011662868836652 131
1777303308181 9.013696061951304 132
1777303309287 8.532685623685865 133
1777303310390 9.340884177355994 134
1777303311495 8.761564754677085 135
1777303312600 8.524223531356744 136
1777303313718 8.05959320521241 137
1777303314845 8.599772835774186 138
1777303315947 8.918740797545347 139
1777303317049 8.218305553219588 140
1777303318160 7.991838920846104 141
1777303319269 7.953738419187227 142
1777303320383 8.577757770269058 143
1777303321489 8.322347121787843 144
1777303322600 8.241695497578924 145
1777303323708 8.185208586960858 146
1777303324832 8.977554641752926 147
1777303325947 8.431478692053501 148
1777303327052 8.247367623865738 149
1777303328156 7.709637707495313 150
1777303329260 8.214353664446987 151
1777303330370 8.211244726680029 152
1777303331482 8.107999028331212 153
1777303332583 8.064124751583867 154
1777303333689 7.813656793236234 155
1777303334797 8.116542297838892 156
1777303335924 8.271309251433445 157
1777303337050 8.194353903115267 158
1777303338161 7.974215534710258 159
1777303339266 8.08914789145447 160
1777303340381 8.288335409201826 161
1777303341492 7.808170979910541 162
1777303342607 8.239187983289595 163
1777303343710 8.394010390750244 164
1777303344821 8.00915536328468 165
1777303345927 7.494588541176957 166
1777303347047 8.102832771682483 167
1777303348156 7.804424996914756 168
1777303349263 7.854091232542014 169
1777303350367 8.476446474528837 170
1777303351472 7.609271789710019 171
1777303352573 8.1757459820384 172
1777303353683 7.75416131313807 173
1777303354790 8.346917850357787 174
