1777249093266 39666.0953125 1
1777249095430 35579.719921875 2
1777249097583 29112.601171875 3
1777249099867 19988.539453125 4
1777249102143 10953.54404296875 5
1777249104371 5296.602587890625 6
1777249107227 2608.7804443359373 7
1777249110359 1648.2397094726562 8
1777249114148 1222.8838623046875 9
1777249119392 1135.0135131835937 10
1777249124498 995.0591064453125 11
1777249129519 916.9163635253906 12
1777249134036 879.0701965332031 13
1777249155218 899.799365234375 14
1777249193814 803.8764770507812 15
1777249195636 779.7717163085938 16
1777249197578 745.7920959472656 17
1777249199489 719.6411743164062 18
1777249201669 680.9212585449219 19
1777249204729 694.294580078125 20
1777249208346 640.5243041992187 21
1777249214490 634.1210876464844 22
1777249223489 651.1320861816406 23
1777249229181 607.6515930175781 24
1777249236871 605.1204162597656 25
1777249262957 598.9880493164062 26
1777249317479 581.1067779541015 27
1777249319351 543.1898742675781 28
1777249322044 516.5978729248047 29
1777249327582 576.8505615234375 30
1777249333999 481.60117492675784 31
1777249338460 515.8310668945312 32
1777249341906 465.5021728515625 33
1777249345082 435.51255493164064 34
1777249348270 435.2067047119141 35
1777249351798 441.31175842285154 36
1777249358109 432.4281982421875 37
1777249364996 416.89418334960936 38
1777249369182 393.8562072753906 39
1777249375096 368.60686950683595 40
1777249384035 394.1884399414063 41
1777249406541 388.10535583496096 42
1777249408604 351.0427978515625 43
1777249410596 348.4218780517578 44
1777249412929 338.90195617675784 45
1777249415684 337.33289489746096 46
1777249418829 320.0497650146484 47
1777249423165 356.32554321289064 48
1777249444009 318.4545104980469 49
1777249450671 307.86932678222655 50
1777249456020 296.6802978515625 51
1777249460518 307.312890625 52
1777249465240 292.38287963867185 53
1777249469455 283.06036987304685 54
1777249475203 289.12131652832034 55
1777249479772 290.2166351318359 56
1777249511688 294.7598251342773 57
1777249513505 285.314030456543 58
