1777430841489 190.30424264761118 1
1777430842677 188.50897975221895 2
1777430843360 186.77648113183017 3
1777430844328 185.19013361281898 4
1777430845023 183.54831700071074 5
1777430846114 181.7843057485727 6
1777430846774 179.90118173452524 7
1777430848872 177.91805067795974 8
1777430849643 175.85676495252983 9
1777430850538 173.6507599238108 10
1777430850951 171.3417608859271 11
1777430851246 168.9033528344871 12
1777430851590 166.35753011308478 13
1777430852591 163.52694396972657 14
1777430853389 160.30943384114101 15
1777430853782 156.98441606329743 16
1777430854279 153.37119882798055 17
1777430854619 149.5976669762967 18
1777430855579 145.53134229310166 19
1777430855890 141.09569226327028 20
1777430856410 136.41771113830205 21
1777430857588 131.41273645705726 22
1777430858987 126.19446822849251 23
1777430859799 121.154739090959 24
1777430860405 115.82722474047418 25
1777430861327 110.56553009755513 26
1777430861622 105.36119069658088 27
1777430862628 100.36786071055035 28
1777430862976 94.87687830276037 29
1777430863288 89.37767941627277 30
1777430864014 84.90615702973315 31
1777430865010 79.56927155263325 32
1777430865440 74.52676418236727 33
1777430866924 69.89031068700305 34
1777430867575 64.70305144180207 35
1777430867916 59.94059130877433 36
1777430869248 55.542494337093196 37
1777430869696 50.75404550225072 38
1777430870050 46.9010686659954 39
1777430870372 43.72941825911843 40
1777430870816 39.71010311284714 41
1777430871504 36.859708059186765 42
1777430872583 33.43637431895239 43
1777430872884 31.619133916550133 44
1777430873493 29.782090088883802 45
1777430874311 26.562276070498857 46
1777430875135 26.386726778921997 47
1777430875699 25.47225833193085 48
1777430876584 23.754440420478055 49
1777430877032 22.680731438179695 50
1777430877427 19.868265754654562 51
1777430877955 22.704777646487987 52
1777430878829 21.834213193633854 53
1777430879157 19.10228493594559 54
1777430880095 19.903129379001594 55
1777430881538 18.65294877678685 56
1777430882212 17.671349143981935 57
1777430882954 18.712703594230337 58
1777430883456 18.737652673664883 59
1777430884545 18.182359373781104 60
1777430885284 16.92139990315635 61
1777430885809 17.47703211406279 62
1777430886287 16.254822682487895 63
1777430886597 15.592815053815672 64
1777430887152 17.518383581398506 65
1777430887676 16.171693485869458 66
1777430887958 14.548446589814136 67
1777430889306 14.850949428490633 68
1777430890646 15.506776064810667 69
1777430891687 14.699408223078802 70
1777430892418 16.769653180365026 71
1777430892756 15.768901265161277 72
1777430893550 14.433061037684334 73
1777430893891 15.149458450678537 74
1777430894169 14.059057328263684 75
1777430894972 15.208444832344732 76
1777430895421 14.734117173866407 77
1777430897087 14.009824103857639 78
1777430897450 13.472248294085441 79
1777430897982 14.360950469970703 80
1777430898778 14.06166543678419 81
1777430899069 13.414412481544991 82
1777430899719 13.434095387204865 83
1777430900261 15.501069730273365 84
1777430900961 13.328233698557115 85
1777430901373 14.435679346569897 86
1777430902183 13.176965090508997 87
1777430902791 13.546191129740878 88
1777430903495 14.526289287544566 89
1777430904538 13.352272120594273 90
1777430905427 13.907551421216255 91
