1777400376025 176.40734017849803 1
1777400382064 173.6246135629178 2
1777400395466 171.3428292020868 3
1777400414014 169.08748315023024 4
1777400420615 166.66819844337877 5
1777400429085 164.0339907585425 6
1777400444669 161.1695388892044 7
1777400451990 158.00034297940886 8
1777400462016 154.51010473397375 9
1777400474129 150.65435161401066 10
1777400489115 146.4282049271602 11
1777400495983 141.61256991932086 12
1777400503527 135.95349745357476 13
1777400513229 130.20639172302637 14
1777400519963 124.57717188306192 15
1777400520360 118.68081318126792 16
1777400527215 112.60682715232578 17
1777400533880 106.35024169172759 18
1777400543154 100.11869302344977 19
1777400555001 93.73148000372703 20
1777400562542 87.23476886582054 21
1777400569048 80.63158140734299 22
1777400582082 74.60534645227715 23
1777400585748 68.02745375641601 24
1777400602026 62.0741202902334 25
1777400612781 56.1864845458699 26
1777400622302 49.42755684777354 27
1777400627448 43.81391825138094 28
1777400640851 38.783350473534355 29
1777400650514 32.99973265571527 30
1777400657742 29.83299835824883 31
1777400670511 28.378576277571767 32
1777400689240 23.833932519864785 33
1777400704681 24.54144584192023 34
1777400717895 20.84526062680573 35
1777400727500 21.440911925096806 36
1777400747065 19.33693620825566 37
1777400756710 18.39509877038239 38
1777400759065 18.152256326324267 39
1777400761585 17.023515818343395 40
1777400761920 17.35530579320037 41
1777400762243 16.117578562764937 42
1777400767512 16.29803882322417 43
1777400767963 17.757941934952328 44
1777400773662 15.031307913837622 45
1777400782106 15.846611270425196 46
1777400790859 14.561038270880088 47
1777400797643 14.438378912604113 48
1777400804838 13.814644811865463 49
1777400815579 16.932075342750213 50
1777400815909 15.053171379673488 51
1777400816344 12.667048660514649 52
1777400829123 13.821242310720741 53
1777400833521 12.541740130988009 54
1777400844982 13.217808530596805 55
1777400852597 12.756298281448338 56
1777400864616 15.75766049958613 57
1777400873388 13.356081211239465 58
1777400881118 11.64822076510993 59
1777400893804 11.39752239180475 60
1777400901039 13.912663194465749 61
1777400901599 12.877898503297397 62
1777400913215 12.55555321221321 63
1777400920900 13.493049319482978 64
1777400937345 12.152830548623651 65
1777400944324 12.027660587807972 66
1777400961387 13.613947266935954 67
1777400962799 11.908316311816735 68
1777400972373 12.75887106567151 69
1777400988899 11.686569826983346 70
1777401005119 11.870639602598706 71
1777401015369 9.839141382800426 72
1777401022087 11.24618239990805 73
1777401032681 14.79068005649337 74
1777401038789 11.574664830464776 75
1777401049810 11.516948832607213 76
1777401063688 10.768585544521526 77
1777401068029 11.631354554921545 78
1777401083456 10.008911374714694 79
1777401093994 11.407811065085237 80
1777401104136 9.473970589618249 81
1777401110168 10.6731984112292 82
1777401127054 9.524236393978134 83
1777401133688 9.46858659339606 84
1777401140359 9.30833689724751 85
1777401143523 9.555750647321352 86
1777401146141 9.04211754829545 87
1777401149022 8.926813023888807 88
1777401161547 9.393413432782886 89
1777401164899 11.072360047675378 90
1777401169081 10.95764355322271 91
1777401173101 9.50235554992212 92
1777401181041 8.968042117263197 93
1777401187148 8.418731877010933 94
1777401190067 8.452244020079675 95
1777401193447 9.119082616408063 96
1777401193786 9.513526193026838 97
1777401202960 7.610091047214528 98
1777401205969 9.207841430053175 99
1777401209403 9.389056425913951 100
1777401209731 9.993044854325206 101
1777401210092 8.85855996908325 102
1777401213877 7.451370242602082 103
1777401217433 8.816889643042078 104
1777401225373 9.428712807504285 105
1777401228184 9.056540314179983 106
1777401228515 10.272135008294146 107
1777401231023 8.794476895636107 108
1777401233787 8.91023792989208 109
