1777400376025 -2.100844831185209 1
1777400382064 -2.035420361743103 2
1777400395466 -1.9840277204777226 3
1777400414014 -1.9329728863516218 4
1777400420615 -1.8759177138154102 5
1777400429085 -1.8108845518736136 6
1777400444669 -1.7333189248033642 7
1777400451990 -1.6436780751677582 8
1777400462016 -1.5371019025004071 9
1777400474129 -1.4260604480808778 10
1777400489115 -1.3049724047078737 11
1777400495983 -1.1889645987368938 12
1777400503527 -1.0599061570573416 13
1777400513229 -0.9319876652647572 14
1777400519963 -0.8066859851367842 15
1777400520360 -0.679319390183464 16
1777400527215 -0.5555812856635336 17
1777400533880 -0.4329954490779946 18
1777400543154 -0.30997192052758793 19
1777400555001 -0.19435548740392683 20
1777400562542 -0.07360435592159953 21
1777400569048 0.054315702556039236 22
1777400582082 0.1632415698542341 23
1777400585748 0.2890255867291919 24
1777400602026 0.3852102916585659 25
1777400612781 0.4878106298395185 26
1777400622302 0.5745862944302556 27
1777400627448 0.6590260679980108 28
1777400640851 0.7276995811280997 29
1777400650514 0.7927129822536362 30
1777400657742 0.8331114857560725 31
1777400670511 0.8459909144949552 32
1777400689240 0.884589408776331 33
1777400704681 0.8919212896682791 34
1777400717895 0.9105729083747374 35
1777400727500 0.9087463494373139 36
1777400747065 0.9250374773446151 37
1777400756710 0.9320358268419106 38
1777400759065 0.9366387568562987 39
1777400761585 0.9398362166806163 40
1777400761920 0.9394790402905141 41
1777400762243 0.9465356135862331 42
1777400767512 0.9473053555938904 43
1777400767963 0.9376304218679988 44
1777400773662 0.9524892184083718 45
1777400782106 0.950165986551277 46
1777400790859 0.9549248949836088 47
1777400797643 0.9564129846708074 48
1777400804838 0.9611446393110525 49
1777400815579 0.9430875779994728 50
1777400815909 0.9535578736816159 51
1777400816344 0.9650880718531004 52
1777400829123 0.9595905390276914 53
1777400833521 0.9653638643756559 54
1777400844982 0.9618809766237161 55
1777400852597 0.9648310445805455 56
1777400864616 0.949105746429189 57
1777400873388 0.9620106454570834 58
1777400881118 0.9698770620372964 59
1777400893804 0.9708463784732102 60
1777400901039 0.958307755023874 61
1777400901599 0.9654844221893931 62
1777400913215 0.9644616566142683 63
1777400920900 0.9604253023963268 64
1777400937345 0.9668027991740138 65
1777400944324 0.9678505805649884 66
1777400961387 0.961432844082459 67
1777400962799 0.9686566190429226 68
1777400972373 0.9628165417210468 69
1777400988899 0.9685241828655684 70
1777401005119 0.9678077601715535 71
1777401015369 0.9768415045974377 72
1777401022087 0.9718744316103926 73
1777401032681 0.9540802186018037 74
1777401038789 0.9703469742984571 75
1777401049810 0.9701324247069814 76
1777401063688 0.9727085981466265 77
1777401068029 0.9683121954569416 78
1777401083456 0.9761153035064352 79
1777401093994 0.9691547526174458 80
1777401104136 0.9786673402044659 81
1777401110168 0.9723655360845616 82
1777401127054 0.9775604772137596 83
1777401133688 0.9774336783049482 84
1777401140359 0.9781347861862842 85
1777401143523 0.9766134563186166 86
1777401146141 0.9797716923026077 87
1777401149022 0.9789062643379659 88
1777401161547 0.9773997730955115 89
1777401164899 0.9697381656891919 90
1777401169081 0.9716126180217423 91
1777401173101 0.9778724946654374 92
1777401181041 0.9796967198949157 93
1777401187148 0.9818758972069587 94
1777401190067 0.9808324415661868 95
1777401193447 0.9789482221220704 96
1777401193786 0.978558544185517 97
1777401202960 0.9838960244766954 98
1777401205969 0.9790409409682024 99
1777401209403 0.9792050255824749 100
1777401209731 0.9737982788920224 101
1777401210092 0.9784874115550334 102
1777401213877 0.9846210511516702 103
1777401217433 0.9796137671852295 104
1777401225373 0.9779764397780768 105
1777401228184 0.9789108695647308 106
1777401228515 0.9758585117029135 107
1777401231023 0.9801637840654241 108
1777401233787 0.979987859869422 109
