1777396536333 40946.23046875 1
1777396642443 40000.5859375 2
1777396647754 39222.328125 3
1777396649489 38488.39453125 4
1777396651262 37711.77734375 5
1777396651699 36846.515625 6
1777396653558 35789.65625 7
1777396656452 34507.77734375 8
1777396656767 32984.6875 9
1777396662442 31455.052734375 10
1777396664881 29736.8828125 11
1777396668500 27984.587890625 12
1777396670121 26261.328125 13
1777396675136 24459.90234375 14
1777396677490 22809.533203125 15
1777396680288 20964.19140625 16
1777396681679 19300.5859375 17
1777396682777 17147.78125 18
1777396685122 15491.3046875 19
1777396686568 13722.6318359375 20
1777396691103 12035.6337890625 21
1777396693259 10534.607421875 22
1777396696674 9044.603515625 23
1777396696987 7685.46435546875 24
1777396700297 6473.1171875 25
1777396705504 5474.98046875 26
1777396711668 4440.7958984375 27
1777396712940 3801.123779296875 28
1777396715832 3079.709228515625 29
1777396718913 2357.13671875 30
1777396720529 2214.890869140625 31
1777396725286 1824.7103271484375 32
1777396726990 1582.653564453125 33
1777396729846 1391.8076171875 34
1777396733546 1207.1033935546875 35
1777396735072 1040.12109375 36
1777396740088 1020.9072875976562 37
1777396747011 843.8651733398438 38
1777396747340 867.463623046875 39
1777396748863 874.4191284179688 40
1777396750493 943.3968505859375 41
1777396755886 717.0824584960938 42
1777396759114 676.3801879882812 43
1777396761593 924.6314086914062 44
1777396764287 897.3302612304688 45
1777396771523 650.6470947265625 46
1777396777426 605.9175415039062 47
1777396783092 595.97265625 48
1777396786852 683.4358520507812 49
1777396789783 597.404541015625 50
1777396791318 586.9568481445312 51
1777396793944 600.5144653320312 52
1777396798053 690.6461791992188 53
1777396799288 579.4127807617188 54
1777396800777 591.5164794921875 55
1777396803239 576.9948120117188 56
1777396804210 648.2070922851562 57
1777396806772 476.69122314453125 58
1777396810607 595.5751342773438 59
1777396811686 536.82177734375 60
1777396814230 595.9888916015625 61
1777396815570 662.4551391601562 62
1777396821261 615.8079833984375 63
1777396823189 491.8133544921875 64
1777396825807 635.9232788085938 65
1777396830279 472.0971984863281 66
1777396836198 481.5577087402344 67
1777396841496 467.2856140136719 68
1777396848140 516.858154296875 69
1777396852583 469.4801940917969 70
1777396853899 507.1240234375 71
1777396854226 350.736083984375 72
1777396857166 447.21002197265625 73
1777396863461 448.49969482421875 74
1777396865098 447.2421875 75
1777396868043 349.0970153808594 76
1777396869336 398.7521667480469 77
1777396870618 483.4353332519531 78
1777396872432 365.25274658203125 79
1777396877069 381.16693115234375 80
1777396878996 412.135986328125 81
1777396882625 311.1112060546875 82
1777396887639 450.6438903808594 83
1777396890181 378.07745361328125 84
1777396893256 454.5908508300781 85
1777396896045 407.7521667480469 86
1777396901186 323.9678649902344 87
1777396903682 340.0142517089844 88
1777396908656 351.6513366699219 89
1777396911713 337.1877136230469 90
1777396915189 367.45220947265625 91
1777396924982 384.6377258300781 92
1777396928335 409.98333740234375 93
1777396930232 401.85943603515625 94
1777396934273 358.8948059082031 95
1777396935903 363.7590637207031 96
1777396940443 310.5191650390625 97
1777396948256 359.340576171875 98
1777396949918 338.61865234375 99
1777396952830 399.1940612792969 100
1777396954116 353.4239501953125 101
1777396958469 364.07403564453125 102
1777396960330 362.78436279296875 103
1777396962994 298.5299072265625 104
1777396966146 467.756103515625 105
1777396969917 424.1602783203125 106
1777396975630 298.4740295410156 107
1777396981401 473.2708435058594 108
1777396986502 349.0098876953125 109
1777396986845 400.51947021484375 110
1777396992206 349.7842712402344 111
1777396995828 242.1276092529297 112
1777396999240 304.58111572265625 113
1777397001962 336.337646484375 114
1777397003581 286.40948486328125 115
1777397005401 261.1813659667969 116
1777397010289 225.52047729492188 117
1777397013252 226.5438690185547 118
1777397013617 283.22039794921875 119
1777397015743 317.0409851074219 120
1777397017750 317.7651062011719 121
1777397020691 230.25978088378906 122
1777397021005 338.716064453125 123
1777397021324 277.5216979980469 124
1777397023369 248.62261962890625 125
1777397023683 280.6441345214844 126
1777397029081 268.7330017089844 127
1777397030976 259.7705078125 128
1777397032816 232.16587829589844 129
1777397038551 277.5036315917969 130
1777397047108 243.1649627685547 131
1777397047430 280.90985107421875 132
1777397047761 379.6781311035156 133
1777397051654 250.02346801757812 134
1777397051952 195.0261688232422 135
1777397052280 237.5726318359375 136
1777397054191 195.0520782470703 137
1777397054509 230.18675231933594 138
1777397056698 260.7950134277344 139
1777397062099 168.7006072998047 140
1777397064416 253.91287231445312 141
1777397068220 229.0360565185547 142
1777397070218 246.13340759277344 143
1777397072229 200.88079833984375 144
1777397080147 225.25816345214844 145
1777397082211 256.85247802734375 146
1777397086135 210.60130310058594 147
1777397093441 214.8850860595703 148
1777397097558 209.74781799316406 149
1777397101695 239.96685791015625 150
1777397105554 303.08587646484375 151
1777397107485 218.03363037109375 152
1777397109698 227.79478454589844 153
1777397111994 183.86087036132812 154
1777397118100 215.1749267578125 155
1777397120185 207.6842803955078 156
1777397122197 165.11703491210938 157
1777397126481 193.62745666503906 158
1777397126907 210.7420196533203 159
1777397130345 157.97178649902344 160
1777397132609 184.14813232421875 161
1777397136365 189.3075408935547 162
1777397140168 172.2721405029297 163
1777397142357 206.3689727783203 164
1777397145825 167.79922485351562 165
1777397148111 173.87042236328125 166
1777397153770 184.90185546875 167
1777397155626 313.96875 168
1777397157524 239.64468383789062 169
1777397162805 239.54238891601562 170
1777397166974 236.763671875 171
1777397171053 169.56204223632812 172
1777397178947 216.0010986328125 173
1777397200921 230.8059844970703 174
1777397220386 258.00421142578125 175
1777397240236 211.20260620117188 176
1777397240575 174.70423889160156 177
1777397240946 163.85130310058594 178
1777397286078 194.48114013671875 179
1777397374150 175.55325317382812 180
1777397501286 175.69891357421875 181
1777397504888 181.53895568847656 182
1777397506022 149.6684112548828 183
1777397508352 163.40097045898438 184
1777397508688 153.67092895507812 185
1777397510089 182.66018676757812 186
1777397511518 173.4715576171875 187
1777397515700 153.66102600097656 188
1777397518388 165.04832458496094 189
1777397519903 171.11734008789062 190
1777397521180 198.72122192382812 191
1777397525193 155.00367736816406 192
1777397526841 194.46060180664062 193
1777397527156 182.9622039794922 194
1777397529640 156.89390563964844 195
1777397531112 180.67747497558594 196
1777397533418 192.3556671142578 197
1777397535114 229.960693359375 198
1777397536709 188.46780395507812 199
1777397541432 139.16746520996094 200
1777397542650 173.96681213378906 201
1777397545239 159.20687866210938 202
1777397546790 179.1171875 203
1777397549429 161.39878845214844 204
1777397550711 220.18467712402344 205
1777397553500 167.04922485351562 206
1777397558737 169.47576904296875 207
1777397561356 274.26641845703125 208
1777397564103 200.48550415039062 209
1777397566641 202.64456176757812 210
1777397571643 177.62442016601562 211
1777397576680 182.5977325439453 212
1777397578060 155.90496826171875 213
1777397579422 211.61328125 214
1777397583325 126.0887680053711 215
1777397585705 163.25360107421875 216
1777397587872 146.560302734375 217
1777397591117 122.961181640625 218
1777397593822 160.57513427734375 219
1777397595111 152.17576599121094 220
1777397596223 185.02406311035156 221
1777397601978 160.89756774902344 222
1777397605315 176.4017791748047 223
1777397608363 131.7477264404297 224
1777397609550 137.7603759765625 225
1777397616457 128.03497314453125 226
1777397618654 117.12687683105469 227
1777397624561 135.0540008544922 228
1777397627161 133.28517150878906 229
1777397631127 130.5481414794922 230
1777397635688 163.82106018066406 231
1777397641411 163.19073486328125 232
1777397643930 196.03378295898438 233
1777397645271 185.01502990722656 234
1777397647568 174.26202392578125 235
1777397650154 122.26175689697266 236
1777397652533 160.72674560546875 237
1777397656458 128.02764892578125 238
1777397658812 168.9595184326172 239
1777397663501 159.00601196289062 240
1777397664766 129.5327911376953 241
1777397667114 182.6411895751953 242
1777397669200 172.03482055664062 243
1777397672785 117.55435943603516 244
1777397675178 139.4546356201172 245
1777397677573 140.56884765625 246
1777397685037 148.21546936035156 247
1777397688403 160.9909210205078 248
