1777396536333 -1.7921649819967596 1
1777396642443 -1.7276806335400114 2
1777396647754 -1.6746104872264422 3
1777396649489 -1.6245626642165525 4
1777396651262 -1.5716045460028778 5
1777396651699 -1.5126012941031495 6
1777396653558 -1.440532968002664 7
1777396656452 -1.3531203641270437 8
1777396656767 -1.2492592750742837 9
1777396662442 -1.1449520219367257 10
1777396664881 -1.0277883266395191 11
1777396668500 -0.9082975316962403 12
1777396670121 -0.7907867116489253 13
1777396675136 -0.6679456270805364 14
1777396677490 -0.5554052827581124 15
1777396680288 -0.42956947601210493 16
1777396681679 -0.3161265748674862 17
1777396682777 -0.16932462804641335 18
1777396685122 -0.05636783143959834 19
1777396686568 0.06423975377197799 20
1777396691103 0.17927791882313993 21
1777396693259 0.2816344217864455 22
1777396696674 0.3832392811432841 23
1777396696987 0.4759203717254714 24
1777396700297 0.5585915486326158 25
1777396705504 0.6266554892921017 26
1777396711668 0.6971776143827195 27
1777396712940 0.740797500442024 28
1777396715832 0.7899914947941841 29
1777396718913 0.8392644466323298 30
1777396720529 0.8489643448653544 31
1777396725286 0.8755711505074791 32
1777396726990 0.8920772428877987 33
1777396729846 0.905091224562924 34
1777396733546 0.917686389592492 35
1777396735072 0.9290730870106017 36
1777396740088 0.9303832931845188 37
1777396747011 0.942455974986236 38
1777396747340 0.9408467735257792 39
1777396748863 0.9403724704988611 40
1777396750493 0.9356688073504721 41
1777396755886 0.951101418876475 42
1777396759114 0.9538769417495235 43
1777396761593 0.9369484442625295 44
1777396764287 0.9388101351416076 45
1777396771523 0.9556317124517935 46
1777396777426 0.9586818618454748 47
1777396783092 0.9593600182711337 48
1777396786852 0.9533958132176598 49
1777396789783 0.9592623767508247 50
1777396791318 0.959974815596065 51
1777396793944 0.9590503072532999 52
1777396798053 0.9529041326435433 53
1777396799288 0.9604892544148407 54
1777396800777 0.9596638894183614 55
1777396803239 0.9606541381637685 56
1777396804210 0.9557980969752654 57
1777396806772 0.9674939407410318 58
1777396810607 0.959387127244763 59
1777396811686 0.9633935752940047 60
1777396814230 0.9593589121965966 61
1777396815570 0.9548265104838006 62
1777396821261 0.9580074286401299 63
1777396823189 0.96646274694281 64
1777396825807 0.9566357440021536 65
1777396830279 0.9678072109849559 66
1777396836198 0.9671620904743805 67
1777396841496 0.968135319371006 68
1777396848140 0.9647549142591244 69
1777396852583 0.9679856669787759 70
1777396853899 0.9654186962965297 71
1777396854226 0.9760829494612017 72
1777396857166 0.9695042946337403 73
1777396863461 0.9694163490237075 74
1777396865098 0.9695021002427437 75
1777396868043 0.9761947188005395 76
1777396869336 0.9728086847024331 77
1777396870618 0.9670340521992496 78
1777396872432 0.9750930431930022 79
1777396877069 0.9740078394707143 80
1777396878996 0.9718960286079177 81
1777396882625 0.9787850096437523 82
1777396887639 0.969270134087894 83
1777396890181 0.9742185136907268 84
1777396893256 0.9690009875926444 85
1777396896045 0.9721949655464885 86
1777396901186 0.9779083022401236 87
1777396903682 0.9768140824882383 88
1777396908656 0.9760205374296436 89
1777396911713 0.9770068261237839 90
1777396915189 0.9749430610079054 91
1777396924982 0.9737711623516094 92
1777396928335 0.9720428194128137 93
1777396930232 0.9725967930979644 94
1777396934273 0.9755265990428255 95
1777396935903 0.9751948984513983 96
1777396940443 0.978825382632787 97
1777396948256 0.9754961997511352 98
1777396949918 0.9769092505620482 99
1777396952830 0.9727785517819043 100
1777396954116 0.9758996607334528 101
1777396958469 0.975173421325182 102
1777396960330 0.9752613643983465 103
1777396962994 0.9796429416858021 104
1777396966146 0.9681032355988284 105
1777396969917 0.9710760798250543 106
1777396975630 0.9796467520618447 107
1777396981401 0.9677271804037201 108
1777396986502 0.9762006601458736 109
1777396986845 0.9726881707783956 110
1777396992206 0.9761478552342044 111
1777396995828 0.9834890723488834 112
1777396999240 0.9792303048511901 113
1777397001962 0.9770647935622484 114
1777397003581 0.980469445736105 115
1777397005401 0.9821897772451121 116
1777397010289 0.9846215290467756 117
1777397013252 0.9845517436077822 118
1777397013617 0.9806869136891682 119
1777397015743 0.9783806518785245 120
1777397017750 0.9783312742757992 121
1777397020691 0.9842983510640803 122
1777397021005 0.9769026065042216 123
1777397021324 0.9810755124291117 124
1777397023369 0.9830461706765962 125
1777397023683 0.9808625918123045 126
1777397029081 0.981674823442091 127
1777397030976 0.9822859841664516 128
1777397032816 0.9841683720847731 129
1777397038551 0.9810767440786249 130
1777397047108 0.9834183329697832 131
1777397047430 0.9808444709627224 132
1777397047761 0.9741093623993756 133
1777397051654 0.9829506449043695 134
1777397051952 0.9867009669344192 135
1777397052280 0.9837996801496274 136
1777397054191 0.9866992000057151 137
1777397054509 0.9843033309363649 138
1777397056698 0.9822161226214121 139
1777397062099 0.9884961335185802 140
1777397064416 0.9826854229442316 141
1777397068220 0.9843817988067871 142
1777397070218 0.9832159125281349 143
1777397072229 0.9863017336429638 144
1777397080147 0.984639416504483 145
1777397082211 0.9824849684977794 146
1777397086135 0.9856388829605097 147
1777397093441 0.98534676766054 148
1777397097558 0.985697082522415 149
1777397101695 0.9836364161910478 150
1777397105554 0.9793322653896167 151
1777397107485 0.9851320648938193 152
1777397109698 0.9844664414144181 153
1777397111994 0.9874623406988833 154
1777397118100 0.9853270029203615 155
1777397120185 0.985837797527962 156
1777397122197 0.9887405011536459 157
1777397126481 0.9867963468367242 158
1777397126907 0.9856292872565277 159
1777397130345 0.9892277434768392 160
1777397132609 0.9874427510026109 161
1777397136365 0.9870909267041544 162
1777397140168 0.9882525878288126 163
1777397142357 0.9859274897717533 164
1777397145825 0.9885576005667323 165
1777397148111 0.9881435988970265 166
1777397153770 0.9873913540527951 167
1777397155626 0.9785901515285584 168
1777397157524 0.9836583854696956 169
1777397162805 0.9836653605888229 170
1777397166974 0.9838548443487263 171
1777397171053 0.9884373923353135 172
1777397178947 0.9852706642239939 173
1777397200921 0.9842611047651071 174
1777397220386 0.9824064308634818 175
1777397240236 0.9855978795597263 176
1777397240575 0.9880867400699672 177
1777397240946 0.9888268130205552 178
1777397286078 0.986738133322044 179
1777397374150 0.9880288449322465 180
1777397501286 0.9880189108521711 181
1777397504888 0.9876206742541079 182
1777397506022 0.9897939585072272 183
1777397508352 0.9888575218101663 184
1777397508688 0.9895210231993147 185
1777397510089 0.9875442155833035 186
1777397511518 0.9881707969691851 187
1777397515700 0.989521698006257 188
1777397518388 0.988745186749219 189
1777397519903 0.9883313347547372 190
1777397521180 0.9864489975737798 191
1777397525193 0.9894301411643357 192
1777397526841 0.9867395336732926 193
1777397527156 0.9875236202743926 194
1777397529640 0.9893012454277517 195
1777397531112 0.9876794192426771 196
1777397533418 0.9868830709447167 197
1777397535114 0.9843187462160073 198
1777397536709 0.9871481888932582 199
1777397541432 0.9905100288793017 200
1777397542650 0.9881370258715096 201
1777397545239 0.989143520720896 202
1777397546790 0.9877858167635927 203
1777397549429 0.9889940522516105 204
1777397550711 0.9849853831742561 205
1777397553500 0.9886087438297276 206
1777397558737 0.9884432743945063 207
1777397561356 0.9812974947391442 208
1777397564103 0.9863286891360669 209
1777397566641 0.9861814607214058 210
1777397571643 0.9878876098687177 211
1777397576680 0.9875484749850183 212
1777397578060 0.9893686817267882 213
1777397579422 0.9855698750716209 214
1777397583325 0.9914018781512473 215
1777397585705 0.9888675694413945 216
1777397587872 0.99000590369821 217
1777397591117 0.9916151520907285 218
1777397593822 0.9890502185136502 219
1777397595111 0.989622979932439 220
1777397596223 0.9873830204407446 221
1777397601978 0.9890282314769249 222
1777397605315 0.9879709827738125 223
1777397608363 0.9910159888503222 224
1777397609550 0.9906059795769526 225
1777397616457 0.9912691651260097 226
1777397618654 0.9920129983353272 227
1777397624561 0.990790530396633 228
1777397627161 0.9909111489664839 229
1777397631127 0.9910977895313475 230
1777397635688 0.9888288745875357 231
1777397641411 0.9888718576523878 232
1777397643930 0.9866322571275443 233
1777397645271 0.9873836368997181 234
1777397647568 0.9881168958223098 235
1777397650154 0.9916628464814004 236
1777397652533 0.9890398795072842 237
1777397656458 0.9912696642548289 238
1777397658812 0.9884784781843134 239
1777397663501 0.9891572185407642 240
1777397664766 0.9911670270068089 241
1777397667114 0.9875455119229558 242
1777397669200 0.9882687705110869 243
1777397672785 0.9919838484653937 244
1777397675178 0.9904904460216505 245
1777397677573 0.9904144675909201 246
1777397685037 0.9898930358949397 247
1777397688403 0.9890218652061666 248
