1777441460697 154.91006711645122 1
1777441470897 146.14053359958473 2
1777441485133 134.1896484876757 3
1777441486873 117.41750020303239 4
1777441492196 98.98351044131249 5
1777441496736 79.39595881141219 6
1777441498999 58.51849423474028 7
1777441502272 40.21195464433814 8
1777441507372 26.571152792912123 9
1777441513406 21.30496935528023 10
1777441521436 18.87857517325311 11
1777441526590 16.929728695594488 12
1777441528481 16.735542084004553 13
1777441535723 15.827857102076585 14
1777441544092 14.995544306474507 15
1777441546270 14.659860408243123 16
1777441549831 13.126731944238166 17
1777441558148 13.93211963046528 18
1777441559850 13.453638035342474 19
1777441564821 13.245087872794706 20
1777441569634 12.795414473824268 21
1777441574737 12.30250350517591 22
1777441576673 12.055542297945678 23
1777441582197 13.104965639478378 24
1777441584353 11.63707396036306 25
1777441591946 12.815500499637983 26
1777441593836 11.724305302412175 27
1777441602047 12.258078660813768 28
1777441603980 10.865014464310597 29
1777441610664 11.878036511623362 30
1777441616395 11.575908643528775 31
1777441618679 11.616896316015364 32
1777441623117 10.929889679515075 33
1777441628591 11.203024015801834 34
1777441636769 10.425385103880904 35
1777441648270 11.30117583820838 36
1777441650251 10.449653990606105 37
1777441657158 10.056545006689854 38
1777441661293 10.570892364784191 39
1777441664912 9.90489753638025 40
1777441669186 9.752209753550575 41
1777441672926 9.497394204489707 42
1777441674477 9.2370312164898 43
1777441676475 9.740463822992563 44
1777441682784 8.707415427310426 45
1777441684672 9.214419938365781 46
1777441690479 8.924818130219887 47
1777441692250 9.46810925573863 48
1777441696332 8.321238213123046 49
1777441697936 9.021148364122517 50
1777441702618 8.37869901567505 51
1777441706203 7.604357100625075 52
1777441717415 9.143610580766895 53
1777441718957 8.324095318335614 54
1777441723901 8.230194754832924 55
1777441735073 7.496370751229161 56
1777441739620 7.809647424320438 57
1777441744562 7.922317264644244 58
1777441749946 7.983538411745799 59
1777441757855 8.102267468598614 60
1777441760436 7.545986754013662 61
1777441763197 8.10416576880535 62
1777441768546 7.0306247441263245 63
1777441773421 7.018925204251839 64
1777441775323 7.4845215788464365 65
1777441779745 7.236105220008443 66
1777441787278 7.923356582050245 67
1777441792070 7.060923793633686 68
1777441796220 7.486839285473647 69
1777441798916 7.25924750152785 70
1777441806901 6.354743586521742 71
1777441808959 6.8612649528964855 72
1777441811435 7.173304310841765 73
1777441816256 6.6709671510504895 74
1777441821022 7.214084239686438 75
1777441827252 6.4444306407755985 76
1777441835737 6.685973010060372 77
1777441839718 6.418167500095513 78
1777441843718 5.845076489574547 79
1777441848190 6.130296006037499 80
1777441852191 6.742750314565805 81
1777441854698 6.164751327534808 82
1777441860816 6.5430752011655855 83
1777441865045 6.4326472954405665 84
1777441867671 5.852153867115641 85
1777441871526 5.700652770133699 86
1777441878705 5.562174859777731 87
1777441884243 6.228284452217716 88
1777441889466 6.129432149585806 89
1777441891881 5.618023350178601 90
1777441895377 5.694230093230798 91
1777441899802 5.556931156868523 92
1777441901611 5.197165935514118 93
1777441906704 5.515302688460873 94
1777441911095 5.966667490011093 95
1777441914696 5.5520230129194905 96
1777441919342 5.423520776431699 97
1777441923480 5.72352208169992 98
1777441927698 5.376846212817163 99
1777441929604 5.500490834554783 100
1777441933955 5.28866014953788 101
1777441935537 5.091573622810512 102
1777441942181 5.309643215105524 103
1777441945793 4.683611787212504 104
1777441952823 5.232068515145912 105
1777441956632 5.550445594720398 106
1777441961164 5.1667057228872375 107
1777441965947 5.058167613819635 108
1777441976703 5.030853683081922 109
1777441982227 4.786525736958296 110
1777441988639 4.7355012297280314 111
1777441997007 4.619616366804731 112
1777442001063 4.58344559437096 113
1777442003739 4.91644621525382 114
1777442010071 4.310495851184085 115
1777442013866 5.018148625939997 116
1777442018291 4.758733280252445 117
1777442020359 4.577296333178589 118
1777442023989 4.611254437559154 119
1777442030974 4.401684700287725 120
1777442036339 4.822734101688029 121
1777442044183 4.919696803381354 122
1777442046190 4.5118317086068025 123
1777442053838 5.069526653183395 124
1777442060194 4.479023501093221 125
1777442061762 4.889678779519171 126
1777442064369 4.843652574860623 127
1777442068070 4.593691054751295 128
1777442072728 4.627798033824614 129
1777442074565 4.404662705699766 130
1777442080458 4.723214544832741 131
1777442085929 4.4718886340147455 132
1777442091962 4.394855414848081 133
1777442094500 4.166978176383502 134
1777442100392 4.261914307974537 135
1777442105064 4.34579858987106 136
1777442106568 4.273044188024014 137
