1777303419391 -2.6541560252135112 1
1777303420527 -2.2460519421832448 2
1777303421653 -1.6545389426470267 3
1777303422798 -0.9496127105643659 4
1777303423929 -0.22988029108440333 5
1777303425064 0.36401506487001867 6
1777303426201 0.7105043996331715 7
1777303427335 0.8728550782728284 8
1777303428461 0.9126534135543258 9
1777303429592 0.9279189409821685 10
1777303430713 0.9411021581251736 11
1777303431834 0.9435530544205838 12
1777303432983 0.9505448345319615 13
1777303434107 0.9526652118392418 14
1777303435233 0.9482145617749909 15
1777303436357 0.9556295997834285 16
1777303437482 0.9567363939796482 17
1777303438609 0.9606612670691707 18
1777303439735 0.960783429552356 19
1777303440864 0.9604002033086055 20
1777303441992 0.964262087361696 21
1777303443120 0.9682789255157739 22
1777303444260 0.9638523083471664 23
1777303445382 0.9668451755131506 24
1777303446505 0.9706909415963474 25
1777303447629 0.9663386943697706 26
1777303448754 0.9709062364686535 27
1777303449882 0.9674270409030528 28
1777303451026 0.9678284278595167 29
1777303452151 0.9620732182692328 30
1777303453276 0.969042447593685 31
1777303454402 0.971258615467374 32
1777303455543 0.9707475590237774 33
1777303456668 0.9716672512033498 34
1777303457788 0.9699393048061944 35
1777303458909 0.9730685609502564 36
1777303460034 0.9747213766770125 37
1777303461155 0.9759086288282125 38
1777303462282 0.9756789150929208 39
1777303463407 0.9724677145131583 40
1777303464537 0.975942026552393 41
1777303465678 0.9756690518561423 42
1777303466815 0.9781303032385693 43
1777303467939 0.9753080971752669 44
1777303469067 0.9784999713196662 45
1777303470197 0.9792119999566298 46
1777303471323 0.9779904756808256 47
1777303472444 0.9784657953791085 48
