1777409350842 200.9836012832551 1
1777409357365 197.0947577330431 2
1777409359665 192.67952990558047 3
1777409366457 186.15422615869974 4
1777409372783 177.25378349071147 5
1777409385294 166.40835679691176 6
1777409392213 153.74168753539828 7
1777409400166 140.15495433514525 8
1777409408275 125.20930854749194 9
1777409426683 108.35730174537213 10
1777409433473 91.38787584659724 11
1777409447906 74.37596657139876 12
1777409455391 58.63223006788587 13
1777409466952 47.35824215779483 14
1777409477222 38.0249042908542 15
1777409488859 34.33777503339365 16
1777409496355 32.38209610591153 17
1777409501373 30.421299969555992 18
1777409504784 29.881476752229986 19
1777409511115 25.514730256564864 20
1777409519814 26.235303137412615 21
1777409520660 25.48687261417672 22
1777409523879 25.702930082249782 23
1777409527188 24.66897253946533 24
1777409535366 23.367335159837353 25
1777409547219 22.44553238511094 26
1777409554673 23.164696280717212 27
1777409565976 23.20663819123004 28
1777409571594 21.96520829734926 29
1777409587111 22.117623035054063 30
1777409601266 22.264312763377912 31
1777409620038 22.117579732923485 32
1777409638190 22.134357825550683 33
1777409654655 22.051524801712887 34
1777409663537 21.39952702675296 35
1777409673768 22.134245912951215 36
1777409685359 20.240677601274317 37
1777409695546 18.447692369080542 38
1777409698855 19.56902991794335 39
1777409715732 19.503095487689915 40
1777409728696 19.84380705807594 41
1777409741781 22.04921403418777 42
1777409753623 20.898081069693593 43
1777409764772 19.078884924846435 44
1777409785540 20.082063091234247 45
1777409789865 18.834442503310417 46
1777409790890 19.37868510753194 47
1777409792213 16.961331810465655 48
1777409796168 18.776046609566325 49
1777409804158 17.75876973174559 50
1777409807764 15.831392059326811 51
1777409818076 17.23879565491632 52
1777409834881 16.525175985216396 53
1777409843860 16.09473446989225 54
1777409849074 17.254562527528662 55
1777409861867 17.573497836779353 56
1777409863849 16.27587335334646 57
1777409868005 16.7840088549531 58
1777409881422 17.307885754837898 59
1777409882448 15.973300412417112 60
1777409891025 16.6177676663031 61
1777409897857 15.368231151010454 62
1777409905564 15.559135603371478 63
1777409920769 15.193292121265264 64
1777409934294 14.732048950673196 65
1777409941693 15.357767728996004 66
1777409949416 15.057354175178494 67
1777409959646 15.597371108130204 68
1777409969625 15.267939633903366 69
1777409974728 15.724654553869192 70
1777409978262 15.49399612953619 71
1777409985334 14.607254859685959 72
1777409989246 15.877406799974871 73
1777409994208 14.281039333191488 74
1777409997241 15.957508989052515 75
1777410001134 14.919012307499711 76
1777410004703 15.606787559419109 77
1777410008295 14.260026284942958 78
1777410011637 13.854664990995367 79
1777410014538 13.453733546519771 80
1777410026547 13.948232142260878 81
1777410032321 16.618320214881543 82
1777410047191 15.391409234211388 83
1777410056594 14.619074826874863 84
1777410062000 13.390287461146949 85
1777410073400 13.535984868595735 86
1777410080436 13.341008497588172 87
1777410084739 13.651381673707192 88
1777410089003 13.886255507689597 89
1777410096405 13.318969926898598 90
1777410099892 13.222176566884096 91
1777410106440 13.686423849332293 92
1777410112615 12.559238732227202 93
1777410117811 12.504227854962911 94
1777410121733 13.229603385139205 95
1777410130758 15.143319848279281 96
1777410136682 14.179392537784551 97
1777410150425 13.22740362092201 98
1777410164446 12.3692816052915 99
1777410179292 11.927484814605455 100
1777410189759 12.505963476644167 101
1777410196330 12.269732217979813 102
1777410218949 12.758352853023323 103
1777410226701 13.19199405114721 104
1777410235175 12.91404110628445 105
1777410238517 13.134841620788857 106
1777410245693 11.947330384784886 107
1777410261928 12.099800853719216 108
1777410269375 11.699232948777633 109
1777410276978 12.57089227963347 110
1777410280091 12.571411048534449 111
1777410290095 12.056070117599006 112
1777410291012 11.492140975681567 113
1777410295280 11.740851795075429 114
