1777170538956 -1.8608599587549137 1
1777170540154 -1.638454037637826 2
1777170541297 -1.2717289022564424 3
1777170542432 -0.742882569370175 4
1777170543568 -0.1933347975142632 5
1777170544729 0.29253528487857194 6
1777170545863 0.6568210673706609 7
1777170546998 0.8453345536117891 8
1777170548130 0.909049287472298 9
1777170549256 0.9310626867064102 10
1777170550413 0.9401445075371676 11
1777170551586 0.9439056579408815 12
1777170552762 0.9567632410817951 13
1777170553937 0.9522415111381412 14
1777170555127 0.95408907148138 15
1777170556305 0.9627136830939819 16
1777170557480 0.9632185166349592 17
1777170558603 0.9647057780283675 18
1777170559720 0.9622622220375637 19
1777170560828 0.9627413699030954 20
1777170563269 0.9661439319599718 21
1777170564414 0.9680717651967544 22
1777170587052 0.9662298921406665 23
1777170594555 0.9684846231915055 24
1777170596197 0.969825260862889 25
1777170729013 0.9662200819069898 26
1777170825955 0.9728545467123838 27
1777170830391 0.9677491249926923 28
1777170831547 0.9694712552408324 29
1777170832645 0.9714305659226469 30
1777170833732 0.9721612972271966 31
1777170834823 0.9713091894422692 32
1777170835913 0.9748504391609123 33
1777170837005 0.9731544714121686 34
1777170838096 0.9764690558970461 35
1777170839188 0.976143620895 36
1777170840303 0.9750791291518184 37
1777170841391 0.977341502354492 38
1777170842481 0.9763717161058718 39
1777170843568 0.9770350436155192 40
1777170844653 0.9764011159328214 41
1777170845739 0.9770206756184716 42
1777170846825 0.9780156254331674 43
1777170847911 0.9782445825066194 44
1777170848996 0.9794816258161145 45
1777170850095 0.9780790647231365 46
1777170851204 0.978193841311707 47
1777170852292 0.9786275474557654 48
1777170853379 0.9796008097188672 49
1777170854464 0.9771568585397251 50
1777170855552 0.982032483124514 51
1777170856638 0.9805804698914411 52
1777170857726 0.9807274011913155 53
1777170858813 0.9811020560202901 54
1777170859902 0.9809158806570054 55
1777170860987 0.9835496554572317 56
1777170862097 0.9829056567019777 57
1777170863192 0.9829716293518385 58
1777170864278 0.9837334789931109 59
1777170865364 0.9844275815956479 60
1777170866453 0.9834679697194647 61
1777170867538 0.9839815077342078 62
1777170868629 0.982363833786796 63
1777170869719 0.9847708331373232 64
1777170870808 0.9850812627598126 65
1777170871893 0.9849905949686999 66
1777170873007 0.986985972034671 67
1777170874098 0.9847973955045675 68
1777170875189 0.9871508414419289 69
1777170876279 0.9864828580945816 70
1777170877370 0.9870036802807722 71
1777170878458 0.9849671343481046 72
1777170879550 0.9872079266077634 73
1777170880641 0.9871863422981617 74
1777170881733 0.9876716380169839 75
1777170882824 0.9867028924238626 76
1777170883938 0.9873223658676442 77
1777170885029 0.9884828103518932 78
1777170886119 0.988332389851216 79
1777170887207 0.9889836069581296 80
1777170888294 0.9889234547044913 81
1777170889380 0.989355988480851 82
1777170890465 0.9893436061749269 83
1777170891552 0.9888821736212023 84
1777170892647 0.9900665364967779 85
1777170893734 0.9902234434123995 86
1777170894842 0.9895191205592749 87
1777170895931 0.9881444939271807 88
1777170897021 0.9885175333272334 89
1777170898109 0.9901566566499796 90
1777170899196 0.9897964872746973 91
1777170900281 0.9905431486320455 92
1777170901368 0.9903702782140076 93
1777170902460 0.9905387372815749 94
1777170903551 0.990175918429992 95
1777170904643 0.9902575289806557 96
1777170905755 0.9904338101940318 97
1777170906848 0.9903639452342745 98
1777170907949 0.9901439358562348 99
1777170909054 0.9905543818088987 100
1777170910194 0.9917671956765414 101
1777170911317 0.9908341653440321 102
1777170912432 0.9909499460915203 103
1777170913546 0.9907310831672245 104
1777170914661 0.9910825548198821 105
1777170915780 0.9914771552538001 106
1777170916916 0.9911833167601507 107
1777170918035 0.9907737507261054 108
1777170919159 0.991400984546164 109
1777170920274 0.9909226307291406 110
1777170921384 0.991977477732408 111
1777170922496 0.9908858922905559 112
1777170923630 0.9918807601849752 113
1777170924744 0.9910584208819444 114
1777170925854 0.9912738347381546 115
1777170926986 0.9914806138605481 116
1777170928109 0.9921312897890122 117
1777170929222 0.9917356131655051 118
1777170930343 0.9921596347617907 119
1777170931463 0.9916441295382128 120
1777170932584 0.9922519151433117 121
1777170933700 0.9924769181445113 122
1777170934813 0.9909640161795823 123
1777170935939 0.9920698922293726 124
1777170937054 0.9917931257168136 125
1777170938188 0.9932694339988486 126
1777170939310 0.9916095659146437 127
1777170940430 0.993169792570857 128
1777170941541 0.9928445084740309 129
1777170942654 0.9931399982784622 130
1777170943782 0.9929110332976768 131
1777170944896 0.9921549647449244 132
1777170946012 0.992802415479282 133
1777170947123 0.9925259945830812 134
1777170948248 0.991904026104639 135
1777170949386 0.9921835846596547 136
1777170950505 0.9927598567733714 137
1777170951638 0.9927458108125141 138
1777170952767 0.9932149233490151 139
1777170953884 0.993152982081212 140
1777170955000 0.9937032484347795 141
1777170956133 0.9929669759210227 142
1777170957255 0.992426190436732 143
1777170958377 0.9934950333692459 144
1777170959508 0.9927230207037722 145
1777170960654 0.9933528821447588 146
1777170961774 0.9932072441647267 147
1777170962893 0.9930409016764201 148
