1777170538956 156.85736999511718 1
1777170540154 147.59009399414063 2
1777170541297 134.8276824951172 3
1777170542432 115.48770751953126 4
1777170543568 91.40296173095703 5
1777170544729 66.37314453125 6
1777170545863 44.584860229492186 7
1777170546998 29.658564376831055 8
1777170548130 23.35003547668457 9
1777170549256 20.96408157348633 10
1777170550413 19.941392517089845 11
1777170551586 19.30283393859863 12
1777170552762 17.17459182739258 13
1777170553937 18.160853576660156 14
1777170555127 17.67872734069824 15
1777170556305 16.211476135253907 16
1777170557480 16.01085548400879 17
1777170558603 15.579052734375 18
1777170559720 16.20918216705322 19
1777170560828 15.828261947631836 20
1777170563269 15.213022994995118 21
1777170564414 14.82339973449707 22
1777170587052 15.128498458862305 23
1777170594555 14.637712860107422 24
1777170596197 14.481925010681152 25
1777170729013 15.148361206054688 26
1777170825955 13.569672393798829 27
1777170830391 14.559200859069824 28
1777170831547 14.300980758666991 29
1777170832645 13.85447006225586 30
1777170833732 13.664106559753417 31
1777170834823 13.695827102661132 32
1777170835913 12.982234764099122 33
1777170837005 13.39721450805664 34
1777170838096 12.657920646667481 35
1777170839188 12.605214881896973 36
1777170840303 12.937896919250488 37
1777170841391 12.238518142700196 38
1777170842481 12.521270179748536 39
1777170843568 12.502927207946778 40
1777170844653 12.593001747131348 41
1777170845739 12.505990791320801 42
1777170846825 12.231758117675781 43
1777170847911 12.076027488708496 44
1777170848996 11.76634922027588 45
1777170850095 12.09201545715332 46
1777170851204 11.929668426513672 47
1777170852292 11.839741897583007 48
1777170853379 11.641977119445801 49
1777170854464 12.350288581848144 50
1777170855552 10.995312309265136 51
1777170856638 11.327493476867676 52
1777170857726 11.319851875305176 53
1777170858813 11.217192649841309 54
1777170859902 11.28951587677002 55
1777170860987 10.534004402160644 56
1777170862097 10.749101448059083 57
1777170863192 10.662038040161132 58
1777170864278 10.411641883850098 59
1777170865364 10.211197090148925 60
1777170866453 10.615203475952148 61
1777170867538 10.450863265991211 62
1777170868629 10.873079872131347 63
1777170869719 10.216228866577149 64
1777170870808 10.117221641540528 65
1777170871893 10.033041191101074 66
1777170873007 9.480661010742187 67
1777170874098 10.183011245727538 68
1777170875189 9.501040267944337 69
1777170876279 9.742249488830566 70
1777170877370 9.644751739501952 71
1777170878458 10.06679458618164 72
1777170879550 9.422933769226074 73
1777170880641 9.447070121765137 74
1777170881733 9.291821670532226 75
1777170882824 9.626178359985351 76
1777170883938 9.527482223510741 77
1777170885029 9.03408088684082 78
1777170886119 9.070306015014648 79
1777170887207 8.913331413269043 80
1777170888294 8.780720901489257 81
1777170889380 8.770886039733886 82
1777170890465 8.712295532226562 83
1777170891552 8.965518188476562 84
1777170892647 8.531110954284667 85
1777170893734 8.357181930541993 86
1777170894842 8.63392448425293 87
1777170895931 9.119034385681152 88
1777170897021 8.96407241821289 89
1777170898109 8.338340282440186 90
1777170899196 8.510965538024902 91
1777170900281 8.27317543029785 92
1777170901368 8.181196212768555 93
1777170902460 8.268999576568604 94
1777170903551 8.26057996749878 95
1777170904643 8.306602478027344 96
1777170905755 8.270946502685547 97
1777170906848 8.292520523071289 98
1777170907949 8.364945220947266 99
1777170909054 8.24660358428955 100
1777170910194 7.691598701477051 101
1777170911317 8.119157314300537 102
1777170912432 8.112326049804688 103
1777170913546 8.164565944671631 104
1777170914661 8.013633251190186 105
1777170915780 7.910661315917968 106
1777170916916 8.00145320892334 107
1777170918035 8.193669891357422 108
1777170919159 7.88897294998169 109
1777170920274 8.068855667114258 110
1777170921384 7.619333076477051 111
1777170922496 8.10217580795288 112
1777170923630 7.735051059722901 113
1777170924744 8.066047954559327 114
1777170925854 7.944348907470703 115
1777170926986 7.814585399627686 116
1777170928109 7.592263507843017 117
1777170929222 7.701433849334717 118
1777170930343 7.524671936035157 119
1777170931463 7.7254252433776855 120
1777170932584 7.487190628051758 121
1777170933700 7.419446277618408 122
1777170934813 8.070275211334229 123
1777170935939 7.579413318634034 124
1777170937054 7.676957416534424 125
1777170938188 7.065972709655762 126
1777170939310 7.767996883392334 127
1777170940430 7.068251323699951 128
1777170941541 7.19393367767334 129
1777170942654 7.0464879989624025 130
1777170943782 7.199442672729492 131
1777170944896 7.541831111907959 132
1777170946012 7.130235385894776 133
1777170947123 7.314828300476075 134
1777170948248 7.719395446777344 135
1777170949386 7.502269840240478 136
1777170950505 7.224337100982666 137
1777170951638 7.240625190734863 138
1777170952767 7.044830322265625 139
1777170953884 7.046376419067383 140
1777170955000 6.803027820587158 141
1777170956133 7.140939235687256 142
1777170957255 7.324316787719726 143
1777170958377 6.867441177368164 144
1777170959508 7.259975337982178 145
1777170960654 6.9106090545654295 146
1777170961774 7.004289054870606 147
1777170962893 7.058949089050293 148
