1777170538956 151.85860216452036 1
1777170540154 142.71595875273118 2
1777170541297 129.95756096089983 3
1777170542432 110.54220217379336 4
1777170543568 86.5394547178908 5
1777170544729 61.721888119389114 6
1777170545863 40.1390616288454 7
1777170546998 25.32919874061109 8
1777170548130 19.051600704362908 9
1777170549256 16.677834856050303 10
1777170550413 15.679187308857632 11
1777170551586 15.07958651262504 12
1777170552762 12.98620666186958 13
1777170553937 13.945521672868587 14
1777170555127 13.488608710744614 15
1777170556305 12.05393202309085 16
1777170557480 11.857004998770241 17
1777170558603 11.473220648609919 18
1777170559720 12.07046118552324 19
1777170560828 11.716644903120725 20
1777170563269 11.137898203230046 21
1777170564414 10.751220915480255 22
1777170587052 11.048935271469706 23
1777170594555 10.587583568301328 24
1777170596197 10.430060563129912 25
1777170729013 11.08859819372613 26
1777170825955 9.578716912708225 27
1777170830391 10.52340679496969 28
1777170831547 10.28589603299557 29
1777170832645 9.850671110973867 30
1777170833732 9.66725379400508 31
1777170834823 9.710862631868538 32
1777170835913 9.018989031194579 33
1777170837005 9.398774560198232 34
1777170838096 8.709952485851435 35
1777170839188 8.652204167623548 36
1777170840303 8.97501721973589 37
1777170841391 8.315491525553808 38
1777170842481 8.612183433498757 39
1777170843568 8.540477064908082 40
1777170844653 8.634777906514064 41
1777170845739 8.583590345524184 42
1777170846825 8.30844067853707 43
1777170847911 8.170574883028024 44
1777170848996 7.882917545895902 45
1777170850095 8.174015429012853 46
1777170851204 8.031378320586434 47
1777170852292 7.971470327518814 48
1777170853379 7.749378382629033 49
1777170854464 8.40675894621218 50
1777170855552 7.158471198435707 51
1777170856638 7.465377247581142 52
1777170857726 7.463156283913451 53
1777170858813 7.358345515310587 54
1777170859902 7.4149102894134975 55
1777170860987 6.740978953873722 56
1777170862097 6.913027518580859 57
1777170863192 6.840930025457275 58
1777170864278 6.642662525459992 59
1777170865364 6.439117390663759 60
1777170866453 6.809797166547011 61
1777170867538 6.663437897713319 62
1777170868629 7.057181602783656 63
1777170869719 6.432499627133152 64
1777170870808 6.331815947354371 65
1777170871893 6.28662459404603 66
1777170873007 5.763473983504298 67
1777170874098 6.408401259357214 68
1777170875189 5.789129263427916 69
1777170876279 6.001076801198173 70
1777170877370 5.900861447727645 71
1777170878458 6.3347399554832755 72
1777170879550 5.719763695295204 73
1777170880641 5.747271203626865 74
1777170881733 5.58787895301683 75
1777170882824 5.892442423766727 76
1777170883938 5.795237609568972 77
1777170885029 5.355967004928815 78
1777170886119 5.396652293955183 79
1777170887207 5.246569479707441 80
1777170888294 5.152192303009486 81
1777170889380 5.118271726217751 82
1777170890465 5.060911515629257 83
1777170891552 5.289669459651415 84
1777170892647 4.886510255287238 85
1777170893734 4.753794969960561 86
1777170894842 5.012977209345877 87
1777170895931 5.443360208007632 88
1777170897021 5.325927191799401 89
1777170898109 4.730616689676347 90
1777170899196 4.905195147403977 91
1777170900281 4.673126612700058 92
1777170901368 4.6266918644211765 93
1777170902460 4.697279412385618 94
1777170903551 4.708645363816168 95
1777170904643 4.721130334248529 96
1777170905755 4.673424096263127 97
1777170906848 4.693331249757761 98
1777170907949 4.763826370295856 99
1777170909054 4.667921226456187 100
1777170910194 4.18298727527924 101
1777170911317 4.554675028090661 102
1777170912432 4.541750691467647 103
1777170913546 4.567173163841315 104
1777170914661 4.452341913568514 105
1777170915780 4.346760646921944 106
1777170916916 4.444647886746008 107
1777170918035 4.602853849677021 108
1777170919159 4.341855800130601 109
1777170920274 4.5317138770921295 110
1777170921384 4.1202113809783665 111
1777170922496 4.52716570721182 112
1777170923630 4.212315060193886 113
1777170924744 4.497544677009922 114
1777170925854 4.412522060099978 115
1777170926986 4.284990387981653 116
1777170928109 4.072914317269707 117
1777170929222 4.192239953049566 118
1777170930343 4.032112608097427 119
1777170931463 4.211535705006087 120
1777170932584 4.017911298282069 121
1777170933700 3.9305070338263355 122
1777170934813 4.5248373290268535 123
1777170935939 4.0903057510987235 124
1777170937054 4.167495781986225 125
1777170938188 3.6319299722779044 126
1777170939310 4.251498178657509 127
1777170940430 3.6508197574728674 128
1777170941541 3.7537300972980985 129
1777170942654 3.6538018547533526 130
1777170943782 3.7469452957017486 131
1777170944896 4.061908481297932 132
1777170946012 3.721619712422085 133
1777170947123 3.8808844733308967 134
1777170948248 4.18117960972319 135
1777170949386 4.014217856376037 136
1777170950505 3.7927673338994783 137
1777170951638 3.8042879306668698 138
1777170952767 3.6312029586701438 139
1777170953884 3.631186501279429 140
1777170955000 3.421340520077714 141
1777170956133 3.7130388778041308 142
1777170957255 3.8907103687365616 143
1777170958377 3.4864009026603813 144
1777170959508 3.820849754548568 145
1777170960654 3.5351574501863925 146
1777170961774 3.612966484896153 147
1777170962893 3.6672374758168567 148
