1777376041869 -2.8253666275878047 1
1777376042530 -2.774502095516227 2
1777376044994 -2.721953428292628 3
1777376046436 -2.6778106945039206 4
1777376047230 -2.632611108639432 5
1777376048304 -2.5806085772252136 6
1777376049618 -2.508324499638462 7
1777376050233 -2.4346437622413952 8
1777376051150 -2.364440458556516 9
1777376052448 -2.2933441911728574 10
1777376053805 -2.2189976606213486 11
1777376055372 -2.146421476057762 12
1777376058206 -2.0720148546476937 13
1777376058970 -1.9909966513861295 14
1777376060465 -1.8951090581058216 15
1777376061617 -1.7969241191460683 16
1777376062064 -1.6954186469353516 17
1777376065197 -1.5884114793572346 18
1777376069113 -1.4803084656047512 19
1777376069642 -1.3673041552296645 20
1777376071362 -1.258989308304141 21
1777376071949 -1.1403385118675717 22
1777376073182 -1.0317225002983568 23
1777376074675 -0.9100576003706642 24
1777376075447 -0.7997390257429078 25
1777376076824 -0.6797291273245487 26
1777376079757 -0.5646928331238987 27
1777376080267 -0.4476579008332924 28
1777376081025 -0.3418453881092618 29
1777376081747 -0.21843481975446832 30
1777376082909 -0.11826179210513388 31
1777376083463 -0.010331210906512567 32
1777376084548 0.09644938117334867 33
1777376085401 0.1866392412616622 34
1777376085885 0.2929229818809803 35
1777376086469 0.3653814225641817 36
1777376087537 0.44864752328936375 37
1777376088968 0.5206101216592838 38
1777376089749 0.5892055466243585 39
1777376090301 0.6423945177855623 40
1777376091487 0.684913906575779 41
1777376092081 0.7134371029224904 42
1777376092709 0.7471017290641431 43
1777376093559 0.7920607971736857 44
1777376093971 0.8191358233237626 45
1777376094381 0.831160580777412 46
1777376094968 0.8384114683882427 47
1777376095620 0.8389109085308922 48
1777376097245 0.8489985529705786 49
1777376097652 0.8789727381962469 50
1777376098198 0.8815121150322576 51
1777376099522 0.8900042208681124 52
1777376100219 0.8814310207102448 53
1777376100651 0.8880505325620641 54
1777376102021 0.8958891837841443 55
1777376103493 0.9008294093592705 56
1777376104641 0.9033370525528793 57
1777376105064 0.8973329005700366 58
1777376105928 0.9110706087176283 59
1777376106508 0.9040355360239247 60
1777376107155 0.9068572653337733 61
1777376108674 0.9180680906758303 62
1777376110275 0.918767769767001 63
1777376110903 0.9159302451087071 64
1777376111488 0.9203324909878762 65
1777376112544 0.9196821339691253 66
1777376113824 0.9219472856571216 67
1777376114332 0.9210488772974442 68
1777376115721 0.9215326303379503 69
1777376116744 0.9223923854135222 70
1777376117243 0.9139357258752379 71
1777376119520 0.9311002458370482 72
1777376121704 0.9291530303814752 73
1777376129508 0.9221620694890029 74
1777376135869 0.9261698429942364 75
1777376140602 0.9295105262834598 76
1777376141022 0.9267521154797925 77
1777376141474 0.9289972871489045 78
1777376142258 0.9335800277910381 79
1777376142702 0.9311950453502005 80
1777376143836 0.9309733236308944 81
1777376145176 0.9230066118445271 82
1777376147030 0.9390672605425175 83
1777376148339 0.9401404667174458 84
1777376149529 0.9298561482516304 85
1777376150373 0.9238563345051142 86
1777376151022 0.9300412335377368 87
1777376152225 0.923862378419693 88
1777376153205 0.9329723620890576 89
1777376155611 0.9338040639676511 90
1777376156598 0.9372504225255709 91
1777376159078 0.9439422535223627 92
1777376161734 0.9426267203767015 93
1777376162696 0.9389946403311407 94
1777376163537 0.9378631449328523 95
