1777376041869 195.2035675048828 1
1777376042530 193.44219970703125 2
1777376044994 191.602294921875 3
1777376046436 190.03524780273438 4
1777376047230 188.39735412597656 5
1777376048304 186.4896240234375 6
1777376049618 183.86810302734375 7
1777376050233 181.16326904296875 8
1777376051150 178.56423950195312 9
1777376052448 175.97500610351562 10
1777376053805 173.3838348388672 11
1777376055372 170.8693084716797 12
1777376058206 168.29319763183594 13
1777376058970 165.1805419921875 14
1777376060465 161.57969665527344 15
1777376061617 157.9738311767578 16
1777376062064 154.29083251953125 17
1777376065197 150.45236206054688 18
1777376069113 146.3855438232422 19
1777376069642 142.28843688964844 20
1777376071362 137.90042114257812 21
1777376071949 133.38201904296875 22
1777376073182 128.7054901123047 23
1777376074675 123.85022735595703 24
1777376075447 118.9548110961914 25
1777376076824 113.79757690429688 26
1777376079757 108.55429077148438 27
1777376080267 103.2307357788086 28
1777376081025 97.85885620117188 29
1777376081747 92.79798126220703 30
1777376082909 87.81674194335938 31
1777376083463 82.3494644165039 32
1777376084548 77.04835510253906 33
1777376085401 71.8401107788086 34
1777376085885 66.96427917480469 35
1777376086469 62.508949279785156 36
1777376087537 58.154052734375 37
1777376088968 53.47404479980469 38
1777376089749 49.47677993774414 39
1777376090301 46.51966094970703 40
1777376091487 42.633079528808594 41
1777376092081 41.84529495239258 42
1777376092709 39.839229583740234 43
1777376093559 36.012882232666016 44
1777376093971 33.84730911254883 45
1777376094381 31.957706451416016 46
1777376094968 32.30580139160156 47
1777376095620 32.282676696777344 48
1777376097245 31.632902145385742 49
1777376097652 27.971805572509766 50
1777376098198 28.28139305114746 51
1777376099522 27.14591407775879 52
1777376100219 27.893056869506836 53
1777376100651 27.474435806274414 54
1777376102021 26.121009826660156 55
1777376103493 26.11715316772461 56
1777376104641 25.426868438720703 57
1777376105064 26.699893951416016 58
1777376105928 24.337133407592773 59
1777376106508 25.62397575378418 60
1777376107155 25.34928321838379 61
1777376108674 23.788318634033203 62
1777376110275 23.47735595703125 63
1777376110903 24.02227210998535 64
1777376111488 23.393638610839844 65
1777376112544 23.36066246032715 66
1777376113824 23.278467178344727 67
1777376114332 23.848058700561523 68
1777376115721 23.267913818359375 69
1777376116744 23.41008186340332 70
1777376117243 24.666202545166016 71
1777376119520 21.896865844726562 72
1777376121704 22.156566619873047 73
1777376129508 23.37566566467285 74
1777376135869 22.90119743347168 75
1777376140602 22.17873764038086 76
1777376141022 22.511695861816406 77
1777376141474 22.29859161376953 78
1777376142258 21.709245681762695 79
1777376142702 21.935213088989258 80
1777376143836 22.226552963256836 81
1777376145176 23.44884490966797 82
1777376147030 20.82366180419922 83
1777376148339 20.39438819885254 84
1777376149529 22.423715591430664 85
1777376150373 23.5515193939209 86
1777376151022 22.32464599609375 87
1777376152225 23.570079803466797 88
1777376153205 21.67133331298828 89
1777376155611 21.545700073242188 90
1777376156598 20.900836944580078 91
1777376159078 19.920738220214844 92
1777376161734 20.456457138061523 93
1777376162696 20.30082893371582 94
1777376163537 20.989521026611328 95
