1777219395813 184.36388332389515 1
1777219397580 171.65215001574634 2
1777219399017 153.20839690800955 3
1777219400523 126.38586287368685 4
1777219402459 94.40619409504727 5
1777219436756 63.132686074160965 6
1777219437871 38.76236118203789 7
1777219439763 27.035736853244035 8
1777219441034 20.947940269334783 9
1777219442285 18.507499422152367 10
1777219443511 16.720595995660364 11
1777219444714 15.817095895123906 12
1777219445880 15.36650277493268 13
1777219447038 14.288648627015966 14
1777219448198 14.922385840782752 15
1777219449422 13.685285637308155 16
1777219450609 14.059141733745147 17
1777219451838 13.812415371054023 18
1777219453296 12.374336121688932 19
1777219457390 11.716795334674902 20
1777219458986 12.891098968686437 21
1777219460531 11.864966697918593 22
1777219462171 12.39201020009419 23
1777219463429 13.29745393651477 24
1777219464673 11.566514419465376 25
1777219466037 11.42941487329246 26
1777219467406 10.805964288655117 27
1777219468720 11.320270642162075 28
1777219470023 10.541919991758448 29
1777219471419 10.831785643989518 30
1777219501311 11.164089965820313 31
1777219503089 10.608670437604012 32
1777219504580 10.49011850932646 33
1777219506207 10.34851292175654 34
1777219507632 10.068629200952293 35
1777219517138 9.566447472205528 36
1777219518373 10.887302807689418 37
1777219519799 10.6195553119366 38
1777219521071 9.437555082874185 39
1777219522273 9.00730898885332 40
1777219523495 9.453086171347714 41
1777219524648 9.643138804689666 42
1777219525904 9.320901501898229 43
1777219532091 9.983046896669286 44
1777219533836 9.83482351630397 45
1777219535176 9.549168932310929 46
1777219536427 8.859077126768213 47
1777219537719 9.077275382499018 48
1777219539030 8.76670335216635 49
1777219540236 9.130395809151011 50
