1777233199359 -1.9046273131139366 1
1777233200777 -1.7711530756371445 2
1777233202145 -1.6074252643643523 3
1777233203447 -1.3603218371750252 4
1777233204771 -1.0233484903590884 5
1777233206091 -0.6476972593023052 6
1777233207577 -0.266647963408167 7
1777233208886 0.12000190242260766 8
1777233210280 0.44639569709045696 9
1777233211627 0.691247283501329 10
1777233212971 0.8211770065438149 11
1777233214290 0.8887307441375079 12
1777233215610 0.9170231362087531 13
1777233216972 0.9231711478483078 14
1777233218378 0.935291606646981 15
1777233220372 0.9379619182124619 16
1777233223619 0.9445618303122114 17
1777233446473 0.9459325252774888 18
1777233447681 0.9511589238676649 19
1777233448915 0.9510331219287744 20
1777233450179 0.956828572423062 21
1777233451448 0.9519103453671164 22
1777233452604 0.9516742258788057 23
1777233453850 0.9573540018348068 24
1777233455109 0.9566943437444045 25
1777233456374 0.9609350603732016 26
1777233457707 0.9594083766194068 27
1777233458970 0.9588385424373594 28
1777233460232 0.9646744697607847 29
1777233461500 0.9641966155171586 30
1777233462759 0.96348146347989 31
1777233464070 0.9657875272438485 32
1777233465354 0.966126892621529 33
1777233466613 0.9621354945855485 34
1777233467858 0.9670443783187717 35
1777233469127 0.9665187071347491 36
1777233470271 0.9665098625689721 37
1777233471353 0.9647839387374203 38
1777233472487 0.9687435603101624 39
1777233473711 0.9709101967506036 40
1777233475012 0.9723587879660668 41
1777233476343 0.9692733307531218 42
1777233477661 0.9723521422671715 43
1777233478965 0.9719750608887621 44
1777233480273 0.9702184966053011 45
1777233481561 0.9704358255303388 46
1777233482898 0.9694784423310528 47
1777233484298 0.9735650950323045 48
1777233485641 0.9723043289201059 49
1777233486908 0.973763719586683 50
1777233488323 0.9738953087437607 51
1777233489866 0.9739796803216374 52
1777233491503 0.9736169431252385 53
1777233493666 0.971286636568909 54
1777233499767 0.9746858297102199 55
1777233555358 0.9749494910727691 56
1777233556628 0.9749856027080568 57
1777233557874 0.9760123200621079 58
1777233559157 0.9749747727198972 59
1777233560436 0.977490136591588 60
1777233561771 0.9748484635098918 61
1777233562959 0.9755754097346049 62
1777233564296 0.9740521540287981 63
1777233565589 0.9780579886418123 64
1777233566937 0.978448962792853 65
1777233568308 0.9784606751128582 66
1777233569584 0.9758868056945372 67
1777233570864 0.9783163708244039 68
1777233572243 0.9792486596797538 69
1777233573504 0.978513193293787 70
1777233574822 0.9744714602227926 71
1777233576177 0.9799665679006111 72
1777233577468 0.9788513900641604 73
