1777201713843 190.60371386285365 1
1777201714244 189.8951522917437 2
1777201714621 188.93461527626894 3
1777201714995 187.9542761266584 4
1777201715375 187.00737615280602 5
1777201717255 186.02884676780926 6
1777201718982 184.9399706959019 7
1777201719728 183.72476727186574 8
1777201720864 182.39622670912883 9
1777201722123 180.99883681077225 10
1777201728015 179.50631031284672 11
1777201730005 177.90222202278454 12
1777201730382 176.2643074351655 13
1777201730877 174.6434255927272 14
1777201731471 173.0013976238183 15
1777201731828 171.32757046490732 16
1777201732446 169.6076425947381 17
1777201735252 167.72658906293339 18
1777201737940 165.72808987769855 19
1777201738464 163.6845239221697 20
1777201738830 161.58174003285063 21
1777201739197 159.41956752799672 22
1777201739563 157.1870411889793 23
1777201740794 154.82491754836585 24
1777201743219 152.29687628209945 25
1777201743961 149.70652259962094 26
1777201744373 147.0462129130166 27
1777201744736 144.29029970789801 28
1777201745463 141.49638424483982 29
1777201745850 138.51531418117546 30
1777201746611 135.46380792200213 31
1777201747361 132.4103533863316 32
1777201747734 129.306402010043 33
1777201748494 125.94380505804479 34
1777201749910 122.59234053030522 35
1777201751628 119.12587124976886 36
1777201752780 115.84319627750554 37
1777201753169 112.0801697589942 38
1777201753552 108.45621427276431 39
1777201754660 104.75180506057288 40
1777201755036 101.03854954285029 41
1777201755711 97.26339696398854 42
1777201756090 93.67000242154273 43
1777201756466 89.93575822277182 44
1777201756923 86.02160998462925 45
1777201757299 81.99289225741957 46
1777201758063 77.97127873347355 47
1777201758453 74.16197970237958 48
1777201758842 70.58992294221235 49
1777201759236 66.79401547584308 50
1777201760859 63.030298790564906 51
1777201762428 59.53101673916247 52
1777201762824 55.68492877666767 53
1777201764368 52.04980129715959 54
1777201764895 48.83179503220778 55
1777201767242 45.90780265401806 56
1777201775117 43.34538093882905 57
1777201777593 39.93546543008477 58
1777201777963 37.75088150656435 59
1777201779105 35.83157214554104 60
1777201779490 33.01089304636216 61
1777201780928 30.82012502230131 62
1777201781304 29.120910739334377 63
1777201781680 28.552884775647044 64
1777201782819 25.72788718635514 65
1777201783232 25.362721800945213 66
1777201783630 24.180096864418164 67
1777201785928 22.7686794822738 68
1777201793574 22.220124198416986 69
1777201795428 21.508184981487208 70
1777201795797 20.257768194209895 71
1777201796170 20.31756909838795 72
1777201796540 20.46616559226132 73
1777201796906 18.87790789745263 74
1777201797272 18.806722358839046 75
1777201798175 17.766210796423916 76
1777201798548 19.027669140290932 77
1777201799312 19.799647666434563 78
1777201799687 18.769736178245772 79
1777201800223 16.54142457296157 80
1777201800588 17.79222665369158 81
1777201801027 16.054620185265176 82
1777201801389 16.75487120363134 83
1777201801987 17.514520466821434 84
1777201802506 17.43305281238443 85
1777201803259 16.273681789601344 86
1777201803635 15.293511590449768 87
1777201805661 15.271856258324618 88
1777201806428 15.303314409876716 89
1777201808140 15.177220059005466 90
1777201809097 14.918239844056982 91
1777201815065 14.475295468618178 92
1777201816963 14.362970335243721 93
1777201818119 13.7316000740909 94
1777201818521 13.320730973418648 95
1777201819674 13.89499509235811 96
1777201821017 14.925773002127924 97
1777201822164 14.197921340423223 98
1777201822875 14.510843384195361 99
1777201823252 13.851643468642376 100
1777201823630 15.141319080781654 101
1777201824012 13.710608677610137 102
1777201824391 13.789919739220975 103
1777201825187 13.453609421408387 104
