1777201713843 51747.16796875 1
1777201714244 51472.83203125 2
1777201714621 51104.484375 3
1777201714995 50719.8515625 4
1777201715375 50360.98046875 5
1777201717255 49989.01171875 6
1777201718982 49581.703125 7
1777201719728 49120.10546875 8
1777201720864 48629.859375 9
1777201722123 48100.375 10
1777201728015 47540.53515625 11
1777201730005 46930.07421875 12
1777201730382 46310.9765625 13
1777201730877 45698.57421875 14
1777201731471 45086.36328125 15
1777201731828 44448.3984375 16
1777201732446 43789.5 17
1777201735252 43043.6171875 18
1777201737940 42216.55078125 19
1777201738464 41440.09375 20
1777201738830 40653.35546875 21
1777201739197 39839.62890625 22
1777201739563 39009.56640625 23
1777201740794 38158.796875 24
1777201743219 37257.09765625 25
1777201743961 36311.8046875 26
1777201744373 35374.35546875 27
1777201744736 34413.875 28
1777201745463 33416.64453125 29
1777201745850 32358.68359375 30
1777201746611 31349.65234375 31
1777201747361 30381.517578125 32
1777201747734 29285.49609375 33
1777201748494 28191.388671875 34
1777201749910 27151.3515625 35
1777201751628 26043.3828125 36
1777201752780 25023.365234375 37
1777201753169 23974.8125 38
1777201753552 22829.8359375 39
1777201754660 21698.064453125 40
1777201755036 20614.21484375 41
1777201755711 19466.1015625 42
1777201756090 18259.82421875 43
1777201756466 17109.19921875 44
1777201756923 16094.076171875 45
1777201757299 14893.1845703125 46
1777201758063 13727.380859375 47
1777201758453 12764.44921875 48
1777201758842 11693.0341796875 49
1777201759236 10863.7421875 50
1777201760859 9554.552734375 51
1777201762428 8843.884765625 52
1777201762824 7895.63427734375 53
1777201764368 7160.2353515625 54
1777201764895 6397.40673828125 55
1777201767242 5604.6376953125 56
1777201775117 5144.2841796875 57
1777201777593 4556.58544921875 58
1777201777963 3916.372802734375 59
1777201779105 3652.150390625 60
1777201779490 3076.7705078125 61
1777201780928 2841.321044921875 62
1777201781304 2506.27880859375 63
1777201781680 2321.273193359375 64
1777201782819 1952.2073974609375 65
1777201783232 1854.010009765625 66
1777201783630 1758.1070556640625 67
1777201785928 1567.5169677734375 68
1777201793574 1466.3260498046875 69
1777201795428 1379.02392578125 70
1777201795797 1237.66357421875 71
1777201796170 1178.98974609375 72
1777201796540 1261.555908203125 73
1777201796906 1098.1593017578125 74
1777201797272 1053.009521484375 75
1777201798175 1008.6090087890625 76
1777201798548 1099.446044921875 77
1777201799312 1139.3975830078125 78
1777201799687 1011.0853271484375 79
1777201800223 853.68017578125 80
1777201800588 935.7647705078125 81
1777201801027 805.1442260742188 82
1777201801389 844.5952758789062 83
1777201801987 905.7111206054688 84
1777201802506 913.2427368164062 85
1777201803259 832.8580322265625 86
1777201803635 730.9359741210938 87
1777201805661 740.3706665039062 88
1777201806428 728.4920043945312 89
1777201808140 731.7437744140625 90
1777201809097 706.4467163085938 91
1777201815065 661.6281127929688 92
1777201816963 673.8529663085938 93
1777201818119 613.1410522460938 94
1777201818521 575.1895141601562 95
1777201819674 613.7155151367188 96
1777201821017 706.478271484375 97
1777201822164 657.8369750976562 98
1777201822875 666.7672119140625 99
1777201823252 604.2251586914062 100
1777201823630 708.8156127929688 101
1777201824012 591.5138549804688 102
1777201824391 594.12451171875 103
1777201825187 598.0736083984375 104
