1777311079634 150.60702514648438 1
1777311081490 118.69320678710938 2
1777311083336 70.43929290771484 3
1777311085180 34.248992919921875 4
1777311087015 24.2944278717041 5
1777311088870 21.071651458740234 6
1777311090718 19.95055389404297 7
1777311092572 17.912858963012695 8
1777311094409 18.222087860107422 9
1777311096246 17.873750686645508 10
1777311098102 17.31216049194336 11
1777311099965 16.479455947875977 12
1777311101848 15.932515144348145 13
1777311103699 16.065444946289062 14
1777311105535 15.590224266052246 15
1777311107384 15.291045188903809 16
1777311109231 14.788708686828613 17
1777311111087 14.259184837341309 18
1777311112925 14.773784637451172 19
1777311114778 14.238848686218262 20
1777311116626 14.12570858001709 21
1777311118454 13.41096019744873 22
1777311120280 13.089174270629883 23
1777311122137 12.441055297851562 24
1777311123983 12.156919479370117 25
1777311125812 12.210286140441895 26
1777311127647 11.436051368713379 27
1777311129484 11.97092342376709 28
1777311131323 11.25497055053711 29
1777311133162 10.810931205749512 30
1777311135006 10.8836030960083 31
1777311136855 10.606582641601562 32
1777311138694 10.505334854125977 33
1777311140537 10.21133041381836 34
1777311142372 10.045005798339844 35
1777311144241 10.051362037658691 36
1777311146134 9.896392822265625 37
1777311148006 9.642240524291992 38
1777311149913 9.472522735595703 39
1777311151798 9.526009559631348 40
1777311153723 9.310297012329102 41
1777311155607 9.113895416259766 42
1777311157482 9.399637222290039 43
1777311159315 9.028789520263672 44
1777311161196 9.265708923339844 45
1777311163070 9.295015335083008 46
1777311164994 8.973467826843262 47
1777311166884 8.674483299255371 48
1777311168765 8.921149253845215 49
1777311170653 8.602191925048828 50
1777311172521 8.484922409057617 51
1777311174397 8.624700546264648 52
1777311176276 8.396024703979492 53
1777311196570 8.417837142944336 54
1777311217478 8.379663467407227 55
1777311219321 8.113574028015137 56
1777311221170 8.176180839538574 57
1777311223007 8.15656566619873 58
1777311224849 8.292896270751953 59
1777311226702 7.898432731628418 60
1777311228562 8.08700180053711 61
1777311230402 8.041861534118652 62
1777311232234 8.079668998718262 63
1777311234069 8.03730297088623 64
1777311235910 7.7285284996032715 65
1777311237772 7.903255939483643 66
1777311239639 7.9583964347839355 67
1777311241484 7.950242519378662 68
1777311243325 7.6893415451049805 69
1777311245172 7.819726467132568 70
1777311247015 7.511172294616699 71
1777311248869 7.528506755828857 72
1777311250743 7.60158634185791 73
1777311252596 7.375688076019287 74
1777311254454 7.4200639724731445 75
1777311256307 7.587416172027588 76
1777311258151 7.2364325523376465 77
1777311260000 7.572434902191162 78
1777311261865 7.2647576332092285 79
1777311263717 7.277633190155029 80
1777311265570 7.2559309005737305 81
1777311267406 7.1964240074157715 82
1777311269253 7.359775543212891 83
1777311271125 7.06640625 84
1777311272985 7.356775283813477 85
1777311274834 6.9672040939331055 86
1777311276681 7.076971530914307 87
