1777311079634 150.60702819824218 1
1777311081490 118.69320373535156 2
1777311083336 70.43929443359374 3
1777311085180 34.24899253845215 4
1777311087015 24.294428443908693 5
1777311088870 21.071651458740234 6
1777311090718 19.950554275512694 7
1777311092572 17.912859153747558 8
1777311094409 18.222085762023926 9
1777311096246 17.873748970031738 10
1777311098102 17.31215934753418 11
1777311099965 16.4794563293457 12
1777311101848 15.93251428604126 13
1777311103699 16.06544542312622 14
1777311105535 15.590224552154542 15
1777311107384 15.291046237945556 16
1777311109231 14.788709163665771 17
1777311111087 14.259185218811036 18
1777311112925 14.77378454208374 19
1777311114778 14.238849353790282 20
1777311116626 14.125708484649659 21
1777311118454 13.410960006713868 22
1777311120280 13.089174938201904 23
1777311122137 12.44105577468872 24
1777311123983 12.156919384002686 25
1777311125812 12.210286712646484 26
1777311127647 11.43605146408081 27
1777311129484 11.97092342376709 28
1777311131323 11.254970455169678 29
1777311133162 10.810930919647216 30
1777311135006 10.883603954315186 31
1777311136855 10.606583595275879 32
1777311138694 10.505333995819091 33
1777311140537 10.211329364776612 34
1777311142372 10.045005321502686 35
1777311144241 10.051362228393554 36
1777311146134 9.896393585205079 37
1777311148006 9.642240428924561 38
1777311149913 9.472521781921387 39
1777311151798 9.526009368896485 40
1777311153723 9.310297107696533 41
1777311155607 9.113895320892334 42
1777311157482 9.399637794494629 43
1777311159315 9.028789138793945 44
1777311161196 9.265708255767823 45
1777311163070 9.295015430450439 46
1777311164994 8.973468208312989 47
1777311166884 8.674482345581055 48
1777311168765 8.921149921417236 49
1777311170653 8.602192306518555 50
1777311172521 8.48492259979248 51
1777311174397 8.624700450897217 52
1777311176276 8.39602451324463 53
1777311196570 8.417838096618652 54
1777311217478 8.37966275215149 55
1777311219321 8.113574266433716 56
1777311221170 8.176181411743164 57
1777311223007 8.156565093994141 58
1777311224849 8.292896032333374 59
1777311226702 7.898432970046997 60
1777311228562 8.087002182006836 61
1777311230402 8.041862344741821 62
1777311232234 8.079669713973999 63
1777311234069 8.0373028755188 64
1777311235910 7.728528547286987 65
1777311237772 7.903255796432495 66
1777311239639 7.958395481109619 67
1777311241484 7.950242328643799 68
1777311243325 7.68934121131897 69
1777311245172 7.8197263240814205 70
1777311247015 7.511172199249268 71
1777311248869 7.528506469726563 72
1777311250743 7.6015862941741945 73
1777311252596 7.375687932968139 74
1777311254454 7.420064067840576 75
1777311256307 7.587415981292724 76
1777311258151 7.236432600021362 77
1777311260000 7.572434663772583 78
1777311261865 7.264757680892944 79
1777311263717 7.277633333206177 80
1777311265570 7.255931043624878 81
1777311267406 7.196423673629761 82
1777311269253 7.359775733947754 83
1777311271125 7.0664060592651365 84
1777311272985 7.356775712966919 85
1777311274834 6.967204284667969 86
1777311276681 7.076971912384034 87
