1777311079634 -1.5416354868651925 1
1777311081490 -0.7954407956289541 2
1777311083336 0.20384983929997738 3
1777311085180 0.8004495964292199 4
1777311087015 0.9180738556207826 5
1777311088870 0.9410515099520731 6
1777311090718 0.9470672977523181 7
1777311092572 0.9575351081757134 8
1777311094409 0.9573951044159411 9
1777311096246 0.9579801363432333 10
1777311098102 0.9602553986410696 11
1777311099965 0.9632452090939541 12
1777311101848 0.9654417419416165 13
1777311103699 0.9653526645161457 14
1777311105535 0.9674652533280057 15
1777311107384 0.9681183494985282 16
1777311109231 0.9704488348489058 17
1777311111087 0.9725339370974397 18
1777311112925 0.9707484773431336 19
1777311114778 0.9721499409559147 20
1777311116626 0.9733415477802282 21
1777311118454 0.9759929990116504 22
1777311120280 0.976713674005779 23
1777311122137 0.9791947944447641 24
1777311123983 0.9802538796731344 25
1777311125812 0.9801218351757355 26
1777311127647 0.9827470427118495 27
1777311129484 0.9807920418880777 28
1777311131323 0.9831498229245896 29
1777311133162 0.9847514980109352 30
1777311135006 0.9841630491010639 31
1777311136855 0.9852461393531314 32
1777311138694 0.9853447010008575 33
1777311140537 0.9865807274114744 34
1777311142372 0.9867165553553165 35
1777311144241 0.9868132156150041 36
1777311146134 0.9873149950083813 37
1777311148006 0.9879804457681104 38
1777311149913 0.9883763825207529 39
1777311151798 0.988205725277225 40
1777311153723 0.9887263877685347 41
1777311155607 0.9894533279943476 42
1777311157482 0.9884004016258119 43
1777311159315 0.9894273853009838 44
1777311161196 0.9889097856221454 45
1777311163070 0.9885161925630834 46
1777311164994 0.9894876915963892 47
1777311166884 0.9902788092519182 48
1777311168765 0.9898018045041219 49
1777311170653 0.9904053066107394 50
1777311172521 0.990401249556251 51
1777311174397 0.9902891110852486 52
1777311176276 0.9905743536316353 53
1777311196570 0.9907407579937935 54
1777311217478 0.9908325825982993 55
1777311219321 0.9914703590061216 56
1777311221170 0.9912556651158946 57
1777311223007 0.9913469300302525 58
1777311224849 0.9909889574414382 59
1777311226702 0.9919592134978851 60
1777311228562 0.9914581644005972 61
1777311230402 0.9911077325693904 62
1777311232234 0.9914355491762687 63
1777311234069 0.9914165309067837 64
1777311235910 0.9922120438193449 65
1777311237772 0.9917727869196502 66
1777311239639 0.9914367731551884 67
1777311241484 0.9916264537117344 68
1777311243325 0.9923738676612665 69
1777311245172 0.9920480410705081 70
1777311247015 0.992456325540433 71
1777311248869 0.9924856298973733 72
1777311250743 0.9924737238127215 73
1777311252596 0.9927915887129009 74
1777311254454 0.9926842204433342 75
1777311256307 0.9924579025621192 76
1777311258151 0.9931219523027046 77
1777311260000 0.9924305599429282 78
1777311261865 0.9931076099206727 79
1777311263717 0.9930606242041338 80
1777311265570 0.993051462572032 81
1777311267406 0.9928890468650277 82
1777311269253 0.9928775384256164 83
1777311271125 0.9934118612176009 84
1777311272985 0.9927354457786416 85
1777311274834 0.9934981742261011 86
1777311276681 0.9933202750748518 87
