1777431331210 167.44805682146992 1
1777431331775 164.8233116997613 2
1777431332124 162.78595648871527 3
1777431333127 160.707682856807 4
1777431333588 158.47967444525824 5
1777431333991 156.11693827311197 6
1777431334359 153.60954086868853 7
1777431335299 150.86609649658203 8
1777431335994 147.8014348347982 9
1777431337160 144.27910698784723 10
1777431338165 140.49966148093895 11
1777431338956 136.32068549262152 12
1777431340402 131.7070383142542 13
1777431341494 126.2733866373698 14
1777431342610 120.68347196225767 15
1777431343437 114.86447087040654 16
1777431344120 109.39985232883029 17
1777431344429 103.44557472511575 18
1777431344755 97.62776212339048 19
1777431345542 91.69740069354022 20
1777431345881 85.60951769793475 21
1777431346212 78.94156491314924 22
1777431346925 73.05678501835575 23
1777431347832 67.46829732259114 24
1777431348530 61.465751577306676 25
1777431348996 55.007225319191264 26
1777431349597 50.39918277881764 27
1777431350208 44.03679120099103 28
1777431352649 39.705990120216654 29
1777431354091 37.02963772526494 30
1777431355494 32.41101392110189 31
1777431356168 29.971356709798176 32
1777431356483 27.745072117558234 33
1777431356808 23.688672524911386 34
1777431357500 24.965860296178747 35
1777431358417 21.19728840721978 36
1777431359489 20.94074750829626 37
1777431359797 18.87704884564435 38
1777431360983 19.693161152027272 39
1777431361670 19.17004323888708 40
1777431362364 18.273345311482746 41
1777431362666 17.126899154097945 42
1777431362990 16.461994418391473 43
1777431363752 16.874946735523366 44
1777431364590 20.648895864133483 45
1777431365142 13.226752916971842 46
1777431365473 18.467415421097368 47
1777431365987 13.695387416415745 48
1777431366301 15.940548826147008 49
1777431367324 15.596144322995785 50
1777431369404 16.686500513995135 51
1777431370145 14.322798234445077 52
1777431370919 14.36594871238426 53
1777431371605 14.630956296567563 54
1777431371896 12.936878169024432 55
1777431372566 13.608255351031268 56
1777431373671 14.522672829804597 57
1777431374793 14.059918085734049 58
1777431375213 15.040213196365922 59
1777431375599 12.564451535542807 60
1777431375891 15.185203587567365 61
1777431377387 14.481744059809932 62
1777431377682 13.23946331165455 63
1777431378330 14.925308722036856 64
1777431379279 15.722065890276873 65
1777431379745 11.18672800064087 66
1777431380032 12.768586971141675 67
1777431380336 12.182970188282154 68
1777431381311 13.469709096131501 69
1777431381629 12.851541183612964 70
1777431382759 10.820625146230062 71
1777431383081 12.49730959645024 72
1777431383376 10.665115974567554 73
1777431384468 11.65622204321402 74
1777431385329 14.346646202935112 75
1777431385672 11.605328577536124 76
1777431386207 12.036000198788113 77
1777431386927 13.645343356662327 78
1777431387727 14.003858548623544 79
1777431388011 13.523315500330042 80
1777431388315 12.94271790539777 81
1777431388642 10.667498835810909 82
1777431389257 10.772532869268346 83
1777431389813 12.07994611174972 84
1777431390333 11.49358465053417 85
1777431391213 12.252544438397443 86
1777431391519 11.048345194922554 87
1777431391991 10.512337772934526 88
1777431392819 11.109083493550619 89
1777431393115 10.181541531174272 90
1777431393442 12.92656245055022 91
1777431394497 11.041234087061 92
1777431395229 12.034366960878726 93
1777431396365 11.056408087412516 94
1777431396684 11.625177065531412 95
1777431397301 12.975669949143022 96
1777431398373 11.704988073419642 97
1777431399109 12.560520295743588 98
1777431399412 12.13893515975387 99
1777431400118 10.3370410601298 100
1777431400683 10.412808700844094 101
1777431402451 10.317511858763519 102
1777431402721 8.772942472387243 103
1777431403018 8.679126898447672 104
1777431403823 9.668421709979022 105
1777431404139 10.169445037841797 106
1777431405272 12.514290615364358 107
1777431406026 10.612427534880462 108
1777431406936 9.610216864833125 109
1777431407368 9.213005330827501 110
1777431407703 10.249266359541151 111
1777431408167 10.489040622004756 112
1777431408506 9.912607669830322 113
1777431410081 10.147679258275915 114
1777431410405 11.22769327516909 115
1777431410980 8.89138235869231 116
1777431411449 9.843567918848109 117
1777431412031 10.135136463023999 118
1777431412510 9.758148440608272 119
1777431414762 9.938669893476698 120
1777431415066 10.018590838820845 121
1777431415381 10.659048415996411 122
1777431415701 9.953134483761257 123
1777431416858 9.127061349374276 124
1777431418372 10.007653660244411 125
1777431419071 10.043018764919704 126
1777431419391 8.024615234798855 127
1777431419703 9.610555489857992 128
1777431421042 10.422982374827066 129
1777431421370 9.216275250470197 130
1777431421682 9.763956705729166 131
1777431422683 10.50761005613539 132
1777431423498 9.036678614439788 133
1777431423815 9.1986195952804 134
1777431424124 7.84266076264558 135
1777431424601 9.809852529455114 136
