1777429052882 -1.7196208779723126 1
1777429053980 -1.5811402081401367 2
1777429054993 -1.3983472134238726 3
1777429055978 -1.1136049821390381 4
1777429057005 -0.7546219191401282 5
1777429058020 -0.3839400770665571 6
1777429059068 -0.020059056171028322 7
1777429060232 0.31186951448552414 8
1777429061281 0.5804529502909832 9
1777429062335 0.781151036193571 10
1777429063557 0.871966324967607 11
1777429064638 0.9134383883155909 12
1777429077280 0.9247146706788213 13
1777429078231 0.9335722897573889 14
1777429079175 0.9407586538767491 15
1777429080155 0.9434167990849645 16
1777429081129 0.9512416379321803 17
1777429082106 0.9549520885546124 18
1777429083080 0.9551613024707295 19
1777429084049 0.959617771858001 20
1777429085022 0.961973409742028 21
1777429085985 0.9550644809123933 22
1777429086978 0.9626488316283689 23
1777429087956 0.9667734652441267 24
1777429088952 0.9690247615906757 25
1777429089942 0.961373136631678 26
1777429090957 0.966174874304663 27
1777429091948 0.9634789796877624 28
1777429092939 0.9713274619854899 29
1777429093925 0.9646944902486679 30
1777429094907 0.9672858804151299 31
1777429095902 0.966360554913088 32
1777429096886 0.9674397069183084 33
1777429097876 0.9678295230686136 34
1777429098858 0.9744669582849738 35
1777429099845 0.9658853685017429 36
1777429100836 0.9669265692735065 37
1777429101830 0.9748932128258352 38
1777429102828 0.9748953827647362 39
1777429103788 0.9725180935633274 40
1777429104753 0.9748412903667037 41
1777429105717 0.9767967778813889 42
1777429106706 0.9745393486921361 43
1777429107722 0.976896781353291 44
1777429108734 0.976055570050904 45
1777429109735 0.9741980691875145 46
1777429110746 0.9759342719014785 47
1777429111771 0.9747651813960172 48
1777429112786 0.9787916414799358 49
1777429113761 0.977814393636704 50
1777429114731 0.9776497210274638 51
1777429115709 0.9817090223803974 52
1777429116683 0.9803421210481439 53
1777429117669 0.9784039139048868 54
1777429118656 0.9797207189451635 55
1777429119635 0.980771650311134 56
1777429120626 0.98059794821251 57
1777429121603 0.9786687068454065 58
1777429122583 0.9824737584405085 59
1777429123572 0.9813544626711704 60
1777429124565 0.9798986945729178 61
1777429125537 0.9820513744824872 62
1777429126490 0.9771238521174254 63
1777429127439 0.9817948847481509 64
1777429128389 0.9818048835849429 65
1777429129338 0.9838144522148278 66
1777429130281 0.9819729267245768 67
1777429131235 0.9836722746010454 68
1777429132189 0.9814848039845513 69
1777429133142 0.984440378849381 70
1777429134099 0.9844916770105455 71
