1777308445330 -1.5212168599256173 1
1777308447143 -0.7121040192272692 2
1777308448951 0.3025377295274542 3
1777308450765 0.82710094291941 4
1777308452603 0.9150626261136182 5
1777308454409 0.9396491012666333 6
1777308456500 0.9452205063613949 7
1777308458355 0.9506308959876154 8
1777308460201 0.9569421778189591 9
1777308462057 0.956541240454506 10
1777308463916 0.9636511546482401 11
1777308465774 0.9631918895019489 12
1777308467613 0.9644164885007214 13
1777308469457 0.9636682503861316 14
1777308471300 0.967902243088872 15
1777308473141 0.9686620087087509 16
1777308474987 0.9712266335665574 17
1777308476830 0.9709777462470992 18
1777308478675 0.9706773714220015 19
1777308480517 0.9723335234697947 20
1777308482360 0.9761744142148073 21
1777308484229 0.9776095899740536 22
1777308486077 0.9771638906106895 23
1777308487915 0.9792569800203568 24
1777308489769 0.9788373102260224 25
1777308491617 0.9808646702040867 26
1777308493463 0.9802355653639625 27
1777308495326 0.9828417631071422 28
1777308497179 0.9839666338529621 29
1777308499030 0.9836317858992019 30
1777308500879 0.9836220660155209 31
1777308502725 0.9853041637496066 32
1777308504579 0.9856522352690777 33
1777308506455 0.9847028691593784 34
1777308508301 0.9859859914949005 35
1777308510155 0.9867312310110341 36
1777308512007 0.9870705206436942 37
1777308513871 0.9855853895428102 38
1777308515724 0.9876344698369058 39
1777308517618 0.9884549008582914 40
1777308519472 0.9882520266079136 41
1777308521321 0.988361407069771 42
1777308523178 0.9889924350323058 43
1777308525037 0.9893398788228372 44
1777308526895 0.9892366414616098 45
1777308528746 0.989045096767011 46
1777308530593 0.988690196325592 47
1777308532444 0.9893276033460644 48
1777308534294 0.989384379119388 49
1777308536152 0.9889017328675844 50
1777308538023 0.9902824428810932 51
1777308539874 0.990090027210772 52
1777308541717 0.9904770171047961 53
1777308543558 0.9903428347410786 54
1777308545410 0.9901040177641829 55
1777308547252 0.9910479917960533 56
1777308549106 0.9910794110533784 57
1777308550967 0.9902528958779481 58
1777308552816 0.9900378177578766 59
1777308554690 0.9904405737813866 60
1777308556537 0.9912224506006817 61
1777308558399 0.9913799457025604 62
1777308560259 0.9912222970516936 63
1777308562108 0.9911349239921687 64
1777308563948 0.9916593367876617 65
1777308565798 0.9922886383431836 66
1777308567660 0.9915710235220043 67
1777308569506 0.9911242105063198 68
1777308571375 0.9917009199840727 69
1777308573216 0.9920290623102976 70
1777308575065 0.9915477027928663 71
1777308576926 0.9919693733478349 72
1777308578769 0.9922508658940028 73
1777308580626 0.9925343704219325 74
1777308582505 0.9922412900492915 75
1777308584351 0.9922667151683733 76
1777308586190 0.9923123592621625 77
1777308588044 0.9920201086202741 78
1777308589889 0.9925438502054476 79
1777308591731 0.992622528056966 80
1777308593584 0.9927536133083656 81
1777308595430 0.9926930567358194 82
1777308597288 0.9923088454367992 83
1777308599127 0.9926273307383398 84
1777308601000 0.9929044912635734 85
1777308602845 0.9930048614488814 86
1777308604710 0.9933475957024754 87
1777308606557 0.9932331167184444 88
1777308608441 0.9926598570587404 89
1777308610294 0.992779755031178 90
1777308612140 0.9926428837622575 91
1777308613984 0.9928900769603617 92
1777308615835 0.9925657805358968 93
1777308617678 0.9929855491519092 94
1777308619525 0.9931745295337034 95
1777308621372 0.9928233419231658 96
1777308623216 0.9930911625870659 97
1777308625071 0.9933178913066438 98
1777308626916 0.9934691934322519 99
1777308628765 0.9927394745512353 100
1777308630609 0.9933355320062374 101
1777308632454 0.9933202922103741 102
1777308634300 0.9937338201874354 103
1777308636154 0.9937506618203675 104
1777308638003 0.9939842365413718 105
1777308639851 0.9939460626254707 106
1777308641701 0.9936458418360699 107
1777308643549 0.9937845100455999 108
1777308645396 0.993599386451829 109
1777308647250 0.9938782418153801 110
1777308649095 0.9932921159807016 111
1777308650943 0.9937155438284433 112
1777308652803 0.9938076730533292 113
1777308654649 0.9942831917924926 114
1777308656508 0.9939367391489323 115
1777308658383 0.9941947309445277 116
1777308660259 0.9940203317834962 117
1777308662126 0.9940157362219553 118
1777308663980 0.994122532597053 119
1777308665835 0.9942765149530519 120
1777308667683 0.9940535743336479 121
1777308669559 0.994396164915367 122
1777308671417 0.9943351314418389 123
1777308673269 0.9943398072135707 124
1777308675124 0.9946401506878855 125
1777308676975 0.9943872046572964 126
1777308678825 0.9946665540242219 127
1777308680681 0.9943935000432693 128
1777308682529 0.9942744904095043 129
1777308684385 0.9943396279138874 130
1777308686235 0.9941616951491345 131
1777308688093 0.9946926480895353 132
1777308689951 0.9948084346832667 133
1777308691817 0.9945616607591106 134
1777308693674 0.9947081589164565 135
1777308695525 0.9945669006405836 136
1777308697377 0.9945292676911455 137
1777308699241 0.994216532585481 138
1777308701098 0.9946368595696514 139
1777308702983 0.9948028776474859 140
1777308704834 0.9941339269876479 141
1777308706685 0.9947653759727594 142
1777308708532 0.9944853917628234 143
1777308710401 0.994757546793498 144
1777308712272 0.9951198445085305 145
1777308714130 0.9949509171742538 146
