1777205039595 221.01407795941415 1
1777205039989 220.43005728858756 2
1777205040434 219.59486845097268 3
1777205043569 218.69297470998012 4
1777205043941 217.7990939202916 5
1777205045551 216.82930894772966 6
1777205046687 215.71210197274513 7
1777205049719 214.43417550614456 8
1777205050093 213.11757685019788 9
1777205050470 211.81671395926244 10
1777205050846 210.534772959243 11
1777205052048 209.1556220108606 12
1777205052446 207.8017760390897 13
1777205052845 206.2814843393609 14
1777205053237 204.38457546375656 15
1777205053718 202.40751167199798 16
1777205054312 200.43713946023078 17
1777205054710 198.36750734117217 18
1777205055210 196.37018612813912 19
1777205055612 194.18681605930408 20
1777205056381 192.11063503551802 21
1777205057625 189.75664925767424 22
1777205058595 187.37190416054912 23
1777205059817 184.79126738025258 24
1777205060240 182.12773462257198 25
1777205065962 179.54151134730654 26
1777205071437 176.76365753457355 27
1777205076471 173.6967656758467 28
1777205080769 170.64183753918616 29
1777205081171 167.58030374457792 30
1777205081570 163.73691503063688 31
1777205085310 159.7834166438276 32
1777205085687 154.6978279380483 33
1777205086446 150.71293465351604 34
1777205088010 146.19355214064674 35
1777205091969 142.71217756379446 36
1777205095057 138.69965302768423 37
1777205096934 134.31669519972192 38
1777205097327 129.90783992892807 39
1777205097750 125.43648012789183 40
1777205098516 120.42982104476864 41
1777205099518 116.07158267503506 42
1777205101271 110.57974886648549 43
1777205102033 105.60614661621264 44
1777205104127 100.6846921163416 45
1777205104502 96.59359329492304 46
1777205104875 91.23502659683396 47
1777205105626 86.59037795671931 48
1777205108128 80.84606623566326 49
1777205109563 76.13736237366481 50
1777205109939 72.28017927762943 51
1777205110317 66.63759701502974 52
1777205111073 62.264893737864035 53
1777205111841 58.87739470647351 54
1777205112224 55.1037373959335 55
1777205113507 50.86924107454327 56
1777205113898 48.94168793941802 57
1777205114278 44.6208870325357 58
1777205114796 41.58468187447828 59
1777205115333 41.02243842218015 60
1777205115700 38.89519640920891 61
1777205116793 40.283293986639954 62
1777205117161 36.72365824908124 63
1777205117529 34.38290924634196 64
1777205117896 31.15320850092882 65
1777205118345 36.12405721628767 66
1777205118713 30.26818099525835 67
1777205119462 30.42603877354426 68
1777205120697 30.971053852877084 69
1777205121132 29.271370148176572 70
1777205123666 31.387975676839112 71
1777205124117 29.794801972984732 72
1777205125703 30.754296971749532 73
1777205127502 27.199762635036794 74
1777205128299 27.803402216359917 75
1777205128720 29.110176996802274 76
1777205129278 27.580009452259418 77
1777205130499 26.812739017728354 78
1777205130904 24.342412360955134 79
1777205131313 28.205910094478646 80
1777205131728 25.937230561477044 81
1777205132130 27.653981192248793 82
1777205132551 25.20968219101294 83
1777205133022 25.08723914405676 84
1777205134592 27.552975209060342 85
1777205135171 27.559777226980287 86
1777205136737 27.234739177499137 87
1777205137623 27.99031008217118 88
1777205138845 24.638260577348877 89
1777205139630 24.890105142091606 90
1777205140755 26.23697477253892 91
1777205143368 24.90629043480093 92
1777205189029 24.966010830273703 93
1777205189535 25.9537646670117 94
1777205190269 25.06748581758537 95
1777205190625 24.8512935677841 96
1777205192141 23.285726027356194 97
1777205192521 23.08016398829442 98
1777205192899 24.10976739392279 99
1777205197234 20.82328997823298 100
1777205200593 23.331260516422088 101
1777205203374 21.251600496942356 102
1777205203985 22.392829483025572 103
1777205204345 21.857243770077904 104
1777205204705 22.087598319231514 105
1777205207600 21.891687273476375 106
1777205208641 19.716742605330214 107
1777205210909 21.351125847392026 108
1777205211283 23.10693445530746 109
1777205211655 20.474765039383694 110
1777205212054 21.176592244316158 111
1777205212426 20.50018905924635 112
1777205213259 21.981550630363508 113
1777205215294 19.988816758631717 114
1777205219467 20.19290438374757 115
1777205220433 18.79688798835794 116
1777205221007 19.10036822058961 117
