1777229875938 153.94400296446125 1
1777229877250 148.8290398499803 2
1777229878545 142.4699543603733 3
1777229879705 134.41179455403403 4
1777229881012 123.5228759711291 5
1777229882317 109.65995268235928 6
1777229883615 93.52229201908281 7
1777229884955 75.9127802256236 8
1777229886273 59.16567528880314 9
1777229887556 43.58843857309585 10
1777229888831 32.07469474724563 11
1777229890120 23.943008587211814 12
1777229891360 20.21263776807474 13
1777229892664 18.624228645120954 14
1777229893947 17.2219064456702 15
1777229895226 16.137980112364456 16
1777229896490 15.472673824095232 17
1777229897801 15.013723643724571 18
1777229899090 14.039500214664448 19
1777229900418 13.590393837382603 20
1777229901710 14.125844207446724 21
1777229902956 13.808596144543204 22
1777229904213 12.85810365512746 23
1777229905509 12.422361671606229 24
1777229906663 12.148871396118526 25
1777229907960 12.227129361749757 26
1777229909412 11.949211618214049 27
1777229910737 11.845894155870205 28
1777229912096 12.115193069582523 29
1777229913482 11.47963508470122 30
1777229914843 11.516755326155032 31
1777229916096 11.659360555880856 32
1777229917236 11.777720644014172 33
1777229918463 11.603005152852315 34
1777229919738 12.175857649556962 35
1777229921055 11.384541263750116 36
1777229922443 11.426732953351754 37
1777229923737 10.42685084651415 38
1777229925063 11.094245372285474 39
1777229926400 10.746922171844574 40
1777229927724 10.551933979973949 41
1777229929022 10.487857751818014 42
1777229930351 10.501030394670163 43
1777229931653 10.24694939270925 44
1777229932901 9.937622827365773 45
1777229934114 10.324147629101128 46
1777229935405 10.068829815635342 47
1777229936526 10.45511861014437 48
1777229937712 9.905953138560852 49
1777229939067 9.586755977936244 50
1777229940323 9.740384658564446 51
1777229941523 9.839083528377182 52
1777229942842 10.113656353257177 53
1777229944176 9.907932768292525 54
1777229945549 9.529567661115607 55
1777229946881 9.722312090503003 56
1777229948169 9.97171675916949 57
1777229949504 9.322805662579636 58
1777229950846 9.8490257492971 59
1777229952140 9.052423834758272 60
1777229953435 8.942076365756705 61
1777229954770 9.194499419916985 62
1777229956129 10.022553980796202 63
1777229957488 9.10599692545588 64
1777229958869 9.463691063946008 65
1777229960202 8.886904446746192 66
1777229961576 9.265426257328746 67
1777229962935 8.727188769037717 68
1777229964234 8.62961371447283 69
1777229965511 8.734035363296373 70
1777229966836 8.93650151080123 71
1777229968153 8.489353624281614 72
1777229969465 8.79219773623639 73
1777229970815 8.166369218232017 74
1777229972206 8.705756709271439 75
1777229973602 8.410881379634054 76
1777229976530 8.888994049898594 77
1777229977963 8.638963547658495 78
1777229979582 8.440331738525753 79
1777229981219 8.134344521757404 80
1777229983100 8.401255809206637 81
1777229984716 8.286474891572041 82
1777229986673 8.353971050386967 83
1777229990041 8.059416614385317 84
1777229998051 8.397349816047827 85
1777230007649 8.220934112673344 86
1777230009078 7.977785230857329 87
1777230017081 7.938584177883159 88
1777230018542 7.8176475347185 89
1777230020481 7.844869024293713 90
1777230021764 7.83807205664298 91
1777230023027 7.733493307549451 92
1777230024303 7.772497020461086 93
1777230029637 7.762293082443826 94
1777230033378 7.893425500399989 95
1777230132235 7.716143786319993 96
1777230134478 7.5365169561369125 97
1777230135847 7.854709678729139 98
1777230137209 7.656041081935079 99
1777230138550 7.4016104690823425 100
1777230139858 7.708573015705414 101
1777230141166 6.975135475747309 102
1777230142494 7.385743116384444 103
1777230143972 7.207886105149719 104
1777230145321 7.129353528404802 105
1777230148772 6.798123820613329 106
1777230150450 7.600003144917927 107
1777230151798 6.926052069847945 108
1777230153161 7.00790575689661 109
