1777420639110 224.2771907785511 1
1777420643272 218.6010017247334 2
1777420646340 210.7268285652032 3
1777420652377 199.25758568121879 4
1777420658947 186.08513643503056 5
1777420663255 171.2824591286709 6
1777420664307 155.11183435804534 7
1777420667915 136.82277214023946 8
1777420672591 113.7032868215957 9
1777420676075 85.8341187487297 10
1777420683587 62.02991858857371 11
1777420687228 47.8386124931897 12
1777420690519 39.031875315892904 13
1777420694478 34.163565367258045 14
1777420699993 32.02105433433165 15
1777420706830 29.362275297061164 16
1777420720757 29.360752471594118 17
1777420733917 28.161125729745436 18
1777420741332 27.689532470606828 19
1777420745538 26.855752776110652 20
1777420758978 25.826275113758076 21
1777420781325 25.14429239007024 22
1777420793662 25.31933785822438 23
1777420800901 24.980324482555908 24
1777420813169 22.698749561318156 25
1777420836842 23.363590895349866 26
1777420850515 23.764756838137984 27
1777420854543 23.333623545473138 28
1777420870166 24.402329471110885 29
1777420884293 22.721483459717366 30
1777420896721 22.78068182575236 31
1777420910523 23.014548071833264 32
1777420921265 21.620056221185934 33
1777420934644 21.847874700290603 34
1777420941001 22.571309495085245 35
1777420946781 21.664403196190925 36
1777420962997 22.493209866235773 37
1777420966678 21.527344917003404 38
1777420970111 20.701974959281568 39
1777420976929 20.542668381125743 40
1777420983801 21.586791896608187 41
1777420984766 20.912393814280776 42
1777420988357 21.0514677540516 43
1777420993681 20.617122723303716 44
1777420997192 19.846122343832903 45
1777421001785 19.80302499083186 46
1777421012273 21.698916526656795 47
1777421016453 18.771235869913603 48
1777421022741 20.179028557853933 49
1777421035935 20.022800343633044 50
1777421055342 18.991164706819536 51
1777421064688 19.43385889957488 52
