1777401251228 172.41404724121094 1
1777401253976 169.4933624267578 2
1777401257395 167.2559356689453 3
1777401260397 165.0841522216797 4
1777401260718 162.75656127929688 5
1777401263778 160.22308349609375 6
1777401276565 157.43063354492188 7
1777401279492 154.38748168945312 8
1777401280859 151.04791259765625 9
1777401281198 147.40345764160156 10
1777401290452 143.3357391357422 11
1777401293580 138.5489959716797 12
1777401299684 133.57101440429688 13
1777401302978 128.53184509277344 14
1777401306156 123.18921661376953 15
1777401308618 117.8294448852539 16
1777401318118 112.48898315429688 17
1777401330807 106.82119750976562 18
1777401332079 100.66258239746094 19
1777401336141 94.54476165771484 20
1777401350183 88.83035278320312 21
1777401363100 82.74932861328125 22
1777401373076 76.58547973632812 23
1777401385429 70.29994201660156 24
1777401387969 65.23574829101562 25
1777401392168 61.662506103515625 26
1777401401622 55.660648345947266 27
1777401418470 50.92599105834961 28
1777401431850 45.44960403442383 29
1777401447801 40.93074417114258 30
1777401461201 38.26172637939453 31
1777401475228 33.71344757080078 32
1777401488527 30.993833541870117 33
1777401499132 28.51241683959961 34
1777401508358 27.167146682739258 35
1777401525878 24.65437889099121 36
1777401538231 23.647781372070312 37
1777401553028 23.31888771057129 38
1777401558133 23.88252830505371 39
1777401573051 21.099031448364258 40
1777401582956 21.431333541870117 41
1777401591754 20.986520767211914 42
1777401595533 20.962480545043945 43
1777401609270 19.876026153564453 44
1777401615273 19.826488494873047 45
1777401631719 20.266244888305664 46
1777401635433 18.28177833557129 47
1777401638151 19.203828811645508 48
1777401638645 19.58761978149414 49
1777401638969 19.963815689086914 50
1777401643001 18.1207275390625 51
1777401646234 17.950334548950195 52
1777401664586 16.935461044311523 53
1777401674604 17.423734664916992 54
1777401674921 21.13033103942871 55
1777401675311 16.396194458007812 56
1777401676839 19.23872947692871 57
1777401678133 21.565589904785156 58
1777401683991 18.11615562438965 59
1777401687470 20.486886978149414 60
1777401690305 16.88072395324707 61
1777401697588 16.84970474243164 62
1777401702300 17.793418884277344 63
1777401714759 15.687552452087402 64
1777401726634 17.663694381713867 65
1777401732331 16.558313369750977 66
1777401743361 18.2529239654541 67
1777401765365 17.50655174255371 68
1777401783600 16.95532989501953 69
1777401798811 16.205533981323242 70
1777401821310 17.712934494018555 71
1777401834558 18.065568923950195 72
1777401849824 13.626418113708496 73
1777401877663 14.981144905090332 74
1777401893292 16.833345413208008 75
1777401916917 13.893791198730469 76
1777401932976 14.378376007080078 77
1777401957441 19.066688537597656 78
1777401981793 15.130449295043945 79
1777401999387 14.76815414428711 80
1777402030873 17.308475494384766 81
1777402064161 15.14478874206543 82
1777402071452 15.851808547973633 83
1777402081617 16.344106674194336 84
1777402086267 14.594893455505371 85
1777402110217 14.964545249938965 86
1777402110560 15.292059898376465 87
1777402112605 15.020182609558105 88
1777402113568 13.661951065063477 89
1777402117081 14.788094520568848 90
1777402123391 14.505620002746582 91
1777402129508 15.970580101013184 92
1777402129823 16.029666900634766 93
1777402130133 15.017685890197754 94
1777402136158 14.527094841003418 95
1777402142377 14.762598037719727 96
1777402159334 15.605690002441406 97
1777402180275 15.172480583190918 98
1777402194762 13.846570014953613 99
1777402212991 15.294196128845215 100
1777402218210 13.230818748474121 101
1777402245010 14.16219425201416 102
1777402261960 15.624381065368652 103
1777402275509 14.525309562683105 104
1777402295743 13.591821670532227 105
1777402304634 14.533387184143066 106
1777402313076 15.330964088439941 107
1777402320071 15.454706192016602 108
1777402334514 13.936564445495605 109
1777402359454 16.052888870239258 110
1777402369384 13.682072639465332 111
1777402381246 14.238737106323242 112
1777402405157 13.664430618286133 113
1777402418938 13.389710426330566 114
1777402424387 14.738335609436035 115
1777402436032 13.185758590698242 116
1777402436395 12.899150848388672 117
1777402450981 14.349541664123535 118
1777402472953 13.34290599822998 119
