1777428939525 -2.7453846869361938 1
1777428940541 -2.548903890569826 2
1777428941549 -2.311535693977409 3
1777428942508 -1.989538038709134 4
1777428943464 -1.5621397344275416 5
1777428944421 -1.1039968812962013 6
1777428945380 -0.6579360218186414 7
1777428946341 -0.19972132178985874 8
1777428947294 0.2292455702822804 9
1777428948301 0.5374446724044732 10
1777428949254 0.7387906006268998 11
1777428950214 0.8441310608374071 12
1777428951187 0.8885295519329702 13
1777428952144 0.9066896893011085 14
1777428953100 0.9172583381994449 15
1777428954057 0.9287824704100471 16
1777428955010 0.9330007361290515 17
1777428956009 0.9376102561939703 18
1777428956965 0.9446729652629574 19
1777428957923 0.9415673556892601 20
1777428958895 0.9471886898614046 21
1777428959853 0.9517101025234111 22
1777428960810 0.9520936035091122 23
1777428961782 0.9519860919584067 24
1777428962734 0.9503696070402501 25
1777428963704 0.9568457773713644 26
1777428964655 0.9577613022299521 27
1777428965612 0.9610267601722045 28
1777428966579 0.9597974624992103 29
1777428967537 0.9589458909772144 30
1777428968506 0.9591151825357734 31
1777428969494 0.9614687653017439 32
1777428970508 0.9630468097344977 33
1777428971529 0.9607447933211564 34
1777428972537 0.9631454225236172 35
1777428973549 0.9623168308596795 36
1777428974557 0.9615545444062958 37
1777428975579 0.9673289245846701 38
1777428976583 0.9675159582379762 39
1777428977596 0.9691260451529781 40
1777428978604 0.9674017497790844 41
1777428979643 0.9688697999025515 42
1777428980694 0.9640931939817967 43
1777428981726 0.9661533249902392 44
1777428982769 0.9693187052136057 45
1777428983813 0.9696230844575087 46
1777428984845 0.9686076320820198 47
1777428985851 0.9727592467779683 48
1777428986851 0.9705795291406629 49
1777428987866 0.9688050389739254 50
1777428988870 0.9730005618591915 51
1777428989866 0.9700658663287924 52
