1777202028060 202.48268637404533 1
1777202028459 201.90871429002266 2
1777202029399 201.07299086712268 3
1777202029773 200.1953342987793 4
1777202030516 199.37487264886215 5
1777202031289 198.48321323855072 6
1777202031703 197.45685842102318 7
1777202032067 196.27363512135295 8
1777202032596 195.0692685464576 9
1777202032963 193.83869945459807 10
1777202033327 192.6035942843487 11
1777202033695 191.29889080964375 12
1777202034060 189.93389063697927 13
1777202034424 188.38736895357397 14
1777202038142 186.48952718584493 15
1777202038531 184.5631349464188 16
1777202038996 182.62300007460726 17
1777202040155 180.61092613855067 18
1777202040527 178.55254063055222 19
1777202042782 176.3189027550648 20
1777202043147 174.08817135649969 21
1777202043619 171.55733712632346 22
1777202044000 169.13738521723988 23
1777202044385 166.50212320342945 24
1777202044763 163.6850002195528 25
1777202045522 160.89418106320687 26
1777202046286 157.61218722706693 27
1777202046768 154.32035343523225 28
1777202047134 150.4731664720491 29
1777202047501 145.63780791315833 30
1777202048271 141.80106140514252 31
1777202049332 137.6560123437222 32
1777202049711 133.94890292103926 33
1777202050089 130.08455032929544 34
1777202051602 125.56409048893119 35
1777202051969 122.131860733594 36
1777202053113 118.21388851357526 37
1777202054218 112.89201664367148 38
1777202054614 109.06029277852458 39
1777202059247 103.62446283033269 40
1777202060741 100.65832619715322 41
1777202061105 94.84619539681073 42
1777202062242 90.25792306374687 43
1777202063159 85.58072532337523 44
1777202064158 81.71448662396864 45
1777202064851 76.07907327659164 46
1777202065235 72.11427224702992 47
1777202065619 67.98242678488684 48
1777202066374 63.01462155164367 49
1777202069178 61.45963010637552 50
1777202070407 56.80261104116386 51
1777202070862 55.11975155712106 52
1777202071274 48.876660877310606 53
1777202071687 46.69635228158887 54
1777202072089 43.57977486568454 55
1777202073440 44.64448459645169 56
1777202073907 39.92226027211354 57
1777202074364 36.09404423581368 58
1777202074769 37.801124967758895 59
1777202075219 35.8406149865929 60
1777202075700 33.66278517099781 61
1777202084001 31.688985996653376 62
1777202084393 31.44086925130003 63
1777202085940 32.061907965416104 64
1777202086762 31.32451857359004 65
1777202087140 28.954703899879334 66
1777202088048 28.764812335750385 67
1777202088446 28.183664944903146 68
1777202088843 28.943258614715123 69
1777202089656 30.216074686060626 70
1777202090046 30.103813097152347 71
1777202092728 25.63867061031173 72
1777202094266 25.300099441272582 73
1777202095522 30.03069312048716 74
1777202095894 28.565172066272964 75
1777202097023 25.52106398705293 76
1777202098203 23.87491947180464 77
1777202098613 24.43658336276396 78
1777202099010 29.49936274470603 79
1777202100610 25.768137053481986 80
1777202101230 28.016427806749046 81
1777202102396 24.948319385015072 82
1777202105112 27.061234724318982 83
1777202106456 23.740684850852556 84
1777202107600 23.154000238636545 85
1777202108051 27.071197451263817 86
1777202110756 24.857214315277265 87
1777202111515 26.85757520147947 88
1777202111946 23.234147769147757 89
1777202113287 24.053422597873155 90
1777202113675 24.7268722828146 91
1777202115564 24.41125483855692 92
1777202117084 24.04744100617179 93
1777202117611 22.180636179737736 94
1777202122114 22.49474290255288 95
1777202125136 25.239525161363353 96
1777202126659 21.92247707766399 97
1777202127333 23.333681521769662 98
1777202131845 24.497949631200004 99
1777202133614 20.893536224321416 100
1777202134824 24.224967699846243 101
1777202136277 25.45359379364177 102
1777202137669 21.972013532266665 103
1777202139635 25.290048395595498 104
1777202140361 24.383290607295887 105
1777202141056 24.743968498419594 106
1777202141869 23.851904118500162 107
1777202142302 23.518979463818816 108
1777202142762 21.298617408546146 109
1777202143197 23.48438669535637 110
1777202143640 24.12910956132978 111
1777202144551 22.163137895985855 112
1777202144974 21.614952619837325 113
1777202145423 21.705140604522914 114
1777202146623 21.97412043732674 115
1777202147992 24.08624158500878 116
1777202185259 21.214444921794296 117
1777202185641 20.323425547297937 118
1777202186782 22.652541452943943 119
1777202187973 21.50140447243178 120
1777202188726 21.80340124072532 121
1777202189099 21.632099375434457 122
1777202189465 23.175256833460875 123
1777202190212 25.274984255218886 124
1777202191192 22.726722294470886 125
1777202192199 21.052644410380417 126
1777202192805 23.556726694483547 127
1777202193606 21.190087444562447 128
1777202194182 18.827671156355876 129
1777202197649 20.16001130724393 130
1777202198218 21.13923697979401 131
1777202199353 19.316284203987546 132
1777202199719 22.228073460285742 133
1777202200188 20.643878227018128 134
1777202200558 20.616499195122824 135
1777202200930 20.340111191707276 136
1777202202058 19.77655021677346 137
1777202202517 16.768427036060118 138
1777202202896 21.597033459437128 139
1777202203447 19.92673730491624 140
1777202205415 20.718771357690727 141
1777202206099 21.432457155598435 142
1777202208171 17.431047018079102 143
1777202209481 18.831503360030183 144
1777202210184 18.16334171957008 145
1777202210552 20.325180086696417 146
1777202211562 20.52260478421066 147
1777202212328 17.25007872632624 148
1777202212712 19.890192331311493 149
1777202213090 19.328238681961555 150
1777202213466 17.059445733103498 151
1777202214208 17.900233671059034 152
1777202220810 19.944249078094227 153
1777202221853 18.11676722372598 154
1777202222495 18.72515606681457 155
1777202222854 15.944692387500966 156
1777202223248 18.896407562020883 157
1777202224057 18.978944857404233 158
1777202224424 18.653801071995858 159
1777202224792 17.961700383428695 160
1777202225166 17.82910495909927 161
1777202226880 18.82393463483973 162
1777202228168 18.000005933972545 163
1777202228621 18.208685946451062 164
1777202229615 16.337826065510523 165
1777202229972 18.408162404630026 166
1777202230331 16.410959145586983 167
1777202231474 16.018921154713805 168
1777202232367 17.51169304523543 169
1777202233794 18.171219188241317 170
1777202234157 17.173818240536505 171
1777202236498 17.000272860861674 172
1777202236863 15.854646866786652 173
1777202238717 17.79712792703283 174
1777202240542 17.417203514671474 175
1777202245105 16.26174736890948 176
1777202246360 16.780313419511305 177
1777202246740 17.786732664734092 178
1777202247109 16.825442639631543 179
1777202247744 16.119393253692508 180
1777202248124 16.33008735217566 181
1777202248886 16.899392815692003 182
1777202249321 16.72885482453101 183
1777202250970 17.111822919916456 184
1777202251529 18.3989110541498 185
1777202252653 17.548211526625817 186
1777202253038 17.977598874134912 187
1777202254248 17.545333128772715 188
1777202254620 17.911079328039182 189
1777202255455 16.264486106261742 190
1777202256597 16.119394200303113 191
1777202256985 18.1107500556472 192
1777202257376 15.933810656007067 193
1777202257763 15.33782533830655 194
1777202258152 14.94121936157629 195
1777202259014 18.68008204178693 196
1777202260461 16.345980256828913 197
1777202260829 16.667444643300904 198
1777202261197 16.359384327241848 199
1777202261566 14.53112924176974 200
1777202261936 16.11232999086026 201
1777202265935 15.660013504119936 202
1777202273491 14.996475314239207 203
1777202273933 15.4557133156862 204
1777202275924 14.35089531740556 205
1777202276298 14.32350235544933 206
1777202276670 13.981840072273771 207
1777202277714 16.852257895943982 208
1777202278083 16.479157201456406 209
1777202279603 15.209649907784952 210
1777202279976 15.24010459163149 211
1777202280383 15.860897017483556 212
1777202280758 14.865647910298721 213
1777202281134 14.86928929573153 214
1777202283506 14.078450697710013 215
1777202284287 14.005203370017405 216
1777202284778 15.515652536481104 217
1777202285897 16.085099882575236 218
1777202286270 14.974173118930578 219
1777202286644 14.909993019639652 220
1777202287023 13.47142565143093 221
1777202287391 15.456611695089368 222
1777202287762 15.368215164862692 223
1777202288335 13.03575733274754 224
1777202289093 13.903611385028656 225
1777202289461 12.506797468183303 226
1777202296027 13.377664175920659 227
1777202296397 15.62139264999108 228
1777202299171 17.0354728852997 229
1777202299791 13.978936835425937 230
1777202300908 14.382866606022619 231
1777202301280 14.521368132730782 232
1777202302035 12.853575426515269 233
1777202302396 13.655408052027695 234
1777202303161 16.080915885386958 235
1777202306539 13.488201495745967 236
1777202306933 13.888498699217424 237
