1777202028060 161.92507934570312 1
1777202028459 161.21340942382812 2
1777202029399 160.16012573242188 3
1777202029773 159.04196166992188 4
1777202030516 157.99778747558594 5
1777202031289 156.88211059570312 6
1777202031703 155.6036834716797 7
1777202032067 154.1428680419922 8
1777202032596 152.5716552734375 9
1777202032963 151.00350952148438 10
1777202033327 149.4173126220703 11
1777202033695 147.77035522460938 12
1777202034060 146.10800170898438 13
1777202034424 144.40855407714844 14
1777202038142 142.7272491455078 15
1777202038531 140.8943328857422 16
1777202038996 138.96759033203125 17
1777202040155 136.86912536621094 18
1777202040527 134.7550048828125 19
1777202042782 132.56396484375 20
1777202043147 130.28094482421875 21
1777202043619 127.86066436767578 22
1777202044000 125.31084442138672 23
1777202044385 122.72874450683594 24
1777202044763 120.04242706298828 25
1777202045522 117.35993194580078 26
1777202046286 114.48939514160156 27
1777202046768 111.42522430419922 28
1777202047134 107.85997009277344 29
1777202047501 104.04596710205078 30
1777202048271 100.44662475585938 31
1777202049332 96.67497253417969 32
1777202049711 93.2035903930664 33
1777202050089 89.47663879394531 34
1777202051602 85.642333984375 35
1777202051969 82.09600067138672 36
1777202053113 78.726318359375 37
1777202054218 74.62632751464844 38
1777202054614 71.4880599975586 39
1777202059247 67.59150695800781 40
1777202060741 65.38456726074219 41
1777202061105 60.974849700927734 42
1777202062242 57.82054138183594 43
1777202063159 54.19948196411133 44
1777202064158 51.39356994628906 45
1777202064851 47.3094367980957 46
1777202065235 44.30060577392578 47
1777202065619 41.80020523071289 48
1777202066374 38.80401611328125 49
1777202069178 37.76812744140625 50
1777202070407 35.93486404418945 51
1777202070862 34.46468734741211 52
1777202071274 30.819746017456055 53
1777202071687 29.931434631347656 54
1777202072089 27.72913932800293 55
1777202073440 28.918996810913086 56
1777202073907 25.727462768554688 57
1777202074364 23.477725982666016 58
1777202074769 25.19774055480957 59
1777202075219 24.23480224609375 60
1777202075700 22.446754455566406 61
1777202084001 21.385114669799805 62
1777202084393 21.028181076049805 63
1777202085940 22.053640365600586 64
1777202086762 20.871177673339844 65
1777202087140 19.819108963012695 66
1777202088048 19.623613357543945 67
1777202088446 19.479867935180664 68
1777202088843 19.565261840820312 69
1777202089656 20.941219329833984 70
1777202090046 20.761783599853516 71
1777202092728 17.644290924072266 72
1777202094266 17.43653106689453 73
1777202095522 21.015838623046875 74
1777202095894 19.750181198120117 75
1777202097023 17.676424026489258 76
1777202098203 16.813589096069336 77
1777202098613 17.005857467651367 78
1777202099010 19.540550231933594 79
1777202100610 18.03433609008789 80
1777202101230 19.511899948120117 81
1777202102396 17.637495040893555 82
1777202105112 18.956695556640625 83
1777202106456 16.693180084228516 84
1777202107600 16.157690048217773 85
1777202108051 19.058717727661133 86
1777202110756 17.26788330078125 87
1777202111515 18.769245147705078 88
1777202111946 16.429264068603516 89
1777202113287 17.36536407470703 90
1777202113675 17.686208724975586 91
1777202115564 17.043092727661133 92
1777202117084 17.179933547973633 93
1777202117611 15.913381576538086 94
1777202122114 15.779621124267578 95
1777202125136 18.24004364013672 96
1777202126659 15.230076789855957 97
1777202127333 16.57396125793457 98
1777202131845 17.281423568725586 99
1777202133614 15.061508178710938 100
1777202134824 17.05211067199707 101
1777202136277 17.85352325439453 102
1777202137669 15.438764572143555 103
1777202139635 17.36048126220703 104
1777202140361 17.135108947753906 105
1777202141056 17.1441707611084 106
1777202141869 16.636911392211914 107
1777202142302 16.6021785736084 108
1777202142762 14.935482025146484 109
1777202143197 16.39505386352539 110
1777202143640 16.887592315673828 111
1777202144551 15.934247970581055 112
1777202144974 15.42019271850586 113
1777202145423 15.196345329284668 114
1777202146623 15.36812686920166 115
1777202147992 16.586456298828125 116
1777202185259 15.046693801879883 117
1777202185641 14.316304206848145 118
1777202186782 15.705055236816406 119
1777202187973 15.35257625579834 120
1777202188726 15.129733085632324 121
1777202189099 15.153603553771973 122
1777202189465 16.779775619506836 123
1777202190212 17.07780647277832 124
1777202191192 15.944440841674805 125
1777202192199 14.817748069763184 126
1777202192805 16.789474487304688 127
1777202193606 14.937512397766113 128
1777202194182 13.710710525512695 129
1777202197649 14.444392204284668 130
1777202198218 15.264094352722168 131
1777202199353 13.973597526550293 132
1777202199719 15.641924858093262 133
1777202200188 14.745683670043945 134
1777202200558 14.568343162536621 135
1777202200930 14.406317710876465 136
1777202202058 14.19339656829834 137
1777202202517 11.962949752807617 138
1777202202896 15.233728408813477 139
1777202203447 14.121842384338379 140
1777202205415 14.639183044433594 141
1777202206099 15.042107582092285 142
1777202208171 12.628158569335938 143
1777202209481 13.60779857635498 144
1777202210184 13.217352867126465 145
1777202210552 14.150646209716797 146
1777202211562 14.715448379516602 147
1777202212328 12.219758987426758 148
1777202212712 14.420413970947266 149
1777202213090 13.720945358276367 150
1777202213466 12.168587684631348 151
1777202214208 13.087223052978516 152
1777202220810 14.313042640686035 153
1777202221853 12.867643356323242 154
1777202222495 13.087095260620117 155
1777202222854 11.469552993774414 156
1777202223248 13.55630111694336 157
1777202224057 13.633907318115234 158
1777202224424 13.220808029174805 159
1777202224792 12.485325813293457 160
1777202225166 12.917023658752441 161
1777202226880 13.569154739379883 162
1777202228168 12.789329528808594 163
1777202228621 13.141410827636719 164
1777202229615 11.993640899658203 165
1777202229972 13.440805435180664 166
1777202230331 12.129913330078125 167
1777202231474 11.618854522705078 168
1777202232367 12.354743003845215 169
1777202233794 12.946086883544922 170
1777202234157 12.417717933654785 171
1777202236498 12.393796920776367 172
1777202236863 11.256312370300293 173
1777202238717 12.745482444763184 174
1777202240542 12.776432037353516 175
1777202245105 11.656468391418457 176
1777202246360 11.790226936340332 177
1777202246740 12.426288604736328 178
1777202247109 12.287781715393066 179
1777202247744 11.764188766479492 180
1777202248124 11.996070861816406 181
1777202248886 11.588544845581055 182
1777202249321 12.394160270690918 183
1777202250970 12.439373970031738 184
1777202251529 13.14704704284668 185
1777202252653 12.81997299194336 186
1777202253038 12.897006034851074 187
1777202254248 12.707895278930664 188
1777202254620 12.702933311462402 189
1777202255455 11.877964973449707 190
1777202256597 11.529751777648926 191
1777202256985 13.046171188354492 192
1777202257376 11.687374114990234 193
1777202257763 11.100299835205078 194
1777202258152 10.935222625732422 195
1777202259014 13.017515182495117 196
1777202260461 11.882699012756348 197
1777202260829 12.138989448547363 198
1777202261197 11.776627540588379 199
1777202261566 10.653969764709473 200
1777202261936 11.749492645263672 201
1777202265935 11.357601165771484 202
1777202273491 11.203218460083008 203
1777202273933 11.221954345703125 204
1777202275924 10.510554313659668 205
1777202276298 10.592016220092773 206
1777202276670 10.261717796325684 207
1777202277714 12.142990112304688 208
1777202278083 11.88468074798584 209
1777202279603 11.126215934753418 210
1777202279976 11.409439086914062 211
1777202280383 11.129036903381348 212
1777202280758 10.984719276428223 213
1777202281134 10.864995002746582 214
1777202283506 10.395939826965332 215
1777202284287 10.325132369995117 216
1777202284778 11.36641788482666 217
1777202285897 11.595337867736816 218
1777202286270 10.919092178344727 219
1777202286644 10.718134880065918 220
1777202287023 10.077162742614746 221
1777202287391 11.059657096862793 222
1777202287762 10.932353019714355 223
1777202288335 9.620362281799316 224
1777202289093 10.318635940551758 225
1777202289461 9.446220397949219 226
1777202296027 9.739422798156738 227
1777202296397 11.282240867614746 228
1777202299171 12.150628089904785 229
1777202299791 10.498735427856445 230
1777202300908 10.630327224731445 231
1777202301280 10.511521339416504 232
1777202302035 9.34506607055664 233
1777202302396 10.048386573791504 234
1777202303161 11.573918342590332 235
1777202306539 9.834579467773438 236
1777202306933 10.11080265045166 237
