1777376692477 -1.7607144567968622 1
1777376695364 -1.6975948981242381 2
1777376696956 -1.630927501096079 3
1777376698570 -1.5511619299501702 4
1777376700976 -1.4523300572324156 5
1777376703708 -1.3187944137656817 6
1777376704545 -1.151241968977251 7
1777376705418 -0.9651256683613201 8
1777376706321 -0.7704002316534804 9
1777376707582 -0.559049404443906 10
1777376709339 -0.3638738287633112 11
1777376711008 -0.16494902828625624 12
1777376712019 0.026447138642681334 13
1777376713794 0.22051573617538467 14
1777376715237 0.39211885257214496 15
1777376718096 0.5345067342551784 16
1777376720448 0.6428609097425713 17
1777376722613 0.7368823853778192 18
1777376725224 0.808863591887746 19
1777376727088 0.8578783798820638 20
1777376728683 0.8930484206577163 21
1777376730131 0.9152546792005292 22
1777376731934 0.921747225351618 23
1777376732987 0.929274512674402 24
1777376733832 0.938198710181743 25
1777376735592 0.942908588072833 26
1777376736461 0.9458680563834776 27
1777376739365 0.9466097626454038 28
1777376740598 0.9478840980074129 29
1777376747882 0.9531937247938045 30
1777376791456 0.9498719209087244 31
1777376792924 0.9532708977635687 32
1777376793992 0.9527641054285407 33
1777376800368 0.9527032967927034 34
1777376802582 0.9544653509526599 35
1777376806993 0.9619219229685668 36
1777376809509 0.9570190250039257 37
1777376811350 0.9604060092962129 38
1777376813240 0.9617616790441459 39
1777376814695 0.9598895983538513 40
1777376818345 0.9530082697059586 41
1777376820696 0.9620584085390859 42
1777376822228 0.9582500645242087 43
1777376823309 0.9639523276994185 44
1777376824164 0.9644624629945742 45
1777376826923 0.9653564001631284 46
1777376827779 0.9663865488679504 47
1777376828623 0.9625883670277016 48
1777376829456 0.9656540325406119 49
1777376832123 0.9650164535389716 50
1777376833615 0.968536369263467 51
1777376835622 0.9649063954480005 52
1777376837683 0.968173591728785 53
1777376838500 0.9685183854542924 54
1777376840713 0.9734120670769293 55
1777376842759 0.969673386940429 56
1777376843624 0.9701678478115685 57
1777376844439 0.9698795429827405 58
1777376846508 0.9722634868633745 59
1777376848020 0.971562912103787 60
1777376850214 0.969033437989839 61
1777376853031 0.971053290289264 62
1777376854056 0.9670161634368578 63
1777376855338 0.9761397982516005 64
1777376856364 0.9736057996556131 65
1777376857843 0.971396549837124 66
1777376858803 0.9741974344199823 67
1777376860248 0.9737122760233707 68
1777376862096 0.9697257508706876 69
1777376863324 0.970280989906083 70
1777376864481 0.9772982771094612 71
1777376865465 0.9768960630749851 72
1777376866389 0.9756217383452028 73
1777376867639 0.9739225234676963 74
1777376868963 0.9776133059189999 75
1777376870040 0.9757379836335656 76
1777376871327 0.9764096158051516 77
1777376872167 0.9777104413123393 78
1777376873270 0.978532764244788 79
1777376874548 0.9751305568157872 80
1777376875423 0.9789726811774458 81
1777376877131 0.9737849664592225 82
1777376877981 0.9753470338140185 83
1777376879257 0.9794940337521527 84
1777376880848 0.9786298381610402 85
1777376882069 0.9777595594652808 86
1777376883324 0.978748102335771 87
1777376884978 0.979238897270145 88
1777376885817 0.977255183767544 89
1777376887005 0.9786922998372046 90
1777376888249 0.9791338138252704 91
1777376889090 0.9813156043182838 92
1777376890367 0.979591439338967 93
1777376891636 0.97963657843148 94
1777376894495 0.9823177471030161 95
1777376898281 0.9816056393922834 96
1777376899627 0.9807665443257464 97
1777376900965 0.9817214298829338 98
1777376902047 0.9804195689137957 99
1777376905054 0.9818653909802288 100
1777376906314 0.9818928970116185 101
1777376907652 0.9798813049127122 102
1777376911198 0.9822758014428506 103
1777376913500 0.9824444844039896 104
1777376914357 0.9836732773376992 105
1777376916010 0.9824298855652429 106
1777376917563 0.9825741957323689 107
1777376919538 0.9811408428430696 108
1777376922673 0.9810659103048421 109
1777376924501 0.9819214049405518 110
1777376926122 0.9823896588369059 111
1777376926939 0.9843355718913076 112
1777376930480 0.9840648296716628 113
1777376932600 0.9824701628534278 114
1777376934843 0.9835547749310748 115
1777376936711 0.9822347488168681 116
1777376937543 0.9826890415660495 117
1777376938394 0.984971499925138 118
1777376940487 0.981804657864307 119
1777376941493 0.9860095998623698 120
1777376942336 0.9841537837075255 121
1777376943169 0.9829361896926886 122
1777376944436 0.9841075084598416 123
1777376945284 0.984719432908134 124
1777376946122 0.9852540919975051 125
1777376948801 0.985356156418406 126
1777376949656 0.9849569950667303 127
1777376950527 0.983725939892001 128
1777376951378 0.9838983619280598 129
1777376952659 0.9850933991378298 130
1777376953853 0.9861360673663959 131
1777376955104 0.9866649778064087 132
1777376956728 0.9844411336289793 133
1777376957895 0.9843063624736439 134
1777376959897 0.9855273953091245 135
1777376960725 0.9842473696648436 136
1777376961987 0.9853260373979454 137
1777376963612 0.9849873490380388 138
1777376964897 0.9851297577815183 139
1777376966255 0.9830821191879068 140
1777376967651 0.9852959401943492 141
1777376969085 0.9864473333833488 142
1777376969934 0.9855749827962295 143
1777376971323 0.986052456750785 144
1777376972171 0.9857987836769148 145
1777376973903 0.9850674437820353 146
1777376976195 0.9865017792693442 147
1777376978998 0.9858369766154361 148
1777376981442 0.984777326475239 149
1777376983366 0.9857486837650736 150
1777376986320 0.9868502029854492 151
1777376989182 0.985796303114594 152
1777376991711 0.986458971224885 153
1777376992951 0.9856605553803046 154
1777376993768 0.985744011452604 155
1777376994815 0.9863549565937082 156
1777376996568 0.9875534587020316 157
1777376998174 0.9875547153475462 158
1777377000954 0.9879931822507354 159
1777377003784 0.9836436450011374 160
1777377005053 0.9857902969166501 161
1777377008036 0.9867270316817389 162
