1777179504238 173.9687072753906 1
1777179506921 152.44297943115234 2
1777179509230 112.16787338256836 3
1777179512267 62.95449333190918 4
1777179515758 33.39725799560547 5
1777179517787 24.898496055603026 6
1777179519775 21.97619686126709 7
1777179521740 21.627355575561523 8
1777179523800 20.167732810974123 9
1777179525988 19.167514419555665 10
1777179527923 18.61194190979004 11
1777179529849 17.78543643951416 12
1777179531868 17.34441089630127 13
1777179533831 17.163859558105468 14
1777179535749 16.04447736740112 15
1777179537703 15.763457584381104 16
1777179539621 15.333416557312011 17
1777179550603 14.443935775756836 18
1777179552666 14.649137020111084 19
1777179554671 14.28161163330078 20
1777179557281 13.60044984817505 21
1777179559218 13.583455085754395 22
1777179561125 13.176664257049561 23
1777179562998 12.760951042175293 24
1777179564856 12.317385387420654 25
1777179567861 12.753538894653321 26
1777179569735 12.310288429260254 27
1777179571600 12.269076347351074 28
1777179573475 11.917064666748047 29
1777179575355 11.82759428024292 30
1777179577249 12.153264331817628 31
1777179579129 11.630967044830323 32
1777179581017 11.80057783126831 33
1777179582900 11.196278285980224 34
1777179588458 11.11938304901123 35
1777179591270 10.968386363983154 36
1777179593789 11.622315788269043 37
1777179597705 11.271543312072755 38
1777179601446 10.794715881347656 39
1777179603322 11.23807144165039 40
1777179605185 11.615511035919189 41
1777179607041 10.585138893127441 42
1777179608900 10.568636798858643 43
1777179610777 10.447347164154053 44
1777179612625 10.486112117767334 45
1777179614473 10.46936502456665 46
1777179616468 9.932205486297608 47
1777179618334 10.25064697265625 48
1777179620213 10.51992063522339 49
