1777204780021 -1.7709646507185792 1
1777204781177 -1.7573722938195715 2
1777204782316 -1.7369375327504675 3
1777204783067 -1.7116629493414823 4
1777204783445 -1.6857049874153622 5
1777204784592 -1.6600219881771658 6
1777204784957 -1.63081204242487 7
1777204786998 -1.5975957358918325 8
1777204787722 -1.5606073299509005 9
1777204789917 -1.5249603188156802 10
1777204790307 -1.4882206654065784 11
1777204790847 -1.4513717799919186 12
1777204791309 -1.4130039574852278 13
1777204792164 -1.3699029091801926 14
1777204793028 -1.3197572020624548 15
1777204793399 -1.2688544430359925 16
1777204794649 -1.2194103662784364 17
1777204795015 -1.1707766548023213 18
1777204795388 -1.1211458565347279 19
1777204795761 -1.0691770480034388 20
1777204796133 -1.0158247841439607 21
1777204797288 -0.9580568431757064 22
1777204797792 -0.9032869811560291 23
1777204799495 -0.8461932807172321 24
1777204799895 -0.7803616642704365 25
1777204801608 -0.7177870531889741 26
1777204802641 -0.6561942235123484 27
1777204803011 -0.5840627616764855 28
1777204806124 -0.5269389384277117 29
1777204806949 -0.4480959920476528 30
1777204815487 -0.3783941670753468 31
1777204815948 -0.2881774488287163 32
1777204816365 -0.20203061959755741 33
1777204817940 -0.11876998961812624 34
1777204819098 -0.03965629295572781 35
1777204819492 0.026913767292650936 36
1777204821029 0.10984034487022454 37
1777204821557 0.181859850503595 38
1777204821944 0.2564867977101558 39
1777204822332 0.3128718549985521 40
1777204824307 0.38010945594727996 41
1777204824680 0.43316032358451106 42
1777204825443 0.4933131248769026 43
1777204825849 0.5427752050436188 44
1777204826324 0.587722242020747 45
1777204826822 0.628478024389348 46
1777204827208 0.6697594052301186 47
1777204827802 0.7045799868277156 48
1777204828177 0.7363606814755503 49
1777204835088 0.7636292704397571 50
1777204839245 0.7935251278723345 51
1777204839612 0.8190097361483184 52
1777204839981 0.8347886658744392 53
1777204843131 0.856723374940309 54
1777204843525 0.8752618225118464 55
1777204844160 0.8913769467624472 56
1777204844802 0.8953247352332184 57
1777204848992 0.903332927472526 58
1777204849375 0.9122640304915158 59
1777204849916 0.9162123556381436 60
1777204850948 0.9110481427175763 61
1777204851349 0.9188731603853569 62
1777204853967 0.9129181738762335 63
1777204860038 0.9337968409719876 64
1777204860419 0.933049344910099 65
1777204860824 0.9373045293015234 66
1777204861216 0.9388251177466242 67
1777204862163 0.9410155628219363 68
1777204862984 0.9444014478799002 69
1777204863398 0.9420611813618621 70
1777204863870 0.9384571897537156 71
1777204864656 0.9489999109066385 72
1777204866595 0.9499280254929456 73
1777204867045 0.9485804220576134 74
1777204867471 0.9451891155623063 75
1777204867920 0.9502917143012728 76
1777204869189 0.9411661092558498 77
1777204869603 0.9513818733690217 78
1777204870438 0.9618678952877506 79
1777204871382 0.9594272157239299 80
1777204872208 0.9474727916870906 81
1777204894371 0.9537992468388773 82
1777204894747 0.9565644120382361 83
1777204899403 0.9490772574713356 84
1777204904310 0.9558029009555706 85
1777204907594 0.948599353275639 86
1777204907990 0.9555775444935147 87
1777204909756 0.9469239338843481 88
1777204910155 0.9593576334402668 89
1777204910554 0.9647075875926298 90
1777204911667 0.9596200683988853 91
1777204912452 0.9647949899451794 92
1777204915624 0.94821695566695 93
1777204915991 0.9599192196694298 94
1777204916748 0.9608729386589033 95
1777204917123 0.9618451165201715 96
1777204917494 0.9637170155190002 97
1777204918252 0.9547172971377993 98
1777204918636 0.9598941923694839 99
1777204919018 0.9656000089496134 100
1777204920684 0.9648184159024388 101
1777204921061 0.9610946217012095 102
1777204921440 0.9635902054101255 103
1777204921815 0.9650798960362721 104
1777204922195 0.9657118013250421 105
1777204922576 0.9658016748142251 106
1777204922953 0.967895562711934 107
1777204923330 0.9679762355963395 108
1777204924080 0.9680458573439674 109
1777204924454 0.9602551581104959 110
1777204925218 0.970289110978751 111
1777204926033 0.9653726789004364 112
1777204927094 0.9677805433727957 113
1777204930888 0.9665197232040035 114
1777204937265 0.9679344151879197 115
1777204937673 0.9726982214516192 116
1777204938074 0.96413548647392 117
1777204938679 0.974274312015585 118
1777204942997 0.9571686216589489 119
1777204943924 0.9675336309314752 120
1777204944406 0.9655629437751612 121
1777204944935 0.9679353918464592 122
1777204945551 0.9719970089683021 123
1777204945998 0.9708816880638418 124
1777204946444 0.9646477481290394 125
1777204947050 0.9659083997874971 126
1777204949298 0.9701662350418208 127
1777204949974 0.9689966958728023 128
1777204950623 0.9700874274928258 129
1777204951349 0.9630677989551266 130
1777204952948 0.9649782512730642 131
1777204954041 0.9783941927521181 132
1777204956010 0.9759745925630082 133
1777204966148 0.9751216228098016 134
1777204968815 0.9641628074314813 135
1777204969489 0.9739420717990936 136
1777204970056 0.9660573124619128 137
1777204970424 0.9721731918961452 138
1777204970795 0.9721921171869311 139
1777204971158 0.9685708239806121 140
1777204972190 0.9770934326955236 141
1777204973339 0.9767893787994066 142
1777204973726 0.9757088606368773 143
1777204974848 0.9692383822185453 144
1777204975208 0.9781067355099446 145
1777204976395 0.972811256816427 146
1777204978935 0.9688452004052862 147
1777204979419 0.9706146973222453 148
1777204979857 0.9773989736863643 149
1777204986343 0.9725526643667798 150
1777204987113 0.966713963107618 151
1777204988329 0.9745358123091259 152
1777204988720 0.9787903022601037 153
1777204989112 0.9752332639006588 154
1777204990608 0.9765381945465361 155
1777204991401 0.9766876283083259 156
1777204991885 0.9793231934387653 157
1777204992276 0.9718163351228264 158
1777204992898 0.9770214263072697 159
1777204993272 0.9766537374903788 160
1777204993882 0.9750688293543132 161
1777204994359 0.9781827621624521 162
1777204994737 0.9749253208790598 163
1777204995114 0.9709892534162187 164
1777204995878 0.9685957581373206 165
1777204996645 0.971846966000491 166
1777204998231 0.9755287350233951 167
1777204998638 0.9734574152294053 168
1777204999414 0.977130444330952 169
1777204999914 0.9831795877079839 170
1777205000800 0.9806018374881504 171
1777205001190 0.9767415092462549 172
1777205002437 0.9798839992954697 173
1777205003976 0.9757167675720142 174
1777205005758 0.9789715752302411 175
1777205006459 0.9781345150058676 176
1777205007548 0.9835346006044009 177
1777205007908 0.980204065283362 178
1777205008676 0.9773824524462169 179
1777205009299 0.9763171427374617 180
1777205011210 0.9775736789411971 181
1777205011730 0.9682710451834611 182
1777205015321 0.9729744758192884 183
1777205017678 0.9801180682384261 184
1777205022975 0.9802716744875762 185
1777205023884 0.9777496043763687 186
1777205024627 0.9806782349909718 187
1777205026318 0.9832646155806728 188
1777205026795 0.9777325174618156 189
1777205027157 0.9826211342966426 190
1777205027525 0.9828138837765822 191
1777205028667 0.9803571919810496 192
1777205029042 0.981586603338955 193
1777205029416 0.9830137725155057 194
1777205031522 0.9838890721785057 195
1777205031907 0.9819627126560262 196
1777205032299 0.9833977546740987 197
1777205033074 0.9794045132836108 198
1777205033460 0.9807667087913398 199
1777205033849 0.9836675685086409 200
1777205035444 0.9797358317388898 201
