1777229569686 150.42669677734375 1
1777229571541 114.69005584716797 2
1777229573379 64.01964569091797 3
1777229575202 31.453401565551758 4
1777229577028 24.0683650970459 5
1777229578886 21.33748435974121 6
1777229580726 19.382232666015625 7
1777229582879 18.7582950592041 8
1777229584714 18.356895446777344 9
1777229586569 17.612876892089844 10
1777229588645 16.803699493408203 11
1777229590470 17.043210983276367 12
1777229592299 15.967135429382324 13
1777229594633 16.448841094970703 14
1777229596862 15.70149040222168 15
1777229599168 15.714362144470215 16
1777229601575 14.954198837280273 17
1777229603987 14.543564796447754 18
1777229606399 14.618849754333496 19
1777229608765 14.459806442260742 20
1777229610660 14.129420280456543 21
1777229612475 13.354767799377441 22
1777229614299 13.165914535522461 23
1777229616114 14.007732391357422 24
1777229617935 12.81750202178955 25
1777229619748 12.643156051635742 26
1777229621587 11.99024772644043 27
1777229623426 12.116364479064941 28
1777229625234 11.439679145812988 29
1777229627054 11.64478874206543 30
1777229628900 11.45060920715332 31
1777229630733 11.013030052185059 32
1777229632557 11.405120849609375 33
1777229634367 10.659917831420898 34
1777229636629 10.843012809753418 35
1777229639033 10.540888786315918 36
1777229641448 10.237908363342285 37
1777229643496 10.104104042053223 38
1777229645641 9.819517135620117 39
1777229648064 9.948078155517578 40
1777229649979 9.86380672454834 41
1777229651805 9.468535423278809 42
1777229653620 9.920454025268555 43
1777229655747 9.829610824584961 44
1777229658201 9.285543441772461 45
1777229717787 10.43234920501709 46
1777229721898 9.199491500854492 47
1777229733901 9.31545352935791 48
1777229736725 8.814980506896973 49
1777229741968 9.151677131652832 50
1777229757496 8.753548622131348 51
1777229764995 9.259183883666992 52
1777229766865 9.074187278747559 53
1777229779962 8.810529708862305 54
1777229781829 8.834268569946289 55
1777229783685 8.539684295654297 56
1777229785533 8.74338436126709 57
1777229787365 8.491388320922852 58
1777229789219 8.35466480255127 59
1777229791062 8.675317764282227 60
1777229792939 8.510758399963379 61
1777229794774 8.271380424499512 62
1777229796620 8.44469165802002 63
1777229798449 8.722801208496094 64
1777229800272 8.336601257324219 65
1777229802105 8.2184476852417 66
1777229803929 8.178580284118652 67
1777229805749 7.957962989807129 68
1777229807593 8.215531349182129 69
1777229809424 7.912467002868652 70
1777229811256 7.88224458694458 71
1777229813687 7.852592945098877 72
1777229816109 8.171889305114746 73
1777229818221 7.8256330490112305 74
1777229820073 7.738953113555908 75
1777229821926 7.943577289581299 76
1777229824264 7.641594886779785 77
1777229826200 7.6173930168151855 78
1777229828039 7.691123962402344 79
1777229829864 8.976130485534668 80
1777229831685 7.7220869064331055 81
1777229833529 7.872260570526123 82
1777229835349 7.789539813995361 83
1777229837191 7.485949993133545 84
1777229839109 7.5236358642578125 85
1777229841568 7.423516273498535 86
1777229843484 7.423320293426514 87
1777229845667 7.343021869659424 88
1777229848126 7.445807456970215 89
1777229850574 7.379122734069824 90
1777229853034 7.4197564125061035 91
1777229855522 7.18614387512207 92
1777229857785 7.3474202156066895 93
1777229859603 7.415308952331543 94
1777229861438 7.257783889770508 95
1777229863304 7.486223220825195 96
1777229865112 7.321382522583008 97
1777229866943 7.716705799102783 98
1777229868753 7.153908729553223 99
1777229870565 7.0702805519104 100
1777229872364 7.13998556137085 101
1777229874177 7.111622333526611 102
