1777229569686 -1.4679706920364481 1
1777229571541 -0.6788126698677921 2
1777229573379 0.33474806139841395 3
1777229575202 0.8501471489077485 4
1777229577028 0.9238530532228687 5
1777229578886 0.9409720153040719 6
1777229580726 0.951705444789925 7
1777229582879 0.9550580271114123 8
1777229584714 0.9570284120255177 9
1777229586569 0.9596956484203998 10
1777229588645 0.9634217707725137 11
1777229590470 0.9619747735038698 12
1777229592299 0.9667630864600845 13
1777229594633 0.9645829614624957 14
1777229596862 0.9681620640729754 15
1777229599168 0.9680220078200801 16
1777229601575 0.9709919716356852 17
1777229603987 0.9727269880616831 18
1777229606399 0.9720220749960274 19
1777229608765 0.9725043848547047 20
1777229610660 0.9738450541974959 21
1777229612475 0.9767607206589487 22
1777229614299 0.9775922601023593 23
1777229616114 0.9736813419433105 24
1777229617935 0.9782033087822477 25
1777229619748 0.9789979782728434 26
1777229621587 0.9814940294733725 27
1777229623426 0.981114150043233 28
1777229625234 0.9829240933290293 29
1777229627054 0.9819777080144684 30
1777229628900 0.9833737885988535 31
1777229630733 0.9846987436232123 32
1777229632557 0.9833594546285175 33
1777229634367 0.9855967880157115 34
1777229636629 0.9851950192092017 35
1777229639033 0.9860845809469089 36
1777229641448 0.987042947857381 37
1777229643496 0.9871222713993232 38
1777229645641 0.9880173245678364 39
1777229648064 0.9878906191396855 40
1777229649979 0.9880364714827626 41
1777229651805 0.9890151998041177 42
1777229653620 0.9876226874768648 43
1777229655747 0.9875739263119373 44
1777229658201 0.9891204655063518 45
1777229717787 0.985257498174261 46
1777229721898 0.9894433692508258 47
1777229733901 0.9889728044564391 48
1777229736725 0.9903806212399268 49
1777229741968 0.9894780676942574 50
1777229757496 0.9904774733411663 51
1777229764995 0.9891249271192161 52
1777229766865 0.9895899824779948 53
1777229779962 0.9902626785247921 54
1777229781829 0.9902914271942853 55
1777229783685 0.9910124094215448 56
1777229785533 0.9902978110500864 57
1777229787365 0.9909968297157956 58
1777229789219 0.9912366624343525 59
1777229791062 0.9906558831395318 60
1777229792939 0.9908409089339092 61
1777229794774 0.9914904359883547 62
1777229796620 0.9910640243204101 63
1777229798449 0.9902035580829406 64
1777229800272 0.991387739419439 65
1777229802105 0.9914160559187348 66
1777229803929 0.9913101975924853 67
1777229805749 0.9921724074803336 68
1777229807593 0.9914635602275181 69
1777229809424 0.9921375202484628 70
1777229811256 0.9922483416649623 71
1777229813687 0.9924427567594636 72
1777229816109 0.9915696227098942 73
1777229818221 0.9924646727807079 74
1777229820073 0.9922450409923493 75
1777229821926 0.9920735973071476 76
1777229824264 0.9926242262997593 77
1777229826200 0.9928036873667772 78
1777229828039 0.9925959368875613 79
1777229829864 0.9888319023817822 80
1777229831685 0.9925297387157996 81
1777229833529 0.9920905476156241 82
1777229835349 0.9924124999559879 83
1777229837191 0.9929917796603862 84
1777229839109 0.9929543621506507 85
1777229841568 0.9930566169834151 86
1777229843484 0.9931463593870508 87
1777229845667 0.9932849137848718 88
1777229848126 0.9931446907400092 89
1777229850574 0.9931795279296176 90
1777229853034 0.9928107642263105 91
1777229855522 0.9934894602866631 92
1777229857785 0.9932312416693174 93
1777229859603 0.9930407937158219 94
1777229861438 0.9933492407120281 95
1777229863304 0.9928642376903927 96
1777229865112 0.9930207487494614 97
1777229866943 0.9920147290150227 98
1777229868753 0.9932024358850068 99
1777229870565 0.9936718991708071 100
1777229872364 0.9935789038284565 101
1777229874177 0.9935880871553351 102
