1777229569686 150.42670288085938 1
1777229571541 114.6900505065918 2
1777229573379 64.01964988708497 3
1777229575202 31.45340061187744 4
1777229577028 24.068364906311036 5
1777229578886 21.33748378753662 6
1777229580726 19.382234954833983 7
1777229582879 18.758295822143555 8
1777229584714 18.35689506530762 9
1777229586569 17.61287670135498 10
1777229588645 16.80369873046875 11
1777229590470 17.043209838867188 12
1777229592299 15.967135334014893 13
1777229594633 16.448839473724366 14
1777229596862 15.701489734649659 15
1777229599168 15.714361953735352 16
1777229601575 14.95419864654541 17
1777229603987 14.543564319610596 18
1777229606399 14.618850612640381 19
1777229608765 14.459806442260742 20
1777229610660 14.129420185089112 21
1777229612475 13.354768466949462 22
1777229614299 13.165915489196777 23
1777229616114 14.007733249664307 24
1777229617935 12.817502307891846 25
1777229619748 12.643156719207763 26
1777229621587 11.990247249603271 27
1777229623426 12.11636438369751 28
1777229625234 11.439678573608399 29
1777229627054 11.644788646697998 30
1777229628900 11.45060863494873 31
1777229630733 11.013030242919921 32
1777229632557 11.405120182037354 33
1777229634367 10.659917736053467 34
1777229636629 10.843013286590576 35
1777229639033 10.540887832641602 36
1777229641448 10.237908744812012 37
1777229643496 10.10410385131836 38
1777229645641 9.819517421722413 39
1777229648064 9.948077964782716 40
1777229649979 9.86380672454834 41
1777229651805 9.468535614013671 42
1777229653620 9.920453834533692 43
1777229655747 9.829610824584961 44
1777229658201 9.285543727874757 45
1777229717787 10.432349681854248 46
1777229721898 9.19949254989624 47
1777229733901 9.315453243255615 48
1777229736725 8.814979934692383 49
1777229741968 9.151677322387695 50
1777229757496 8.753549289703368 51
1777229764995 9.259184169769288 52
1777229766865 9.074186420440673 53
1777229779962 8.8105299949646 54
1777229781829 8.834268760681152 55
1777229783685 8.539685249328613 56
1777229785533 8.743384552001952 57
1777229787365 8.491388130187989 58
1777229789219 8.354664516448974 59
1777229791062 8.675317668914795 60
1777229792939 8.510757732391358 61
1777229794774 8.271380615234374 62
1777229796620 8.44469175338745 63
1777229798449 8.722801303863525 64
1777229800272 8.336599969863892 65
1777229802105 8.218447589874268 66
1777229803929 8.178579664230346 67
1777229805749 7.95796308517456 68
1777229807593 8.215531969070435 69
1777229809424 7.9124668598175045 70
1777229811256 7.8822437763214115 71
1777229813687 7.8525923728942875 72
1777229816109 8.171888971328736 73
1777229818221 7.82563328742981 74
1777229820073 7.738953018188477 75
1777229821926 7.943578386306763 76
1777229824264 7.641594982147216 77
1777229826200 7.617392253875733 78
1777229828039 7.691124200820923 79
1777229829864 8.976131248474122 80
1777229831685 7.722086668014526 81
1777229833529 7.872259616851807 82
1777229835349 7.789539337158203 83
1777229837191 7.485949993133545 84
1777229839109 7.52363600730896 85
1777229841568 7.42351655960083 86
1777229843484 7.42331976890564 87
1777229845667 7.34302167892456 88
1777229848126 7.4458075046539305 89
1777229850574 7.379122543334961 90
1777229853034 7.419756746292114 91
1777229855522 7.186144113540649 92
1777229857785 7.347420263290405 93
1777229859603 7.415308904647827 94
1777229861438 7.257783985137939 95
1777229863304 7.486223316192627 96
1777229865112 7.321382617950439 97
1777229866943 7.716705322265625 98
1777229868753 7.153908348083496 99
1777229870565 7.070279979705811 100
1777229872364 7.139985227584839 101
1777229874177 7.11162223815918 102
