1777208999976 42317.98046875 1
1777209000377 42143.171875 2
1777209002534 41926.23046875 3
1777209004644 41565.29296875 4
1777209005745 41214.0078125 5
1777209009693 40863.14453125 6
1777209010088 40456.93359375 7
1777209010484 39935.171875 8
1777209010876 39172.109375 9
1777209012747 38346.99609375 10
1777209013110 37738.19921875 11
1777209013805 36991.05859375 12
1777209014192 36314.8515625 13
1777209014579 35677.05078125 14
1777209014967 34802.9296875 15
1777209017227 34067.5546875 16
1777209018775 33523.2265625 17
1777209019159 32829.31640625 18
1777209019540 32008.71875 19
1777209019917 31159.67578125 20
1777209020299 30496.3046875 21
1777209021788 29597.4609375 22
1777209023754 28944.60546875 23
1777209024123 28072.53125 24
1777209024701 27218.677734375 25
1777209025209 26538.9453125 26
1777209025593 25617.447265625 27
1777209025980 24777.14453125 28
1777209026360 24341.111328125 29
1777209026736 23478.01953125 30
1777209027113 22416.4296875 31
1777209027867 21503.9765625 32
1777209028249 20208.193359375 33
1777209030398 19357.013671875 34
1777209030824 18403.951171875 35
1777209031572 17168.78125 36
1777209031953 16091.7275390625 37
1777209032331 15073.79296875 38
1777209032710 13999.4384765625 39
1777209033936 13149.3271484375 40
1777209034349 12121.8740234375 41
1777209034759 10973.0615234375 42
1777209035172 10061.755859375 43
1777209035588 9113.513671875 44
1777209038259 8586.056640625 45
1777209040175 7763.20947265625 46
1777209040551 7016.61474609375 47
1777209040926 6482.1767578125 48
1777209041300 5723.3876953125 49
1777209041678 5038.6611328125 50
1777209042461 4694.81787109375 51
1777209043617 4109.59912109375 52
1777209044354 3456.455322265625 53
1777209050100 2997.378173828125 54
1777209050488 2702.763427734375 55
1777209050875 2472.914306640625 56
1777209055990 2199.759765625 57
1777209058708 1940.4893798828125 58
1777209059850 1690.3951416015625 59
1777209060240 1574.09375 60
1777209060627 1434.981689453125 61
1777209061015 1353.375244140625 62
1777209061423 1315.0845947265625 63
1777209061807 1305.16943359375 64
1777209062186 1233.095458984375 65
1777209062574 1335.3690185546875 66
1777209062957 987.5775146484375 67
1777209063479 1087.241943359375 68
1777209064633 1037.8265380859375 69
1777209065013 1123.01220703125 70
1777209065396 1021.9732055664062 71
1777209068220 969.0936279296875 72
1777209068611 941.8648681640625 73
1777209069001 911.2162475585938 74
1777209069473 980.2879028320312 75
1777209069861 956.6943359375 76
1777209070252 710.115478515625 77
1777209070645 919.4725341796875 78
1777209071030 814.720703125 79
1777209071418 685.3252563476562 80
1777209071806 886.9155883789062 81
1777209072191 765.8521728515625 82
1777209073344 670.8497314453125 83
1777209073745 747.1799926757812 84
1777209074905 674.3472290039062 85
1777209075295 774.9938354492188 86
1777209077027 888.9390258789062 87
1777209077522 680.8194580078125 88
1777209078554 723.3888549804688 89
1777209078952 633.28955078125 90
1777209079352 663.4591064453125 91
1777209079750 589.5879516601562 92
1777209080265 613.815185546875 93
1777209080662 608.7897338867188 94
1777209081058 811.5855102539062 95
1777209081461 749.7538452148438 96
1777209081862 754.0402221679688 97
1777209082257 836.7974853515625 98
1777209082649 676.1221923828125 99
1777209083046 581.2501831054688 100
1777209083437 533.4036865234375 101
1777209084951 577.8485107421875 102
1777209086697 752.7579956054688 103
1777209087074 587.82080078125 104
1777209087451 595.7902221679688 105
1777209089242 652.9555053710938 106
1777209090007 510.36956787109375 107
1777209090391 676.3060302734375 108
1777209090789 587.6243896484375 109
1777209091307 726.2811889648438 110
1777209092083 525.2022094726562 111
1777209092470 603.0573120117188 112
1777209092854 501.765625 113
1777209094257 490.9036865234375 114
1777209095563 477.596435546875 115
1777209095956 408.6766662597656 116
1777209096353 473.39105224609375 117
1777209096750 600.0596923828125 118
1777209097510 502.0071105957031 119
1777209097875 565.5110473632812 120
1777209098645 427.1529541015625 121
1777209099026 504.194580078125 122
1777209099409 554.905029296875 123
1777209100496 440.1489562988281 124
1777209100896 470.3959655761719 125
1777209101343 483.6686096191406 126
1777209103812 510.7426452636719 127
1777209105495 489.0484313964844 128
1777209105898 417.57916259765625 129
