1777428318961 -1.7976399216491448 1
1777428324971 -1.6520668661371158 2
1777428329294 -1.453946578809385 3
1777428335115 -1.15780704439499 4
1777428340294 -0.8152979469112981 5
1777428341617 -0.44418650919894276 6
1777428345648 -0.06065329557512611 7
1777428348251 0.2752344240931387 8
1777428350955 0.5609573761918754 9
1777428354730 0.7804441273190841 10
1777428357791 0.8778153821577925 11
1777428361074 0.9119534024453527 12
1777428363375 0.9286912821267206 13
1777428366310 0.9405783145505512 14
1777428370498 0.9392585449302473 15
1777428373468 0.9502151780781322 16
1777428376457 0.9535027518510304 17
1777428379006 0.9539944762996873 18
1777428380161 0.9556900884034636 19
1777428384218 0.959896308632065 20
1777428387905 0.9614904832037283 21
1777428389729 0.9594828460425184 22
1777428390761 0.9661357602942832 23
1777428392794 0.9647651050021069 24
1777428394528 0.9651229669738439 25
1777428397101 0.9682001506639484 26
1777428400643 0.9674740954587784 27
1777428401626 0.9702474671580392 28
1777428403783 0.9687223594669422 29
1777428405459 0.9697715014631684 30
1777428406717 0.9709889157258677 31
1777428409278 0.9706543332455982 32
1777428411152 0.9705642092028443 33
1777428413541 0.9689349493446661 34
1777428415063 0.9719046968602334 35
1777428417488 0.9717653433256853 36
1777428419016 0.9743257530404793 37
1777428420098 0.9739576552138002 38
1777428421204 0.9753923110633036 39
1777428423263 0.9762393646004827 40
1777428424582 0.977834045642118 41
1777428425714 0.9744881647510855 42
1777428426766 0.9788467227277523 43
1777428428938 0.9794875767574603 44
1777428431475 0.9778879038179527 45
1777428433194 0.9812548829703536 46
1777428434787 0.9804989207827494 47
1777428436192 0.9789722496113272 48
1777428438228 0.9821146116149072 49
1777428439769 0.9806069375272651 50
1777428442222 0.982144746490221 51
1777428443486 0.9820638937449907 52
1777428444658 0.978821288308197 53
1777428446044 0.981090828945295 54
1777428447378 0.981683518229941 55
1777428448382 0.9801453311383698 56
1777428449574 0.9804488855092495 57
1777428450935 0.9799843646121387 58
1777428451944 0.9843667075590686 59
1777428453164 0.9815208260794263 60
1777428454199 0.9826761981230433 61
1777428455220 0.9822416625669061 62
1777428456222 0.9822261980692975 63
