1777428318961 170.0308837890625 1
1777428324971 163.0480499267578 2
1777428329294 154.25643920898438 3
1777428335115 142.2284393310547 4
1777428340294 127.33843231201172 5
1777428341617 110.11212158203125 6
1777428345648 90.45303344726562 7
1777428348251 71.63430786132812 8
1777428350955 54.67192077636719 9
1777428354730 39.224849700927734 10
1777428357791 29.866838455200195 11
1777428361074 26.03995704650879 12
1777428363375 23.785924911499023 13
1777428366310 21.952682495117188 14
1777428370498 22.468835830688477 15
1777428373468 20.27657127380371 16
1777428376457 19.639522552490234 17
1777428379006 19.37338638305664 18
1777428380161 19.250389099121094 19
1777428384218 18.399072647094727 20
1777428387905 18.034156799316406 21
1777428389729 18.40071678161621 22
1777428390761 16.925241470336914 23
1777428392794 17.312936782836914 24
1777428394528 17.473100662231445 25
1777428397101 16.41291046142578 26
1777428400643 16.661170959472656 27
1777428401626 16.063589096069336 28
1777428403783 16.47218132019043 29
1777428405459 15.923084259033203 30
1777428406717 15.863483428955078 31
1777428409278 15.808218955993652 32
1777428411152 15.812012672424316 33
1777428413541 16.462745666503906 34
1777428415063 15.5693359375 35
1777428417488 15.736616134643555 36
1777428419016 15.015588760375977 37
1777428420098 15.049092292785645 38
1777428421204 14.673921585083008 39
1777428423263 14.330729484558105 40
1777428424582 13.859454154968262 41
1777428425714 14.667022705078125 42
1777428426766 13.623892784118652 43
1777428428938 13.402240753173828 44
1777428431475 13.848647117614746 45
1777428433194 12.917378425598145 46
1777428434787 13.07025146484375 47
1777428436192 13.483963966369629 48
1777428438228 12.378913879394531 49
1777428439769 12.986262321472168 50
1777428442222 12.487421989440918 51
1777428443486 12.508174896240234 52
1777428444658 13.256885528564453 53
1777428446044 12.757935523986816 54
1777428447378 12.491649627685547 55
1777428448382 13.083760261535645 56
1777428449574 13.066932678222656 57
1777428450935 13.150684356689453 58
1777428451944 11.833794593811035 59
1777428453164 12.637394905090332 60
1777428454199 12.189476013183594 61
1777428455220 12.449320793151855 62
1777428456222 12.498268127441406 63
