1777173146746 164.1779557969835 1
1777173147936 155.07084294071905 2
1777173149088 142.7627747712312 3
1777173150275 123.81237397370515 4
1777173151418 99.03465963293004 5
1777173152569 73.99471384684244 6
1777173153816 52.37753815827546 7
1777173155051 34.733275681954844 8
1777173156283 24.47252469945837 9
1777173157545 20.59137306213379 10
1777173158800 18.569843928019207 11
1777173160043 16.715218925476073 12
1777173161250 16.579561819853605 13
1777173162399 15.03777833867956 14
1777173163552 15.256408133330169 15
1777173164700 14.703451555746573 16
1777173165842 13.402910804748535 17
1777173167003 14.489707515857837 18
1777173168161 13.765836500238489 19
1777173169340 13.899860752953423 20
1777173170563 13.298685893306025 21
1777173171733 12.31835271694042 22
1777173276600 12.522154878686976 23
1777173400678 12.066052009441234 24
1777173401915 12.570559219077781 25
1777173403112 12.432434756667526 26
1777173405205 11.900560273064507 27
1777173408306 12.296205301638002 28
1777173410228 11.615141857994928 29
1777173412653 11.344779791655364 30
1777173414745 10.904308453312627 31
1777173419314 11.006994190922489 32
1777173420819 11.633873780568441 33
1777173422005 10.237217726530853 34
1777173423168 10.808149291850903 35
1777173424342 10.03244344216806 36
1777173425489 10.48609870981287 37
1777173426647 10.201827904030129 38
1777173427794 10.106489728998255 39
1777173428942 10.055081272125244 40
1777173430105 9.723150595912227 41
1777173431257 9.639031212418168 42
1777173432403 10.248960523252133 43
1777173433565 9.837327791143347 44
1777173434733 9.410685005894413 45
1777173436075 8.77558074174104 46
1777173437253 9.054181420361553 47
1777173438428 9.217849961033574 48
1777173439641 9.074696569089536 49
1777173440812 8.511856990390354 50
1777173441964 8.258637440646137 51
1777173443139 8.58114970171893 52
1777173444293 7.956657294873838 53
1777173445468 8.437343696311668 54
1777173446634 8.187252970095034 55
1777173447785 8.343635804564865 56
1777173449060 8.378254533697058 57
1777173450696 8.230483157546432 58
1777173451914 7.85263006069042 59
