1777173146746 44726.97890625 1
1777173147936 41592.51015625 2
1777173149088 36537.6484375 3
1777173150275 28916.740625 4
1777173151418 20533.758984375 5
1777173152569 13333.366796875 6
1777173153816 7475.887109375 7
1777173155051 3575.1451171875 8
1777173156283 1841.2272216796875 9
1777173157545 1268.702490234375 10
1777173158800 1049.279296875 11
1777173160043 883.574560546875 12
1777173161250 850.4128173828125 13
1777173162399 729.7096313476562 14
1777173163552 732.2277709960938 15
1777173164700 691.0624145507812 16
1777173165842 597.5411254882813 17
1777173167003 671.8908325195313 18
1777173168161 623.5783081054688 19
1777173169340 637.9982421875 20
1777173170563 599.77919921875 21
1777173171733 533.0713500976562 22
1777173276600 542.0557495117188 23
1777173400678 522.3987731933594 24
1777173401915 543.5064086914062 25
1777173403112 534.5505493164062 26
1777173405205 497.58189086914064 27
1777173408306 530.8735412597656 28
1777173410228 493.796728515625 29
1777173412653 470.09190063476564 30
1777173414745 431.459912109375 31
1777173419314 438.9271240234375 32
1777173420819 482.0273132324219 33
1777173422005 392.0761352539063 34
1777173423168 433.2788391113281 35
1777173424342 384.76743774414064 36
1777173425489 410.86041870117185 37
1777173426647 397.30748291015624 38
1777173427794 381.17070922851565 39
1777173428942 378.6887451171875 40
1777173430105 365.761279296875 41
1777173431257 366.353369140625 42
1777173432403 398.82386474609376 43
1777173433565 372.2001220703125 44
1777173434733 352.67327270507815 45
1777173436075 308.1383361816406 46
1777173437253 330.3308898925781 47
1777173438428 339.2842041015625 48
1777173439641 329.9300170898438 49
1777173440812 307.2481689453125 50
1777173441964 282.01524658203124 51
1777173443139 297.6193542480469 52
1777173444293 268.38543395996095 53
1777173445468 295.3077392578125 54
1777173446634 281.3617248535156 55
1777173447785 287.9797424316406 56
1777173449060 292.82228393554686 57
1777173450696 287.5647888183594 58
1777173451914 261.86317749023436 59
