1777207687980 -2.76474151674197 1
1777207688598 -2.6332666690450357 2
1777207689207 -2.4960613507318032 3
1777207689840 -2.3101008638376666 4
1777207690442 -2.087538674730737 5
1777207691048 -1.8468931853428106 6
1777207691651 -1.602248590838014 7
1777207692253 -1.3417195329162794 8
1777207692856 -1.0625682469530644 9
1777207693461 -0.7942995737822576 10
1777207694062 -0.5126364851621243 11
1777207694673 -0.22744449131230704 12
1777207695280 0.04985201647230497 13
1777207695941 0.3183307643448887 14
1777207696556 0.5244443884828174 15
1777207697172 0.6653686410977993 16
1777207697788 0.7814416685728596 17
1777207698404 0.8515420444950897 18
1777207699019 0.8822567146957332 19
1777207699650 0.9015180290874547 20
1777207700487 0.9226533147470779 21
1777207701156 0.9321818310434535 22
1777207701821 0.9333117913858967 23
1777207702490 0.9382301079587227 24
1777207703153 0.9463649556748938 25
1777207704333 0.9473255829102984 26
1777207705023 0.9435207496969328 27
1777207705732 0.9494972765924405 28
1777207706437 0.9585823898989962 29
1777207707140 0.9562353297468925 30
1777207707846 0.950903651303801 31
1777207708552 0.9517158599972999 32
1777207709249 0.9595403611431141 33
1777207710106 0.9566333923422459 34
1777207710885 0.963431126058112 35
1777207711594 0.9609152792992345 36
1777207712677 0.9631135383592471 37
1777207713352 0.9643648299579728 38
1777207714045 0.9640589018422567 39
1777207714713 0.9664857155104994 40
1777207715386 0.9632369791065516 41
1777207716049 0.9552953602214961 42
1777207716807 0.9647280640914525 43
1777207717548 0.960997188758918 44
1777207718322 0.9638290297380987 45
1777207719015 0.9713252458726551 46
1777207719809 0.9709289757981702 47
1777207720632 0.9714258948264175 48
1777207721513 0.9690913167403611 49
1777207722268 0.9722269385195071 50
1777207723319 0.973012111844908 51
1777207724477 0.9618283090940792 52
1777207725350 0.9728890837053032 53
1777207726524 0.9731915852643592 54
1777207727822 0.9697668566476467 55
1777207729240 0.971650317892646 56
1777207730639 0.9761955523972212 57
1777207732153 0.9731882379502376 58
1777207733034 0.9698264579665223 59
1777207734556 0.9749003850247385 60
1777207735652 0.9746607391936349 61
1777207736271 0.9695974142405552 62
1777207736881 0.9723478462380846 63
1777207737486 0.9715494421412737 64
