1777199892138 162.5414276123047 1
1777199892714 159.91566467285156 2
1777199893185 157.4666290283203 3
1777199893640 154.92147827148438 4
1777199894063 152.0248260498047 5
1777199894544 148.869873046875 6
1777199894971 145.7708740234375 7
1777199895462 142.65447998046875 8
1777199895905 139.2630157470703 9
1777199896436 135.6584014892578 10
1777199896888 131.95106506347656 11
1777199897456 128.09010314941406 12
1777199897982 124.16895294189453 13
1777199898611 120.12094116210938 14
1777199899446 116.05925750732422 15
1777199900101 111.67341613769531 16
1777199900861 107.14646911621094 17
1777199901408 102.72771453857422 18
1777199901866 97.9600601196289 19
1777199902420 93.58080291748047 20
1777199902894 88.20292663574219 21
1777199903365 82.15119171142578 22
1777199903945 75.85775756835938 23
1777199904511 68.78809356689453 24
1777199905024 62.52996826171875 25
1777199906315 57.36703872680664 26
1777199953637 50.40049362182617 27
1777199971641 44.53282165527344 28
1777199972143 41.972747802734375 29
1777199972595 36.416690826416016 30
1777199973044 33.46563720703125 31
1777199973493 29.712074279785156 32
1777199973934 27.899391174316406 33
1777199974371 25.712148666381836 34
1777199975059 23.686067581176758 35
1777199975498 23.287212371826172 36
1777199975945 22.823936462402344 37
1777199976361 22.491308212280273 38
1777199976771 23.494815826416016 39
1777199977177 19.990793228149414 40
1777199977605 21.419498443603516 41
1777199978032 18.944053649902344 42
1777199978447 19.14303207397461 43
1777199978856 19.304218292236328 44
1777199984663 17.893226623535156 45
1777200215609 17.46358871459961 46
1777200215996 17.74661636352539 47
1777200298058 18.643774032592773 48
1777200298807 20.853864669799805 49
1777200299740 18.65589714050293 50
1777200300128 17.280519485473633 51
1777200300516 18.106700897216797 52
1777200300955 19.777605056762695 53
1777200301698 15.615144729614258 54
1777200302109 19.553157806396484 55
1777200302514 17.887792587280273 56
1777200302926 16.991071701049805 57
1777200303332 16.43628692626953 58
1777200304085 15.213265419006348 59
1777200305601 19.539718627929688 60
1777200306000 17.024755477905273 61
1777200306396 15.927055358886719 62
1777200306799 17.28920555114746 63
1777200309313 16.562503814697266 64
1777200309878 16.94792366027832 65
1777200310375 15.819340705871582 66
1777200310890 15.1355562210083 67
1777200311334 14.57921314239502 68
1777200311946 13.182415008544922 69
1777200312393 15.768603324890137 70
1777200312933 16.268844604492188 71
1777200313442 14.491713523864746 72
1777200313990 17.16498565673828 73
1777200314576 14.250734329223633 74
1777200315179 16.504831314086914 75
1777200315728 14.327041625976562 76
1777200316217 15.875472068786621 77
1777200316769 14.010143280029297 78
1777200317304 13.196017265319824 79
1777200317995 14.891385078430176 80
1777200318487 12.705321311950684 81
1777200319180 14.266396522521973 82
1777200319908 13.771652221679688 83
1777200320723 12.105965614318848 84
1777200321343 12.780287742614746 85
1777200321940 13.621535301208496 86
1777200322578 13.592657089233398 87
1777200323166 13.472951889038086 88
1777200323862 12.538087844848633 89
1777200324992 13.062479019165039 90
1777200325710 12.345952033996582 91
1777200327202 13.497465133666992 92
1777200328065 12.055929183959961 93
1777200329356 13.4725980758667 94
1777200331291 13.612327575683594 95
1777200332852 13.400023460388184 96
1777200335406 13.964997291564941 97
1777200338039 11.384177207946777 98
1777200448550 11.294833183288574 99
1777200454636 11.828231811523438 100
1777200455032 12.457940101623535 101
1777200455428 12.333181381225586 102
1777200455825 12.845166206359863 103
1777200456693 10.819828033447266 104
1777200458246 13.612869262695312 105
1777200458771 11.827259063720703 106
1777200459195 12.604488372802734 107
1777200459636 13.833813667297363 108
1777200460059 11.790352821350098 109
1777200460486 12.695619583129883 110
1777200460927 12.708078384399414 111
1777200461354 12.939414978027344 112
1777200461960 11.95911693572998 113
1777200463109 11.477181434631348 114
1777200463500 11.549131393432617 115
1777200463897 14.558025360107422 116
1777200464527 11.058089256286621 117
1777200464916 11.488943099975586 118
1777200465308 11.433277130126953 119
1777200465896 11.03014087677002 120
1777200466294 11.698455810546875 121
1777200466691 12.107389450073242 122
1777200467090 9.83573055267334 123
1777200467486 12.241877555847168 124
1777200467914 9.871068000793457 125
1777200469455 11.408181190490723 126
1777200470605 11.060200691223145 127
1777200471341 10.943184852600098 128
1777200471729 11.988286972045898 129
1777200472118 10.851613998413086 130
1777200473057 10.009325981140137 131
1777200473451 12.418258666992188 132
1777200473833 11.478962898254395 133
1777200474214 10.27206802368164 134
1777200474601 9.743645668029785 135
1777200474984 10.247032165527344 136
1777200475379 9.201128959655762 137
1777200475763 10.349472999572754 138
