1777432852738 40861.3515625 1
1777432854014 40205.5859375 2
1777432854844 39596.6328125 3
1777432856152 39094.03125 4
1777432856542 38583.67578125 5
1777432856962 38044.28125 6
1777432857469 37459.95703125 7
1777432858829 36834.5625 8
1777432859189 36172.93359375 9
1777432859543 35443.53515625 10
1777432859878 34616.76953125 11
1777432860454 33612.64453125 12
1777432861208 32455.751953125 13
1777432861528 31204.3046875 14
1777432862414 29960.65234375 15
1777432862714 28444.947265625 16
1777432863159 27061.37890625 17
1777432864182 25495.51953125 18
1777432865354 23930.943359375 19
1777432866258 22612.580078125 20
1777432867209 21055.345703125 21
1777432867713 19440.529296875 22
1777432868922 18094.0703125 23
1777432869386 16640.0078125 24
1777432869740 15196.5830078125 25
1777432870875 13702.8251953125 26
1777432871572 12247.21875 27
1777432871928 10885.6142578125 28
1777432872274 9737.322265625 29
1777432872643 8836.330078125 30
1777432873017 7720.21826171875 31
1777432873386 6608.98974609375 32
1777432874099 5698.548828125 33
1777432874781 5120.662109375 34
1777432875638 4438.89453125 35
1777432875984 3619.20654296875 36
1777432876330 3103.581298828125 37
1777432876986 2660.41552734375 38
1777432878191 2493.838134765625 39
1777432878553 1904.06396484375 40
1777432879894 1644.6978759765625 41
1777432880822 1506.1060791015625 42
1777432881751 1589.3143310546875 43
1777432882107 1390.4801025390625 44
1777432883077 1189.8201904296875 45
1777432883934 1201.95947265625 46
1777432884940 1052.2132568359375 47
1777432885297 930.8427124023438 48
1777432886334 919.1824951171875 49
1777432886677 871.3295288085938 50
1777432887165 818.981201171875 51
1777432887680 638.8086547851562 52
1777432888050 949.5364379882812 53
1777432888347 775.0119018554688 54
1777432888643 925.0208129882812 55
1777432889483 858.378173828125 56
1777432889793 702.6439819335938 57
1777432891992 631.3243408203125 58
1777432892747 637.6874389648438 59
1777432893049 897.2285766601562 60
1777432893995 606.5595092773438 61
1777432894289 530.8253784179688 62
1777432895014 651.05126953125 63
1777432895547 682.194091796875 64
1777432897158 813.3577270507812 65
1777432897898 622.6131591796875 66
1777432898216 566.1279296875 67
1777432899294 509.9068603515625 68
1777432899890 578.8060302734375 69
1777432901625 710.1083374023438 70
1777432902592 508.2308044433594 71
1777432903828 676.8511962890625 72
1777432904711 571.9730834960938 73
1777432905416 563.6318969726562 74
1777432906178 537.4796752929688 75
1777432906749 530.7571411132812 76
1777432907105 505.1642761230469 77
1777432907848 600.1318969726562 78
1777432908158 502.4781494140625 79
1777432909861 597.1871948242188 80
1777432910158 608.5791625976562 81
1777432910443 636.0631103515625 82
1777432911390 553.7279663085938 83
1777432911710 568.9142456054688 84
1777432912831 532.555908203125 85
1777432913646 677.70458984375 86
1777432914391 512.0520629882812 87
1777432915644 556.1222534179688 88
1777432916008 527.5508422851562 89
1777432916833 511.07330322265625 90
1777432917172 654.5903930664062 91
1777432917828 489.7800598144531 92
1777432918869 531.6480712890625 93
1777432919206 520.0194091796875 94
1777432919543 424.82861328125 95
1777432920311 452.6301574707031 96
1777432920637 441.7323303222656 97
1777432921495 735.260498046875 98
1777432921804 530.828369140625 99
1777432922509 391.228271484375 100
1777432922792 769.584228515625 101
1777432923421 523.3502197265625 102
1777432923752 521.8251953125 103
1777432924066 488.57196044921875 104
1777432925588 521.72021484375 105
1777432926771 507.8401184082031 106
1777432927054 545.2030639648438 107
1777432928419 791.156982421875 108
1777432930001 426.3885803222656 109
1777432930757 451.9590759277344 110
1777432931656 590.3692016601562 111
1777432932083 495.97906494140625 112
1777432932943 458.96185302734375 113
1777432934539 492.7828369140625 114
1777432935200 391.9698791503906 115
1777432935967 423.30560302734375 116
1777432936262 380.1801452636719 117
1777432937934 417.6455383300781 118
1777432938562 441.16607666015625 119
1777432939378 481.1108703613281 120
1777432940187 385.56439208984375 121
1777432941074 426.7060241699219 122
1777432941705 408.4383850097656 123
1777432942044 459.2783508300781 124
1777432942910 489.7525329589844 125
1777432943800 581.7937622070312 126
1777432944215 322.4475402832031 127
1777432944562 470.1665954589844 128
1777432945637 399.1486511230469 129
1777432946221 394.7611999511719 130
1777432946992 403.7418212890625 131
1777432947329 393.19830322265625 132
1777432948944 615.2750244140625 133
1777432949269 389.5823059082031 134
1777432950616 418.3380432128906 135
1777432951807 398.4441223144531 136
1777432952305 286.92138671875 137
1777432952607 329.4549255371094 138
1777432953877 420.7909851074219 139
1777432954343 464.8850402832031 140
1777432955038 451.74420166015625 141
1777432955675 370.6035461425781 142
1777432956510 517.56884765625 143
1777432956871 510.54827880859375 144
1777432958221 435.61810302734375 145
1777432959122 354.97344970703125 146
1777432959434 413.46319580078125 147
1777432959803 373.84832763671875 148
1777432960860 346.0614929199219 149
1777432961554 358.76898193359375 150
1777432962509 328.8083801269531 151
1777432962806 370.98583984375 152
1777432963112 332.4295349121094 153
1777432963407 372.8222351074219 154
1777432964300 419.1243591308594 155
1777432964590 271.5846252441406 156
1777432965391 280.98199462890625 157
1777432966956 443.96014404296875 158
1777432967250 414.3887939453125 159
1777432967589 429.4040222167969 160
1777432968462 353.9465026855469 161
1777432968790 421.6159362792969 162
1777432969658 390.0548400878906 163
1777432971327 485.3142395019531 164
1777432972075 348.93817138671875 165
1777432972751 350.3011474609375 166
1777432973094 292.6031188964844 167
1777432974475 382.18450927734375 168
1777432975250 260.1666259765625 169
1777432975944 399.2593994140625 170
1777432976618 294.8380432128906 171
1777432976969 407.29779052734375 172
1777432977343 290.464599609375 173
1777432977705 367.3624267578125 174
1777432978748 371.8258056640625 175
1777432980669 332.8934631347656 176
1777432981418 279.3116455078125 177
1777432982242 260.83428955078125 178
1777432983385 342.1987609863281 179
1777432984890 323.74713134765625 180
1777432985540 401.9921569824219 181
1777432987269 346.1907043457031 182
1777432987894 458.1835632324219 183
1777432988759 333.2198791503906 184
1777432989870 380.59698486328125 185
1777432990168 344.6933898925781 186
1777432990470 365.2728271484375 187
1777432990778 296.7599792480469 188
1777432991697 478.3530578613281 189
1777432992956 408.60736083984375 190
1777432993238 256.13299560546875 191
1777432993808 252.67178344726562 192
1777432994548 332.3942565917969 193
1777432994926 352.9549255371094 194
1777432995589 362.2736511230469 195
1777432995890 299.3428955078125 196
1777432996448 325.2421875 197
1777432997149 365.2726135253906 198
1777432997446 303.987548828125 199
1777432998053 395.8371276855469 200
1777432999421 347.0047607421875 201
1777432999706 263.06591796875 202
1777433000355 334.0188903808594 203
1777433000671 300.41943359375 204
1777433001855 354.7376403808594 205
1777433002148 286.0949401855469 206
1777433002857 286.3333435058594 207
1777433003498 486.83428955078125 208
1777433004097 272.65484619140625 209
1777433004963 319.5215148925781 210
1777433005770 250.28411865234375 211
1777433006773 294.4340515136719 212
1777433007113 291.4364318847656 213
1777433007868 233.95480346679688 214
1777433008203 304.30157470703125 215
1777433008998 272.7052001953125 216
1777433010551 344.1114196777344 217
1777433011227 381.8165283203125 218
1777433012998 293.5279846191406 219
1777433013668 311.07318115234375 220
1777433015094 375.4002380371094 221
1777433015450 309.92559814453125 222
1777433016325 326.31268310546875 223
1777433016668 222.25474548339844 224
1777433017868 197.15118408203125 225
1777433018668 216.47097778320312 226
1777433019315 214.19888305664062 227
1777433019670 270.1083068847656 228
1777433020439 302.8785400390625 229
1777433020802 262.24212646484375 230
1777433021749 294.59185791015625 231
1777433023575 345.2122802734375 232
1777433024844 268.8837890625 233
1777433026135 234.3685302734375 234
1777433027631 260.7309265136719 235
1777433028230 279.6462707519531 236
1777433029069 359.8695068359375 237
1777433029889 254.79347229003906 238
1777433030799 206.2953643798828 239
1777433031965 270.4137878417969 240
1777433032453 280.793701171875 241
1777433032810 216.69065856933594 242
1777433033486 257.7833251953125 243
1777433033834 222.77403259277344 244
1777433034207 221.91209411621094 245
1777433034563 247.76588439941406 246
1777433035359 201.25465393066406 247
1777433036185 313.6678466796875 248
1777433036536 302.2770690917969 249
1777433036884 220.54672241210938 250
1777433037889 291.6517333984375 251
1777433038295 281.37060546875 252
1777433038658 381.57952880859375 253
1777433039549 220.37649536132812 254
1777433040444 208.35818481445312 255
1777433040808 264.9122619628906 256
1777433041202 280.22882080078125 257
1777433042296 349.1273193359375 258
1777433043443 248.0960235595703 259
1777433044154 212.05227661132812 260
1777433044485 243.50714111328125 261
1777433044996 205.84722900390625 262
1777433045508 274.0468444824219 263
1777433045859 238.61309814453125 264
1777433046163 222.39903259277344 265
1777433047026 212.7278289794922 266
1777433047910 203.5516815185547 267
1777433048246 237.30584716796875 268
1777433048582 206.4903106689453 269
1777433050291 181.28121948242188 270
