1777308079120 165.23063811274872 1
1777308080976 132.90360663997578 2
1777308082834 78.66144860121048 3
1777308084700 32.044167077060614 4
1777308086557 20.34696028022164 5
1777308088416 16.57743668280311 6
1777308090262 15.479209025933129 7
1777308092108 14.664456879500406 8
1777308093961 14.113728795589445 9
1777308095794 13.492510290942924 10
1777308097636 12.62523292784521 11
1777308099493 11.464838420348443 12
1777308101334 11.690438562300663 13
1777308103186 10.547093281837878 14
1777308105050 10.196473513034126 15
1777308106877 9.69853159705496 16
1777308108721 9.485556619756755 17
1777308110553 9.264438157050948 18
1777308112383 9.471696548974702 19
1777308114211 9.421940374680947 20
1777308116129 8.698135508130964 21
1777308117963 8.24362895476198 22
1777308119793 7.96966746100064 23
1777308121625 7.8634046709516605 24
1777308123458 7.227338638283369 25
1777308125300 7.304094531729791 26
1777308127151 7.325352881123349 27
1777308128995 7.155365233251326 28
1777308130841 6.819297934553903 29
1777308132674 6.628550598817844 30
1777308134506 7.23786695905069 31
1777308136335 6.488484121553387 32
1777308138184 6.3709592579541185 33
1777308140022 6.322435642222366 34
1777308141861 6.209563635832242 35
1777308143693 6.356556862686754 36
1777308145530 6.113734586861732 37
1777308147359 6.2141813317214725 38
1777308149211 6.227635764183878 39
1777308151046 5.819914805213308 40
1777308152901 5.991132311818197 41
1777308154740 5.575371815488047 42
1777308156576 6.08796550560109 43
1777308158455 5.673193843903979 44
1777308160309 5.570397286551658 45
1777308162166 5.31545035898999 46
1777308164008 5.427002577388725 47
