1777394178714 188.99450136141013 1
1777394184219 186.12190093366945 2
1777394191017 183.66162885306375 3
1777394194775 181.2944920394817 4
1777394202379 178.8098084589207 5
1777394205715 176.06636739967155 6
1777394215623 173.01135935758185 7
1777394223633 169.5964536370072 8
1777394230757 165.82335161532785 9
1777394236502 161.74629963165302 10
1777394242421 157.26961668309085 11
1777394246498 152.29732798802033 12
1777394259840 146.90873710197766 13
1777394264125 141.6649928022957 14
1777394268218 136.0881581555656 15
1777394276188 130.81123574257458 16
1777394283162 124.66100868139978 17
1777394298137 119.03175860688887 18
1777394301483 112.20125851768364 19
1777394310079 106.10797276387687 20
1777394316709 98.58457683802911 21
1777394319673 91.72068200640587 22
1777394329097 84.96175500552793 23
1777394340377 78.75753910962932 24
1777394350439 71.89028167500611 25
1777394356222 65.402910390463 26
1777394362670 59.50257202883153 27
1777394371932 53.89344661262409 28
1777394382306 48.55570672752573 29
1777394387185 42.666346235829664 30
1777394390541 38.81007668612217 31
1777394390853 35.865720735461444 32
1777394396003 30.70467090214692 33
1777394398370 30.84356714988973 34
1777394403212 28.608868256780028 35
1777394413699 26.301429741815195 36
1777394416470 24.21155394096621 37
1777394416806 23.685473456077553 38
1777394417169 22.481629315083403 39
1777394419318 21.082930921598244 40
1777394425556 20.498795738377012 41
1777394430415 20.314566962801564 42
1777394436561 20.08684441235509 43
1777394442140 19.439514786232518 44
1777394448114 19.87847701255812 45
1777394448445 18.668649556982608 46
1777394452886 18.994846200634996 47
1777394456437 16.03098339678887 48
1777394461873 19.19140681727662 49
1777394471640 17.985087515113637 50
1777394472013 16.59208371425053 51
1777394472375 14.825067890859392 52
1777394474870 16.99697465835007 53
1777394476644 15.194083511164381 54
1777394482975 16.905088130124373 55
1777394483308 16.389889372704104 56
1777394489916 14.501321450444578 57
1777394490234 15.36868966472758 58
1777394500350 14.985010887410315 59
1777394513094 15.152501260261289 60
1777394519754 15.432507484713794 61
1777394520306 16.292006912052248 62
1777394534990 13.517714643226395 63
1777394545701 13.375641664335886 64
1777394554984 14.47267328789846 65
1777394557825 15.168816206389431 66
1777394565718 13.948565387333833 67
1777394574226 13.567182685932691 68
1777394576852 15.001902710740453 69
1777394579626 13.297191027956574 70
1777394579975 13.912102115203266 71
1777394586179 13.575207929784805 72
1777394586522 15.461550624665973 73
1777394591496 11.875776252813782 74
1777394600382 13.680532462724292 75
1777394625794 15.866675800809563 76
