1777223625114 160.05150604248047 1
1777223625725 158.13731384277344 2
1777223627502 155.7070083618164 3
1777223628144 153.33161163330078 4
1777223628788 150.7322540283203 5
1777223629474 147.7868194580078 6
1777223630138 144.43144989013672 7
1777223631539 140.5476837158203 8
1777223632167 136.152587890625 9
1777223632796 131.01239013671875 10
1777223633405 124.94524383544922 11
1777223634062 118.92913818359375 12
1777223634718 112.66275024414062 13
1777223635399 106.28670883178711 14
1777223636077 99.62862777709961 15
1777223636874 92.73782730102539 16
1777223637744 85.63431167602539 17
1777223639356 78.06168746948242 18
1777223640819 70.98064422607422 19
1777223642963 63.30203628540039 20
1777223644800 56.08888244628906 21
1777223655420 49.473466873168945 22
1777223710087 42.73822593688965 23
1777223710726 37.32742500305176 24
1777223712529 32.61395835876465 25
1777223713387 29.221949577331543 26
1777223713997 26.67988872528076 27
1777223727693 24.424640655517578 28
1777223729592 23.17041778564453 29
1777223733529 21.837056159973145 30
1777223736697 20.517292976379395 31
1777223800855 19.727983474731445 32
1777223804520 19.68686866760254 33
1777223826610 19.49934959411621 34
1777223828125 19.85907554626465 35
1777223829528 18.704808235168457 36
1777223830902 19.04018783569336 37
1777223832037 18.287692070007324 38
1777223833015 18.479453086853027 39
1777223834322 18.2932071685791 40
1777223835974 17.253594398498535 41
1777223838193 17.32523250579834 42
1777223841726 16.68717098236084 43
1777223846290 17.947619438171387 44
1777223864913 17.678667068481445 45
1777223949188 17.541171073913574 46
1777223953812 17.344453811645508 47
1777223955047 16.588723182678223 48
1777223956421 16.33256959915161 49
1777223957495 17.257522583007812 50
1777223958633 17.010693550109863 51
1777223960061 18.130860328674316 52
1777223962972 15.918876647949219 53
1777223965837 15.678191184997559 54
1777223967199 16.341259002685547 55
1777223968798 15.64045524597168 56
1777223971229 14.604184627532959 57
1777224052978 15.545053958892822 58
1777224054157 16.25091552734375 59
1777224055062 14.778552532196045 60
1777224056305 15.04257583618164 61
1777224057431 15.223429679870605 62
1777224059625 14.958879947662354 63
1777224062939 15.361709594726562 64
1777224067005 14.804655075073242 65
1777224069913 16.833480834960938 66
1777224093050 14.763617515563965 67
1777224094407 14.851780414581299 68
1777224096542 14.307905673980713 69
1777224098603 14.118935108184814 70
1777224103199 13.061522006988525 71
1777224107063 14.193649768829346 72
1777224114879 14.389139175415039 73
1777224121038 13.877381801605225 74
1777224124093 13.368144512176514 75
1777224165992 14.294265270233154 76
1777224167019 14.73990774154663 77
1777224167804 13.763749599456787 78
1777224168654 14.371957778930664 79
1777224169494 14.216302871704102 80
1777224170440 13.842033863067627 81
1777224171469 13.893950462341309 82
1777224173165 12.894074440002441 83
1777224176193 13.009474754333496 84
1777224181657 13.371842384338379 85
1777224186581 12.800212383270264 86
1777224187800 13.245765686035156 87
1777224189569 12.518711566925049 88
1777224194539 13.320823669433594 89
1777224199671 12.816014289855957 90
1777224217899 13.1628999710083 91
1777224253298 12.986358642578125 92
1777224254350 12.745118141174316 93
1777224255055 12.042518138885498 94
1777224255752 12.584969520568848 95
1777224256441 12.588356018066406 96
1777224257156 12.900616645812988 97
1777224257981 12.794489860534668 98
1777224258801 12.303999900817871 99
1777224259867 11.230346202850342 100
1777224260676 12.470873355865479 101
1777224261534 12.804985046386719 102
1777224263920 11.577497959136963 103
1777224265078 11.929893493652344 104
1777224271173 11.114423751831055 105
