1777223625114 160.05149841308594 1
1777223625725 158.13731384277344 2
1777223627502 155.70701599121094 3
1777223628144 153.3316192626953 4
1777223628788 150.7322540283203 5
1777223629474 147.7868194580078 6
1777223630138 144.43145751953125 7
1777223631539 140.5476837158203 8
1777223632167 136.15260314941406 9
1777223632796 131.01239013671875 10
1777223633405 124.94524383544922 11
1777223634062 118.92913818359375 12
1777223634718 112.6627426147461 13
1777223635399 106.28671264648438 14
1777223636077 99.62863159179688 15
1777223636874 92.73783111572266 16
1777223637744 85.63430786132812 17
1777223639356 78.06169128417969 18
1777223640819 70.98064422607422 19
1777223642963 63.302032470703125 20
1777223644800 56.08888244628906 21
1777223655420 49.47346878051758 22
1777223710087 42.738224029541016 23
1777223710726 37.32742691040039 24
1777223712529 32.613956451416016 25
1777223713387 29.221948623657227 26
1777223713997 26.679889678955078 27
1777223727693 24.42464256286621 28
1777223729592 23.170419692993164 29
1777223733529 21.837055206298828 30
1777223736697 20.51729393005371 31
1777223800855 19.727981567382812 32
1777223804520 19.68686866760254 33
1777223826610 19.499351501464844 34
1777223828125 19.85907745361328 35
1777223829528 18.70480728149414 36
1777223830902 19.040185928344727 37
1777223832037 18.28769302368164 38
1777223833015 18.479454040527344 39
1777223834322 18.293209075927734 40
1777223835974 17.25359535217285 41
1777223838193 17.325233459472656 42
1777223841726 16.687170028686523 43
1777223846290 17.94761848449707 44
1777223864913 17.678667068481445 45
1777223949188 17.541170120239258 46
1777223953812 17.344451904296875 47
1777223955047 16.588722229003906 48
1777223956421 16.332569122314453 49
1777223957495 17.257522583007812 50
1777223958633 17.01069450378418 51
1777223960061 18.130861282348633 52
1777223962972 15.918874740600586 53
1777223965837 15.678192138671875 54
1777223967199 16.341257095336914 55
1777223968798 15.640456199645996 56
1777223971229 14.604183197021484 57
1777224052978 15.54505443572998 58
1777224054157 16.250913619995117 59
1777224055062 14.77855396270752 60
1777224056305 15.042574882507324 61
1777224057431 15.223429679870605 62
1777224059625 14.958880424499512 63
1777224062939 15.361709594726562 64
1777224067005 14.804655075073242 65
1777224069913 16.833480834960938 66
1777224093050 14.763617515563965 67
1777224094407 14.851780891418457 68
1777224096542 14.307906150817871 69
1777224098603 14.118935585021973 70
1777224103199 13.061521530151367 71
1777224107063 14.193649291992188 72
1777224114879 14.389139175415039 73
1777224121038 13.87738037109375 74
1777224124093 13.368144989013672 75
1777224165992 14.294265747070312 76
1777224167019 14.739907264709473 77
1777224167804 13.763751029968262 78
1777224168654 14.37195873260498 79
1777224169494 14.216302871704102 80
1777224170440 13.842034339904785 81
1777224171469 13.893950462341309 82
1777224173165 12.894074440002441 83
1777224176193 13.009474754333496 84
1777224181657 13.371842384338379 85
1777224186581 12.800212860107422 86
1777224187800 13.245765686035156 87
1777224189569 12.518712997436523 88
1777224194539 13.320823669433594 89
1777224199671 12.816014289855957 90
1777224217899 13.162900924682617 91
1777224253298 12.986358642578125 92
1777224254350 12.745118141174316 93
1777224255055 12.042518615722656 94
1777224255752 12.584969520568848 95
1777224256441 12.58835506439209 96
1777224257156 12.900615692138672 97
1777224257981 12.794489860534668 98
1777224258801 12.304000854492188 99
1777224259867 11.230344772338867 100
1777224260676 12.470873832702637 101
1777224261534 12.804984092712402 102
1777224263920 11.577496528625488 103
1777224265078 11.929893493652344 104
1777224271173 11.114423751831055 105
