1777428738965 197.51493218868288 1
1777428739273 196.19877914375513 2
1777428739586 194.85294936182004 3
1777428739899 193.64691814291805 4
1777428740201 192.35745534031167 5
1777428740506 190.95825378207667 6
1777428740799 189.47867417931232 7
1777428741097 187.82173438196656 8
1777428741401 185.98955153784848 9
1777428741704 183.924247738709 10
1777428742007 181.4394914634077 11
1777428742310 178.7244627737065 12
1777428742628 175.728778279555 13
1777428742928 172.4947972494388 14
1777428743236 168.90367424030478 15
1777428743543 165.0844066776902 16
1777428743844 161.3857229202757 17
1777428744143 157.53838817888166 18
1777428744446 153.5846799203944 19
1777428744743 149.69011610448769 20
1777428745035 145.7375369885878 21
1777428745336 141.424857201183 22
1777428745629 136.94386823394103 23
1777428746015 132.65997123755906 24
1777428746309 127.97793007365567 25
1777428746610 123.46732630158677 26
1777428746918 117.70336457064428 27
1777428747222 111.79447608362634 28
1777428747528 103.55168829351601 29
1777428747827 95.08284319640688 30
1777428748127 87.5487420044543 31
1777428748428 79.5360509356449 32
1777428748729 72.33380398692405 33
1777428749032 67.32645151958293 34
1777428749332 62.89852434862343 35
1777428749625 58.05427695067457 36
1777428749930 52.51598993848207 37
1777428750234 48.170620625089 38
1777428750536 44.45275840138818 39
1777428750846 42.0968470464238 40
1777428751156 38.70254938762513 41
1777428751465 39.10219389475241 42
1777428751771 34.94900547080614 43
1777428752060 33.59274344422282 44
1777428752363 32.996740931634065 45
1777428752671 33.823626649526545 46
1777428752979 32.17712211338982 47
1777428753287 30.19177797068682 48
1777428753619 30.10897768290008 49
1777428753919 29.55996660986887 50
1777428754215 28.942231617414954 51
1777428754518 30.21596358824928 52
1777428754829 26.488249854814754 53
1777428755128 26.382601975766505 54
1777428755428 28.703867114113518 55
1777428755739 26.500355844087853 56
1777428756044 27.85969814555999 57
1777428756349 26.466863679833224 58
1777428756658 25.07194725310541 59
1777428756963 26.062803271242117 60
1777428757279 25.593770270520057 61
1777428757582 27.56977343444379 62
1777428757892 25.37855843083574 63
1777428758195 25.27513880479319 64
1777428758509 24.729194913192938 65
1777428758830 27.161827857825124 66
1777428759133 22.461285323393813 67
1777428759430 22.4546302285558 68
1777428759728 21.883235754341225 69
1777428760035 23.281896226350018 70
1777428760338 22.671459065361095 71
1777428760631 26.372274972156482 72
1777428760925 23.214451675660197 73
1777428761220 24.062767602002243 74
1777428761508 23.162816155340302 75
1777428761813 22.937071585747113 76
1777428762105 21.52428962696127 77
1777428762401 21.81830963328521 78
1777428762705 22.762977336170927 79
1777428763021 24.552992206033284 80
1777428763325 22.090646744357315 81
1777428763627 23.55424310318764 82
1777428763946 22.68757263676389 83
1777428764253 22.83620210246975 84
1777428764557 24.015893124316523 85
1777428764862 23.009388210049856 86
1777428765165 23.005278935207865 87
1777428765468 20.105635336035142 88
1777428765769 19.676315957718526 89
1777428766061 21.85856874518299 90
1777428766360 24.350047324132657 91
1777428766665 21.833351814708703 92
1777428766964 20.848921333055895 93
1777428767259 19.816522905851194 94
1777428767553 22.00003467903872 95
1777428767867 21.989650719589232 96
1777428768163 20.657086192416816 97
1777428768469 23.664393929257148 98
1777428768784 20.43486057234862 99
1777428769083 20.23930999785944 100
1777428769380 21.463973978624697 101
1777428769714 20.343356220987342 102
1777428770017 19.02688302986149 103
1777428770307 20.484043517293145 104
1777428770784 20.8267806263898 105
1777428771093 23.145705732330917 106
1777428771403 22.003975248982 107
1777428772057 21.715276250977098 108
1777428772681 19.2192874988354 109
1777428773162 21.98668128783274 110
1777428773462 22.280272046385285 111
1777428773770 18.184963613142813 112
1777428774072 18.36111029033239 113
1777428774360 20.331823741136088 114
1777428775286 19.09654123036134 115
1777428776279 22.213019682344026 116
1777428776583 21.19269041327988 117
1777428776885 19.30913625514932 118
1777428777181 21.097697113342207 119
1777428777484 18.75687048602958 120
1777428777784 18.498997841574504 121
1777428778085 19.261151935358203 122
1777428778387 18.508028504965758 123
1777428778686 20.08332708630392 124
1777428778982 18.557421673549424 125
1777428779302 18.840445916796927 126
1777428779595 20.07761809306611 127
1777428779886 17.769815908497055 128
1777428780176 20.250000753520432 129
1777428780469 17.300033763345393 130
1777428780763 19.207671158879627 131
1777428781072 16.779440443055044 132
1777428781375 17.887390537313568 133
1777428781665 17.280063250390608 134
1777428782032 18.821618591821895 135
1777428782339 17.3587025564516 136
1777428782637 16.988299662987263 137
1777428782946 15.95986960298049 138
1777428783258 18.05997478428429 139
1777428783571 19.860755662323516 140
1777428783874 17.488449208345795 141
1777428784168 17.953837222056286 142
1777428784476 17.46175019081886 143
1777428784770 16.666126293323234 144
1777428785072 15.933907376939123 145
1777428785379 19.965893464993464 146
1777428785683 17.780286283473213 147
1777428785982 17.31829847052136 148
1777428786274 18.45642401448189 149
1777428786574 18.807627911987765 150
1777428786877 17.8194296759074 151
1777428787178 19.425326837762764 152
1777428787473 16.96400320635304 153
1777428787773 16.384118256857384 154
1777428788070 16.638344363963263 155
1777428788364 16.29803971748788 156
1777428788673 15.977483641691135 157
1777428788990 16.997670631141364 158
1777428789288 16.29898154230522 159
1777428789604 15.691117435728914 160
1777428789913 15.804670121715606 161
1777428790226 16.795777580429256 162
1777428790538 15.963080248820196 163
1777428790872 17.112799314858602 164
1777428791180 16.830778828289464 165
1777428791492 17.498875173113806 166
1777428791809 16.9914080280989 167
1777428792178 16.16514616957093 168
1777428792487 17.977623488355253 169
1777428792791 17.90317347861738 170
1777428793110 16.755267325659023 171
1777428793432 16.20787527553398 172
1777428793749 16.661296030032915 173
1777428794094 17.328781019198324 174
1777428794409 16.83848226127525 175
1777428794725 17.71576839166259 176
1777428795031 17.476109355155664 177
1777428795359 19.23760349377213 178
1777428795646 17.795595734311974 179
1777428795933 17.698069080267537 180
1777428796220 17.041705864423644 181
1777428796514 17.403944318229453 182
1777428796895 15.337735801817919 183
1777428797176 15.535889943700472 184
1777428797459 15.42401349392376 185
