1777428738965 155.59412154472193 1
1777428739273 153.98033256191175 2
1777428739586 152.3041622173185 3
1777428739899 150.79358230726655 4
1777428740201 149.202795283377 5
1777428740506 147.49658724731083 6
1777428740799 145.70199347702615 7
1777428741097 143.74282572488755 8
1777428741401 141.68798153478244 9
1777428741704 139.41523961822782 10
1777428742007 136.81911960681043 11
1777428742310 133.99082655185055 12
1777428742628 130.94497032278724 13
1777428742928 127.84462091915685 14
1777428743236 124.47044402442276 15
1777428743543 120.87546045773107 16
1777428743844 117.32998624626183 17
1777428744143 113.75410538851685 18
1777428744446 110.10099134133903 19
1777428744743 106.4750954059182 20
1777428745035 102.43779967899492 21
1777428745336 98.51517117554073 22
1777428745629 94.48174543522232 23
1777428746015 90.3290576651825 24
1777428746309 85.86351832268146 25
1777428746610 82.22835539639527 26
1777428746918 77.21362483084025 27
1777428747222 72.09028862746604 28
1777428747528 66.73864686326387 29
1777428747827 59.829373264029755 30
1777428748127 54.981329250618685 31
1777428748428 48.88647701591695 32
1777428748729 43.64278804880929 33
1777428749032 39.897272887640256 34
1777428749332 36.94799002242725 35
1777428749625 34.663229562549986 36
1777428749930 30.532798214694512 37
1777428750234 26.9321022712866 38
1777428750536 25.07337002287279 39
1777428750846 23.736739013173814 40
1777428751156 21.28630849911834 41
1777428751465 21.761134524019962 42
1777428751771 19.207690721732572 43
1777428752060 18.732618997500275 44
1777428752363 18.35902562693248 45
1777428752671 19.19725593204668 46
1777428752979 17.70869901753321 47
1777428753287 16.971117566388862 48
1777428753619 16.57594719272693 49
1777428753919 16.242242486540572 50
1777428754215 15.72323067266085 51
1777428754518 17.075940789242527 52
1777428754829 14.621001710523837 53
1777428755128 14.512308096956428 54
1777428755428 16.20670424667947 55
1777428755739 14.424417148216541 56
1777428756044 15.527217584264738 57
1777428756349 14.771524080678335 58
1777428756658 13.370381070598297 59
1777428756963 14.077225818124653 60
1777428757279 13.64243754944391 61
1777428757582 14.870023662895406 62
1777428757892 13.81892034604217 63
1777428758195 13.437425719807338 64
1777428758509 13.607346347955993 65
1777428758830 15.1107570817987 66
1777428759133 11.844848126827433 67
1777428759430 11.826775055044836 68
1777428759728 11.501220048853481 69
1777428760035 12.467253112792969 70
1777428760338 11.993550781114164 71
1777428760631 15.40374160223262 72
1777428760925 12.203132092563617 73
1777428761220 12.966533433931163 74
1777428761508 12.502632591066446 75
1777428761813 12.469842881335703 76
1777428762105 11.643384392395925 77
1777428762401 11.665787257072834 78
1777428762705 12.29853124760025 79
1777428763021 13.653271740197427 80
1777428763325 11.768856024246896 81
1777428763627 13.006835962403068 82
1777428763946 12.380014437666986 83
1777428764253 12.204782656887518 84
1777428764557 13.011178566228034 85
1777428764862 11.97792969655566 86
1777428765165 12.373396974218352 87
1777428765468 10.319159820737754 88
1777428765769 10.238190248528998 89
1777428766061 11.696663003010283 90
1777428766360 13.09549949487522 91
1777428766665 11.467709637537201 92
1777428766964 11.050416798124681 93
1777428767259 10.347251673622019 94
1777428767553 11.752868201824606 95
1777428767867 11.81547879974637 96
1777428768163 10.724620779473279 97
1777428768469 12.532410981039618 98
1777428768784 10.669665615636447 99
1777428769083 10.748236741651768 100
1777428769380 11.18658654470472 101
1777428769714 10.703886727692465 102
1777428770017 9.569092285031735 103
1777428770307 10.722318334607767 104
1777428770784 11.022132055412769 105
1777428771093 12.489783703042775 106
1777428771403 11.613885760661049 107
1777428772057 11.406367019234496 108
1777428772681 9.602978459027117 109
1777428773162 11.801928649811787 110
1777428773462 11.652414797321626 111
1777428773770 8.97567043474237 112
1777428774072 9.079388154932582 113
1777428774360 10.12729113321276 114
1777428775286 9.47673169653918 115
1777428776279 11.9659094779357 116
1777428776583 10.662138153891181 117
1777428776885 9.869952702168542 118
1777428777181 10.791618650532618 119
1777428777484 9.628929958852886 120
1777428777784 9.50648732793791 121
1777428778085 9.747832885198848 122
1777428778387 9.29949313653329 123
1777428778686 10.50220787659597 124
1777428778982 9.531290843295768 125
1777428779302 9.554463334465593 126
1777428779595 10.49098570622747 127
1777428779886 8.920260342787564 128
1777428780176 10.323460444215497 129
1777428780469 8.632693698215201 130
1777428780763 9.845863746394036 131
1777428781072 8.242534242397953 132
1777428781375 9.094353254471052 133
1777428781665 8.580414490176238 134
1777428782032 9.560277130059035 135
1777428782339 8.491191631962355 136
1777428782637 8.32224123018078 137
1777428782946 7.912585738433928 138
1777428783258 9.281575746847544 139
1777428783571 10.267930529450096 140
1777428783874 8.732322811726647 141
1777428784168 8.95573257367052 142
1777428784476 8.69845115367312 143
1777428784770 8.212356634734292 144
1777428785072 7.692172952929307 145
1777428785379 10.384628003287386 146
1777428785683 9.027562810405426 147
1777428785982 8.794046173888074 148
1777428786274 9.094999897444637 149
1777428786574 9.573345125464375 150
1777428786877 8.830778417389189 151
1777428787178 9.805609295559213 152
1777428787473 8.247580891617682 153
1777428787773 7.869375166624166 154
1777428788070 8.407434989861281 155
1777428788364 8.017844225603325 156
1777428788673 7.673228925484224 157
1777428788990 8.483181436125532 158
1777428789288 8.26944277166259 159
1777428789604 7.6065269939977265 160
1777428789913 7.5502932109889365 161
1777428790226 8.211128379753859 162
1777428790538 7.6980558115226225 163
1777428790872 8.280879185390756 164
1777428791180 8.504248242703673 165
1777428791492 8.736458977605894 166
1777428791809 8.429260420870003 167
1777428792178 7.6399375666496665 168
1777428792487 9.023048459740703 169
1777428792791 8.942825167398425 170
1777428793110 8.46524835580888 171
1777428793432 7.839980387475441 172
1777428793749 8.286832625222136 173
1777428794094 8.777413111553702 174
1777428794409 8.564927757670688 175
1777428794725 8.835768500562946 176
1777428795031 8.833886952499254 177
1777428795359 9.757181630573216 178
1777428795646 8.934522557470848 179
1777428795933 8.542483675868999 180
1777428796220 8.324221809681516 181
1777428796514 8.584408759221832 182
1777428796895 7.159991330562784 183
1777428797176 7.437872094287363 184
1777428797459 7.38654924613432 185
