1777435091077 -1.8769478098841432 1
1777435091977 -1.7183086461301103 2
1777435092884 -1.50223679008264 3
1777435093765 -1.1860347642413798 4
1777435094815 -0.815938145299844 5
1777435095706 -0.4622910576636141 6
1777435096588 -0.10954429347440642 7
1777435097512 0.22921521907739495 8
1777435098412 0.5188367255159975 9
1777435099304 0.7352090437828631 10
1777435100206 0.8583895757789624 11
1777435101114 0.8984795612891997 12
1777435102004 0.9234650594392565 13
1777435102904 0.9336983231944711 14
1777435103789 0.9426250184189695 15
1777435104682 0.9470690730467859 16
1777435105773 0.9543199643135832 17
1777435106651 0.9553600675124809 18
1777435107559 0.9578023503024062 19
1777435108454 0.9644714574201904 20
1777435109348 0.9637790082328459 21
1777435110238 0.9662378867220507 22
1777435111131 0.963402536239734 23
1777435112013 0.9711641044598265 24
1777435112890 0.9721455839603015 25
1777435113759 0.968164853577721 26
1777435114616 0.9706430578469958 27
1777435115516 0.9695103379340555 28
1777435116401 0.962685584210212 29
1777435117309 0.9734674332568963 30
1777435118199 0.9695648336654833 31
1777435119103 0.9746641874723716 32
1777435119985 0.9712002690815437 33
1777435120874 0.9732296640673428 34
1777435121764 0.9736038585691271 35
1777435122646 0.9731566935702325 36
1777435123542 0.977761862384951 37
1777435124431 0.9783087569018019 38
1777435125306 0.9773196986375289 39
1777435126202 0.9770613430388385 40
1777435127071 0.9830873629081036 41
1777435127945 0.9810965113304643 42
1777435128834 0.9800612260911002 43
1777435129711 0.9797073167564014 44
1777435130584 0.9803834208276727 45
1777435131479 0.9820381044638964 46
1777435132380 0.9807464648745613 47
1777435133279 0.9802113171887609 48
1777435134150 0.9835325790274042 49
1777435135043 0.9842883534117558 50
1777435135931 0.9856595192586112 51
1777435136812 0.9829499743780313 52
1777435137723 0.98583604903408 53
1777435138602 0.9811111963896547 54
1777435139508 0.9866635914271208 55
1777435140382 0.9812495357851101 56
1777435141280 0.985039857842064 57
1777435142188 0.984935132683613 58
1777435143083 0.9864605143827164 59
1777435143966 0.9884015816253916 60
1777435144858 0.9869707159107817 61
1777435145729 0.9877497057154406 62
1777435146645 0.9881384323814043 63
1777435147519 0.9862001219991144 64
1777435148746 0.9869030699634158 65
1777435149638 0.9880451779317344 66
1777435150531 0.9876792252891644 67
1777435151425 0.9885490839428003 68
1777435152307 0.9882784431083966 69
1777435153196 0.988242225886099 70
1777435154092 0.9890470722426997 71
1777435154990 0.9857713020918683 72
1777435155864 0.9864293977706194 73
1777435156763 0.9896033408329911 74
1777435157647 0.9864635956196431 75
1777435158534 0.9885419598714246 76
1777435159413 0.9900249150976776 77
1777435160317 0.9879602621155366 78
1777435161205 0.9883008140765576 79
1777435162085 0.9900334677593838 80
1777435162971 0.9904205189519975 81
1777435164069 0.9893731476666293 82
1777435164949 0.9885996397872006 83
1777435165828 0.9903425824714971 84
1777435166712 0.9910009480157759 85
1777435167610 0.9877693280365308 86
1777435168503 0.9907246503972064 87
1777435169402 0.9906061833991907 88
1777435170304 0.9908912566034475 89
1777435171186 0.9906361637882999 90
1777435172075 0.9907088904759893 91
1777435172972 0.9892121883543274 92
1777435173869 0.9907389727978603 93
1777435174765 0.9893163374523994 94
1777435175725 0.9919070988698563 95
1777435176605 0.9923269056765618 96
1777435177456 0.9912064888129374 97
1777435178319 0.9888255798324523 98
1777435179192 0.9906981379723561 99
1777435180036 0.9914191696962453 100
1777435180930 0.9906987486337643 101
1777435181795 0.9915022771143092 102
1777435182643 0.9908902054802883 103
1777435183519 0.9920365057841251 104
1777435184409 0.9923341139126033 105
