1777210482694 -1.689473553639251 1
1777210483928 -1.403946818022145 2
1777210485064 -0.9240146819811141 3
1777210486241 -0.3071730068511842 4
1777210487378 0.26596497891079074 5
1777210488510 0.666751494130182 6
1777210489627 0.858024576303218 7
1777210490769 0.9214263294748473 8
1777210491879 0.9403742798865977 9
1777210492993 0.9448477163022387 10
1777210494125 0.9552784703676249 11
1777210495251 0.9582823172503406 12
1777210496389 0.9573545378395865 13
1777210497496 0.9647814693761925 14
1777210498602 0.9651197780129033 15
1777210499719 0.9647059112911469 16
1777210500825 0.9610261939890331 17
1777210501928 0.9604435611218474 18
1777210503050 0.9661650935756136 19
1777210504185 0.9668331666766463 20
1777210505352 0.9668217852707658 21
1777210506464 0.9677501897658658 22
1777210508151 0.9700173544521138 23
1777210878715 0.9710444370350753 24
1777210880300 0.9710277890906318 25
1777210881849 0.9737619689039859 26
1777210883386 0.9729826409368745 27
1777210884960 0.9749731104138597 28
1777210886431 0.9772552060920947 29
1777210887918 0.9767217534288068 30
1777210889507 0.9750257900059501 31
1777210890930 0.9765972723462296 32
1777210892337 0.9768527532481331 33
1777210894001 0.9769201365288122 34
1777210931546 0.9793066598531932 35
1777210952815 0.9809706790305861 36
1777210965826 0.9812317666155363 37
1777210967399 0.9789223946794643 38
1777210968876 0.9814655225880479 39
1777211056874 0.9819215865621348 40
1777211059919 0.9824864598612721 41
1777211063348 0.9798306916024123 42
1777211064950 0.9846159142042024 43
1777211066646 0.9832080071015427 44
1777211068158 0.98486290268583 45
1777211069560 0.985568524481745 46
1777211070839 0.9847970922634885 47
1777211072153 0.9855124160584785 48
1777211073383 0.9870549740413025 49
1777211074579 0.9861589379560437 50
1777211075768 0.9864076403458857 51
1777211076948 0.9866697688574472 52
1777211078210 0.9886175732835898 53
1777211079409 0.9880505994575112 54
1777211080694 0.9880800169821616 55
1777211081902 0.9897406296528194 56
1777211083083 0.9892614436464219 57
1777211084427 0.990115127223011 58
1777211085588 0.9907858467850402 59
1777211086757 0.9899895583313125 60
1777211090455 0.99070733172632 61
1777211092280 0.9890970911123592 62
1777211094086 0.9898930325225053 63
1777211095935 0.9896921480703695 64
1777211097883 0.9916215683194135 65
1777211099826 0.9903115691114035 66
1777211102439 0.9907432416042892 67
1777211105115 0.9904467760730961 68
1777211156383 0.9902819060179029 69
1777211157514 0.9921086906645585 70
1777211158667 0.9921185230586633 71
1777211159794 0.9912634518151215 72
1777211160958 0.9914328111124345 73
1777211162178 0.9919978853315402 74
1777211163378 0.9914764249520163 75
1777211164542 0.9916683765835416 76
1777211165684 0.9909983916985682 77
1777211166809 0.9926913778528038 78
1777211167964 0.9923001014357652 79
1777211169131 0.9905231713246762 80
1777211170309 0.9915577234626205 81
1777211171500 0.9914318592794534 82
1777211172697 0.9925542662104017 83
1777211173933 0.9917921326291625 84
1777211175209 0.9918539424102162 85
1777211176365 0.992662254097501 86
1777211178988 0.9921142682231733 87
1777211180384 0.9919056579923576 88
1777211181648 0.9921672476730952 89
1777211182977 0.9927167455209216 90
1777211184288 0.992622963588853 91
1777211185565 0.9926177660531077 92
1777211186888 0.9920319077795042 93
1777211188355 0.992581267621696 94
1777211189734 0.9932250060673772 95
1777211191105 0.9937990399978971 96
1777211192435 0.9933505455314036 97
1777211193745 0.9942575500203858 98
1777211195067 0.9938429724681357 99
1777211196482 0.9928993736541203 100
1777211198201 0.9932580376145885 101
1777211199847 0.9934493438668218 102
1777211201800 0.9940062654878843 103
1777211203814 0.9936959624730531 104
1777211205624 0.9943966835468123 105
1777211207659 0.9931892017231286 106
1777211237789 0.9940517379552903 107
1777211239051 0.9940932573564147 108
1777211240311 0.9934168658642705 109
