1777431210046 50038.890625 1
1777431211481 47260.411458333336 2
1777431214093 43568.287760416664 3
1777431215429 38776.94140625 4
1777431216441 33814.44921875 5
1777431217888 28463.001953125 6
1777431218757 22368.296875 7
1777431220406 16469.020833333332 8
1777431221957 11437.322591145834 9
1777431222795 7093.524576822917 10
1777431223694 4350.244791666667 11
1777431224727 2495.447509765625 12
1777431226457 1778.2930501302083 13
1777431228133 1364.2456868489583 14
1777431229494 1131.7001546223958 15
1777431230916 993.0075887044271 16
1777431232649 987.1371663411459 17
1777431233931 782.865234375 18
1777431235098 838.4467976888021 19
1777431235959 681.0279947916666 20
1777431237158 687.1250406901041 21
1777431238881 627.2059936523438 22
1777431239939 514.9371744791666 23
1777431241626 600.03369140625 24
1777431243547 562.3968505859375 25
1777431245945 498.3301595052083 26
1777431247986 512.5269877115885 27
1777431249224 514.8531290690104 28
1777431250087 628.3067423502604 29
1777431251330 495.3521219889323 30
1777431252903 457.90297444661456 31
1777431253879 458.2874247233073 32
1777431255588 420.69322713216144 33
1777431256599 513.4959106445312 34
1777431257682 395.24029541015625 35
1777431259953 482.60680135091144 36
1777431262587 470.10959879557294 37
1777431263453 378.2390645345052 38
1777431265476 339.37270100911456 39
1777431267154 374.8142496744792 40
1777431268080 408.511962890625 41
1777431270152 417.3820292154948 42
1777431271808 364.9418436686198 43
1777431273108 378.5061543782552 44
1777431274479 360.6266784667969 45
1777431275357 405.6975911458333 46
1777431276660 357.004638671875 47
1777431277528 325.91127522786456 48
1777431278398 340.2914225260417 49
1777431279554 307.4979654947917 50
1777431281340 319.1190185546875 51
1777431282480 331.127197265625 52
1777431283575 365.8575948079427 53
