1777181876502 -2.5890505240545605 1
1777181878357 -1.95050453853012 2
1777181880187 -1.0095031829730932 3
1777181882009 0.07475699733936125 4
1777181884049 0.7078320006739349 5
1777181885889 0.8811928471642084 6
1777181887728 0.9157763413760908 7
1777181889577 0.9272647984864546 8
1777181891412 0.9363986210660807 9
1777181893256 0.9417773364830428 10
1777181895089 0.9465544202405105 11
1777181896925 0.9526268015472421 12
1777181898782 0.9535316995092912 13
1777181900625 0.9588569081833945 14
1777181902466 0.9542409194296826 15
1777181904313 0.9556300413487122 16
1777181906149 0.9584651265031907 17
1777181907986 0.9580465102810168 18
1777181909843 0.9587407597211595 19
1777181911680 0.9612292686051654 20
1777181913517 0.9653382266737804 21
1777181915354 0.9647686113080655 22
1777181917190 0.9665360998301122 23
1777181919032 0.9663608394701187 24
1777181920895 0.9655262351962485 25
1777181922741 0.968230550222188 26
1777181924580 0.9687806056814113 27
1777181926418 0.9707089917653583 28
1777181928257 0.9715822419917584 29
1777181930099 0.9715298562798795 30
1777181931959 0.9736552081651422 31
1777181933810 0.9734887888126812 32
1777181935657 0.9732234927727506 33
1777181937496 0.9742317164454148 34
1777181939330 0.9752210778394771 35
1777181941173 0.9759982111767885 36
1777181943034 0.9763111718744516 37
1777181944873 0.9772387427429149 38
1777181946711 0.9755350762037811 39
1777181948548 0.9781152375971414 40
1777181950389 0.9794852134839475 41
1777181952231 0.977520838890956 42
1777181954099 0.979888537491137 43
1777181955938 0.9797247989603151 44
1777181957774 0.9801485069885641 45
1777181959612 0.9810835609033536 46
1777181961449 0.981611492099764 47
