1777181876502 186.81786041259767 1
1777181878357 163.58960876464843 2
1777181880187 126.29512786865234 3
1777181882009 77.41004638671875 4
1777181884049 42.26650466918945 5
1777181885889 28.550061416625976 6
1777181887728 24.896824073791503 7
1777181889577 23.36432476043701 8
1777181891412 21.866607856750488 9
1777181893256 20.849935150146486 10
1777181895089 20.070029067993165 11
1777181896925 18.893028259277344 12
1777181898782 18.657487678527833 13
1777181900625 17.63001365661621 14
1777181902466 18.484947967529298 15
1777181904313 18.229775047302248 16
1777181906149 17.592665672302246 17
1777181907986 17.614866638183592 18
1777181909843 17.431562232971192 19
1777181911680 16.927905464172362 20
1777181913517 15.95891351699829 21
1777181915354 16.133239364624025 22
1777181917190 15.740654563903808 23
1777181919032 15.683630657196044 24
1777181920895 15.941449546813965 25
1777181922741 15.274504661560059 26
1777181924580 15.094945430755615 27
1777181926418 14.577311515808105 28
1777181928257 14.433854389190675 29
1777181930099 14.404613494873047 30
1777181931959 13.87023048400879 31
1777181933810 13.969027996063232 32
1777181935657 14.105711460113525 33
1777181937496 13.725156307220459 34
1777181939330 13.449310970306396 35
1777181941173 13.31061954498291 36
1777181943034 13.116715908050537 37
1777181944873 13.04970350265503 38
1777181946711 13.435037899017335 39
1777181948548 12.713105773925781 40
1777181950389 12.354453659057617 41
1777181952231 12.853070545196534 42
1777181954099 12.309814643859863 43
1777181955938 12.27340316772461 44
1777181957774 12.134146595001221 45
1777181959612 11.922683811187744 46
1777181961449 11.705323791503906 47
