1777181876502 220.00520773327494 1
1777181878357 199.4761683135227 2
1777181880187 164.62092615774895 3
1777181882009 111.70077702476449 4
1777181884049 62.759692051295886 5
1777181885889 40.01205508234152 6
1777181887728 33.684721377242575 7
1777181889577 31.28872996777934 8
1777181891412 29.25380341228159 9
1777181893256 27.996996470735393 10
1777181895089 26.819592909749144 11
1777181896925 25.25479485916211 12
1777181898782 25.02000808881916 13
1777181900625 23.53421787084164 14
1777181902466 24.811187693949684 15
1777181904313 24.422340862326667 16
1777181906149 23.64576904062965 17
1777181907986 23.763204930754153 18
1777181909843 23.56594907636769 19
1777181911680 22.85151481058774 20
1777181913517 21.59978446691421 21
1777181915354 21.77982980620483 22
1777181917190 21.227897288464057 23
1777181919032 21.28720994789746 24
1777181920895 21.537624425176407 25
1777181922741 20.679369162843148 26
1777181924580 20.503099618958668 27
1777181926418 19.84363209862592 28
1777181928257 19.561690746713467 29
1777181930099 19.570963368934922 30
1777181931959 18.822619390579412 31
1777181933810 18.89764088395085 32
1777181935657 18.985352599890604 33
1777181937496 18.616268549107016 34
1777181939330 18.251955522611073 35
1777181941173 17.977966248729693 36
1777181943034 17.85199134058063 37
1777181944873 17.50002046828559 38
1777181946711 18.14968345204894 39
1777181948548 17.156674581893313 40
1777181950389 16.62122731869369 41
1777181952231 17.394549595578997 42
1777181954099 16.45366728293494 43
1777181955938 16.521771519976742 44
1777181957774 16.34460186585079 45
1777181959612 15.954009545543588 46
1777181961449 15.733055435913505 47
