1777181876502 181.86120221922383 1
1777181878357 158.81188644138314 2
1777181880187 121.49336810772236 3
1777181882009 72.7022233030782 4
1777181884049 37.67715610933022 5
1777181885889 24.053684842262044 6
1777181887728 20.4482670159876 7
1777181889577 18.931753500312038 8
1777181891412 17.460164631950786 9
1777181893256 16.476616452911195 10
1777181895089 15.714410849125427 11
1777181896925 14.585613837608925 12
1777181898782 14.366146464150333 13
1777181900625 13.351087002725997 14
1777181902466 14.205465784919333 15
1777181904313 13.94141450870672 16
1777181906149 13.333424706092247 17
1777181907986 13.365468534210024 18
1777181909843 13.182474576509916 19
1777181911680 12.696297588912692 20
1777181913517 11.792878873023762 21
1777181915354 11.939796157024317 22
1777181917190 11.562792457716 23
1777181919032 11.520936269816563 24
1777181920895 11.738391049176279 25
1777181922741 11.098265151526096 26
1777181924580 10.948924986709505 27
1777181926418 10.4595490892399 28
1777181928257 10.326949874607063 29
1777181930099 10.281010358460556 30
1777181931959 9.78191067215959 31
1777181933810 9.873302021590916 32
1777181935657 9.978330358019948 33
1777181937496 9.625107174483983 34
1777181939330 9.369274157010592 35
1777181941173 9.239328397491274 36
1777181943034 9.052218642375879 37
1777181944873 8.980611169578056 38
1777181946711 9.364704230494754 39
1777181948548 8.682063745803381 40
1777181950389 8.33672616270167 41
1777181952231 8.804575748782186 42
1777181954099 8.289188281064908 43
1777181955938 8.253820989033175 44
1777181957774 8.135046123978654 45
1777181959612 7.917584284946058 46
1777181961449 7.71932935500286 47
