1777385116384 -1.7679203321684067 1
1777385117063 -1.7303916684019462 2
1777385117676 -1.6898635921025584 3
1777385118368 -1.6551688971691831 4
1777385118728 -1.6190222366862428 5
1777385119249 -1.5782506689050098 6
1777385120488 -1.5326397476901779 7
1777385120841 -1.4802294516368488 8
1777385121219 -1.4204697556231927 9
1777385121568 -1.3554622124926614 10
1777385121929 -1.2774626661760355 11
1777385122294 -1.1964619785621715 12
1777385122777 -1.1126072423075213 13
1777385123122 -1.022838992761769 14
1777385123523 -0.9312192805123014 15
1777385123890 -0.8419760875351137 16
1777385124249 -0.7492887030906537 17
1777385124600 -0.6526199892636861 18
1777385124948 -0.5624816738338758 19
1777385125309 -0.4715112722023498 20
1777385125673 -0.37802914383783714 21
1777385126026 -0.27859161612203054 22
1777385126637 -0.1859459008353832 23
1777385126981 -0.0870068368280057 24
1777385127317 -0.005009205373473158 25
1777385127661 0.10291813786174642 26
1777385127994 0.18397149334881058 27
1777385128337 0.28046549911937735 28
1777385128722 0.36868263875826746 29
1777385129076 0.42859473185959274 30
1777385130040 0.5146053490651038 31
1777385130401 0.5981186962016262 32
1777385130795 0.6524739035394391 33
1777385131152 0.7190990228407668 34
1777385131517 0.7533516944049615 35
1777385131871 0.8013904364318061 36
1777385132232 0.8248439818964868 37
1777385132578 0.8522031171396361 38
1777385132935 0.8846848846196756 39
1777385133293 0.8828445556867343 40
1777385133651 0.9080940553622604 41
1777385133999 0.9144171333125771 42
1777385134351 0.9249145517399988 43
1777385134710 0.9234068560322166 44
1777385135452 0.9347589895685046 45
1777385135814 0.938306386487132 46
1777385136159 0.9374894221771904 47
1777385136741 0.9392216475101187 48
1777385137096 0.938665367858485 49
1777385137446 0.9489894529901655 50
1777385137803 0.9437789170790524 51
1777385138163 0.9533112321112452 52
1777385138520 0.9506725662690279 53
1777385138955 0.9489489903450506 54
1777385139298 0.9486029983702198 55
1777385140767 0.9500858872893256 56
1777385141163 0.9522891997668751 57
1777385141553 0.9543711088111885 58
1777385142058 0.9566955750166446 59
1777385142392 0.9602191621172127 60
1777385142739 0.95360016123804 61
1777385143179 0.9669787057015317 62
1777385143613 0.9631943220462409 63
1777385144258 0.9539547863310173 64
1777385144908 0.9522431891911225 65
1777385145390 0.9659898882869224 66
1777385145967 0.9550918960565635 67
1777385146322 0.9721238673221017 68
1777385146664 0.9586107137868513 69
1777385147221 0.96221269908258 70
1777385147590 0.9678530902427142 71
1777385148186 0.9721403205943252 72
1777385148669 0.9736595421447044 73
1777385149046 0.9607834922366333 74
1777385149411 0.958111222549417 75
1777385149813 0.9677737641236339 76
1777385150162 0.9666212295222212 77
1777385150903 0.9560481191553627 78
1777385151258 0.970818268956264 79
1777385151607 0.9630624420762296 80
1777385151969 0.9731641944332922 81
1777385152619 0.9652251283737764 82
1777385152982 0.9636248787049466 83
1777385153325 0.9720835771787293 84
1777385153684 0.9678081735902648 85
1777385154050 0.9640922488050534 86
1777385154397 0.9667005507717329 87
1777385154934 0.9716567084436092 88
1777385155378 0.9599479172372616 89
1777385156232 0.9675476474277634 90
1777385156597 0.9696574196121716 91
1777385156955 0.9736796652877067 92
1777385157417 0.9732016523113042 93
1777385157770 0.9675550812010203 94
1777385158128 0.9638505322120029 95
1777385158495 0.9656488778868344 96
1777385159072 0.9739772065992887 97
1777385159948 0.9616204668717694 98
1777385160421 0.9684212391790039 99
1777385160764 0.9698802461570634 100
1777385161221 0.956403782714019 101
1777385161589 0.9778717351736294 102
1777385161950 0.9666347526217293 103
1777385162599 0.9599563912801289 104
1777385163212 0.9693906353902808 105
1777385163571 0.9736258980224174 106
1777385163939 0.9590148317074064 107
1777385164299 0.9701289130996563 108
1777385165093 0.9751702148406662 109
1777385165443 0.9764871764364331 110
1777385165794 0.9768443321200473 111
1777385166137 0.9728506458140942 112
1777385166498 0.9662491556874144 113
1777385166860 0.9743988644946361 114
1777385167211 0.9728880605641478 115
1777385167729 0.9705672810349394 116
1777385168095 0.9761519127279845 117
1777385168489 0.9687253276456437 118
1777385168975 0.9804636288061531 119
1777385169985 0.9743913225724234 120
1777385184169 0.9685669926186242 121
1777385184707 0.9725548040977147 122
1777385185062 0.976525042121988 123
1777385185436 0.9705305431134537 124
1777385185805 0.9793661227346442 125
1777385186379 0.9780263881084046 126
1777385186743 0.9784541145059045 127
1777385187421 0.970612270765842 128
1777385187774 0.9740835033974699 129
1777385188110 0.9774845981663846 130
1777385188461 0.9770128875228624 131
1777385188826 0.9802200553667715 132
1777385189198 0.9834136957470007 133
1777385189556 0.9781341215463738 134
1777385189916 0.9709363089251644 135
1777385190279 0.9780917347386346 136
1777385190640 0.9810936823341558 137
1777385190993 0.9773729646275189 138
1777385191385 0.977296321982764 139
1777385191749 0.9790613549923091 140
1777385192194 0.9831503325514438 141
1777385192544 0.9840008919606855 142
1777385193144 0.9830230424754615 143
1777385193507 0.9771197035567423 144
1777385193864 0.973305837069186 145
1777385194228 0.9808253588162634 146
1777385194575 0.9790569156803095 147
1777385194915 0.9820214434251159 148
1777385195618 0.9759591531942505 149
1777385195978 0.978456556316304 150
1777385196331 0.9761787178595296 151
1777385196693 0.9758378329773493 152
1777385197052 0.9722003007504867 153
1777385197453 0.979656059173776 154
1777385197869 0.9812671037504277 155
1777385198316 0.9726394238495498 156
1777385198852 0.9792835568111955 157
