1777385116384 156.6413767496745 1
1777385117063 154.90993027460007 2
1777385117676 153.02902163550968 3
1777385118368 151.38875674293155 4
1777385118728 149.66737750825428 5
1777385119249 147.8130621047247 6
1777385120488 145.7546162923177 7
1777385120841 143.5096195765904 8
1777385121219 141.10307239350817 9
1777385121568 138.52321254185267 10
1777385121929 135.71531081426713 11
1777385122294 132.6076461065383 12
1777385122777 129.29703267415366 13
1777385123122 125.6320063999721 14
1777385123523 121.69622977120535 15
1777385123890 117.78099408830916 16
1777385124249 113.71564011346726 17
1777385124600 109.58614124116444 18
1777385124948 105.54671928769066 19
1777385125309 101.16165371849424 20
1777385125673 96.51227504185267 21
1777385126026 91.95035749162946 22
1777385126637 87.20135999407087 23
1777385126981 82.60053260439918 24
1777385127317 77.62761884416852 25
1777385127661 73.06024169921875 26
1777385127994 68.55564807710194 27
1777385128337 63.27584584554037 28
1777385128722 58.053363218761625 29
1777385129076 53.8855227515811 30
1777385130040 48.62826265607561 31
1777385130401 43.28163103376116 32
1777385130795 39.589210001627606 33
1777385131152 35.141190919421966 34
1777385131517 32.844297082083564 35
1777385131871 29.274207305908202 36
1777385132232 28.086617351713635 37
1777385132578 26.09145765758696 38
1777385132935 22.73759006318592 39
1777385133293 23.151281011672246 40
1777385133651 20.623453594389417 41
1777385133999 19.73009866986956 42
1777385134351 18.020181783040364 43
1777385134710 18.589878554571243 44
1777385135452 16.95047958010719 45
1777385135814 16.385042263212657 46
1777385136159 16.45573873974028 47
1777385136741 16.507545743669784 48
1777385137096 17.055973543439592 49
1777385137446 14.7702515011742 50
1777385137803 15.798279934837705 51
1777385138163 13.963081051054456 52
1777385138520 14.790912573678153 53
1777385138955 15.036865888323103 54
1777385139298 14.934734217325847 55
1777385140767 14.876681191580635 56
1777385141163 14.690418379647392 57
1777385141553 13.885288856143044 58
1777385142058 13.665280042375837 59
1777385142392 13.268170801798503 60
1777385142739 14.095912715366909 61
1777385143179 11.496172332763672 62
1777385143613 12.59375107174828 63
1777385144258 14.167366536458333 64
1777385144908 14.771030716668992 65
1777385145390 11.732737404959542 66
1777385145967 13.41950358436221 67
1777385146322 10.685375613257998 68
1777385146664 13.41706697373163 69
1777385147221 12.50473116920108 70
1777385147590 11.755920682634626 71
1777385148186 10.592741457621257 72
1777385148669 10.211305236816406 73
1777385149046 12.917345446632021 74
1777385149411 13.593009912400019 75
1777385149813 11.34208261399042 76
1777385150162 11.448249812353225 77
1777385150903 13.713000797090077 78
1777385151258 10.874610955374582 79
1777385151607 12.257445834931874 80
1777385151969 10.17264758518764 81
1777385152619 11.824464561825707 82
1777385152982 11.950216856456938 83
1777385153325 10.375489770798456 84
1777385153684 11.336282039823987 85
1777385154050 12.284223756336031 86
1777385154397 11.69012594677153 87
1777385154934 10.795885358537946 88
1777385155378 13.36549448285784 89
1777385156232 11.390629813784646 90
1777385156597 11.018770108904157 91
1777385156955 9.959923008510044 92
1777385157417 10.377467264447894 93
1777385157770 11.619426527477446 94
1777385158128 12.327376302083334 95
1777385158495 11.88211946033296 96
1777385159072 9.927797267550513 97
1777385159948 12.869467199416388 98
1777385160421 11.142932801019578 99
1777385160764 10.982312429518927 100
1777385161221 13.783008866083055 101
1777385161589 8.940028690156483 102
1777385161950 11.630764970325288 103
1777385162599 12.823648271106538 104
1777385163212 11.103213619050525 105
1777385163571 10.477949487595332 106
1777385163939 13.486497615632556 107
1777385164299 10.851197851271856 108
1777385165093 9.777814356486003 109
1777385165443 9.444920131138392 110
1777385165794 9.651542213984898 111
1777385166137 10.104971240815662 112
1777385166498 11.461004002888997 113
1777385166860 9.964996138073149 114
1777385167211 10.2286986941383 115
1777385167729 10.478927321661086 116
1777385168095 9.301497977120535 117
1777385168489 11.143599628266834 118
1777385168975 8.343257159278506 119
1777385169985 9.780491038731165 120
1777385184169 11.312592878795805 121
1777385184707 10.319207436697823 122
1777385185062 9.46946870713007 123
1777385185436 10.426234635852632 124
1777385185805 8.6247161592756 125
1777385186379 8.964359919230143 126
1777385186743 8.902829115731375 127
1777385187421 10.67450445265997 128
1777385187774 9.756818553379604 129
1777385188110 9.139890352884928 130
1777385188461 9.369524883088612 131
1777385188826 8.531301253182548 132
1777385189198 7.433971600305466 133
1777385189556 8.973296283540272 134
1777385189916 10.552798788888113 135
1777385190279 8.934397256942022 136
1777385190640 8.178306915646507 137
1777385190993 9.107516670227051 138
1777385191385 8.753854606265113 139
1777385191749 8.624720745994932 140
1777385192194 7.580299322945731 141
1777385192544 7.23489141918364 142
1777385193144 7.6880329313732325 143
1777385193507 8.95276240394229 144
1777385193864 10.166864467802501 145
1777385194228 7.986513028826033 146
1777385194575 8.50668295451573 147
1777385194915 8.096231047312418 148
1777385195618 9.582257288978214 149
1777385195978 8.634246335710799 150
1777385196331 9.69973835718064 151
1777385196693 9.815796679542178 152
1777385197052 9.845557367234003 153
1777385197453 8.48513924734933 154
1777385197869 8.276651400611515 155
1777385198316 10.23586641039167 156
1777385198852 8.699117351713635 157
