1777306571128 148.664306640625 1
1777306572947 113.4100959777832 2
1777306575044 60.963984680175784 3
1777306576916 29.622019958496093 4
1777306578780 22.830446243286133 5
1777306580637 20.42545680999756 6
1777306582502 18.380925178527832 7
1777306584390 17.835763359069823 8
1777306586255 17.76095485687256 9
1777306588111 16.98893871307373 10
1777306589973 17.100981426239013 11
1777306591836 16.671965885162354 12
1777306593697 16.510623359680174 13
1777306595560 15.832939529418946 14
1777306597408 15.284565544128418 15
1777306599259 15.513999938964844 16
1777306601130 14.69426965713501 17
1777306602978 14.532854747772216 18
1777306604830 13.9173077583313 19
1777306606687 13.757580947875976 20
1777306608538 13.620371246337891 21
1777306610402 12.919607734680175 22
1777306612255 12.510464286804199 23
1777306614111 12.144588375091553 24
1777306615969 12.127831268310548 25
1777306617836 11.715063858032227 26
1777306619692 11.587294006347657 27
1777306621554 11.31035394668579 28
1777306623417 10.842392921447754 29
1777306625278 10.70145559310913 30
1777306627134 10.568061637878419 31
1777306628995 10.593981170654297 32
1777306630856 10.048748779296876 33
1777306632713 9.899392032623291 34
1777306634573 9.829792499542236 35
1777306636424 9.952989959716797 36
1777306638283 9.721368503570556 37
1777306640150 9.2867506980896 38
1777306642004 9.23424835205078 39
1777306643859 9.361440277099609 40
1777306645706 9.308111667633057 41
1777306647560 9.031279277801513 42
1777306649418 9.030802345275879 43
1777306651282 8.912270164489746 44
1777306653136 8.872273254394532 45
1777306655010 8.768053436279297 46
1777306656870 8.615703868865968 47
1777306658731 8.634715366363526 48
1777306660602 8.768625831604004 49
1777306662470 8.579656791687011 50
1777306664316 8.452668476104737 51
1777306666165 8.056002712249756 52
1777306668018 8.269731855392456 53
1777306669872 8.301067447662353 54
1777306671744 8.042423915863036 55
