1777205109080 -1.7672537791601937 1
1777205109753 -1.6730488317498675 2
1777205110384 -1.5754073317358235 3
1777205111001 -1.4448460498486078 4
1777205111648 -1.2748874888803994 5
1777205112285 -1.096275893712285 6
1777205112891 -0.905136309784648 7
1777205113497 -0.7077230710831283 8
1777205114100 -0.49806507988334137 9
1777205114702 -0.2875231220315597 10
1777205115302 -0.07088707908485703 11
1777205115905 0.14930500364578403 12
1777205116508 0.3556379663991208 13
1777205117111 0.5296536147977104 14
1777205117712 0.6819218428654905 15
1777205118313 0.799133769100994 16
1777205118918 0.8608066428767871 17
1777205119522 0.9028181500621268 18
1777205120123 0.9208464902083382 19
1777205120727 0.934547909892552 20
1777205121414 0.9451577979716095 21
1777205123958 0.9414686791554185 22
1777205124640 0.9481192465858624 23
1777205125315 0.9546733318447667 24
1777205125971 0.9598924777331974 25
1777205126616 0.9596392158382081 26
1777205127265 0.9615858879968222 27
1777205127916 0.9570610398091042 28
1777205129235 0.9567589216378054 29
1777205129895 0.9671666238578613 30
1777205130593 0.9625316286580219 31
1777205131247 0.9611383933246515 32
1777205132314 0.9649522385345328 33
1777205133026 0.9604020673284009 34
1777205133966 0.9687282121074288 35
1777205134775 0.963863294200078 36
1777205136823 0.9717200752345811 37
1777205138064 0.9668809623506028 38
1777205139211 0.9663920685262086 39
1777205140618 0.9691894325050181 40
1777205150258 0.9665088773542341 41
1777205189878 0.9677229692025011 42
1777205190507 0.9703298473584667 43
1777205191135 0.9696693635740471 44
1777205191755 0.9667351849932315 45
1777205192383 0.9645054047165291 46
1777205193014 0.9692004336339854 47
1777205193689 0.9667010918899797 48
1777205194310 0.9712842412771105 49
1777205194925 0.9696654276054274 50
1777205196291 0.973870886640714 51
1777205196881 0.9748055132823112 52
1777205197472 0.9752040172241581 53
1777205198061 0.9744876018380078 54
1777205198652 0.9649268964896076 55
1777205199241 0.9710131058771889 56
1777205199830 0.9715137238379885 57
1777205200418 0.9777688391790353 58
1777205201004 0.9748674813619338 59
1777205201594 0.9783430922763282 60
1777205202182 0.9802118538666857 61
1777205202774 0.9731955266611454 62
1777205203360 0.9789227235342138 63
1777205204330 0.976420917692564 64
1777205204922 0.9797445197913468 65
1777205205849 0.9729370730653761 66
1777205206465 0.9807723311419065 67
1777205207454 0.9784175696530653 68
1777205208074 0.9776703985452421 69
1777205208687 0.9799990296496053 70
1777205209302 0.9823303171022302 71
1777205209921 0.9833824160674111 72
1777205210536 0.9806447782109486 73
1777205211158 0.9794757614369325 74
1777205211780 0.9809930989667641 75
1777205212392 0.9860574694865326 76
1777205213770 0.9843778063899871 77
1777205214455 0.982301994341688 78
1777205215416 0.9821291580588897 79
1777205216034 0.984683308763934 80
1777205216651 0.9831569411240786 81
1777205217268 0.9849105988364664 82
1777205217887 0.9871213735621234 83
1777205218501 0.9871169124793864 84
1777205219117 0.9855502663488369 85
1777205219734 0.9840431357481907 86
1777205220353 0.9891457518964815 87
1777205220974 0.9848566168179507 88
1777205221586 0.9883518402604312 89
1777205222197 0.9896448534443121 90
1777205229561 0.9897188959512191 91
1777205230183 0.9850999925375485 92
1777205230803 0.9849430714002098 93
1777205231414 0.9863576107020282 94
1777205232026 0.9885412770882729 95
1777205232639 0.9890269376741407 96
1777205233255 0.9901176273739201 97
1777205233870 0.9900599821177175 98
1777205235251 0.9893105706381615 99
1777205235866 0.9906010827157747 100
1777205236479 0.9885514245610894 101
1777205237095 0.9898227145425382 102
1777205237711 0.9900672289268158 103
1777205238325 0.9909631835692001 104
1777205240754 0.9912334653653154 105
1777205241403 0.9891640186159854 106
1777205242131 0.9908976765698394 107
1777205242782 0.9898093918620556 108
1777205243441 0.988922052760892 109
1777205244111 0.990050444127487 110
1777205244791 0.9884642945541842 111
1777205245460 0.9905166339327798 112
1777205246205 0.9913638296314811 113
1777205246959 0.990869226268085 114
1777205247734 0.9914639119195531 115
1777205248636 0.9900614709422448 116
1777205249341 0.9904735674239293 117
1777205250344 0.9909396341911141 118
1777205251326 0.99161634598955 119
1777205252530 0.990878882222687 120
1777205253874 0.9907483787458786 121
1777205254912 0.9914372234483865 122
1777205256331 0.9892562451911127 123
1777205257629 0.9919490527811057 124
1777205259593 0.9898582750925896 125
1777205286868 0.9923093511736153 126
1777205287747 0.9917470597240878 127
1777205288483 0.9917454488127782 128
1777205289167 0.9930505000705047 129
1777205289847 0.9918998930319374 130
1777205290519 0.9923744988932011 131
1777205291204 0.9905808512631736 132
1777205291864 0.991817225364457 133
1777205292526 0.991800262924065 134
1777205293173 0.9927077124136998 135
1777205294170 0.9918442576095696 136
1777205294791 0.9912381994784929 137
1777205295415 0.9908964877306179 138
1777205296035 0.9916946239267423 139
1777205296651 0.9931392124489522 140
1777205297266 0.9920817411356548 141
1777205297884 0.9923739379325157 142
1777205298499 0.9931060289444079 143
1777205299118 0.9923911058709787 144
1777205299729 0.9917897517277696 145
1777205300339 0.9924355039185278 146
1777205300946 0.9929391432893585 147
1777205301550 0.9929004766612997 148
1777205302155 0.9925370081377861 149
