1777205109080 201.44704510916134 1
1777205109753 197.98845352733196 2
1777205110384 194.3387356662601 3
1777205111001 189.34863029528293 4
1777205111648 182.64861230389718 5
1777205112285 175.33174490162747 6
1777205112891 167.14732648690014 7
1777205113497 158.25049527748985 8
1777205114100 148.21826863120967 9
1777205114702 137.40858357238665 10
1777205115302 125.31647153906172 11
1777205115905 111.69203691127589 12
1777205116508 97.20735319645635 13
1777205117111 83.05105553502273 14
1777205117712 68.29476158822851 15
1777205118313 54.27322586740755 16
1777205118918 45.17919127608674 17
1777205119522 37.747241942003384 18
1777205120123 34.06770570721412 19
1777205120727 30.981192895219376 20
1777205121414 28.358939229822255 21
1777205123958 29.29626685501682 22
1777205124640 27.57035495095525 23
1777205125315 25.781730344405894 24
1777205125971 24.250811426801977 25
1777205126616 24.325983232236233 26
1777205127265 23.731145080028448 27
1777205127916 25.086388932169946 28
1777205129235 25.181678456102908 29
1777205129895 21.942402962245232 30
1777205130593 23.438610034992283 31
1777205131247 23.86278129116561 32
1777205132314 22.670318357206867 33
1777205133026 24.09397867517675 34
1777205133966 21.413202315498033 35
1777205134775 23.020202687375146 36
1777205136823 20.364451882390362 37
1777205138064 22.03786455106604 38
1777205139211 22.196790591276198 39
1777205140618 21.255106005087967 40
1777205150258 22.155852855223678 41
1777205189878 21.74234578660848 42
1777205190507 20.859134422674583 43
1777205191135 21.083798795013074 44
1777205191755 22.08274755400783 45
1777205192383 22.804273177639672 46
1777205193014 21.251015399566217 47
1777205193689 22.088325554535267 48
1777205194310 20.515823787375354 49
1777205194925 21.086179149549075 50
1777205196291 19.574729653761423 51
1777205196881 19.221241583184856 52
1777205197472 19.06620123772373 53
1777205198061 19.342206886782492 54
1777205198652 22.678153328498226 55
1777205199241 20.615720304127834 56
1777205199830 20.43871852408521 57
1777205200418 18.054016561459015 58
1777205201004 19.182894728158246 59
1777205201594 17.819760313810182 60
1777205202182 17.03477041965066 61
1777205202774 19.824440732663856 62
1777205203360 17.58014511685176 63
1777205204330 18.59510988284665 64
1777205204922 17.233411861742695 65
1777205205849 19.921367495516776 66
1777205206465 16.790242899766668 67
1777205207454 17.789929129171725 68
1777205208074 18.094600371982818 69
1777205208687 17.12622649918302 70
1777205209302 16.095403014724578 71
1777205209921 15.607768338876088 72
1777205210536 16.839438689025805 73
1777205211158 17.346644179695193 74
1777205211780 16.694892496908253 75
1777205212392 14.292980078486519 76
1777205213770 15.133877815214792 77
1777205214455 16.108508594331575 78
1777205215416 16.188493873271796 79
1777205216034 14.986959713533723 80
1777205216651 15.71593323032345 81
1777205217268 14.874535867102056 82
1777205217887 13.739433334040086 83
1777205218501 13.743630599848242 84
1777205219117 14.556783754181865 85
1777205219734 15.295507016440938 86
1777205220353 12.615896875316848 87
1777205220974 14.901862887995708 88
1777205221586 13.069080360678718 89
1777205222197 12.320851750271233 90
1777205229561 12.277121147022573 91
1777205230183 14.777228362988438 92
1777205230803 14.859300880540921 93
1777205231414 14.143794975490518 94
1777205232026 12.96227065588105 95
1777205232639 12.685252166524325 96
1777205233255 12.037995988024512 97
1777205233870 12.073371762133007 98
1777205235251 12.517287054260487 99
1777205235866 11.739710321811152 100
1777205236479 12.957227471454681 101
1777205237095 12.216479248708026 102
1777205237711 12.06718244160088 103
1777205238325 11.511749045686123 104
1777205240754 11.336079413860245 105
1777205241403 12.604370232811442 106
1777205242131 11.552093644056782 107
1777205242782 12.224563259423192 108
1777205243441 12.744520909747262 109
1777205244111 12.078727458128549 110
1777205244791 13.003273851279907 111
1777205245460 11.79231437969585 112
1777205246205 11.25369148325727 113
1777205246959 11.567284556812565 114
1777205247734 11.186431834923976 115
1777205248636 12.067139671327663 116
1777205249341 11.816310909004375 117
1777205250344 11.525630589733641 118
1777205251326 11.087150698959608 119
1777205252530 11.565355729449227 120
1777205253874 11.647194961618332 121
1777205254912 11.205187176395945 122
1777205256331 12.552026159828849 123
1777205257629 10.863618369159989 124
1777205259593 12.193421315192062 125
1777205286868 10.619782446331602 126
1777205287747 11.000767327850532 127
1777205288483 11.001201632195198 128
1777205289167 10.093771799283166 129
1777205289847 10.898679691355593 130
1777205290519 10.572811487977443 131
1777205291204 11.749255001926386 132
1777205291864 10.954218455909263 133
1777205292526 10.964448150982337 134
1777205293173 10.341125610966955 135
1777205294170 10.935226132440691 136
1777205294791 11.329230047170118 137
1777205295415 11.55267649298989 138
1777205296035 11.032575429995552 139
1777205296651 10.02975263774482 140
1777205297266 10.775842906986428 141
1777205297884 10.574642574305644 142
1777205298499 10.054398163699325 143
1777205299118 10.563154949089707 144
1777205299729 10.972665184597895 145
1777205300339 10.5321483340436 146
1777205300946 10.175307114338679 147
1777205301550 10.203438136629734 148
1777205302155 10.46141260053177 149
