1777205582233 224.98811160550457 1
1777205582946 220.93448981688516 2
1777205583597 216.51423557399488 3
1777205584250 210.51981940873455 4
1777205584922 203.53682037065852 5
1777205661138 195.70275071301762 6
1777205661761 186.97352420149852 7
1777205662389 177.26293016506173 8
1777205663115 166.77311375548453 9
1777205664161 154.75897443914596 10
1777205664823 141.93316810790242 11
1777205665487 127.94475222007623 12
1777205666187 111.89061101034955 13
1777205666866 97.692279072377 14
1777205667527 82.34021270584165 15
1777205668231 68.88947976272644 16
1777205669196 56.13039679673052 17
1777205670033 47.33601628826753 18
1777205671160 41.26716993368086 19
1777205684062 35.64292826521498 20
1777205759427 33.79086222956714 21
1777205760030 31.187373962733503 22
1777205760658 29.176003309498473 23
1777205761271 28.354116225835668 24
1777205761866 27.619323229575013 25
1777205773175 27.17599959006104 26
1777205773769 25.744858401086745 27
1777205774369 24.3023492786636 28
1777205774964 24.65290345382556 29
1777205775561 23.404906837276044 30
1777205776157 23.6989446027409 31
1777205776755 23.500282786867697 32
1777205777345 23.19421781141927 33
1777205777938 24.015809103433263 34
1777205778535 22.397608614213013 35
1777205779130 21.442181911224928 36
1777205779724 21.524999710108517 37
1777205780320 22.453269747966417 38
1777205780915 21.41089037510359 39
1777205781511 22.732480016827523 40
1777205782612 21.56981461733146 41
1777205783235 19.904830070696466 42
1777205783857 21.865517625537315 43
1777205784482 20.938037561264665 44
1777205785097 21.626183816238935 45
1777205785716 20.799775162853933 46
1777205786338 20.723597016528167 47
1777205787083 21.447348702993025 48
1777205787704 20.212033997871814 49
1777205788325 19.84761911026856 50
1777205789217 20.899479540994516 51
1777205790206 18.700478392865545 52
1777205790821 19.485741063325133 53
1777205791426 21.760303499714027 54
1777205792071 20.510993756764847 55
1777205792690 17.897188222734787 56
1777205793307 18.87649000367484 57
1777205793925 21.203358819758456 58
1777205794644 20.48049317831869 59
1777205795265 20.00895895648266 60
1777205795888 19.39290376177575 61
1777205796506 19.44487434789002 62
1777205797130 18.6260874995563 63
1777205797760 17.16381355083508 64
1777205798380 18.13688391088555 65
