1777430158865 192.82275009155273 1
1777430159985 186.37910842895508 2
1777430161211 177.92499542236328 3
1777430162224 166.9301414489746 4
1777430163233 153.61433792114258 5
1777430164265 137.8418312072754 6
1777430165316 120.7856330871582 7
1777430166365 102.6521224975586 8
1777430167393 83.5982666015625 9
1777430168425 61.908634185791016 10
1777430169470 44.68900680541992 11
1777430170510 34.74173355102539 12
1777430171590 28.82060670852661 13
1777430172623 26.19844675064087 14
1777430173668 24.129741191864014 15
1777430174711 22.697442531585693 16
1777430175752 22.333969593048096 17
1777430176791 21.249320030212402 18
1777430177826 20.521568298339844 19
1777430178870 20.367003440856934 20
1777430179895 19.624269008636475 21
1777430180935 19.204410552978516 22
1777430181970 19.254680633544922 23
1777430182994 19.433652877807617 24
1777430184014 18.679946899414062 25
1777430185041 18.013078689575195 26
1777430186074 17.151728630065918 27
1777430187094 17.407224655151367 28
1777430188131 17.282238960266113 29
1777430189121 17.14325523376465 30
1777430190125 16.48439931869507 31
1777430191123 17.18614435195923 32
1777430192125 16.639554023742676 33
1777430193139 16.652719974517822 34
1777430194156 16.653178691864014 35
1777430195176 15.809956550598145 36
1777430196181 15.422544717788696 37
1777430197182 15.267701625823975 38
1777430198175 15.408035039901733 39
1777430199182 16.158369064331055 40
1777430200178 15.856461524963379 41
1777430201190 15.11480450630188 42
1777430202220 15.465327262878418 43
1777430203215 14.416232585906982 44
1777430204228 15.044509172439575 45
1777430205234 14.698415040969849 46
1777430206247 15.52153730392456 47
1777430207245 14.110109329223633 48
1777430208248 14.508795261383057 49
1777430209265 14.300773620605469 50
1777430210275 14.546982288360596 51
