1777384981380 38696.46484375 1
1777384982023 37782.7578125 2
1777384982418 37064.65234375 3
1777384982795 36345.05078125 4
1777384983170 35511.06640625 5
1777384984145 34523.19921875 6
1777384984523 33383.19921875 7
1777384984910 32037.771484375 8
1777384985299 30598.111328125 9
1777384985803 29110.322265625 10
1777384986178 27646.91796875 11
1777384986588 26109.322265625 12
1777384987020 24432.1796875 13
1777384987893 22899.373046875 14
1777384988737 21310.20703125 15
1777384990359 19649.03515625 16
1777384991233 17958.59765625 17
1777384992215 16345.572265625 18
1777384994313 14660.6513671875 19
1777384994700 12890.796875 20
1777384995081 11087.533203125 21
1777384995465 9533.166015625 22
1777384995862 7735.8896484375 23
1777384996250 6430.126953125 24
1777384996641 5169.8408203125 25
1777384997040 4360.23046875 26
1777384997474 3560.685546875 27
1777384997891 2807.94482421875 28
1777384998326 2266.4609375 29
1777384998858 1929.3414306640625 30
1777384999265 1515.7823486328125 31
1777384999681 1267.351318359375 32
1777385000139 1332.1434326171875 33
1777385000655 1109.5078125 34
1777385001097 1134.284912109375 35
1777385001637 1000.5726318359375 36
1777385002051 954.9225463867188 37
1777385002467 904.5823364257812 38
1777385002874 763.9449462890625 39
1777385003281 699.4129638671875 40
1777385003716 656.9249267578125 41
1777385004840 664.9734497070312 42
1777385009524 574.1288452148438 43
1777385010273 657.18701171875 44
1777385010763 655.4896240234375 45
1777385011342 622.5925903320312 46
1777385011731 655.149658203125 47
1777385012147 556.3717651367188 48
1777385012516 586.2500610351562 49
1777385013236 463.5302734375 50
1777385013690 671.6824340820312 51
1777385014147 524.0463256835938 52
1777385014537 510.5712890625 53
1777385014912 517.0505981445312 54
1777385015297 621.317138671875 55
1777385015672 437.60577392578125 56
1777385016086 594.5367431640625 57
1777385016816 548.512451171875 58
1777385017481 559.9861450195312 59
1777385033361 541.4207153320312 60
1777385042826 450.956298828125 61
1777385043188 469.21435546875 62
1777385047507 446.95025634765625 63
1777385048075 441.9385681152344 64
1777385048481 406.70684814453125 65
1777385048921 466.3110656738281 66
1777385049540 445.8703308105469 67
1777385050911 326.0442199707031 68
1777385052970 370.4750061035156 69
1777385053796 364.7137756347656 70
1777385054821 406.397705078125 71
1777385056161 410.560302734375 72
1777385056743 403.0185546875 73
1777385057111 393.2164001464844 74
1777385057490 476.1698913574219 75
1777385057851 373.4932556152344 76
1777385058312 373.3570861816406 77
1777385058688 452.8274230957031 78
1777385059070 394.6549072265625 79
1777385059455 373.1441345214844 80
1777385059827 370.7626953125 81
1777385060204 450.66082763671875 82
1777385060723 364.6553649902344 83
1777385061118 349.4886474609375 84
1777385061714 319.9258117675781 85
1777385062141 265.9208679199219 86
1777385062543 379.38201904296875 87
1777385062953 324.5433654785156 88
1777385063318 301.7615661621094 89
1777385063682 357.0769958496094 90
1777385064047 333.637939453125 91
1777385064413 316.53369140625 92
1777385064800 400.46136474609375 93
1777385065158 266.2007141113281 94
1777385065530 295.19781494140625 95
1777385065909 278.2128601074219 96
1777385066272 277.1075744628906 97
1777385066638 256.9849853515625 98
1777385066991 282.1317138671875 99
1777385067353 283.8320617675781 100
1777385067731 218.74639892578125 101
1777385068105 286.94036865234375 102
1777385068486 236.9228057861328 103
1777385068857 196.3932342529297 104
1777385069227 215.9495849609375 105
1777385069599 287.92236328125 106
1777385069965 261.94732666015625 107
1777385070332 253.44125366210938 108
1777385070739 263.07257080078125 109
1777385071124 212.95404052734375 110
1777385071497 220.5357208251953 111
1777385071869 228.07733154296875 112
1777385072989 166.15003967285156 113
1777385073337 177.8677520751953 114
1777385073691 234.23739624023438 115
1777385074045 218.369140625 116
1777385074381 286.4563903808594 117
1777385074743 214.15599060058594 118
1777385075096 160.2921905517578 119
1777385075437 205.14788818359375 120
1777385075781 205.20655822753906 121
1777385076132 186.8791046142578 122
1777385076485 180.699951171875 123
1777385076821 190.01449584960938 124
1777385077152 210.33969116210938 125
1777385077497 190.55296325683594 126
1777385077845 179.62094116210938 127
1777385078182 182.76046752929688 128
1777385078518 235.57525634765625 129
1777385078852 180.65797424316406 130
1777385079192 168.86012268066406 131
1777385079534 164.88919067382812 132
1777385079876 169.2999267578125 133
1777385080215 164.79202270507812 134
1777385080588 179.3258514404297 135
1777385080924 162.93441772460938 136
1777385081265 184.69773864746094 137
1777385081608 146.78265380859375 138
1777385081947 179.29466247558594 139
1777385082290 242.9855499267578 140
1777385082794 248.5438995361328 141
1777385083146 184.23681640625 142
1777385083489 200.8997802734375 143
1777385083833 185.14422607421875 144
1777385084188 206.1581573486328 145
1777385084602 167.6703643798828 146
1777385084943 163.44198608398438 147
1777385085286 176.5664825439453 148
1777385085632 165.25875854492188 149
1777385085979 261.82354736328125 150
1777385086333 189.19558715820312 151
1777385086673 164.00466918945312 152
1777385087029 150.01968383789062 153
1777385087389 161.6677703857422 154
1777385087735 201.834716796875 155
1777385088085 176.4854278564453 156
1777385088433 143.31739807128906 157
1777385088794 153.4388885498047 158
1777385089141 139.63467407226562 159
1777385089496 150.8357391357422 160
1777385089839 150.4900665283203 161
1777385090178 130.70697021484375 162
1777385090528 147.51687622070312 163
1777385090869 154.22459411621094 164
1777385091227 145.60708618164062 165
1777385091585 150.1123046875 166
1777385091927 138.7294464111328 167
1777385092287 131.7613525390625 168
