1777224065944 -2.4781021103829106 1
1777224094058 -1.5285463582621397 2
1777224097168 -0.32790622720000895 3
1777224100293 0.6407336136486211 4
1777224103047 0.8891760124769945 5
1777224106916 0.9272166509799231 6
1777224111364 0.9393982976341873 7
1777224115433 0.9456983040479143 8
1777224121381 0.9547763565710493 9
1777224124709 0.9529623317369407 10
1777224166855 0.957459783163612 11
1777224168829 0.9619914049623365 12
1777224170824 0.9595511487850906 13
1777224173228 0.963038166682231 14
1777224176997 0.9644365652222271 15
1777224183749 0.9628607644987831 16
1777224188923 0.9638592866090472 17
1777224191628 0.9680948229658297 18
1777224194854 0.968626166319005 19
1777224199691 0.972029794560495 20
1777224219051 0.9681126088169467 21
1777224253859 0.9698249799565561 22
1777224255689 0.9693587081166569 23
1777224257587 0.9706717761053121 24
1777224259577 0.9734441366485761 25
1777224261537 0.9743139820431379 26
1777224263968 0.9727429137387367 27
1777224266367 0.9750577385727232 28
1777224273972 0.9758363081255496 29
1777224276446 0.9762218076361913 30
1777224279075 0.9770354862787775 31
1777224281143 0.978557098495218 32
1777224283292 0.9795752178317265 33
1777224285849 0.9790783021831937 34
1777224288632 0.9798895600021439 35
1777224296156 0.980968700601841 36
1777224308942 0.9812342691265036 37
1777224314841 0.9826014745245134 38
1777224319056 0.9812653395793067 39
1777224323852 0.9832835470142298 40
1777224341026 0.9818503328562265 41
1777224344464 0.9824024736941004 42
1777224349786 0.9835187350510317 43
1777224352778 0.9833455492324454 44
1777224356105 0.9851211111259758 45
