1777153023912 226.35580641436474 1
1777153024758 223.39857614453342 2
1777153025457 220.60233511362935 3
1777153026163 217.22002448982403 4
1777153026927 212.90238823149178 5
1777153027617 207.88811915058574 6
1777153046097 202.23552743332212 7
1777153046778 195.60997741284365 8
1777153058427 188.64202976029694 9
1777153059155 181.11946266945762 10
1777153059854 172.83538679114002 11
1777153060523 163.6029968104251 12
1777153061208 154.07431137384214 13
1777153061883 143.56631576920716 14
1777153062608 131.7819269562737 15
1777153063284 119.43628122807041 16
1777153063956 107.40149327704434 17
1777153064621 93.25834780308446 18
1777153065282 81.50658658410956 19
1777153065937 69.19135893365548 20
1777153066591 58.16853732144979 21
1777153067253 49.512498698209654 22
1777153067902 43.076430068788724 23
1777153068554 37.79562560934765 24
1777153069208 34.36869254198018 25
1777153069861 34.0895383402802 26
1777153070502 30.82752836439927 27
1777153071151 31.378490433716472 28
1777153071794 29.79364187629941 29
1777153072429 28.441150097507194 30
1777153073102 25.99277363322267 31
1777153073748 24.63519526077301 32
1777153074386 27.234465233727267 33
1777153075022 26.16509920564963 34
1777153075657 26.006824948709905 35
1777153076288 23.745553990988068 36
1777153077023 25.290415063008982 37
1777153080207 25.32524388520065 38
1777153081091 24.15922458195347 39
1777153081784 24.38356687367268 40
1777153082473 24.24947246043384 41
1777153083155 22.94894754520446 42
1777153083828 22.88469918804914 43
1777153084560 21.335729804697735 44
1777153085259 21.336259722099943 45
1777153091488 20.768654567584292 46
1777153189424 23.140217783671773 47
1777153190261 21.88951897085432 48
1777153190936 21.679857902476527 49
1777153191620 21.285972420150436 50
1777153192330 20.286680682221657 51
1777153193022 22.255606143063098 52
1777153200695 19.72254012798377 53
1777153496423 22.370308713664564 54
1777153499769 22.825839400510944 55
1777153500418 22.266160738708844 56
1777153501066 20.0964763043718 57
1777153501710 21.46023602044029 58
1777153502355 20.56720382469812 59
1777153502999 19.251066983711603 60
1777153503633 21.300224885019585 61
1777153504275 19.821972186614794 62
1777153504916 21.61575060214031 63
1777153505554 19.226949407410025 64
1777153506194 21.034047156960238 65
