1777379918744 41180.25390625 1
1777379919227 40627.36328125 2
1777379919881 40075.0078125 3
1777379920326 39598.546875 4
1777379920775 39040.11328125 5
1777379921204 38242.91796875 6
1777379921915 37514.05859375 7
1777379922353 36789.8671875 8
1777379922767 36061.67578125 9
1777379923204 35317.0390625 10
1777379923966 34549.91796875 11
1777379924710 33718.1796875 12
1777379925539 32703.703125 13
1777379925968 31606.533203125 14
1777379926397 30421.333984375 15
1777379927135 29211.6171875 16
1777379927564 27988.587890625 17
1777379928188 26773.599609375 18
1777379929451 25598.34375 19
1777379930467 24352.111328125 20
1777379931367 22971.576171875 21
1777379932139 21481.595703125 22
1777379932850 19692.140625 23
1777379933299 18062.68359375 24
1777379933905 16455.302734375 25
1777379934321 15037.328125 26
1777379934735 13418.869140625 27
1777379935290 12029.9501953125 28
1777379936365 10823.38671875 29
1777379936809 9610.6806640625 30
1777379937483 8699.5224609375 31
1777379937911 7560.884765625 32
1777379939156 6579.935546875 33
1777379939585 5651.23828125 34
1777379940235 4774.15478515625 35
1777379940679 4267.85791015625 36
1777379941111 3674.46435546875 37
1777379941541 3219.181640625 38
1777379941989 2684.90771484375 39
1777379942432 2253.86865234375 40
1777379943170 2054.586669921875 41
1777379944175 2047.2354736328125 42
1777379944614 1627.7952880859375 43
1777379945904 1696.09130859375 44
1777379946429 1545.7208251953125 45
1777379947182 1447.312255859375 46
1777379947900 1472.5482177734375 47
1777379948357 1177.0400390625 48
1777379948796 1102.881591796875 49
1777379949254 1110.957275390625 50
1777379949697 1186.535400390625 51
1777379950379 992.2142944335938 52
1777379951140 1042.032470703125 53
1777379951658 1000.3705444335938 54
1777379952169 1081.8619384765625 55
1777379952890 1182.830322265625 56
1777379953549 1146.62841796875 57
1777379955068 924.9510498046875 58
1777379955591 856.3570556640625 59
1777379956277 1126.793212890625 60
1777379956972 844.248779296875 61
1777379957394 1038.5892333984375 62
1777379957815 842.4993896484375 63
1777379958600 939.8546142578125 64
1777379959019 889.6436157226562 65
1777379960024 853.9525146484375 66
1777379960674 865.6949462890625 67
1777379961374 865.0510864257812 68
1777379961815 756.5340576171875 69
1777379962767 897.0452270507812 70
1777379963199 825.9171752929688 71
1777379963719 829.3052368164062 72
1777379964317 875.5748291015625 73
1777379965126 772.9799194335938 74
1777379965832 832.5595092773438 75
1777379967253 758.059814453125 76
1777379968127 704.3942260742188 77
1777379969398 753.41162109375 78
1777379970116 729.9968872070312 79
1777379970566 714.65478515625 80
1777379971309 763.4014892578125 81
1777379972398 821.453857421875 82
1777379973417 840.6998291015625 83
1777379974175 725.4483642578125 84
1777379974971 664.2590942382812 85
1777379975881 682.8460083007812 86
1777379998482 567.2692260742188 87
1777380000721 597.6276245117188 88
1777380003715 657.3485107421875 89
1777380006176 644.738037109375 90
1777380006727 591.107421875 91
1777380007168 703.3763427734375 92
1777380007588 585.1734619140625 93
1777380008021 603.2632446289062 94
1777380008433 682.012939453125 95
1777380008852 645.1892700195312 96
1777380009271 689.7371826171875 97
1777380010071 676.327392578125 98
1777380010493 577.0284423828125 99
1777380011094 688.2510375976562 100
1777380011530 533.0423583984375 101
1777380012092 548.1943969726562 102
1777380012508 609.0292358398438 103
1777380013416 611.3034057617188 104
1777380013835 628.1510620117188 105
1777380014282 599.7626953125 106
1777380014714 514.6688842773438 107
1777380015153 609.156982421875 108
1777380015589 462.35638427734375 109
1777380016026 550.7018432617188 110
1777380016453 615.6015014648438 111
1777380016881 461.7597351074219 112
1777380017317 635.5791625976562 113
1777380017776 521.7203369140625 114
1777380018209 479.5819091796875 115
1777380018636 521.2972412109375 116
1777380019085 527.4469604492188 117
1777380019516 602.1246948242188 118
1777380019955 479.0721740722656 119
1777380020389 473.1248474121094 120
1777380020829 437.30023193359375 121
1777380021250 407.7286376953125 122
1777380021677 491.2989196777344 123
1777380022098 562.93603515625 124
1777380022539 501.0216064453125 125
1777380022962 498.85137939453125 126
1777380023394 483.2202453613281 127
1777380023834 433.99603271484375 128
1777380024264 454.6751403808594 129
1777380093123 474.0880126953125 130
1777380093569 417.8089294433594 131
1777380094007 431.98626708984375 132
1777380094667 473.0851135253906 133
1777380095102 414.28289794921875 134
1777380095520 410.0802917480469 135
1777380095955 477.8728332519531 136
1777380096386 490.5935363769531 137
1777380096838 472.1206359863281 138
1777380097585 411.9671936035156 139
1777380098055 403.872802734375 140
1777380098480 502.73797607421875 141
1777380098906 478.6573791503906 142
1777380099349 411.24334716796875 143
1777380099785 445.29241943359375 144
1777380100222 409.2674560546875 145
1777380100640 436.1186828613281 146
1777380101067 368.8768005371094 147
1777380101485 423.43218994140625 148
1777380101913 444.1475830078125 149
1777380102341 420.20751953125 150
1777380102771 343.85430908203125 151
1777380103203 388.64263916015625 152
1777380103643 420.9212646484375 153
1777380104068 458.1124267578125 154
1777380104501 392.07275390625 155
1777380104940 385.8211669921875 156
1777380105394 388.1371154785156 157
1777380105861 343.28009033203125 158
1777380106310 321.35455322265625 159
1777380106769 391.3506774902344 160
1777380107246 458.6282958984375 161
1777380107938 494.2345886230469 162
1777380118498 386.4481506347656 163
1777380119213 339.95672607421875 164
1777380119628 342.6924133300781 165
1777380120055 315.7001037597656 166
1777380120484 386.4823913574219 167
1777380120923 355.0830993652344 168
1777380121349 358.0716552734375 169
1777380121782 375.8309631347656 170
1777380122213 382.0273132324219 171
1777380122643 379.45306396484375 172
1777380123070 357.76971435546875 173
1777380123517 340.1911315917969 174
1777380123948 393.31414794921875 175
1777380124387 321.1426086425781 176
1777380124803 371.75616455078125 177
1777380125418 377.3209533691406 178
1777380125842 326.10528564453125 179
1777380126350 319.20513916015625 180
1777380126789 326.2935791015625 181
1777380127231 311.1762390136719 182
1777380128047 294.0934753417969 183
1777380128458 321.3490295410156 184
1777380128875 292.62042236328125 185
1777380129301 318.5926208496094 186
1777380129735 333.17864990234375 187
1777380130162 308.3284606933594 188
1777380131131 272.2905578613281 189
1777380131549 320.6863708496094 190
1777380131969 314.4266357421875 191
1777380132406 363.5933837890625 192
1777380132827 299.7535095214844 193
1777380133246 271.9099426269531 194
1777380133675 317.7515563964844 195
1777380134097 305.7079162597656 196
1777380134629 316.3999328613281 197
1777380135063 276.6703186035156 198
1777380161314 276.5458679199219 199
1777380161737 346.8549499511719 200
1777380162172 285.7061767578125 201
1777380162613 290.3346862792969 202
1777380163052 292.0099182128906 203
1777380163497 278.2569580078125 204
1777380163947 262.78558349609375 205
1777380164503 267.6659851074219 206
1777380166968 247.86883544921875 207
1777380194187 274.93389892578125 208
1777380196406 307.3544006347656 209
1777380199228 261.5826721191406 210
1777380200719 250.41403198242188 211
1777380201546 242.6014862060547 212
1777380202363 286.52435302734375 213
1777380202806 231.79299926757812 214
1777380203723 302.5364685058594 215
1777380204217 248.7360076904297 216
1777380205390 248.39590454101562 217
1777380206321 242.84603881835938 218
1777380207514 277.029541015625 219
1777380208333 300.1909484863281 220
1777380209725 257.6744689941406 221
1777380210494 299.2916564941406 222
1777380211026 241.1757049560547 223
1777380212065 296.1134033203125 224
1777380264740 248.04501342773438 225
1777380265185 295.5308837890625 226
1777380265622 265.8837890625 227
1777380266060 291.7976989746094 228
1777380266507 244.03277587890625 229
1777380266976 239.35684204101562 230
1777380267462 235.88816833496094 231
1777380267904 268.6132507324219 232
1777380268348 223.86297607421875 233
1777380268807 275.4876403808594 234
1777380269249 291.9984436035156 235
1777380269681 294.53265380859375 236
1777380270109 256.9124755859375 237
1777380270549 235.26869201660156 238
1777380270992 245.00900268554688 239
1777380271429 291.8050231933594 240
1777380271865 245.08399963378906 241
1777380272314 256.4948425292969 242
1777380272770 226.76234436035156 243
1777380273342 273.39990234375 244
1777380273771 236.01486206054688 245
1777380274604 283.91845703125 246
1777380275051 223.31710815429688 247
1777380275484 224.6676483154297 248
1777380275927 286.3567199707031 249
1777380276367 240.1359405517578 250
1777380276802 217.72964477539062 251
1777380277244 217.97593688964844 252
1777380277684 236.0965576171875 253
