1777209600504 -1.7430650358924518 1
1777209601888 -1.4632965230524966 2
1777209605753 -0.9768965195993973 3
1777209607357 -0.38447838953192875 4
1777209609247 0.20112527596539387 5
1777209611578 0.6224684392501247 6
1777209614853 0.8452249522583944 7
1777209619166 0.9122030060359612 8
1777209631957 0.936147552065093 9
1777209634958 0.9449249185932537 10
1777209636403 0.9514036083824294 11
1777209637646 0.9589225654624205 12
1777209638898 0.9592552542561286 13
1777209640149 0.9588113324897675 14
1777209641536 0.9617747212347048 15
1777209642736 0.9637548555345447 16
1777209643953 0.9628676069636584 17
1777209645156 0.9678685068259634 18
1777209646294 0.9686788162287329 19
1777209647431 0.9660832242416946 20
1777209648640 0.9700440665432402 21
1777209649846 0.9700738427927433 22
1777209651024 0.9696145117987311 23
1777209652185 0.9715639631054556 24
1777209653338 0.9755340586665691 25
1777209654612 0.9723738750913764 26
1777209655802 0.9727087965929673 27
1777209656971 0.9736485214851823 28
1777209658123 0.9760499846331914 29
1777209659278 0.9756710185404224 30
1777209660439 0.9712258026852932 31
1777209661587 0.9779156020040143 32
1777209662775 0.9767585074618736 33
1777209663945 0.9767247296960445 34
1777209665106 0.977339651030495 35
1777209666317 0.9772780230267782 36
1777209670794 0.9786260055550121 37
1777209672491 0.9817881172280533 38
1777209674944 0.981489453672566 39
1777209678084 0.9816581206871572 40
1777209680687 0.9827480074351665 41
1777209684551 0.9832302646801899 42
1777209698970 0.9842895247876265 43
1777209700069 0.9820503336147295 44
1777209701167 0.9854456143890374 45
1777209702262 0.9859091313952723 46
1777209703358 0.9862169770895065 47
1777209704453 0.9851879509025006 48
1777209705577 0.9860084895858234 49
1777209706728 0.9872330768085767 50
1777209707823 0.9877938290577793 51
1777209708972 0.9863266873364998 52
1777209710137 0.988020386208247 53
1777209711237 0.9871631325723754 54
1777209712375 0.9858288897814222 55
1777209713517 0.985223345411908 56
1777209714615 0.9881698457813375 57
1777209715711 0.9888418845239672 58
1777209716827 0.9897022310083733 59
