1777209640265 -2.8245621178403195 1
1777209641901 -2.772934494934958 2
1777209644273 -2.711270156619655 3
1777209644954 -2.647834664135199 4
1777209646094 -2.5797342169368256 5
1777209653375 -2.5024205493973195 6
1777209654636 -2.413391647419742 7
1777209655339 -2.3146808988606287 8
1777209656025 -2.2022706690909604 9
1777209656715 -2.0680695276137793 10
1777209657810 -1.925587411458297 11
1777209658535 -1.7823813418324006 12
1777209660189 -1.6279970796155765 13
1777209661433 -1.4656791648823773 14
1777209663777 -1.3032419075164796 15
1777209664806 -1.1354458149346773 16
1777209665460 -0.9797526448433453 17
1777209666099 -0.8140143351562334 18
1777209670221 -0.6495249110195371 19
1777209671246 -0.48047133319761026 20
1777209672822 -0.3069224600270224 21
1777209674914 -0.12848164580510657 22
1777209677454 0.036420212429886245 23
1777209679625 0.18836251377705393 24
1777209683258 0.3395583094063055 25
1777209687536 0.46039992067225 26
1777209697525 0.5700891822923614 27
1777209698089 0.6553564220376702 28
1777209698659 0.721530946597682 29
1777209699227 0.7833168652200467 30
1777209699794 0.8301800845226646 31
1777209700372 0.8694920742451578 32
1777209702453 0.8783865556136669 33
1777209703019 0.8980423640020498 34
1777209703593 0.90726948005223 35
1777209704155 0.9140385437215245 36
1777209704722 0.9167443307861871 37
1777209705287 0.9257525606014869 38
1777209706009 0.9233218813400774 39
1777209706627 0.9375683587579942 40
1777209707473 0.9374377948465044 41
1777209708861 0.9358128593441771 42
1777209709427 0.936332208207263 43
1777209709995 0.9394025716582308 44
1777209710562 0.9384182856167557 45
1777209714358 0.9422552993394034 46
1777209714919 0.9381574045960954 47
1777209715480 0.9452824449619859 48
1777209716044 0.9491728392840846 49
1777209717237 0.944053457163015 50
1777209718084 0.9543029956975226 51
1777209720823 0.9541193226691331 52
1777209721693 0.9498349824847137 53
1777209724370 0.9504696867519148 54
1777209725672 0.9538964821126454 55
1777209726315 0.9488825449114408 56
1777209726931 0.9550752922578222 57
1777209727564 0.9527766302993395 58
1777209728768 0.9513518350246056 59
1777209729543 0.960493933160228 60
1777209735368 0.9608662810773481 61
1777209736387 0.9545891273377116 62
1777209737008 0.9583347227389836 63
1777209737622 0.9559847286403013 64
1777209738239 0.9611021281160712 65
1777209738848 0.9602614727977774 66
1777209739472 0.9589408006793755 67
1777209740082 0.9561426272797953 68
1777209741797 0.9552283892210787 69
1777209742366 0.9635734091012798 70
1777209742930 0.9635983416200411 71
1777209743928 0.9584135870490428 72
