1777142058102 188.79482081576228 1
1777142058735 185.09538596977015 2
1777142059357 181.48835266973435 3
1777142059972 177.22878796257694 4
1777142060589 172.07566999255107 5
1777142061208 166.18117230651103 6
1777142061825 159.5581884109757 7
1777142062442 152.2634678525359 8
1777142063065 144.42798508326587 9
1777142063680 136.28286022784357 10
1777142064298 127.5002727318146 11
1777142064912 117.79644890077941 12
1777142065529 106.86113088073552 13
1777142066146 96.07712270453337 14
1777142066786 85.16871570938837 15
1777142067405 74.23574947820855 16
1777142068024 63.29220455167438 17
1777142068660 52.80848709527563 18
1777142069279 44.020223972591594 19
1777142069894 36.4229034949105 20
1777142070510 30.76120994599231 21
1777142071125 26.65675394603664 22
1777142071740 23.00749219086894 23
1777142072357 21.65530261332612 24
1777142072973 20.322111749117052 25
1777142073590 19.02437358370124 26
1777142074207 19.294770239103702 27
1777142074878 16.561789544554088 28
1777142075496 15.722650383474962 29
1777142076110 17.269966009008975 30
1777142076725 15.297724422537714 31
1777142077339 15.166969181717107 32
1777142077952 16.1125809271337 33
1777142078594 14.246553240701582 34
1777142079211 15.286287578777642 35
1777142079828 15.581702031322038 36
1777142080446 12.798927015930643 37
1777142081067 13.174456974932255 38
1777142081682 13.052426891192505 39
1777142082299 12.647557859482376 40
1777142082918 12.998335565599497 41
1777142083536 13.917581736306477 42
1777142084152 11.9541669183105 43
1777142084769 11.960585743696354 44
1777142085390 12.2817395899622 45
1777142086013 12.478177655254191 46
1777142086631 11.602634301692405 47
1777142087261 12.38452991792474 48
1777142087888 12.820850566073299 49
1777142088536 13.319280252551865 50
1777142089163 11.761565236994889 51
1777142089791 11.117570613876763 52
1777142090416 11.829511808215067 53
1777142091046 11.941512984243898 54
1777142091673 10.998888718542881 55
1777142092299 11.340979632530503 56
1777142092940 10.781254795811419 57
1777142093568 12.505689195374217 58
1777142094194 10.023516264650588 59
1777142094820 11.053110571797987 60
1777142095446 12.336903742881502 61
1777142096076 11.390037797579538 62
1777142096704 10.114370939665799 63
1777142097330 10.68431575705707 64
1777142097959 10.03103154026195 65
1777142098622 10.891920451479523 66
