1777433971286 48724.5546875 1
1777433971608 48045.671875 2
1777433971935 47369.1640625 3
1777433972226 46809.1484375 4
1777433972536 46193.83203125 5
1777433972939 45562.94921875 6
1777433973286 44895.66796875 7
1777433973581 44181.69140625 8
1777433973892 43421.625 9
1777433974213 42520.62109375 10
1777433974523 41510.59375 11
1777433974849 40279.87890625 12
1777433975242 38989.23828125 13
1777433975596 37542.50390625 14
1777433975959 36130.80859375 15
1777433976334 34463.75390625 16
1777433976682 32749.46484375 17
1777433976988 30991.19140625 18
1777433977287 29175.431640625 19
1777433977605 27473.49609375 20
1777433977947 25681.126953125 21
1777433978252 24071.6171875 22
1777433978588 22384.294921875 23
1777433979050 20825.451171875 24
1777433979372 19254.345703125 25
1777433979675 17747.814453125 26
1777433980007 16078.7470703125 27
1777433980298 14476.6787109375 28
1777433980607 13077.298828125 29
1777433981201 11468.1884765625 30
1777433981535 10094.5478515625 31
1777433982190 8984.298828125 32
1777433982491 7836.1669921875 33
1777433982809 6808.98876953125 34
1777433983628 5891.33251953125 35
1777433983931 4769.29052734375 36
1777433984250 4080.7294921875 37
1777433984556 3368.985595703125 38
1777433984871 2718.83740234375 39
1777433985213 2257.745849609375 40
1777433985586 2160.886962890625 41
1777433985967 1844.022216796875 42
1777433986298 1476.214599609375 43
1777433986607 1422.405517578125 44
1777433986932 1244.8936767578125 45
1777433987309 1214.56884765625 46
1777433987675 1040.413818359375 47
1777433988025 1077.55029296875 48
1777433988407 981.933837890625 49
1777433988743 877.0889282226562 50
1777433989067 935.2642211914062 51
1777433989416 893.8768310546875 52
1777433989811 831.4743041992188 53
1777433990176 675.111328125 54
1777433990543 821.210693359375 55
1777433990898 949.4124755859375 56
1777433991260 653.4767456054688 57
1777433991636 615.04296875 58
1777433991985 658.507568359375 59
1777433992338 705.5703735351562 60
1777433992717 736.417236328125 61
1777433993090 656.6817626953125 62
1777433993448 604.12060546875 63
1777433993809 665.3641357421875 64
1777433994171 656.2255859375 65
1777433994530 584.1954345703125 66
1777433994836 520.8947143554688 67
1777433995168 597.5454711914062 68
1777433995459 670.2673950195312 69
1777433995779 512.5925903320312 70
1777433996097 606.5194091796875 71
1777433996430 725.1465454101562 72
1777433996724 560.8062744140625 73
1777433997038 504.6148376464844 74
1777433997357 631.6944580078125 75
1777433997653 605.8997802734375 76
1777433997963 519.7789916992188 77
1777433998270 671.064453125 78
1777433998586 605.1403198242188 79
1777433998877 648.1351318359375 80
1777433999164 719.7875366210938 81
1777433999465 493.20147705078125 82
1777433999755 423.03375244140625 83
1777434000053 506.8321228027344 84
1777434000354 448.41845703125 85
1777434000648 465.53485107421875 86
1777434000959 446.5389099121094 87
1777434001302 584.6451416015625 88
1777434001681 587.8365478515625 89
1777434001975 546.6409301757812 90
1777434002292 495.5876770019531 91
1777434002587 455.6328125 92
1777434002886 507.4363708496094 93
1777434003190 475.77410888671875 94
1777434003608 413.14422607421875 95
1777434003969 553.1209716796875 96
1777434004322 428.3159484863281 97
1777434004687 378.44683837890625 98
1777434004982 420.11279296875 99
1777434005302 407.1174621582031 100
1777434005625 445.6112060546875 101
1777434005923 394.9156494140625 102
1777434006220 446.2794494628906 103
1777434006538 468.66986083984375 104
1777434006842 471.90972900390625 105
