1777158747333 -1.9179532265278423 1
1777158747948 -1.8309709621587593 2
1777158748562 -1.7507727999853278 3
1777158749167 -1.6512576042218974 4
1777158749772 -1.5206752421563465 5
1777158750375 -1.35682782800675 6
1777158750979 -1.1767157258181253 7
1777158751585 -0.9873389413782123 8
1777158752190 -0.7892197230978091 9
1777158752818 -0.5854116730122195 10
1777158753426 -0.38298544225141506 11
1777158754031 -0.18661699207856552 12
1777158754639 0.02771279884147737 13
1777158755245 0.21687807226511002 14
1777158755851 0.43181645567745197 15
1777158756457 0.5873080715224043 16
1777158757065 0.7119302002599223 17
1777158757672 0.8006842541162023 18
1777158758282 0.8587254149332497 19
1777158758891 0.8893375799885035 20
1777158759501 0.912013074835724 21
1777158760109 0.92002602905531 22
1777158760717 0.9348868833574138 23
1777158761325 0.9314354534688813 24
1777158761934 0.9342530451224041 25
1777158762542 0.9426846081160365 26
1777158763161 0.942505771900386 27
1777158763787 0.9486623833511434 28
1777158764397 0.9542606778959184 29
1777158765006 0.9527426839530471 30
1777158765617 0.9584206504308019 31
1777158766227 0.9584880457663689 32
1777158766835 0.9566206146345426 33
1777158767443 0.9612093806185524 34
1777158768052 0.9634071273528864 35
1777158768658 0.9580996726175559 36
1777158769269 0.9673801372877765 37
1777158769876 0.9611570133650792 38
1777158770486 0.9661542844571827 39
1777158771097 0.9621707108049203 40
1777158771706 0.9662512563270744 41
1777158772318 0.957688025922095 42
1777158772936 0.9654330268385201 43
1777158773567 0.9663101882321541 44
1777158774173 0.9709002838975344 45
1777158774784 0.9661502992616602 46
1777158775392 0.9708056040693143 47
1777158776000 0.9704887523231693 48
1777158776621 0.9718254737306629 49
1777158777251 0.9717515291932246 50
1777158777883 0.971949848073655 51
1777158778518 0.971828460303632 52
1777158779146 0.9751914948084093 53
1777158779786 0.9730171920762671 54
1777158780420 0.9767253340753589 55
1777158781051 0.9734797809640252 56
1777158781693 0.9749595513132002 57
1777158782333 0.975427421583664 58
1777158782969 0.9783317691656335 59
1777158783623 0.9753845547818247 60
1777158784267 0.9806400743212973 61
1777158784906 0.9783207076881981 62
1777158785544 0.9773318842553635 63
1777158786187 0.9830177290009913 64
1777158786828 0.9792279119117643 65
1777158787472 0.979688827714211 66
1777158788116 0.9805336257270738 67
1777158788767 0.9815030180777633 68
1777158789404 0.9798648429411074 69
1777158790042 0.9813365280069924 70
1777158790683 0.9832756012855389 71
1777158791316 0.9807780216334367 72
1777158791951 0.9823743441596984 73
1777158792585 0.9849878471268918 74
1777158793221 0.9791868051450434 75
1777158793875 0.9787032709934276 76
1777158794518 0.9817469631676681 77
1777158795248 0.9793059227058646 78
1777158795896 0.9818239002041034 79
1777158796540 0.9807787729918782 80
1777158797186 0.9852119916252344 81
1777158797839 0.9828798216956405 82
1777158798477 0.9842239216104172 83
1777158799120 0.9839421361884474 84
1777158799764 0.9817665540277887 85
1777158800401 0.9836389260142335 86
1777158801040 0.9850695598385342 87
1777158801679 0.9858430862718415 88
1777158802319 0.9859642969089886 89
1777158802959 0.9830681359781093 90
1777158803616 0.9869388877967433 91
1777158804258 0.9873638290061783 92
1777158804892 0.9861614757956323 93
1777158805533 0.9853268062533492 94
1777158806169 0.9866881508379743 95
1777158806802 0.9865639623695579 96
1777158807437 0.9868169558628347 97
1777158808070 0.9870708489751588 98
1777158808702 0.9882449069970372 99
1777158809334 0.9882869611223006 100
1777158809966 0.9883352470605179 101
1777158810592 0.9876070577322009 102
1777158811227 0.9873991802941433 103
1777158811853 0.987520030633443 104
1777158812465 0.9882250106172612 105
1777158813077 0.9878294728427053 106
1777158813703 0.9881059448099261 107
1777158814321 0.9879562997037223 108
1777158814938 0.9891038941953331 109
1777158815659 0.9897773223742705 110
1777158816314 0.9899531634014944 111
1777158816969 0.9896018295714379 112
1777158817627 0.9887654036772991 113
1777158818282 0.9883974089779808 114
1777158818943 0.9891823342837245 115
1777158819600 0.9886306262842967 116
1777158820259 0.9890240696490344 117
1777158820917 0.9904877688730185 118
1777158821574 0.9901702440798035 119
1777158822232 0.9889618536411923 120
1777158822884 0.9907718409930124 121
1777158823500 0.9886130139514326 122
1777158824153 0.9879946158184096 123
1777158824792 0.9879980436232632 124
1777158825425 0.988874778206454 125
1777158826064 0.9906381576869132 126
1777158826685 0.9904806005597526 127
1777158828798 0.9915197059842724 128
1777158829582 0.9895967798072409 129
1777158830235 0.9905168068207076 130
1777158830902 0.9905829725205566 131
1777158831562 0.9901656683449247 132
1777158832218 0.9906745239651831 133
1777158832910 0.9914855792907284 134
1777158833600 0.9921880610978053 135
1777158834304 0.990536551768275 136
1777158835015 0.9900358928061792 137
1777158835693 0.9925614137954315 138
1777158836439 0.9915009288445102 139
1777158837138 0.990038263444194 140
1777158837881 0.9913657495432215 141
1777158838593 0.991696628889339 142
1777158839306 0.9925193514694461 143
1777158840154 0.9914060812498502 144
1777158840909 0.9915748864573806 145
1777158841664 0.9927964909231801 146
1777158842420 0.9916006475073704 147
1777158843199 0.9914348802934971 148
1777158843972 0.9919776413709454 149
1777158844710 0.9914244319237329 150
1777158869183 0.990694934366871 151
1777158869848 0.9903286886417892 152
1777158893159 0.9924135007071851 153
1777158893884 0.9929574674761616 154
