1777433515954 44899.231770833336 1
1777433517209 42497.484375 2
1777433518116 39084.251302083336 3
1777433519021 34257.608072916664 4
1777433519943 28992.338541666668 5
1777433520815 23486.280598958332 6
1777433521724 18246.193359375 7
1777433522612 12908.466145833334 8
1777433523486 8496.674153645834 9
1777433524363 4894.611653645833 10
1777433525256 2724.345947265625 11
1777433526156 1563.3080647786458 12
1777433527042 1416.8568929036458 13
1777433527927 1042.1607666015625 14
1777433528799 853.3025512695312 15
1777433529690 902.9683024088541 16
1777433530581 693.29443359375 17
1777433531964 729.3819173177084 18
1777433532867 752.0393473307291 19
1777433533757 611.0994262695312 20
1777433534643 560.6358846028646 21
1777433535524 628.3130086263021 22
1777433536398 601.7123209635416 23
1777433537262 504.79693603515625 24
1777433538123 495.3059590657552 25
1777433539028 561.212646484375 26
1777433539899 574.8857625325521 27
1777433540774 544.2801513671875 28
1777433541651 494.2121276855469 29
1777433542533 487.349853515625 30
1777433543420 499.1222839355469 31
1777433544314 500.96343994140625 32
1777433545234 473.60669962565106 33
1777433546137 435.33005777994794 34
1777433547024 514.8760070800781 35
1777433547890 432.5456949869792 36
1777433548771 406.02117919921875 37
1777433549635 418.8977457682292 38
1777433550487 387.279541015625 39
1777433551346 385.5641377766927 40
1777433552239 354.1174011230469 41
1777433553134 383.47813924153644 42
1777433554010 399.5741271972656 43
1777433554903 363.4329528808594 44
1777433555786 305.5983072916667 45
1777433556666 327.3079121907552 46
1777433557547 352.11646525065106 47
1777433558471 346.3972880045573 48
1777433559335 310.67018636067706 49
1777433560260 265.39178466796875 50
1777433561123 288.84413655598956 51
1777433562012 293.1779276529948 52
1777433562877 332.52320353190106 53
1777433563760 340.95265706380206 54
1777433564656 282.46094767252606 55
1777433565530 227.5824940999349 56
1777433566441 273.57440185546875 57
1777433567745 262.78528849283856 58
1777433568608 278.10133870442706 59
1777433569500 216.7350311279297 60
1777433570356 212.2304890950521 61
1777433571264 266.8580830891927 62
1777433572137 260.8918762207031 63
1777433573002 208.22411092122397 64
1777433573901 201.55049641927084 65
1777433574789 190.3587849934896 66
1777433575668 221.63019307454428 67
