1777433515954 164.72264023769048 1
1777433517209 157.68726217010874 2
1777433518116 149.20855307873384 3
1777433519021 137.79436106740692 4
1777433519943 123.18712022569444 5
1777433520815 106.86554275324315 6
1777433521724 90.14450054404176 7
1777433522612 72.47458474430037 8
1777433523486 55.942870669894745 9
1777433524363 40.61024941338433 10
1777433525256 29.996626324123806 11
1777433526156 22.507721712559828 12
1777433527042 21.750022617387184 13
1777433527927 18.56593076682385 14
1777433528799 16.7037642325884 15
1777433529690 17.221724333586515 16
1777433530581 14.786891395663037 17
1777433531964 15.43637592409864 18
1777433532867 15.441569122267358 19
1777433533757 13.650092089617694 20
1777433534643 12.849818677078058 21
1777433535524 13.596898738248848 22
1777433536398 13.323039725974754 23
1777433537262 12.199098027782675 24
1777433538123 11.963179394050881 25
1777433539028 13.114201598697239 26
1777433539899 12.98315296644046 27
1777433540774 12.62760658028685 28
1777433541651 11.580855811083758 29
1777433542533 11.872823450300428 30
1777433543420 11.693150802894875 31
1777433544314 11.955681583027781 32
1777433545234 11.508268268020064 33
1777433546137 10.81209588933874 34
1777433547024 12.05311937685366 35
1777433547890 10.82292314811989 36
1777433548771 10.463811173851107 37
1777433549635 10.578791777292887 38
1777433550487 10.00199208436189 39
1777433551346 10.156355952039178 40
1777433552239 9.696925251572221 41
1777433553134 9.958506519411817 42
1777433554010 10.735999684274933 43
1777433554903 10.02257192282029 44
1777433555786 8.772127584174827 45
1777433556666 9.241581004342915 46
1777433557547 9.430945525934666 47
1777433558471 9.289103884755828 48
1777433559335 8.79968653784858 49
1777433560260 8.07113328097779 50
1777433561123 8.502868346226068 51
1777433562012 8.454118028099154 52
1777433562877 9.338871908776554 53
1777433563760 9.128847569595148 54
1777433564656 8.272586431032346 55
1777433565530 7.214986550955125 56
1777433566441 8.057992216981487 57
1777433567745 7.815620575422122 58
1777433568608 8.236268561563374 59
1777433569500 6.922731149343797 60
1777433570356 6.901073982686173 61
1777433571264 8.025744049637407 62
1777433572137 7.570971056267068 63
1777433573002 6.700090952861456 64
1777433573901 6.665336941495354 65
1777433574789 6.451823346408797 66
1777433575668 7.107716154169153 67
