1777436265135 44567.1484375 1
1777436266477 41321.7392578125 2
1777436267517 36149.3408203125 3
1777436268554 29736.96826171875 4
1777436269600 23286.76025390625 5
1777436270645 16591.42236328125 6
1777436271695 8853.85546875 7
1777436272761 3976.32373046875 8
1777436273821 1891.781005859375 9
1777436274858 1375.4287414550781 10
1777436275886 1104.6296997070312 11
1777436276922 961.8865051269531 12
1777436277953 829.9228515625 13
1777436278999 786.4844970703125 14
1777436280033 673.5347595214844 15
1777436281081 751.7442169189453 16
1777436282398 728.7743682861328 17
1777436283488 665.7222137451172 18
1777436284552 571.1537322998047 19
1777436285604 603.7489929199219 20
1777436286651 595.3225250244141 21
1777436287681 516.9856185913086 22
1777436288738 484.4182586669922 23
1777436289781 464.13726806640625 24
1777436290822 463.5097351074219 25
1777436291845 471.47625732421875 26
1777436292873 479.4518127441406 27
1777436293907 405.2575378417969 28
1777436294963 419.60555267333984 29
1777436296013 404.46092224121094 30
1777436297105 413.29688262939453 31
1777436298152 363.76615142822266 32
1777436299216 414.0846710205078 33
1777436300256 389.4949645996094 34
1777436301302 378.18101501464844 35
1777436302350 353.75016021728516 36
1777436303379 339.5749053955078 37
1777436304410 354.8811340332031 38
1777436305487 329.7434997558594 39
1777436306530 335.94576263427734 40
1777436307583 315.66915130615234 41
1777436308643 328.40716552734375 42
1777436309705 325.3577880859375 43
1777436310759 265.91890716552734 44
1777436311808 251.78459548950195 45
1777436312851 273.8148498535156 46
1777436313886 275.8279495239258 47
1777436314907 246.92112350463867 48
1777436315950 246.48918914794922 49
1777436316979 270.93619537353516 50
1777436318030 289.73814392089844 51
1777436319070 261.4874839782715 52
1777436320115 237.8222885131836 53
1777436321150 247.05902099609375 54
1777436322209 219.00717163085938 55
1777436323251 237.95322036743164 56
1777436324301 217.19610214233398 57
1777436325351 222.07385635375977 58
1777436326401 248.24352645874023 59
1777436327454 201.06889724731445 60
1777436328513 241.16900253295898 61
1777436329570 205.84001922607422 62
