1777430410299 -1.765983800152474 1
1777430410892 -1.7108048819939898 2
1777430411215 -1.6689811070518763 3
1777430411527 -1.6269389787049966 4
1777430411861 -1.582547657698472 5
1777430412172 -1.532201853013031 6
1777430412469 -1.4778141034135404 7
1777430412813 -1.4146403431496064 8
1777430413137 -1.342225484503555 9
1777430413469 -1.2599823231037615 10
1777430413823 -1.1595960155773217 11
1777430414150 -1.0554503826140684 12
1777430414492 -0.9444561740848698 13
1777430414829 -0.8326971669922145 14
1777430415152 -0.7150148482210934 15
1777430415470 -0.6030313975961226 16
1777430415781 -0.49390572407930944 17
1777430416111 -0.3861820224096386 18
1777430416439 -0.2756407189140342 19
1777430416758 -0.18219067347245366 20
1777430417075 -0.06225748543271292 21
1777430417393 0.05634365677821651 22
1777430417723 0.17046846674997085 23
1777430418041 0.2698840916311528 24
1777430418364 0.3695034390359744 25
1777430418695 0.45272598297527367 26
1777430419006 0.5372055810788255 27
1777430419319 0.6061234044555058 28
1777430419632 0.6742832092685451 29
1777430420043 0.698029313002434 30
1777430420359 0.7665288928321249 31
1777430420674 0.8158157874725389 32
1777430421016 0.8421579999072011 33
1777430421365 0.872511689274577 34
1777430421698 0.8839968184164517 35
1777430422025 0.8959040333998607 36
1777430422353 0.9166723323385381 37
1777430422677 0.8959760777093825 38
1777430422996 0.914545490135931 39
1777430423295 0.9179108655628812 40
1777430423622 0.92603806646477 41
1777430423955 0.920198684439047 42
1777430424275 0.9313352443562462 43
1777430424596 0.9330976772974005 44
1777430424908 0.9314113885634261 45
1777430425240 0.943030826866949 46
1777430425557 0.95087754134564 47
1777430425873 0.9531993556439955 48
1777430426191 0.9362673690756645 49
1777430426522 0.9439334006178858 50
1777430426854 0.950442456044392 51
1777430427201 0.9464243092283967 52
1777430427555 0.9495759466129379 53
1777430427914 0.9472101896061397 54
1777430428265 0.9401491175851029 55
1777430428608 0.9587816229072726 56
1777430428943 0.9648634481112529 57
1777430429268 0.9562527630219695 58
1777430429605 0.9594986593301855 59
1777430429952 0.9586693977957368 60
1777430430312 0.9613898642929274 61
1777430430646 0.964918172667915 62
1777430431004 0.9600246102286267 63
1777430431334 0.9561055495336535 64
1777430431654 0.9607675097052154 65
1777430432018 0.9576451925636854 66
1777430432373 0.9700104047311636 67
1777430432711 0.96262554933182 68
1777430433039 0.9569088548731974 69
1777430433391 0.9678008481590663 70
1777430433728 0.9602238097961607 71
1777430434058 0.9556116996338956 72
1777430434387 0.9656404649682647 73
1777430434708 0.9650875735986887 74
1777430435071 0.9527163768420415 75
1777430435403 0.965355035204361 76
1777430435758 0.9763701759489168 77
1777430436113 0.96899791927546 78
1777430436447 0.9657617424003202 79
1777430436770 0.9596256367335283 80
1777430437106 0.9567085745103591 81
1777430437459 0.9704778829372935 82
1777430437806 0.9684235123019727 83
1777430438164 0.9729241792194182 84
1777430438505 0.9629085778130965 85
1777430438834 0.9633550611513956 86
1777430439158 0.969488635118702 87
1777430439504 0.9649871575876967 88
1777430439837 0.9657542133060844 89
1777430440170 0.9689741506607409 90
1777430440533 0.959184325303868 91
1777430440893 0.964769421102639 92
1777430441254 0.9602890942403886 93
1777430441594 0.9645111879834483 94
1777430441932 0.9673765093409066 95
1777430442290 0.9627275208628298 96
1777430442634 0.9746983613749184 97
1777430442947 0.9774288644688586 98
1777430443288 0.9780137460745755 99
1777430443615 0.9594727794025187 100
1777430443959 0.974597658085134 101
1777430444315 0.9689088813024385 102
1777430444664 0.9682576529862184 103
1777430445016 0.9738999195179228 104
1777430445334 0.9768747295380098 105
1777430445659 0.9748088067337826 106
1777430445978 0.9749682438781547 107
1777430446303 0.9752239095004779 108
1777430446628 0.9726640260339502 109
1777430446938 0.9741413940129428 110
1777430447269 0.9767589298171475 111
1777430447592 0.9723754845760542 112
1777430447964 0.9747469936830713 113
1777430448300 0.9612957664784052 114
1777430448624 0.9702102227575521 115
1777430448978 0.9790947436028595 116
1777430449296 0.9743502166313771 117
1777430449604 0.9743097732026362 118
1777430449931 0.9734614458547581 119
1777430450241 0.9780801935307586 120
1777430450540 0.9767123938039036 121
1777430450853 0.9807460326971831 122
1777430451174 0.9802105792115238 123
1777430451496 0.9788559458737734 124
1777430451810 0.977150630802698 125
1777430452130 0.9748255112496471 126
1777430452443 0.9781468693070575 127
1777430452760 0.9781016512560392 128
1777430453081 0.9752169113216557 129
1777430453395 0.9702783720467887 130
1777430453702 0.9796479680933795 131
1777430454020 0.9688125531458818 132
1777430454342 0.9732045069641042 133
1777430454667 0.9828953257119575 134
1777430454987 0.9795827796884874 135
1777430455311 0.9742851285389132 136
1777430455646 0.9760562396608201 137
1777430455972 0.9803597017595698 138
1777430456285 0.9813310640840655 139
1777430456617 0.9782434952783741 140
1777430456921 0.979862506691064 141
1777430457261 0.9831577096865662 142
1777430457597 0.9767086990041198 143
1777430457930 0.9809711412021836 144
