1777430410299 156.56066429501487 1
1777430410892 154.01615397135416 2
1777430411215 152.03524228050594 3
1777430411527 150.07766810825893 4
1777430411861 147.95138854980468 5
1777430412172 145.6478037516276 6
1777430412469 143.18112124488468 7
1777430412813 140.48111194428944 8
1777430413137 137.52825942266554 9
1777430413469 134.28836553664433 10
1777430413823 130.59746994745163 11
1777430414150 126.60199708484468 12
1777430414492 122.27049691336495 13
1777430414829 117.28084644135974 14
1777430415152 112.18619384765626 15
1777430415470 107.14664233979725 16
1777430415781 102.09301002139136 17
1777430416111 96.81409236363002 18
1777430416439 91.6651599702381 19
1777430416758 86.31207333519345 20
1777430417075 80.69640441167923 21
1777430417393 75.28947187151228 22
1777430417723 69.28187401181175 23
1777430418041 63.75727393740699 24
1777430418364 57.95230959937686 25
1777430418695 53.487347121465774 26
1777430419006 48.48333507719494 27
1777430419319 43.24028040568034 28
1777430419632 38.909309968494235 29
1777430420043 36.790404183524 30
1777430420359 32.952306402297246 31
1777430420674 28.458485775902158 32
1777430421016 26.344046002342587 33
1777430421365 23.372480301629928 34
1777430421698 22.85314125787644 35
1777430422025 21.61340306599935 36
1777430422353 19.421062832786923 37
1777430422677 21.79214143298921 38
1777430422996 19.945427976335797 39
1777430423295 19.272552562895275 40
1777430423622 17.974675732567196 41
1777430423955 19.424173881894067 42
1777430424275 18.35063558306013 43
1777430424596 17.585268928891136 44
1777430424908 17.678289104643323 45
1777430425240 15.307962726411365 46
1777430425557 14.197395451863606 47
1777430425873 13.959239887055897 48
1777430426191 17.021986588977633 49
1777430426522 15.633609426589238 50
1777430426854 14.803556696573894 51
1777430427201 15.725034305027553 52
1777430427555 14.946562067667644 53
1777430427914 15.609120396205357 54
1777430428265 16.848976498558407 55
1777430428608 13.149601418631418 56
1777430428943 12.052451406206403 57
1777430429268 13.767001942225866 58
1777430429605 13.589906874157133 59
1777430429952 13.409767605009533 60
1777430430312 12.632060123625255 61
1777430430646 12.14225816272554 62
1777430431004 13.137612056732177 63
1777430431334 14.03367347717285 64
1777430431654 13.07861467997233 65
1777430432018 13.539209756397065 66
1777430432373 11.036824253627232 67
1777430432711 12.65562965756371 68
1777430433039 13.772645841326032 69
1777430433391 11.447524461292085 70
1777430433728 12.51178118387858 71
1777430434058 13.35660466239566 72
1777430434387 11.847144935244605 73
1777430434708 12.050853157043457 74
1777430435071 14.339770625886462 75
1777430435403 12.18014581771124 76
1777430435758 9.355725460960752 77
1777430436113 11.447802552722749 78
1777430436447 11.703675369989304 79
1777430436770 13.54607191539946 80
1777430437106 14.096246101742699 81
1777430437459 10.718727565947033 82
1777430437806 11.150767508007231 83
1777430438164 10.23008743467785 84
1777430438505 12.50487895238967 85
1777430438834 12.361985833304269 86
1777430439158 11.57907861982073 87
1777430439504 11.84265863327753 88
1777430439837 11.978576496669225 89
1777430440170 10.554202343168713 90
1777430440533 13.22778338477725 91
1777430440893 12.016422453380766 92
1777430441254 12.753761890956334 93
1777430441594 12.366172154744467 94
1777430441932 11.638205237615676 95
1777430442290 12.53331796555292 96
1777430442634 10.019703301929292 97
1777430442947 9.419090479896182 98
1777430443288 9.063480631510417 99
1777430443615 13.253225744338263 100
1777430443959 10.064661534627279 101
1777430444315 11.241987646193731 102
1777430444664 11.03649193899972 103
1777430445016 9.934661538260324 104
1777430445334 9.463531607673282 105
1777430445659 9.625930468241373 106
1777430445978 9.886275745573498 107
1777430446303 9.562402579897926 108
1777430446628 10.396343194870722 109
1777430446938 10.083139764694941 110
1777430447269 9.448835082281203 111
1777430447592 10.203524189903623 112
1777430447964 9.682000596182688 113
1777430448300 12.65088019598098 114
1777430448624 10.730044755481538 115
1777430448978 8.778605415707542 116
1777430449296 9.743064871288482 117
1777430449604 9.963181640988305 118
1777430449931 10.102788943336124 119
1777430450241 8.661160042172387 120
1777430450540 9.240844027201335 121
1777430450853 8.302447609674363 122
1777430451174 8.471026402428036 123
1777430451496 8.716958309355237 124
1777430451810 9.447700445992606 125
1777430452130 9.690855489458357 126
1777430452443 8.813865743364607 127
1777430452760 8.961778259277343 128
1777430453081 10.100182179042271 129
1777430453395 10.968202808925083 130
1777430453702 8.648395483834403 131
1777430454020 11.40963883172898 132
1777430454342 9.939965920221239 133
1777430454667 7.487796965099516 134
1777430454987 8.681557555425735 135
1777430455311 9.876035672142391 136
1777430455646 9.625548680623373 137
1777430455972 8.435931945982434 138
1777430456285 8.024879455566406 139
1777430456617 8.89442811693464 140
1777430456921 8.394812447684151 141
1777430457261 7.5845519837879 142
1777430457597 8.82794322059268 143
1777430457930 8.004059346516927 144
