1777236496551 204.02118304971862 1
1777236515566 169.08639945954866 2
1777236525594 109.62898449964413 3
1777236534279 49.518345575306725 4
1777236539018 33.68076818999513 5
1777236596720 29.837440916701716 6
1777236605009 27.547807523848792 7
1777236614070 25.924593684948036 8
1777236628765 25.477634824979635 9
1777236647948 23.956969211893373 10
1777236660636 23.840212685054436 11
1777236669088 22.292609461512974 12
1777236719236 22.463238890044103 13
1777236723544 22.512429897900912 14
1777236728691 21.91950365012141 15
1777236732437 21.93462216809849 16
1777236739900 21.316131644555405 17
1777236747308 20.55318830505821 18
1777236753184 20.061102702372814 19
1777236764442 20.448669560789963 20
1777236816244 19.953536334347863 21
1777236832946 19.558300242744597 22
1777236839111 19.629098805170578 23
1777236853732 18.743540886017666 24
1777236857920 17.98706628157075 25
1777236932134 17.33103728320988 26
1777236934001 17.086500521063286 27
1777236935867 16.531156468271455 28
1777236937983 15.808129314901112 29
1777236968178 15.854109794516148 30
1777236970685 14.950316266216344 31
1777236973160 14.725070924039036 32
1777236975757 14.533612089097627 33
1777236979371 13.96531547519449 34
1777237057731 14.928440073507508 35
1777237060127 13.832176368138203 36
1777237062100 13.653561539054646 37
1777237063930 13.830396273236357 38
1777237065789 13.842815561128102 39
1777237067656 13.080686637803288 40
1777237070036 13.369202246338173 41
1777237072196 12.845139562821023 42
1777237074216 12.829045683556776 43
1777237077321 12.829238884518318 44
1777237104181 12.724585740705791 45
1777237110612 12.59515987716441 46
1777237116935 12.194960863784399 47
1777237120403 12.498285040124292 48
1777237145816 12.32503646617179 49
1777237159402 12.2367156430009 50
1777237166836 11.737392604560231 51
