1777437405930 -1.851535521605614 1
1777437406924 -1.635005789993977 2
1777437407906 -1.3008440077318373 3
1777437408903 -0.8301054352058228 4
1777437409927 -0.3437093104380219 5
1777437410939 0.13993707445220246 6
1777437411959 0.5216142272835276 7
1777437413150 0.7606432669862592 8
1777437414169 0.8669254469813603 9
1777437415204 0.9055864359347643 10
1777437416221 0.9254851052085982 11
1777437417241 0.9393475518614067 12
1777437418236 0.9456096740947445 13
1777437419260 0.9516968417075744 14
1777437420278 0.954421754147284 15
1777437421295 0.9584131226030465 16
1777437422308 0.9617595769455346 17
1777437423319 0.9658304889000451 18
1777437424327 0.9670955996322467 19
1777437425341 0.9650101066606431 20
1777437426365 0.969368172618627 21
1777437427379 0.9679190675291472 22
1777437428401 0.9695185994438236 23
1777437429426 0.9712092129064334 24
1777437430429 0.9730457799690613 25
1777437431405 0.971732766877796 26
1777437432374 0.9735085830504718 27
1777437433351 0.9761991818968173 28
1777437434325 0.9757160943703411 29
1777437435297 0.9773957866266211 30
1777437436252 0.9751514405716094 31
1777437437220 0.9756372815502606 32
1777437438182 0.97607491899891 33
1777437439138 0.9784241360822754 34
1777437440100 0.9769687987694533 35
1777437441076 0.9792931329499268 36
1777437442053 0.9797429614181209 37
1777437443029 0.979247848777381 38
1777437444007 0.9814918607624217 39
1777437444982 0.9825249867143631 40
1777437445959 0.9818189453377713 41
1777437446930 0.9832869802263462 42
1777437447911 0.981917396026779 43
1777437448902 0.9821887623578425 44
1777437449888 0.9831161213877292 45
1777437450864 0.9803373251131083 46
1777437451839 0.9828846495743757 47
1777437452815 0.9827250909993951 48
1777437453793 0.9841530339191746 49
1777437454769 0.9839637125443345 50
1777437455745 0.9831773048867876 51
1777437456712 0.9855511173554141 52
1777437457701 0.984017466375591 53
1777437458666 0.9839349054512905 54
1777437459656 0.9853712960778305 55
1777437460670 0.9846746553338561 56
1777437461683 0.9850186555878169 57
1777437462690 0.9864018952413698 58
1777437463687 0.9873895658442058 59
1777437464659 0.9873268271321832 60
1777437465642 0.9875586161195151 61
1777437466616 0.9856864128106209 62
1777437467592 0.9866855160934406 63
1777437468569 0.9868041373653937 64
1777437469545 0.9859284857861704 65
1777437470537 0.9872445061712449 66
1777437471513 0.9881363743752538 67
1777437472486 0.9865868130386867 68
1777437473458 0.9869259495838855 69
1777437474440 0.9881711485860855 70
1777437475416 0.9889869347560132 71
1777437476393 0.9885316025382669 72
1777437477368 0.9889668627357054 73
1777437478342 0.9890903376521945 74
1777437479319 0.989464397491893 75
1777437480314 0.9890300716482079 76
1777437481294 0.989511610252982 77
1777437482274 0.988625935945517 78
1777437483254 0.9876982017886036 79
1777437484229 0.9890898353500159 80
1777437485203 0.9896530421791329 81
1777437486178 0.9888156320490407 82
1777437487156 0.9899945884716609 83
1777437488133 0.9893957705114101 84
1777437489131 0.9866420664626014 85
1777437490110 0.990178435919971 86
1777437491106 0.9906046640989974 87
1777437492085 0.9914473553925462 88
1777437493060 0.9908163594260226 89
1777437495281 0.9906495578273937 90
1777437496548 0.9912872150850676 91
1777437497532 0.9909213488364518 92
1777437498512 0.9909399574859072 93
1777437499489 0.9893968770384443 94
1777437500468 0.9904793590164844 95
1777437501448 0.9913314727702008 96
1777437502444 0.990692962306593 97
1777437503430 0.9909102574597366 98
1777437504419 0.9912078138328794 99
1777437505414 0.9911715851299614 100
1777437506409 0.9914111801886992 101
1777437507398 0.9920151602170632 102
1777437508384 0.9906625120162134 103
1777437509371 0.9910564056367666 104
1777437510363 0.9918369669566505 105
1777437511351 0.9920811749480485 106
1777437512343 0.991588159190187 107
1777437513346 0.989877579211075 108
1777437514347 0.9910655013624605 109
1777437515396 0.9923480740797275 110
1777437516419 0.992268529881045 111
1777437517563 0.992518117210595 112
1777437518590 0.9920139028257728 113
1777437519644 0.9906891176357638 114
1777437520692 0.9925939515520853 115
1777437521729 0.9913998800355671 116
1777437522767 0.9912496106930304 117
1777437523907 0.9922721109215488 118
1777437524910 0.99254960707711 119
1777437525912 0.9921429970533502 120
1777437526907 0.9925484661091121 121
1777437527908 0.9923935901638596 122
1777437528911 0.993084174043072 123
1777437529915 0.9929598102453754 124
1777437530913 0.993044899320886 125
