1777437405930 37700.779296875 1
1777437406924 34837.994140625 2
1777437407906 30419.96826171875 3
1777437408903 24196.22900390625 4
1777437409927 17765.4775390625 5
1777437410939 11371.081298828125 6
1777437411959 6324.843994140625 7
1777437413150 3164.5882568359375 8
1777437414169 1759.4080810546875 9
1777437415204 1248.2625732421875 10
1777437416221 985.1778869628906 11
1777437417241 801.8994140625 12
1777437418236 719.1065063476562 13
1777437419260 638.6267242431641 14
1777437420278 602.6000366210938 15
1777437421295 549.8293304443359 16
1777437422308 505.58509826660156 17
1777437423319 451.7626419067383 18
1777437424327 435.0363464355469 19
1777437425341 462.6091079711914 20
1777437426365 404.99017333984375 21
1777437427379 424.14910888671875 22
1777437428401 403.0013427734375 23
1777437429426 380.6493682861328 24
1777437430429 356.36769104003906 25
1777437431405 373.7273483276367 26
1777437432374 350.24888610839844 27
1777437433351 314.6758728027344 28
1777437434325 321.06290435791016 29
1777437435297 298.85530853271484 30
1777437436252 328.52828216552734 31
1777437437220 322.1048889160156 32
1777437438182 316.3187789916992 33
1777437439138 285.25926971435547 34
1777437440100 304.50060272216797 35
1777437441076 273.7700729370117 36
1777437442053 267.8227767944336 37
1777437443029 274.3687744140625 38
1777437444007 244.70019149780273 39
1777437444982 231.04101943969727 40
1777437445959 240.37574005126953 41
1777437446930 220.96652221679688 42
1777437447911 239.07410430908203 43
1777437448902 235.4862937927246 44
1777437449888 223.22549057006836 45
1777437450864 259.9645538330078 46
1777437451839 226.28582763671875 47
1777437452815 228.3953971862793 48
1777437453793 209.51623916625977 49
1777437454769 212.01929473876953 50
1777437455745 222.41656875610352 51
1777437456712 191.0318717956543 52
1777437457701 211.30860137939453 53
1777437458666 212.40016555786133 54
1777437459656 193.4093246459961 55
1777437460670 202.6197624206543 56
1777437461683 198.0716667175293 57
1777437462690 179.7835464477539 58
1777437463687 166.72533416748047 59
1777437464659 167.55481338500977 60
1777437465642 164.49028778076172 61
1777437466616 189.24310302734375 62
1777437467592 176.03373336791992 63
1777437468569 174.46541595458984 64
1777437469545 186.0426025390625 65
1777437470537 168.64320755004883 66
1777437471513 156.85161209106445 67
1777437472486 177.33870697021484 68
1777437473458 172.85491561889648 69
1777437474440 156.39185333251953 70
1777437475416 145.60617446899414 71
1777437476393 151.62621307373047 72
1777437477368 145.8715476989746 73
1777437478342 144.23905563354492 74
1777437479319 139.29352951049805 75
1777437480314 145.0358428955078 76
1777437481294 138.66931915283203 77
1777437482274 150.3790168762207 78
1777437483254 162.64479446411133 79
1777437484229 144.2457046508789 80
1777437485203 136.79941368103027 81
1777437486178 147.87099838256836 82
1777437487156 132.2837619781494 83
1777437488133 140.20086288452148 84
1777437489131 176.6081886291504 85
1777437490110 129.8530673980713 86
1777437491106 124.21781730651855 87
1777437492085 113.07640266418457 88
1777437493060 121.4189395904541 89
1777437495281 123.62426376342773 90
1777437496548 115.19365310668945 91
1777437497532 120.03085136413574 92
1777437498512 119.78482246398926 93
1777437499489 140.18623161315918 94
1777437500468 125.8745002746582 95
1777437501448 114.60851287841797 96
1777437502444 123.05040550231934 97
1777437503430 120.17750358581543 98
1777437504419 116.24343872070312 99
1777437505414 116.72242546081543 100
1777437506409 113.5546817779541 101
1777437507398 105.56933212280273 102
1777437508384 123.45299530029297 103
1777437509371 118.24524116516113 104
1777437510363 107.92525863647461 105
1777437511351 104.69653511047363 106
1777437512343 111.21480941772461 107
1777437513346 133.8307590484619 108
1777437514347 118.1249771118164 109
1777437515396 101.16780662536621 110
1777437516419 102.21947479248047 111
1777437517563 98.91962623596191 112
1777437518590 105.5859546661377 113
1777437519644 123.10123252868652 114
1777437520692 97.91700553894043 115
1777437521729 113.7040843963623 116
1777437522767 115.69083023071289 117
1777437523907 102.1721305847168 118
1777437524910 98.5032901763916 119
1777437525912 103.87916946411133 120
1777437526907 98.51837921142578 121
1777437527908 100.5660228729248 122
1777437528911 91.4356632232666 123
1777437529915 93.07990264892578 124
1777437530913 91.95491981506348 125
