1777428432137 214.32849349771485 1
1777428432581 212.80901245306788 2
1777428433212 211.38706721911822 3
1777428434078 210.15453763242897 4
1777428434679 208.84036217886617 5
1777428435524 207.46050075857815 6
1777428436099 205.94046849150362 7
1777428436939 204.2611590433923 8
1777428437616 202.40067008288287 9
1777428437903 200.20794853414287 10
1777428438370 197.65006166201923 11
1777428438855 194.78666214605147 12
1777428439160 191.4400913961075 13
1777428439910 187.84390336460217 14
1777428441187 184.09845786290552 15
1777428441754 179.9318013164988 16
1777428442340 175.46020404389424 17
1777428442986 170.81771397091697 18
1777428443468 165.8054677174429 19
1777428443966 161.02805098219687 20
1777428444502 155.9188052421035 21
1777428445339 151.52047742178283 22
1777428446052 146.06356305774895 23
1777428446685 140.0434642352152 24
1777428447075 133.9506016107244 25
1777428447494 128.7697876177677 26
1777428447787 123.04732638806095 27
1777428448283 117.88954708751747 28
1777428448785 111.03968885042862 29
1777428449076 105.07010308598731 30
1777428449494 98.90310520276904 31
1777428450226 93.15513354748626 32
1777428450710 87.3873214220032 33
1777428451074 80.23990821962441 34
1777428451379 74.48220018589173 35
1777428451811 69.10644458799591 36
1777428452111 64.4522556759556 37
1777428452502 58.03928912410325 38
1777428452924 53.58613511863983 39
1777428453217 51.26205317486927 40
1777428453547 45.992521258556266 41
1777428453874 42.023224721761004 42
1777428454206 38.59104874149898 43
1777428454547 38.26511777430262 44
1777428454912 37.0032116295118 45
1777428455208 35.08068963341869 46
1777428455513 35.10494346476095 47
1777428455827 34.17989910648783 48
1777428456128 31.25580707763309 49
1777428456411 31.17742255617186 50
1777428456685 32.75232577619489 51
1777428456960 32.06757087093595 52
1777428457236 29.001192265698858 53
1777428457509 30.09510782729842 54
1777428457788 26.95900185024881 55
1777428458062 32.13478883267031 56
1777428458336 30.60403459666307 57
1777428458610 29.82169915069185 58
1777428458887 27.528615039556453 59
1777428459156 28.884892870371054 60
1777428459430 26.916383472129944 61
1777428459705 25.17258665001163 62
1777428459985 28.835490886544115 63
1777428460269 25.842854900611552 64
1777428460570 24.394503415216306 65
1777428460848 23.525968447786585 66
1777428461124 25.334492037860286 67
1777428461401 23.956535400155555 68
1777428461688 26.86960451835226 69
1777428461963 25.50982237487467 70
1777428462239 25.83056126970168 71
1777428462531 25.271115378252254 72
1777428462811 26.62569458821098 73
1777428463155 24.69640489121405 74
1777428463581 25.457576392908678 75
1777428463855 25.41956523772584 76
1777428464132 27.92415154926097 77
1777428464415 21.68829361840449 78
1777428464688 25.286253029762165 79
1777428464965 21.350004516886962 80
1777428465241 25.910497521968534 81
1777428465518 24.494547334480256 82
1777428465797 22.36052418867204 83
1777428466071 23.820231786924587 84
1777428466354 25.820169487122854 85
1777428466629 22.107589509397346 86
1777428466911 20.787056431536683 87
1777428467218 21.611789791866208 88
1777428467498 20.048044100750204 89
1777428467775 22.677806286085495 90
1777428468052 22.74779189576018 91
1777428468326 25.17269333516169 92
1777428468603 21.13464207653219 93
1777428468880 23.078915757441088 94
1777428469155 22.937352317729616 95
1777428469429 22.503975072039356 96
1777428469704 21.611638698768164 97
1777428469980 20.646469501608728 98
1777428470255 20.757475092525027 99
1777428470541 20.846381574648856 100
1777428470819 26.72289235981425 101
1777428471093 24.065487842097134 102
1777428471367 22.53214798617952 103
1777428471646 26.582126251207903 104
1777428471919 21.113465901713354 105
1777428472196 20.00961530339461 106
1777428472477 22.17633962272629 107
1777428472756 22.930036198370768 108
1777428473035 24.750457451186005 109
1777428473309 19.802550118884625 110
1777428473586 22.648143754562838 111
1777428473859 23.501881625550883 112
1777428474133 24.889547263626177 113
1777428474428 21.466102314672415 114
1777428474702 23.154937336276145 115
1777428474976 21.35369560900664 116
1777428475254 19.646315740310413 117
1777428475528 22.46831196873965 118
1777428475808 20.35888633814943 119
1777428476086 20.91244346670295 120
1777428476376 18.22737788842652 121
1777428476658 20.288684205416313 122
1777428476947 18.975894292733198 123
1777428477222 20.37724282493793 124
1777428477497 21.75509829345325 125
1777428477772 21.47485087190836 126
1777428478046 20.083146259286043 127
1777428478321 19.744215492395647 128
1777428478600 20.198601944387452 129
1777428478872 21.235338606033356 130
1777428479152 18.93998878164473 131
1777428479427 20.21024441940739 132
