1777427472824 -1.770940484345668 1
1777427476105 -1.7331720899359553 2
1777427476429 -1.6979139991356496 3
1777427476904 -1.666129636157534 4
1777427477237 -1.6332063363585334 5
1777427492864 -1.5981958192983776 6
1777427496612 -1.5600070372477917 7
1777427496918 -1.5192916932765286 8
1777427497244 -1.4740945767038602 9
1777427497561 -1.422988858335433 10
1777427497863 -1.3617987674345264 11
1777427498176 -1.2927008295912379 12
1777427510705 -1.2155669463306746 13
1777427511025 -1.1331633094878382 14
1777427513678 -1.043305009003987 15
1777427513978 -0.9470940140301893 16
1777427516925 -0.8540958575215212 17
1777427517226 -0.7425256630769399 18
1777427530384 -0.642760621220732 19
1777427533932 -0.5437060131735731 20
1777427534236 -0.4444274921813729 21
1777427537706 -0.34981200577254046 22
1777427542694 -0.2528897945012645 23
1777427542987 -0.14703633695815466 24
1777427543289 -0.03805478435743037 25
1777427543617 0.05299709745750425 26
1777427543938 0.13557245500926574 27
1777427549874 0.23227547729589582 28
1777427555508 0.3082978054115755 29
1777427558003 0.37382213098431893 30
1777427558343 0.4643599194293192 31
1777427558654 0.5293235171674691 32
1777427564667 0.5858958683879998 33
1777427570791 0.6414659998466241 34
1777427571141 0.6973521066310594 35
1777427580577 0.735021481889923 36
1777427588175 0.7763182856054219 37
1777427590478 0.8088020213398739 38
1777427590779 0.8264046865363659 39
1777427591104 0.8516935289305696 40
1777427591402 0.8721798849745093 41
1777427591694 0.889979355070395 42
1777427594193 0.9096472080106048 43
1777427597484 0.8971151998820681 44
1777427604294 0.9225710519557685 45
1777427607511 0.9251709166586448 46
1777427609902 0.9278462791518957 47
1777427615106 0.9189096199000092 48
1777427617759 0.9346523353093907 49
1777427618073 0.9361253965701795 50
1777427618377 0.9402476811360128 51
1777427618721 0.933286714054235 52
1777427627925 0.934221222320642 53
1777427634741 0.9445023318534116 54
1777427641327 0.9471019141861764 55
1777427644255 0.942507997458342 56
1777427644625 0.9507557327666588 57
1777427645452 0.9529778167196501 58
1777427648962 0.9543376786619949 59
1777427652166 0.9441562694212033 60
1777427655199 0.9473693092727574 61
1777427658662 0.9479957016081512 62
1777427661807 0.9558850615888069 63
1777427668308 0.9502434923179934 64
1777427671410 0.9419863109177873 65
1777427671713 0.9518861511700069 66
1777427676783 0.960401389155614 67
1777427677086 0.9569244723916912 68
1777427677385 0.9491425629920677 69
1777427685120 0.9536044155266046 70
1777427688570 0.9598199311193928 71
1777427688873 0.9454505850074251 72
1777427689173 0.9591082012291984 73
1777427696402 0.9552281073824638 74
1777427699400 0.9518164714614469 75
1777427699726 0.9558630500508138 76
1777427702538 0.9631975190559906 77
1777427705210 0.9517480341664153 78
1777427710592 0.9607064103549346 79
1777427713458 0.9568707575932355 80
1777427719293 0.9690432010130543 81
1777427722659 0.9509978999423632 82
1777427728869 0.9648912495094226 83
1777427729182 0.9661122985078474 84
1777427735328 0.9625176963300301 85
1777427739297 0.9669994433276 86
1777427739772 0.956605353898378 87
1777427741916 0.9505019416069542 88
1777427745504 0.9617514164514182 89
1777427747578 0.9544715036195182 90
1777427747938 0.9665929322099407 91
1777427751982 0.9560719280673411 92
1777427755477 0.9600037088333893 93
1777427759204 0.9615200662440505 94
1777427764853 0.9673495612071393 95
1777427768362 0.9692719357562753 96
1777427770273 0.9632016932369203 97
1777427771008 0.9669082229702162 98
1777427777604 0.9625727755216231 99
1777427779931 0.9651236875143236 100
1777427791174 0.9650022263269251 101
1777427794698 0.9655093196006039 102
1777427797866 0.9666900986503564 103
1777427798166 0.960270724598081 104
1777427804605 0.9699228745374657 105
1777427808093 0.9628410453929029 106
1777427816875 0.964611745268063 107
1777427817197 0.9735520567796941 108
1777427817544 0.9721055408856734 109
1777427818564 0.9685875616967501 110
1777427826392 0.962064718346988 111
1777427835847 0.9727077970580665 112
1777427836449 0.9609020836770329 113
1777427840511 0.9683870487987501 114
1777427843838 0.9686872807153568 115
1777427857109 0.9679621184079679 116
1777427863224 0.9611001875189706 117
1777427863587 0.9742245590543538 118
1777427863969 0.975858045194984 119
1777427867100 0.9654533923341855 120
1777427867459 0.9684693881332154 121
1777427871000 0.964969362579744 122
1777427874270 0.9763083270467204 123
1777427877256 0.9666381964999845 124
1777427880770 0.9708421634574798 125
1777427881141 0.9720293689878601 126
1777427881540 0.9655628607032544 127
1777427885416 0.9617107383439139 128
1777427888961 0.9651778501054943 129
1777427892272 0.966259184530718 130
1777427898104 0.9705744200373049 131
1777427902033 0.9700779848791017 132
1777427905232 0.9657523628268341 133
1777427911691 0.9690424156059979 134
1777427921233 0.9626093956232286 135
1777427921605 0.9695389489400831 136
1777427921970 0.9716227370710923 137
1777427922312 0.9631355071361688 138
1777427922615 0.9768004651220865 139
1777427930389 0.9709582677753339 140
1777427943405 0.9731551241366061 141
1777427945177 0.971152097190063 142
1777427955700 0.9637530888652309 143
1777427959251 0.9696440047578755 144
1777427960255 0.976691094672161 145
1777427975880 0.9787951153960417 146
1777427976278 0.9689230035254708 147
1777427976609 0.9726247172937598 148
1777427977154 0.969319684435528 149
1777427979279 0.9725200945372245 150
1777427987414 0.9708751480391727 151
1777427999980 0.9717343252890197 152
1777428010180 0.9756011837896816 153
1777428021104 0.9668794247114837 154
1777428030460 0.9676770130427526 155
1777428030790 0.9768795243977639 156
1777428031138 0.9697972245967921 157
1777428031724 0.9765122156977496 158
1777428044042 0.9694785859352999 159
1777428054084 0.9744481156070854 160
1777428063733 0.9634554275453935 161
1777428067240 0.9734054273238685 162
1777428070695 0.9756269290807176 163
1777428070994 0.9727464934595731 164
1777428071339 0.9611105412993647 165
1777428071631 0.9725234180208965 166
1777428073606 0.9751249330994243 167
1777428077000 0.9760239599316703 168
1777428081183 0.9784857095186099 169
1777428084441 0.9820832348889281 170
1777428085614 0.9793762864565846 171
1777428086408 0.974277992352793 172
1777428090032 0.9743044444618084 173
1777428093210 0.9752415459180418 174
1777428094082 0.9708907328323698 175
1777428099151 0.9812449990712058 176
1777428100098 0.9727767341485725 177
1777428101512 0.980260576836016 178
1777428108648 0.9783129811524847 179
1777428118362 0.9792997486898806 180
1777428118695 0.9699799324453212 181
1777428118995 0.9811150685781193 182
1777428119297 0.9759811294878461 183
1777428119650 0.9773435313069294 184
1777428120000 0.9695006100599455 185
1777428120337 0.9772325076542958 186
1777428120659 0.9809043299917416 187
1777428120978 0.9736079846984971 188
1777428121274 0.9693466929204771 189
1777428124274 0.977287194142329 190
1777428133774 0.9789685989224215 191
1777428134094 0.9782561566850828 192
1777428136843 0.9752263664150571 193
1777428144782 0.9792458648214459 194
1777428148063 0.9771072754960067 195
1777428151433 0.9826010472578256 196
1777428154294 0.9784989741173313 197
1777428156987 0.9756962538456755 198
1777428160324 0.9815923340418645 199
1777428160622 0.9774133451262548 200
1777428160909 0.9828386141552907 201
1777428161202 0.9767663534248261 202
1777428163746 0.978566310191185 203
1777428164073 0.980174441337902 204
1777428164382 0.9760635676099393 205
1777428164688 0.9756045570122954 206
1777428169995 0.980193396836654 207
1777428172851 0.9819369366466502 208
1777428184168 0.9807841891344121 209
1777428184461 0.9807648575855621 210
1777428184767 0.9823782194542685 211
1777428186639 0.9825883032721108 212
1777428186941 0.977638875284116 213
1777428187234 0.9841378926391161 214
1777428187523 0.9842580586791709 215
1777428191274 0.9832515682566314 216
1777428196437 0.9836443850963078 217
1777428197955 0.9844519547937384 218
1777428199623 0.9766676765861035 219
1777428202980 0.9815067123102286 220
1777428207194 0.9832817221882326 221
1777428209040 0.985404677461516 222
1777428209333 0.9803313984796936 223
1777428209633 0.9828371655555775 224
1777428213039 0.9828430320699826 225
1777428219146 0.9800144926745279 226
1777428219445 0.9794492512814622 227
1777428222178 0.9851395887962762 228
1777428225442 0.9831132208063771 229
1777428225737 0.9818040151059164 230
