1777427472824 161.7833709716797 1
1777427476105 160.0611114501953 2
1777427476429 158.40457153320312 3
1777427476904 156.94210815429688 4
1777427477237 155.37075805664062 5
1777427492864 153.70286560058594 6
1777427496612 151.8999786376953 7
1777427496918 149.93463134765625 8
1777427497244 147.85748291015625 9
1777427497561 145.64175415039062 10
1777427497863 143.29168701171875 11
1777427498176 140.73837280273438 12
1777427510705 137.99285888671875 13
1777427511025 134.97174072265625 14
1777427513678 131.67359924316406 15
1777427513978 128.10227966308594 16
1777427516925 124.17758178710938 17
1777427517226 119.60385131835938 18
1777427530384 115.15394592285156 19
1777427533932 110.69683837890625 20
1777427534236 105.87308502197266 21
1777427537706 101.12483215332031 22
1777427542694 96.49449157714844 23
1777427542987 91.43344116210938 24
1777427543289 86.21887969970703 25
1777427543617 81.63634490966797 26
1777427543938 76.33377838134766 27
1777427549874 71.9462661743164 28
1777427555508 68.2756576538086 29
1777427558003 62.46657943725586 30
1777427558343 57.97756576538086 31
1777427558654 53.4665412902832 32
1777427564667 49.15830993652344 33
1777427570791 45.11466598510742 34
1777427571141 42.137454986572266 35
1777427580577 38.689151763916016 36
1777427588175 35.78192138671875 37
1777427590478 33.311866760253906 38
1777427590779 31.76278305053711 39
1777427591104 30.022897720336914 40
1777427591402 27.411483764648438 41
1777427591694 25.744915008544922 42
1777427594193 24.013925552368164 43
1777427597484 26.531288146972656 44
1777427604294 22.954444885253906 45
1777427607511 22.693805694580078 46
1777427609902 22.436037063598633 47
1777427615106 24.368366241455078 48
1777427617759 21.100021362304688 49
1777427618073 21.33780288696289 50
1777427618377 20.472890853881836 51
1777427618721 21.779176712036133 52
1777427627925 21.792936325073242 53
1777427634741 20.10940933227539 54
1777427641327 19.44920539855957 55
1777427644255 20.608638763427734 56
1777427644625 19.067951202392578 57
1777427645452 18.690582275390625 58
1777427648962 18.288206100463867 59
1777427652166 19.73859214782715 60
1777427655199 19.557044982910156 61
1777427658662 19.475887298583984 62
1777427661807 18.023317337036133 63
1777427668308 19.566247940063477 64
1777427671410 20.425189971923828 65
1777427671713 18.865522384643555 66
1777427676783 17.073898315429688 67
1777427677086 17.660091400146484 68
1777427677385 19.388967514038086 69
1777427685120 18.42711067199707 70
1777427688570 17.00592803955078 71
1777427688873 19.88860511779785 72
1777427689173 17.642345428466797 73
1777427696402 18.14698600769043 74
1777427699400 18.840099334716797 75
1777427699726 17.65530776977539 76
1777427702538 16.754798889160156 77
1777427705210 18.911964416503906 78
1777427710592 17.216554641723633 79
1777427713458 18.384782791137695 80
1777427719293 15.471175193786621 81
1777427722659 18.93755531311035 82
1777427728869 16.367862701416016 83
1777427729182 15.890456199645996 84
1777427735328 16.757041931152344 85
1777427739297 15.631961822509766 86
1777427739772 17.312883377075195 87
1777427741916 19.241619110107422 88
1777427745504 16.86370849609375 89
1777427747578 18.37354850769043 90
1777427747938 15.971460342407227 91
1777427751982 17.762950897216797 92
1777427755477 17.450456619262695 93
1777427759204 16.91366195678711 94
1777427764853 15.999104499816895 95
1777427768362 15.380560874938965 96
1777427770273 16.53983497619629 97
1777427771008 16.112258911132812 98
1777427777604 16.383792877197266 99
1777427779931 16.26222801208496 100
1777427791174 16.202512741088867 101
1777427794698 15.957669258117676 102
1777427797866 15.638384819030762 103
1777427798166 17.448017120361328 104
1777427804605 14.730843544006348 105
1777427808093 16.59865951538086 106
1777427816875 16.421630859375 107
1777427817197 14.308263778686523 108
1777427817544 14.670247077941895 109
1777427818564 15.425716400146484 110
1777427826392 16.82455825805664 111
1777427835847 14.949606895446777 112
1777427836449 17.211362838745117 113
1777427840511 15.418825149536133 114
1777427843838 15.371472358703613 115
1777427857109 15.067520141601562 116
1777427863224 16.715194702148438 117
1777427863587 14.031047821044922 118
1777427863969 13.431045532226562 119
1777427867100 15.729966163635254 120
1777427867459 15.408068656921387 121
1777427871000 16.100784301757812 122
1777427874270 13.571475982666016 123
1777427877256 15.916101455688477 124
1777427880770 14.755901336669922 125
1777427881141 14.334364891052246 126
1777427881540 16.154926300048828 127
1777427885416 17.06947135925293 128
1777427888961 15.606568336486816 129
1777427892272 15.860684394836426 130
1777427898104 14.897316932678223 131
1777427902033 14.922724723815918 132
1777427905232 15.805752754211426 133
1777427911691 14.897738456726074 134
1777427921233 16.329294204711914 135
1777427921605 14.99714469909668 136
1777427921970 14.032175064086914 137
1777427922312 16.395654678344727 138
1777427922615 12.978957176208496 139
1777427930389 14.657062530517578 140
1777427943405 14.103618621826172 141
1777427945177 14.41731071472168 142
1777427955700 15.905080795288086 143
1777427959251 15.067892074584961 144
1777427960255 12.988663673400879 145
1777427975880 12.724865913391113 146
1777427976278 15.069636344909668 147
1777427976609 14.185912132263184 148
1777427977154 14.979657173156738 149
1777427979279 13.880509376525879 150
1777427987414 14.614660263061523 151
1777427999980 14.455816268920898 152
1777428010180 13.706764221191406 153
1777428021104 15.098647117614746 154
1777428030460 15.263443946838379 155
1777428030790 13.164262771606445 156
1777428031138 14.887803077697754 157
1777428031724 13.073890686035156 158
1777428044042 14.975485801696777 159
1777428054084 14.453056335449219 160
1777428063733 16.263906478881836 161
1777428067240 13.978646278381348 162
1777428070695 13.743935585021973 163
1777428070994 13.967723846435547 164
1777428071339 16.80450439453125 165
1777428071631 14.302946090698242 166
1777428073606 13.316370964050293 167
1777428077000 13.114014625549316 168
1777428081183 12.951448440551758 169
1777428084441 11.925063133239746 170
1777428085614 12.457634925842285 171
1777428086408 13.464427947998047 172
1777428090032 13.603739738464355 173
1777428093210 12.966866493225098 174
1777428094082 15.006134986877441 175
1777428099151 11.582104682922363 176
1777428100098 14.371598243713379 177
1777428101512 12.361709594726562 178
1777428108648 12.98918342590332 179
1777428118362 12.532809257507324 180
1777428118695 15.32481861114502 181
1777428118995 12.061421394348145 182
1777428119297 13.197319030761719 183
1777428119650 13.256072998046875 184
1777428120000 14.429171562194824 185
1777428120337 13.047038078308105 186
1777428120659 12.014833450317383 187
1777428120978 14.011151313781738 188
1777428121274 15.197235107421875 189
1777428124274 13.120786666870117 190
1777428133774 12.714076042175293 191
1777428134094 12.477781295776367 192
1777428136843 13.416196823120117 193
1777428144782 12.493817329406738 194
1777428148063 13.087724685668945 195
1777428151433 11.61880111694336 196
1777428154294 12.59273624420166 197
1777428156987 13.593804359436035 198
1777428160324 11.985979080200195 199
1777428160622 12.871968269348145 200
1777428160909 11.504692077636719 201
1777428161202 13.199016571044922 202
1777428163746 12.870553970336914 203
1777428164073 12.19566822052002 204
1777428164382 13.381526947021484 205
1777428164688 13.255938529968262 206
1777428169995 12.439058303833008 207
1777428172851 11.828621864318848 208
1777428184168 11.994098663330078 209
1777428184461 12.048789024353027 210
1777428184767 11.282014846801758 211
1777428186639 11.374744415283203 212
1777428186941 13.067849159240723 213
1777428187234 11.24569034576416 214
1777428187523 10.931076049804688 215
1777428191274 11.235346794128418 216
1777428196437 11.421865463256836 217
1777428197955 11.013306617736816 218
1777428199623 13.310174942016602 219
1777428202980 11.7355375289917 220
1777428207194 11.41755485534668 221
1777428209040 10.785836219787598 222
1777428209333 12.217494010925293 223
1777428209633 11.468860626220703 224
1777428213039 11.665213584899902 225
1777428219146 12.339213371276855 226
1777428219445 12.492740631103516 227
1777428222178 10.808992385864258 228
1777428225442 11.453181266784668 229
1777428225737 11.887511253356934 230
