1777428610633 194.84840393066406 1
1777428610928 192.0538330078125 2
1777428611212 190.00401306152344 3
1777428611496 187.9664764404297 4
1777428611786 185.79067993164062 5
1777428612068 183.43272399902344 6
1777428612351 180.89915466308594 7
1777428612642 178.19253540039062 8
1777428612933 175.31101989746094 9
1777428613213 172.2329559326172 10
1777428613495 168.83792114257812 11
1777428613775 165.0140380859375 12
1777428614070 160.7846221923828 13
1777428614353 156.05496215820312 14
1777428614631 151.21005249023438 15
1777428614906 146.00473022460938 16
1777428615183 140.5371856689453 17
1777428615460 134.8367156982422 18
1777428615744 128.85440063476562 19
1777428616035 122.78472900390625 20
1777428616335 116.4488525390625 21
1777428616664 109.90638732910156 22
1777428616969 103.15118408203125 23
1777428617256 96.56346893310547 24
1777428617548 90.67558288574219 25
1777428617866 83.71995544433594 26
1777428618160 77.94635772705078 27
1777428618445 71.00698852539062 28
1777428618730 66.01203155517578 29
1777428619019 60.8948860168457 30
1777428619306 55.165283203125 31
1777428619597 50.49273681640625 32
1777428619884 45.4346809387207 33
1777428620167 41.32780456542969 34
1777428620455 38.43960952758789 35
1777428620744 34.21080780029297 36
1777428621031 31.931612014770508 37
1777428621320 29.552288055419922 38
1777428621604 28.9993896484375 39
1777428621893 27.438894271850586 40
1777428622178 25.835918426513672 41
1777428622465 24.50758171081543 42
1777428622755 24.711671829223633 43
1777428623041 23.058061599731445 44
1777428623328 23.010726928710938 45
1777428623621 22.042158126831055 46
1777428623913 22.76743507385254 47
1777428624200 19.792339324951172 48
1777428624495 20.373016357421875 49
1777428624789 20.857595443725586 50
1777428625075 21.20317840576172 51
1777428625365 20.272741317749023 52
1777428625651 20.52933120727539 53
1777428625952 21.239599227905273 54
1777428626269 19.070140838623047 55
1777428626591 21.09510040283203 56
1777428626892 21.015256881713867 57
1777428627180 20.105838775634766 58
1777428627466 19.9833927154541 59
1777428627754 19.16787338256836 60
1777428628039 18.96767234802246 61
1777428628338 19.50786781311035 62
1777428628631 18.926565170288086 63
1777428628920 16.69060707092285 64
1777428629208 19.392335891723633 65
1777428629511 17.801448822021484 66
1777428629804 18.54538345336914 67
1777428630104 17.246042251586914 68
1777428630395 17.575908660888672 69
1777428630698 17.9580020904541 70
1777428631001 20.357757568359375 71
1777428631296 17.179962158203125 72
1777428631601 17.569337844848633 73
1777428631911 16.196395874023438 74
1777428632226 15.539794921875 75
1777428632541 17.20683479309082 76
1777428632845 16.200260162353516 77
1777428633150 17.071271896362305 78
1777428633458 17.228166580200195 79
1777428633770 18.41986846923828 80
1777428634082 17.67869758605957 81
1777428634403 18.862638473510742 82
1777428634711 17.020118713378906 83
