1777248633152 185.63721356484305 1
1777248634992 172.47655121046728 2
1777248636796 153.25852216002664 3
1777248638740 126.89485898692679 4
1777248640664 94.4821840430734 5
1777248642551 61.786951352005765 6
1777248651613 38.80451282449701 7
1777248684975 27.492505456249084 8
1777248695728 23.191209353381442 9
1777248701852 21.202891989868665 10
1777248708726 20.153849121380468 11
1777248714380 18.655948143878966 12
1777248717959 17.928180837155228 13
1777248719779 18.085989703784882 14
1777248723690 17.303306761476758 15
1777248729027 16.93919491462685 16
1777248801104 16.436431076130443 17
1777248802906 16.586227706398464 18
1777248804700 15.61039096229719 19
1777248806712 15.825207661322406 20
1777248809020 15.490895319348983 21
1777248810993 15.363359149623744 22
1777248812804 15.197572564994736 23
1777248814628 14.989102372210374 24
1777248816485 14.516365129445065 25
1777248819013 14.793733486818413 26
1777248821753 14.629523739055962 27
1777248825116 14.430978318291135 28
1777248829108 14.883720212478323 29
1777248831887 14.05405527138388 30
1777248835313 14.335140981354996 31
1777248901906 13.779968604996704 32
1777248913251 13.410341098402363 33
1777248917555 14.031199591788416 34
1777248921017 13.195503926571158 35
1777248924940 13.133373482256726 36
1777248927849 13.593159967020409 37
1777248930878 12.799157697371854 38
1777248934100 13.066845704132994 39
1777248942978 12.424519991916695 40
1777248946548 12.792847908320178 41
1777248950402 12.384744386566574 42
1777248953921 12.41300709265789 43
1777248958482 12.51138793017958 44
1777248999562 11.8677332171957 45
1777249013832 11.91614418052185 46
1777249016073 11.910438076608404 47
