1777121852238 48399.2421875 1
1777121852876 47127.3515625 2
1777121853514 45923.30078125 3
1777121854155 44381.89453125 4
1777121854814 42435.78125 5
1777121855451 39993.28125 6
1777121856089 37410.71484375 7
1777121856728 34687.99609375 8
1777121857363 31844.8671875 9
1777121858001 28801.791015625 10
1777121858637 25847.07421875 11
1777121859274 22768.841796875 12
1777121859912 19538.966796875 13
1777121860545 16088.666015625 14
1777121861179 12806.9951171875 15
1777121861812 9985.5126953125 16
1777121862450 7483.59130859375 17
1777121863083 5470.26416015625 18
1777121863718 3797.187255859375 19
1777121864354 2558.6259765625 20
1777121864992 2019.928955078125 21
1777121865646 1375.888427734375 22
1777121866288 1157.087646484375 23
1777121866926 1129.3697509765625 24
1777121867560 1114.892333984375 25
1777121868195 898.0645141601562 26
1777121868829 824.8033447265625 27
1777121869468 750.8797607421875 28
1777121870105 857.8847045898438 29
1777121870743 778.4953002929688 30
1777121871378 719.2816772460938 31
1777121872020 673.7311401367188 32
1777121872654 663.6290283203125 33
1777121873287 748.00927734375 34
1777121873922 657.6102905273438 35
1777121874557 546.4375610351562 36
1777121875196 543.3601684570312 37
1777121875847 629.679443359375 38
1777121876486 485.99603271484375 39
1777121877121 554.4082641601562 40
1777121877756 529.1354370117188 41
1777121878393 556.2267456054688 42
1777121879031 542.0203857421875 43
1777121879669 450.1304016113281 44
1777121880309 456.22027587890625 45
1777121880953 412.2705993652344 46
1777121881592 412.1701965332031 47
1777121882230 471.2956848144531 48
1777121882866 377.0301818847656 49
1777121883499 478.5592041015625 50
1777121884135 373.70068359375 51
1777121884769 403.08721923828125 52
1777121885422 394.0116882324219 53
1777121886059 373.7413024902344 54
1777121886698 395.369384765625 55
1777121887331 380.8995056152344 56
1777121887960 390.3444519042969 57
1777121888596 369.43731689453125 58
1777121889231 347.40692138671875 59
1777121889868 328.45794677734375 60
1777121890507 341.4280090332031 61
1777121891143 374.5767822265625 62
1777121891778 297.9919128417969 63
1777121892414 292.1805725097656 64
1777121893048 354.2269287109375 65
1777121893686 335.234375 66
1777121894317 260.92919921875 67
1777121894950 271.669921875 68
1777121895606 286.6596374511719 69
1777121896242 292.9453125 70
1777121896880 249.50851440429688 71
