1777121852238 175.93261265712897 1
1777121852876 172.35772899491684 2
1777121853514 168.9881941830464 3
1777121854155 164.91816632946913 4
1777121854814 160.19373053545704 5
1777121855451 154.68176376547888 6
1777121856089 148.27220139539708 7
1777121856728 141.21520222898536 8
1777121857363 133.73082978846662 9
1777121858001 125.52023398367582 10
1777121858637 116.73360583574572 11
1777121859274 107.21891868497669 12
1777121859912 96.73321584036029 13
1777121860545 85.40865309429336 14
1777121861179 73.93097984630556 15
1777121861812 63.092228998154106 16
1777121862450 53.29991784867733 17
1777121863083 44.20510162295548 18
1777121863718 35.997381427704696 19
1777121864354 29.0086020776781 20
1777121864992 25.8903638348114 21
1777121865646 20.96955703142301 22
1777121866288 19.313437783460323 23
1777121866926 19.013832394941588 24
1777121867560 18.889899038139802 25
1777121868195 17.069290720740653 26
1777121868829 16.00860877736558 27
1777121869468 15.030133091866935 28
1777121870105 16.783503298868148 29
1777121870743 15.335485200865236 30
1777121871378 14.8285870114521 31
1777121872020 14.068642925616944 32
1777121872654 14.355876202474624 33
1777121873287 15.256561725199536 34
1777121873922 13.832579329026366 35
1777121874557 12.684537304555512 36
1777121875196 12.567404849009511 37
1777121875847 13.851057479564103 38
1777121876486 11.618469900446701 39
1777121877121 12.928806503915704 40
1777121877756 12.777017093972809 41
1777121878393 12.711292818650247 42
1777121879031 12.380992211074874 43
1777121879669 10.931096542376235 44
1777121880309 11.125407129195194 45
1777121880953 10.70932165911712 46
1777121881592 10.485979915152928 47
1777121882230 11.295684220287828 48
1777121882866 9.979485438763225 49
1777121883499 11.78201876907304 50
1777121884135 10.110033891968808 51
1777121884769 10.60297805144033 52
1777121885422 10.514947492709847 53
1777121886059 9.711460673690608 54
1777121886698 10.549031971073653 55
1777121887331 10.129343584641457 56
1777121887960 10.340312107761724 57
1777121888596 9.88570594676122 58
1777121889231 9.642519964243778 59
1777121889868 9.245560819401788 60
1777121890507 9.474338578871299 61
1777121891143 9.336808584225519 62
1777121891778 8.651720087128309 63
1777121892414 8.558452490823859 64
1777121893048 9.891973754106942 65
1777121893686 9.507778717857018 66
1777121894317 7.924963632290437 67
1777121894950 8.219720871667288 68
1777121895606 8.32307212022506 69
1777121896242 8.557632982487013 70
1777121896880 7.7583289400030475 71
