1777121852238 -2.0890218797266327 1
1777121852876 -2.0078449142941213 2
1777121853514 -1.9309979679348808 3
1777121854155 -1.8326196958571925 4
1777121854814 -1.7084114126888656 5
1777121855451 -1.5525219639935464 6
1777121856089 -1.3876926295227028 7
1777121856728 -1.2139186090701517 8
1777121857363 -1.0324594786206038 9
1777121858001 -0.8382387237097193 10
1777121858637 -0.6496577128619705 11
1777121859274 -0.4531931950960073 12
1777121859912 -0.24705051000451572 13
1777121860545 -0.02683925468166537 14
1777121861179 0.18260931713639494 15
1777121861812 0.3626869931867105 16
1777121862450 0.5223690172960538 17
1777121863083 0.6508671452566223 18
1777121863718 0.7576492092194491 19
1777121864354 0.8366988466287584 20
1777121864992 0.8710805270149472 21
1777121865646 0.9121856241277854 22
1777121866288 0.92615031332209 23
1777121866926 0.9279193711878263 24
1777121867560 0.9288433696801807 25
1777121868195 0.9426821418718365 26
1777121868829 0.947357946055005 27
1777121869468 0.9520760238455451 28
1777121870105 0.9452465675049526 29
1777121870743 0.9503134937027089 30
1777121871378 0.9540927334312238 31
1777121872020 0.9569999381532378 32
1777121872654 0.9576446975395136 33
1777121873287 0.9522592316543791 34
1777121873922 0.9580288306627444 35
1777121874557 0.9651242967822229 36
1777121875196 0.9653207082639951 37
1777121875847 0.9598114882478478 38
1777121876486 0.9689819043586521 39
1777121877121 0.9646155787580784 40
1777121877756 0.9662285836018208 41
1777121878393 0.9644995135069887 42
1777121879031 0.9654062184937771 43
1777121879669 0.9712709806188362 44
1777121880309 0.9708823049861318 45
1777121880953 0.9736873380066305 46
1777121881592 0.9736937469608175 47
1777121882230 0.9699201342194007 48
1777121882866 0.9759365149001448 49
1777121883499 0.9694565493142471 50
1777121884135 0.9761490152116167 51
1777121884769 0.9742734534821704 52
1777121885422 0.9748526905726891 53
1777121886059 0.9761464227208724 54
1777121886698 0.9747660379683885 55
1777121887331 0.9756895573607084 56
1777121887960 0.975086746791914 57
1777121888596 0.9764211194964406 58
1777121889231 0.9778271820304507 59
1777121889868 0.9790365750673097 60
1777121890507 0.9782087794158174 61
1777121891143 0.9760930976924443 62
1777121891778 0.980981033281762 63
1777121892414 0.9813519366428088 64
1777121893048 0.9773919046995926 65
1777121893686 0.9786040806326542 66
1777121894317 0.9833465155581524 67
1777121894950 0.9826610022546836 68
1777121895606 0.9817043032287589 69
1777121896242 0.9813031269429693 70
1777121896880 0.9840754274364452 71
