1777432558637 194.74290466308594 1
1777432559232 192.00418090820312 2
1777432559532 189.96229553222656 3
1777432559819 187.8645782470703 4
1777432560116 185.55795288085938 5
1777432560414 183.06187438964844 6
1777432560696 180.3206329345703 7
1777432560993 177.46083068847656 8
1777432561304 174.4366912841797 9
1777432561583 171.1513671875 10
1777432561882 167.5916290283203 11
1777432562164 163.6336212158203 12
1777432562450 159.3531951904297 13
1777432562738 154.54852294921875 14
1777432563017 149.51666259765625 15
1777432563321 144.1772003173828 16
1777432563609 138.27923583984375 17
1777432563896 131.95704650878906 18
1777432564189 125.56399536132812 19
1777432564474 118.99057006835938 20
1777432564797 112.20763397216797 21
1777432565107 105.91436767578125 22
1777432565430 98.93864440917969 23
1777432565810 92.23054504394531 24
1777432566113 86.31773376464844 25
1777432566423 80.22445678710938 26
1777432566729 74.13870239257812 27
1777432567034 68.29878234863281 28
1777432567322 62.56941604614258 29
1777432567641 57.31970977783203 30
1777432567981 51.80232620239258 31
1777432568360 47.38205337524414 32
1777432568691 42.43357849121094 33
1777432568997 39.15595245361328 34
1777432569304 35.5771369934082 35
1777432569640 33.92457580566406 36
1777432569955 31.16499137878418 37
1777432570287 29.394573211669922 38
1777432570612 29.631799697875977 39
1777432570959 27.508073806762695 40
1777432571295 24.94886589050293 41
1777432571628 24.343582153320312 42
1777432571967 23.289182662963867 43
1777432572307 22.217182159423828 44
1777432572629 23.439363479614258 45
1777432572980 24.089296340942383 46
1777432573314 21.330053329467773 47
1777432573640 22.072738647460938 48
1777432573975 21.74288558959961 49
1777432574297 22.488433837890625 50
1777432574783 21.2329044342041 51
1777432575087 20.13542366027832 52
1777432575408 20.41689109802246 53
1777432575690 19.629974365234375 54
1777432575986 19.217432022094727 55
1777432576312 20.083044052124023 56
1777432576625 19.059730529785156 57
1777432576976 17.716711044311523 58
1777432577279 20.60983657836914 59
1777432577611 19.127410888671875 60
1777432577921 19.99102783203125 61
1777432578222 17.628129959106445 62
1777432578538 18.203353881835938 63
1777432578834 19.377321243286133 64
1777432579139 20.437410354614258 65
1777432579446 19.731277465820312 66
1777432579753 17.47347640991211 67
1777432580054 18.142105102539062 68
1777432580336 17.66214942932129 69
1777432580638 18.188720703125 70
1777432580936 15.973883628845215 71
1777432581243 17.986316680908203 72
1777432581547 16.3167781829834 73
1777432581841 17.25303077697754 74
1777432582153 16.354398727416992 75
1777432582442 15.971646308898926 76
1777432582756 19.12284278869629 77
1777432583063 18.41676139831543 78
1777432583357 14.95086669921875 79
1777432583642 16.84794807434082 80
1777432583936 19.338665008544922 81
1777432584238 17.047069549560547 82
1777432584563 17.201366424560547 83
1777432584846 17.921918869018555 84
1777432585135 18.256229400634766 85
