1777168141687 49878.60390625 1
1777168143248 46182.78203125 2
1777168144442 40555.40859375 3
1777168145628 33437.17265625 4
1777168146805 25412.875 5
1777168147964 17623.005078125 6
1777168149110 10731.6984375 7
1777168150298 5231.51318359375 8
1777168151568 2535.353076171875 9
1777168152821 1441.0892822265625 10
1777168154100 1105.6053466796875 11
1777168155349 1047.170751953125 12
1777168156624 873.9172607421875 13
1777168157896 801.6338745117188 14
1777168159093 729.8195922851562 15
1777168160381 712.4116577148437 16
1777168181156 656.2852172851562 17
1777168263124 580.1823608398438 18
1777168264928 566.4685424804687 19
1777168268822 586.861181640625 20
1777168270760 592.3070556640625 21
1777168272201 571.2253295898438 22
1777168445481 512.039306640625 23
1777168466103 484.14032592773435 24
1777168467258 506.4035278320313 25
1777168468419 532.31865234375 26
1777168476138 511.37335205078125 27
1777168477358 548.6356811523438 28
1777168478577 509.66138916015626 29
1777168479749 543.9333068847657 30
1777168480927 529.3435546875 31
1777168482094 470.4186645507813 32
1777168487121 475.0374755859375 33
1777168490653 477.77321166992186 34
1777168600687 461.840234375 35
1777168601806 451.0240905761719 36
1777168602925 447.1387145996094 37
1777168604050 392.28798217773436 38
1777168605171 439.6056396484375 39
1777168606285 430.2102355957031 40
1777168607402 420.34556274414064 41
1777168608547 410.99403076171876 42
1777168609666 437.2267333984375 43
1777168610790 379.200146484375 44
1777168611911 427.06434936523436 45
1777168613048 366.26636962890626 46
1777168614167 430.0921203613281 47
1777168615285 392.35422973632814 48
1777168616419 387.6196655273437 49
1777168617539 351.0962158203125 50
