1777433701256 157.7626717703683 1
1777433701589 155.89557407924107 2
1777433701901 154.035498046875 3
1777433702203 152.44605945405505 4
1777433702526 150.83311317080543 5
1777433702874 149.09215080624534 6
1777433703229 147.27883853004093 7
1777433703583 145.3667692638579 8
1777433703945 143.33710501534597 9
1777433704267 141.2026566278367 10
1777433704565 138.90220976329985 11
1777433704849 136.3758598690941 12
1777433705139 133.59438796270462 13
1777433705426 130.6080833798363 14
1777433705705 127.30823160807292 15
1777433706004 123.78536231631324 16
1777433706302 120.00527561732702 17
1777433706612 115.94585324242001 18
1777433706919 111.67111496698288 19
1777433707219 107.3475107828776 20
1777433707577 102.89022652762277 21
1777433707938 97.66602536156064 22
1777433708291 92.73901163736979 23
1777433708637 87.44686755225771 24
1777433708974 82.06011381603423 25
1777433709270 77.52060619535901 26
1777433709593 71.97656711396716 27
1777433709904 68.23306488763718 28
1777433710204 63.5740240914481 29
1777433710510 59.249057842436294 30
1777433710810 54.5076658703032 31
1777433711133 50.72056003752209 32
1777433711438 46.13659815107073 33
1777433711730 41.84854474748884 34
1777433712040 38.734843099684944 35
1777433712352 35.45390450613839 36
1777433712669 33.20006321498326 37
1777433712977 29.29650657290504 38
1777433713288 26.414498828706286 39
1777433713620 25.562838272821335 40
1777433713916 23.44285165695917 41
1777433714247 22.054738289969308 42
1777433714562 22.915616099039713 43
1777433714865 21.810572260902042 44
1777433715165 17.579705955868675 45
1777433715458 19.159439922514416 46
1777433715779 18.852952575683595 47
1777433716090 17.336940928867886 48
1777433716377 17.05515903291248 49
1777433716689 16.071878415062315 50
1777433716987 17.92900526864188 51
1777433717337 15.879663667224703 52
1777433717630 17.14374462309338 53
1777433717918 15.676554035005115 54
1777433718237 15.873435719807942 55
1777433718545 16.407001495361328 56
1777433718848 17.348567463102796 57
1777433719186 15.498018528166272 58
1777433719494 16.019359715779622 59
1777433719815 15.867198935009185 60
1777433720116 13.79422850835891 61
1777433720428 15.51332001459031 62
1777433720749 13.354374603998094 63
1777433721076 13.356407601492746 64
1777433721386 14.296541268484933 65
1777433721707 12.943910489763532 66
1777433722012 12.535722732543945 67
1777433722300 12.548869105747768 68
1777433722600 14.317157400222051 69
1777433722917 15.31275892711821 70
1777433723221 12.723637935093471 71
1777433723532 15.840787887573242 72
1777433724332 12.655909274873279 73
1777433724648 13.507450121924991 74
1777433724982 12.531945074172247 75
1777433725282 16.45925002325149 76
1777433725631 13.884763699486141 77
1777433725978 13.830350312732515 78
1777433726292 10.710582070123582 79
1777433726603 15.270629065377372 80
1777433726912 11.926452291579473 81
1777433727219 13.47585696265811 82
1777433727536 11.646336346580869 83
1777433727835 13.754314713251024 84
1777433728157 12.375190585000174 85
1777433728464 10.20438365028018 86
1777433728774 14.640328670683362 87
1777433729083 10.739266858782088 88
1777433729380 12.579999287923178 89
1777433729722 11.399098823184058 90
1777433730064 11.760458210536411 91
1777433730384 13.063211132231213 92
1777433730723 10.389870879763649 93
1777433731039 11.319658806210473 94
1777433731357 11.140752174740745 95
1777433731663 11.686584091186523 96
1777433731958 12.106119510105678 97
1777433732279 11.890831702096122 98
1777433732597 12.291492407662528 99
1777433732908 11.002334503900437 100
1777433733231 12.88546604883103 101
1777433733588 11.98380631946382 102
1777433733931 10.630289350237165 103
1777433734310 10.420648974464052 104
1777433734696 12.281853439694359 105
1777433735013 13.05284921555292 106
1777433735364 11.166340927850632 107
1777433735690 11.411377380007789 108
1777433736057 10.647833787827265 109
1777433736356 13.662241799490792 110
1777433736649 11.274190285092308 111
1777433736944 11.51907343183245 112
1777433737273 11.966870208013626 113
1777433737591 10.951437786647253 114
1777433737920 12.651058487665086 115
1777433738217 12.838578714643205 116
1777433738507 11.414254851568312 117
1777433738814 10.193706367129371 118
1777433739112 11.926431110927037 119
1777433739457 12.503477387201219 120
1777433739822 12.219740358988444 121
1777433740164 11.31692953563872 122
1777433740521 10.138644554501488 123
1777433740892 10.71825566973005 124
1777433741257 11.390465109688895 125
1777433741618 11.414251427423386 126
1777433741912 10.693902042933873 127
1777433742220 11.03787168775286 128
1777433742550 10.592553583780925 129
1777433742854 10.190474301292783 130
1777433743158 9.956389708746046 131
1777433743461 9.511278969900948 132
1777433743744 11.04623493921189 133
1777433744047 11.491718492053804 134
1777433744340 10.644828133356004 135
1777433744665 10.694743583315894 136
1777433744992 10.180149459838868 137
1777433745304 12.281694303240094 138
1777433745617 11.41626223609561 139
1777433745931 10.230055418468657 140
1777433746251 10.555968448093958 141
1777433746565 11.327191053118025 142
1777433746847 9.762171963282993 143
1777433747144 10.775091289338611 144
1777433747436 9.60358060201009 145
1777433747755 11.069137246268136 146
1777433748049 9.322689428783598 147
1777433748371 12.516382562546504 148
1777433748698 9.987169501894996 149
1777433749004 10.348999895368303 150
1777433749315 8.134542556036086 151
1777433749608 11.122137523832775 152
1777433749908 12.324179149809337 153
1777433750205 8.730450657435826 154
1777433750489 9.29400863647461 155
1777433750781 10.223744828360422 156
1777433751082 9.03716941106887 157
1777433751395 10.716575949532645 158
1777433751696 11.83382232302711 159
1777433751997 10.345330674307688 160
1777433752310 8.92261450631278 161
1777433752618 10.68486141931443 162
1777433752919 8.979250490097773 163
1777433753230 8.350439616612025 164
1777433753522 9.439776048206149 165
1777433753814 9.82526329585484 166
1777433754122 8.559623918079195 167
1777433754413 10.283047848656064 168
1777433754720 8.515392176310222 169
1777433755027 8.937850025721959 170
1777433755325 11.487968599228632 171
1777433755627 10.21390416281564 172
1777433755925 9.405574507940383 173
1777433756447 10.230935941423688 174
1777433756730 10.270797992887951 175
1777433757013 11.197048841203962 176
1777433757314 10.30624900091262 177
1777433757623 9.060567410786946 178
1777433757901 8.552070563180106 179
1777433758205 9.107439681461878 180
