1777395665077 172.62832641601562 1
1777395667863 169.9268341064453 2
1777395673524 167.7142333984375 3
1777395674898 165.55862426757812 4
1777395676239 163.24342346191406 5
1777395678767 160.72935485839844 6
1777395679812 157.99095153808594 7
1777395680721 154.97482299804688 8
1777395682559 151.6943359375 9
1777395684589 148.09713745117188 10
1777395688252 144.15847778320312 11
1777395689411 139.66217041015625 12
1777395691165 134.38247680664062 13
1777395692277 129.0485076904297 14
1777395692590 123.90753173828125 15
1777395696724 118.43521881103516 16
1777395698333 112.92264556884766 17
1777395701324 107.90986633300781 18
1777395704216 101.6358413696289 19
1777395705984 96.16592407226562 20
1777395707444 89.89427947998047 21
1777395710362 84.32530975341797 22
1777395710723 78.20809936523438 23
1777395712444 72.16327667236328 24
1777395713872 66.70348358154297 25
1777395715193 60.62062072753906 26
1777395718298 55.445064544677734 27
1777395719457 50.10464859008789 28
1777395720826 46.55245590209961 29
1777395721152 40.52607727050781 30
1777395721489 37.340511322021484 31
1777395722832 33.33184051513672 32
1777395723159 32.436649322509766 33
1777395725936 29.682710647583008 34
1777395728495 27.292091369628906 35
1777395731241 25.551876068115234 36
1777395733724 24.14858055114746 37
1777395739283 21.872364044189453 38
1777395739621 22.747058868408203 39
1777395741154 22.706005096435547 40
1777395742586 22.158340454101562 41
1777395749913 21.923498153686523 42
1777395751309 21.840974807739258 43
1777395753634 20.063766479492188 44
1777395756119 18.17922019958496 45
1777395757779 20.41971778869629 46
1777395759396 17.34821891784668 47
1777395760851 18.120223999023438 48
1777395763017 20.616289138793945 49
1777395763351 17.636085510253906 50
1777395764975 16.65389633178711 51
1777395765316 17.288089752197266 52
1777395769807 17.490949630737305 53
1777395770990 20.11245346069336 54
1777395775355 17.158935546875 55
1777395776762 17.411542892456055 56
1777395782546 17.4008846282959 57
1777395784955 16.974864959716797 58
1777395792003 18.417301177978516 59
1777395796482 17.959369659423828 60
1777395797882 16.577634811401367 61
1777395800431 17.735902786254883 62
1777395804213 19.534133911132812 63
1777395808888 16.479082107543945 64
1777395809986 15.764374732971191 65
1777395812633 16.559114456176758 66
1777395814370 17.38163948059082 67
1777395815996 15.18362045288086 68
1777395818210 13.924259185791016 69
1777395818548 15.514768600463867 70
1777395818876 14.488778114318848 71
1777395822200 17.618154525756836 72
1777395826323 18.064878463745117 73
1777395827444 16.730710983276367 74
1777395833970 17.06694793701172 75
1777395837503 15.629095077514648 76
1777395838876 14.7371826171875 77
1777395840520 15.039573669433594 78
1777395845000 14.698145866394043 79
1777395847375 14.933862686157227 80
1777395851176 12.877031326293945 81
1777395853277 15.076940536499023 82
1777395855163 17.054821014404297 83
1777395861601 15.654359817504883 84
1777395865889 13.109248161315918 85
1777395867797 16.513418197631836 86
1777395868948 14.59832763671875 87
1777395871379 14.633960723876953 88
1777395876200 16.922014236450195 89
1777395883421 12.655773162841797 90
1777395891505 15.277573585510254 91
1777395902323 14.657171249389648 92
1777395903364 14.757414817810059 93
1777395907145 17.12607192993164 94
1777395914305 14.069733619689941 95
1777395917067 13.671472549438477 96
1777395923008 14.44161605834961 97
1777395927570 11.911808967590332 98
1777395928939 13.315489768981934 99
1777395933976 14.379097938537598 100
1777395937950 14.284843444824219 101
1777395939710 16.267391204833984 102
1777395942315 14.850730895996094 103
1777395946626 14.2789306640625 104
1777395952509 16.266807556152344 105
1777395954941 14.73273754119873 106
1777395956656 14.084617614746094 107
1777395958355 14.858231544494629 108
1777395961181 13.537846565246582 109
1777395962759 13.876763343811035 110
1777395969970 12.44912338256836 111
1777395972633 13.262219429016113 112
1777395975226 12.60454273223877 113
1777395982087 11.834388732910156 114
1777395986319 12.580525398254395 115
1777395991778 12.798295021057129 116
1777395999188 13.14608383178711 117
1777396003937 13.78165054321289 118
1777396005165 12.79621696472168 119
1777396006387 13.745820999145508 120
1777396009715 12.071868896484375 121
1777396011218 12.199433326721191 122
1777396022390 13.715639114379883 123
1777396028851 12.824286460876465 124
1777396030800 14.096688270568848 125
1777396033673 11.880481719970703 126
1777396040816 12.524909973144531 127
