1777250882607 159.7005401611328 1
1777250895806 145.7399169921875 2
1777250899848 125.6625244140625 3
1777250904478 95.7343963623047 4
1777250907675 66.60800704956054 5
1777250913372 45.385903930664064 6
1777250917612 33.01271781921387 7
1777250919725 27.896333312988283 8
1777250922079 25.786848640441896 9
1777250925321 24.323321533203124 10
1777250932474 24.297159004211426 11
1777250985584 22.869849395751952 12
1777250987530 22.15767650604248 13
1777250989375 21.724224472045897 14
1777250991247 21.723707389831542 15
1777250993243 20.49571418762207 16
1777250995838 20.88794364929199 17
1777250999056 20.43953037261963 18
1777251003741 20.253470993041994 19
1777251007694 19.48079605102539 20
1777251009935 19.578192138671874 21
1777251012499 18.879128074645998 22
1777251016012 18.446576881408692 23
1777251019175 18.525708770751955 24
1777251023571 18.71707363128662 25
1777251027853 18.00676727294922 26
1777251036683 17.967294692993164 27
1777251073062 18.27419490814209 28
1777251076586 17.2824613571167 29
1777251079410 17.812905502319335 30
1777251083128 17.685161590576172 31
1777251086454 17.065593433380126 32
1777251092478 17.359895133972167 33
1777251096731 16.967056846618654 34
1777251099971 17.05286750793457 35
1777251103138 17.039201545715333 36
1777251106492 16.774385261535645 37
1777251114247 15.79057559967041 38
1777251118727 16.78932113647461 39
1777251128100 15.945699882507324 40
1777251146639 16.55153694152832 41
1777251148484 15.528262996673584 42
1777251150316 15.26599702835083 43
1777251152152 15.404760837554932 44
1777251153978 15.049799156188964 45
1777251155848 14.884900283813476 46
1777251157730 14.860144329071044 47
1777251159998 14.878943061828613 48
1777251164117 14.362902355194091 49
1777251167174 13.725094985961913 50
1777251171436 14.345038604736327 51
1777251175520 14.027352428436279 52
1777251180465 13.863007640838623 53
1777251184948 13.764943313598632 54
1777251189271 13.514434146881104 55
1777251193250 13.369034671783448 56
1777251197295 13.237646198272705 57
1777251201083 13.002320671081543 58
1777251207478 13.039600944519043 59
1777251273259 13.132293319702148 60
1777251287717 12.76896104812622 61
1777251291715 13.354585933685303 62
1777251296827 12.849836444854736 63
1777251300702 12.570482730865479 64
1777251303957 12.80144624710083 65
1777251306643 12.595471954345703 66
1777251309679 12.486055850982666 67
1777251314406 12.453812503814698 68
1777251316922 12.566185569763183 69
1777251320306 12.618222904205322 70
1777251323555 12.399216270446777 71
1777251326166 12.207801342010498 72
1777251329094 12.307412052154541 73
1777251449465 11.91507692337036 74
1777251451345 11.999308013916016 75
1777251465548 11.841854095458984 76
1777251469358 11.9450026512146 77
1777251471995 11.899728870391845 78
1777251476063 12.012198638916015 79
1777251498125 11.649572563171386 80
1777251504218 11.796964550018311 81
1777251535307 11.735760974884034 82
1777251537784 12.015401935577392 83
1777251542713 11.679942512512207 84
1777251548370 11.895427131652832 85
1777251561919 11.586764907836914 86
1777252109555 11.446209335327149 87
1777252116058 11.59346284866333 88
1777252120238 11.439595031738282 89
1777252125207 12.304929733276367 90
1777252161560 11.517369651794434 91
1777252164691 11.56192569732666 92
1777252172515 11.400777626037598 93
1777252180517 11.952967071533203 94
1777252186198 11.224703502655029 95
1777252190468 11.13659381866455 96
1777252193093 11.043766212463378 97
