1777250882607 159.70053100585938 1
1777250895806 145.7399139404297 2
1777250899848 125.66253662109375 3
1777250904478 95.7343978881836 4
1777250907675 66.60801696777344 5
1777250913372 45.38590621948242 6
1777250917612 33.01272201538086 7
1777250919725 27.896333694458008 8
1777250922079 25.786848068237305 9
1777250925321 24.323322296142578 10
1777250932474 24.29715919494629 11
1777250985584 22.869848251342773 12
1777250987530 22.157676696777344 13
1777250989375 21.724224090576172 14
1777250991247 21.723709106445312 15
1777250993243 20.49571418762207 16
1777250995838 20.887943267822266 17
1777250999056 20.439531326293945 18
1777251003741 20.25347137451172 19
1777251007694 19.480796813964844 20
1777251009935 19.57819366455078 21
1777251012499 18.879127502441406 22
1777251016012 18.446575164794922 23
1777251019175 18.52570915222168 24
1777251023571 18.717073440551758 25
1777251027853 18.00676727294922 26
1777251036683 17.967294692993164 27
1777251073062 18.27419662475586 28
1777251076586 17.282461166381836 29
1777251079410 17.81290626525879 30
1777251083128 17.685161590576172 31
1777251086454 17.065593719482422 32
1777251092478 17.359893798828125 33
1777251096731 16.967058181762695 34
1777251099971 17.052867889404297 35
1777251103138 17.039203643798828 36
1777251106492 16.774385452270508 37
1777251114247 15.79057502746582 38
1777251118727 16.78931999206543 39
1777251128100 15.945698738098145 40
1777251146639 16.551538467407227 41
1777251148484 15.528263092041016 42
1777251150316 15.265997886657715 43
1777251152152 15.404760360717773 44
1777251153978 15.049799919128418 45
1777251155848 14.884900093078613 46
1777251157730 14.860143661499023 47
1777251159998 14.878942489624023 48
1777251164117 14.36290168762207 49
1777251167174 13.725095748901367 50
1777251171436 14.345039367675781 51
1777251175520 14.027352333068848 52
1777251180465 13.863007545471191 53
1777251184948 13.76494312286377 54
1777251189271 13.514434814453125 55
1777251193250 13.369034767150879 56
1777251197295 13.23764705657959 57
1777251201083 13.002321243286133 58
1777251207478 13.03960132598877 59
1777251273259 13.132293701171875 60
1777251287717 12.768960952758789 61
1777251291715 13.354585647583008 62
1777251296827 12.849836349487305 63
1777251300702 12.57048225402832 64
1777251303957 12.801445960998535 65
1777251306643 12.595471382141113 66
1777251309679 12.486056327819824 67
1777251314406 12.453813552856445 68
1777251316922 12.56618595123291 69
1777251320306 12.618223190307617 70
1777251323555 12.399216651916504 71
1777251326166 12.207801818847656 72
1777251329094 12.307411193847656 73
1777251449465 11.91507625579834 74
1777251451345 11.999308586120605 75
1777251465548 11.841854095458984 76
1777251469358 11.945002555847168 77
1777251471995 11.899728775024414 78
1777251476063 12.012199401855469 79
1777251498125 11.649572372436523 80
1777251504218 11.796964645385742 81
1777251535307 11.735760688781738 82
1777251537784 12.015401840209961 83
1777251542713 11.67994213104248 84
1777251548370 11.895426750183105 85
1777251561919 11.58676528930664 86
1777252109555 11.446208953857422 87
1777252116058 11.593462944030762 88
1777252120238 11.439594268798828 89
1777252125207 12.304930686950684 90
1777252161560 11.517369270324707 91
1777252164691 11.561925888061523 92
1777252172515 11.400777816772461 93
1777252180517 11.952967643737793 94
1777252186198 11.224702835083008 95
1777252190468 11.136594772338867 96
1777252193093 11.043766975402832 97
