1777250882607 154.70658089441199 1
1777250895806 141.05649179939095 2
1777250899848 121.02265056222589 3
1777250904478 91.07529940960761 4
1777250907675 62.07880358894783 5
1777250913372 40.911776985172935 6
1777250917612 28.5734313420527 7
1777250919725 23.494209146415635 8
1777250922079 21.41505745995836 9
1777250925321 19.96733666071105 10
1777250932474 19.93181379847994 11
1777250985584 18.549113134629433 12
1777250987530 17.839922924568146 13
1777250989375 17.426692637176423 14
1777250991247 17.427305829713994 15
1777250993243 16.226605545039465 16
1777250995838 16.625762107522082 17
1777250999056 16.16444729610674 18
1777251003741 16.000696496969102 19
1777251007694 15.237753804935403 20
1777251009935 15.338990896586733 21
1777251012499 14.655411335110175 22
1777251016012 14.240192418482048 23
1777251019175 14.32202014038301 24
1777251023571 14.49956396330264 25
1777251027853 13.818036151646307 26
1777251036683 13.769027418090676 27
1777251073062 14.080352879074553 28
1777251076586 13.12714692371702 29
1777251079410 13.638152066385892 30
1777251083128 13.522473551312826 31
1777251086454 12.923135096874226 32
1777251092478 13.200655226783057 33
1777251096731 12.824319262680977 34
1777251099971 12.912861213079285 35
1777251103138 12.8920520229194 36
1777251106492 12.633323849528521 37
1777251114247 11.70081456039348 38
1777251118727 12.646915558542284 39
1777251128100 11.833281049655595 40
1777251146639 12.42474748988888 41
1777251148484 11.407207206775354 42
1777251150316 11.171526949978267 43
1777251152152 11.287366854297506 44
1777251153978 10.959506677167246 45
1777251155848 10.800860392312337 46
1777251157730 10.78003899870518 47
1777251159998 10.781111150843497 48
1777251164117 10.295645526375269 49
1777251167174 9.691476895594976 50
1777251171436 10.2580725642421 51
1777251175520 9.980901329501965 52
1777251180465 9.795334783387197 53
1777251184948 9.694368759128393 54
1777251189271 9.469621849396056 55
1777251193250 9.353756196430272 56
1777251197295 9.238740807957182 57
1777251201083 8.98607860986303 58
1777251207478 9.049674868849678 59
1777251273259 9.128040582071105 60
1777251287717 8.785650047441125 61
1777251291715 9.346426344113846 62
1777251296827 8.832684142716968 63
1777251300702 8.587977334099241 64
1777251303957 8.809407862396151 65
1777251306643 8.62732548223687 66
1777251309679 8.501252586422986 67
1777251314406 8.496239730154006 68
1777251316922 8.617666562920938 69
1777251320306 8.660648573977907 70
1777251323555 8.449726529213798 71
1777251326166 8.25216898052957 72
1777251329094 8.354361236984424 73
1777251449465 8.007749379864176 74
1777251451345 8.079772991778496 75
1777251465548 7.919518874633753 76
1777251469358 8.040673318304039 77
1777251471995 7.970094232676804 78
1777251476063 8.065707235285904 79
1777251498125 7.738871317139389 80
1777251504218 7.896046930919026 81
1777251535307 7.825730560894091 82
1777251537784 8.09105485187022 83
1777251542713 7.7923642125468495 84
1777251548370 8.001339067827585 85
1777251561919 7.712441760571088 86
1777252109555 7.570682313060033 87
1777252116058 7.700422418978518 88
1777252120238 7.5806543561898465 89
1777252125207 8.386930735392635 90
1777252161560 7.620062076212446 91
1777252164691 7.669140233002336 92
1777252172515 7.51922200013103 93
1777252180517 8.038307198005358 94
1777252186198 7.36859380533887 95
1777252190468 7.279612768893373 96
1777252193093 7.190943827603889 97
