1777226567501 151.6995086669922 1
1777226569344 119.29341888427734 2
1777226571362 70.21929168701172 3
1777226573212 33.862056732177734 4
1777226577089 24.825807571411133 5
1777226579532 21.62078285217285 6
1777226582253 20.4365177154541 7
1777226585371 19.607778549194336 8
1777226588531 18.38075065612793 9
1777226592008 17.906511306762695 10
1777226621540 17.077367782592773 11
1777226633898 16.41119384765625 12
1777226635827 16.609750747680664 13
1777226637740 16.559194564819336 14
1777226639653 16.375503540039062 15
1777226641510 15.278192520141602 16
1777226643353 15.327604293823242 17
1777226645190 14.821711540222168 18
1777226647472 14.870854377746582 19
1777226649304 14.065230369567871 20
1777226651168 13.808405876159668 21
1777226653023 13.882938385009766 22
1777226654852 13.38663101196289 23
1777226656700 13.506316184997559 24
1777226658511 12.569401741027832 25
1777226660311 13.665863990783691 26
1777226662136 12.231151580810547 27
1777226663935 11.504815101623535 28
1777226665775 11.168599128723145 29
1777226667581 11.4768705368042 30
1777226669386 11.176783561706543 31
1777226671219 10.46753978729248 32
1777226673121 10.590137481689453 33
1777226675027 10.091679573059082 34
1777226676903 10.347482681274414 35
1777226678784 10.076451301574707 36
1777226680753 10.109684944152832 37
1777226683119 9.884350776672363 38
1777226685022 9.618638038635254 39
1777226686937 9.678123474121094 40
1777226688818 9.835982322692871 41
1777226690742 11.286614418029785 42
1777226692786 9.668903350830078 43
1777226694899 9.256187438964844 44
1777226697103 9.896986961364746 45
1777226699042 9.128064155578613 46
1777226701385 9.029973030090332 47
1777226703978 8.884507179260254 48
1777226706945 9.151317596435547 49
1777226720142 8.953756332397461 50
1777226727683 8.811699867248535 51
1777226729501 8.883651733398438 52
1777226731297 8.826735496520996 53
1777226733127 8.619166374206543 54
1777226734934 8.643104553222656 55
1777226736739 8.539170265197754 56
1777226738547 8.537643432617188 57
1777226740342 8.29709529876709 58
1777226742136 8.406198501586914 59
1777226743928 8.212250709533691 60
1777226745725 8.43233871459961 61
1777226747529 8.336288452148438 62
1777226749323 8.402578353881836 63
1777226751118 8.134958267211914 64
1777226752898 8.132930755615234 65
1777226754681 8.06924057006836 66
1777226756462 8.34583854675293 67
1777226758274 8.09149169921875 68
1777226760062 8.131457328796387 69
1777226761855 8.071331024169922 70
1777226763658 7.973299980163574 71
1777226765448 7.9025797843933105 72
1777226767248 7.89047908782959 73
1777226769052 8.111628532409668 74
1777226770877 7.731848239898682 75
1777226772680 8.160624504089355 76
1777226774479 7.817716121673584 77
1777226776274 7.7565765380859375 78
1777226778082 8.325640678405762 79
1777226780047 8.054779052734375 80
1777226781894 7.8330979347229 81
1777226784281 7.407902240753174 82
1777226786709 7.581766128540039 83
1777226788858 7.436802864074707 84
1777226790716 7.296505928039551 85
1777226792968 7.819149971008301 86
1777226795098 7.4077839851379395 87
1777226796942 7.3585968017578125 88
1777226798780 7.30462121963501 89
1777226800588 7.491928577423096 90
1777226802411 7.576174259185791 91
1777226804223 7.34271764755249 92
1777226806035 7.348540306091309 93
1777226807848 7.332869529724121 94
