1777226567501 151.69951171875 1
1777226569344 119.29340896606445 2
1777226571362 70.21928482055664 3
1777226573212 33.86205787658692 4
1777226577089 24.82580699920654 5
1777226579532 21.620783233642577 6
1777226582253 20.4365177154541 7
1777226585371 19.607777976989745 8
1777226588531 18.380752182006837 9
1777226592008 17.906510162353516 10
1777226621540 17.077366065979003 11
1777226633898 16.411192989349367 12
1777226635827 16.60974998474121 13
1777226637740 16.559195041656494 14
1777226639653 16.375502014160155 15
1777226641510 15.278193092346191 16
1777226643353 15.327603435516357 17
1777226645190 14.821711540222168 18
1777226647472 14.870855617523194 19
1777226649304 14.065229797363282 20
1777226651168 13.808405876159668 21
1777226653023 13.882938194274903 22
1777226654852 13.38663101196289 23
1777226656700 13.506315517425538 24
1777226658511 12.569401454925536 25
1777226660311 13.66586446762085 26
1777226662136 12.231151390075684 27
1777226663935 11.504814910888673 28
1777226665775 11.168599605560303 29
1777226667581 11.476870250701904 30
1777226669386 11.176783180236816 31
1777226671219 10.467539978027343 32
1777226673121 10.59013786315918 33
1777226675027 10.091679000854493 34
1777226676903 10.347482299804687 35
1777226678784 10.07645149230957 36
1777226680753 10.109685516357422 37
1777226683119 9.884350109100343 38
1777226685022 9.618638134002685 39
1777226686937 9.678122997283936 40
1777226688818 9.835982131958009 41
1777226690742 11.28661470413208 42
1777226692786 9.668902969360351 43
1777226694899 9.256187534332275 44
1777226697103 9.8969877243042 45
1777226699042 9.128064632415771 46
1777226701385 9.029973125457763 47
1777226703978 8.884507179260254 48
1777226706945 9.151317024230957 49
1777226720142 8.953755569458007 50
1777226727683 8.811699295043946 51
1777226729501 8.883652687072754 52
1777226731297 8.826735782623292 53
1777226733127 8.61916675567627 54
1777226734934 8.643103790283202 55
1777226736739 8.539170026779175 56
1777226738547 8.537642574310302 57
1777226740342 8.297096109390258 58
1777226742136 8.406198263168335 59
1777226743928 8.212250232696533 60
1777226745725 8.432339000701905 61
1777226747529 8.33628830909729 62
1777226749323 8.402577543258667 63
1777226751118 8.134958410263062 64
1777226752898 8.132931089401245 65
1777226754681 8.069241189956665 66
1777226756462 8.345838499069213 67
1777226758274 8.091492223739625 68
1777226760062 8.131456565856933 69
1777226761855 8.071331071853638 70
1777226763658 7.973299503326416 71
1777226765448 7.902579689025879 72
1777226767248 7.890479373931885 73
1777226769052 8.11162781715393 74
1777226770877 7.731848478317261 75
1777226772680 8.160624408721924 76
1777226774479 7.8177159309387205 77
1777226776274 7.756577110290527 78
1777226778082 8.32564115524292 79
1777226780047 8.05477957725525 80
1777226781894 7.833097696304321 81
1777226784281 7.407902812957763 82
1777226786709 7.58176622390747 83
1777226788858 7.436803007125855 84
1777226790716 7.2965062141418455 85
1777226792968 7.819150495529175 86
1777226795098 7.4077839851379395 87
1777226796942 7.358596992492676 88
1777226798780 7.304621171951294 89
1777226800588 7.491928577423096 90
1777226802411 7.576174354553222 91
1777226804223 7.342718029022217 92
1777226806035 7.348540449142456 93
1777226807848 7.33286943435669 94
