1777226567501 -1.4945746022922388 1
1777226569344 -0.7741614669590662 2
1777226571362 0.22203506551917665 3
1777226573212 0.8177130735702631 4
1777226577089 0.9183282429765016 5
1777226579532 0.939567856681413 6
1777226582253 0.9464110654562583 7
1777226585371 0.9510205113301836 8
1777226588531 0.9555854582812133 9
1777226592008 0.9583619947414416 10
1777226621540 0.9618360125000651 11
1777226633898 0.9655724564206926 12
1777226635827 0.9635099768767779 13
1777226637740 0.9640012269441357 14
1777226639653 0.9645690971738947 15
1777226641510 0.9697450773101041 16
1777226643353 0.9692628495120237 17
1777226645190 0.9711074514151707 18
1777226647472 0.9707060813492397 19
1777226649304 0.9741135461134893 20
1777226651168 0.9750053127390064 21
1777226653023 0.9747714214250571 22
1777226654852 0.9763399740534938 23
1777226656700 0.9759679422087473 24
1777226658511 0.9794940105959842 25
1777226660311 0.974484941713888 26
1777226662136 0.9803246887603743 27
1777226663935 0.9830760220751971 28
1777226665775 0.9841498833161163 29
1777226667581 0.9834602862420597 30
1777226669386 0.9842035326901286 31
1777226671219 0.9864480618366219 32
1777226673121 0.986213766704336 33
1777226675027 0.9872529975220115 34
1777226676903 0.986438028858695 35
1777226678784 0.987260279292923 36
1777226680753 0.9871918726796025 37
1777226683119 0.988034585537896 38
1777226685022 0.9884889968314692 39
1777226686937 0.9884841932871969 40
1777226688818 0.9876932501750983 41
1777226690742 0.9824298104637489 42
1777226692786 0.988247546972836 43
1777226694899 0.9894698612208652 44
1777226697103 0.9874600247620051 45
1777226699042 0.9896527690497632 46
1777226701385 0.9899527477823231 47
1777226703978 0.9902310056779895 48
1777226706945 0.9896460255375563 49
1777226720142 0.9900647007179033 50
1777226727683 0.9902116720222447 51
1777226729501 0.9899926717724661 52
1777226731297 0.9902179930889623 53
1777226733127 0.9908674456336956 54
1777226734934 0.9904779054496583 55
1777226736739 0.9908397275423567 56
1777226738547 0.990949398260646 57
1777226740342 0.9914889212145545 58
1777226742136 0.9912554007862882 59
1777226743928 0.9916737274884513 60
1777226745725 0.9909305970997366 61
1777226747529 0.9913085011021334 62
1777226749323 0.9910970241888363 63
1777226751118 0.9918242437448391 64
1777226752898 0.9917274367919399 65
1777226754681 0.9917400134453314 66
1777226756462 0.9910143879952592 67
1777226758274 0.9916222831915846 68
1777226760062 0.9916725601496934 69
1777226761855 0.9917613494915661 70
1777226763658 0.9921001154161422 71
1777226765448 0.9919589395441925 72
1777226767248 0.9922334793095404 73
1777226769052 0.9915098171844052 74
1777226770877 0.9925843735901758 75
1777226772680 0.990963814438391 76
1777226774479 0.9923358207912398 77
1777226776274 0.9924261064630399 78
1777226778082 0.9909646737518457 79
1777226780047 0.9917892007986369 80
1777226781894 0.9923662480820268 81
1777226784281 0.992989767359964 82
1777226786709 0.9926074296069134 83
1777226788858 0.9930794436143466 84
1777226790716 0.9933664211311323 85
1777226792968 0.9922492259744521 86
1777226795098 0.9929890861283093 87
1777226796942 0.993266577810638 88
1777226798780 0.9933729058680607 89
1777226800588 0.9926968231575056 90
1777226802411 0.9927060340170349 91
1777226804223 0.9932490432870896 92
1777226806035 0.9931877730332459 93
1777226807848 0.9931398114286291 94
