1777370111394 -1.6664667162460431 1
1777370112619 -1.4562789504317477 2
1777370113776 -1.108507465839677 3
1777370114909 -0.6635292453514742 4
1777370116048 -0.22997688360791796 5
1777370117181 0.19632075203075922 6
1777370118325 0.5698335620944949 7
1777370119475 0.8052508493963675 8
1777370120651 0.904194869529595 9
1777370121793 0.9360049299739785 10
1777370122963 0.939721623643746 11
1777370124192 0.9516490888949303 12
1777370125416 0.9558453407428885 13
1777370126632 0.9560424874615105 14
1777370127849 0.9595847815565637 15
1777370129075 0.9626229513106133 16
1777370130223 0.9628138066826836 17
1777370131428 0.9649439061226041 18
1777370132649 0.9637066798858775 19
1777370133859 0.9689561849978705 20
1777370135072 0.9714445160779597 21
1777370136289 0.9723364593382776 22
1777370137481 0.9724364319971599 23
1777370138685 0.9749883578275661 24
1777370139912 0.9681051267167128 25
1777370141102 0.9700083922573199 26
1777370142305 0.9762841192769269 27
1777370143461 0.9718729099009137 28
1777370144625 0.9763235157810521 29
1777370145866 0.9766887142867118 30
1777370147087 0.9754981707399215 31
1777370148353 0.9771443617709024 32
1777370149567 0.9801971866165994 33
1777370150716 0.9787118411246079 34
1777370151853 0.9734740516183769 35
1777370153004 0.9795408737366215 36
1777370154208 0.9803645151906067 37
1777370155411 0.9823468018604053 38
1777370156576 0.9855070558377268 39
1777370157816 0.9838393048295038 40
1777370159030 0.9848912221827856 41
1777370160241 0.9828810484568494 42
1777370161453 0.9630380316283086 43
1777370162654 0.9822368980017103 44
1777370163856 0.9731256150220613 45
1777370165072 0.9805892770540051 46
1777370166283 0.9862443862493162 47
1777370167504 0.9862833633202832 48
1777370168630 0.9715183211704141 49
1777370169756 0.9844514053445457 50
1777370170913 0.9859261053959518 51
1777370172096 0.9850574192652465 52
1777370173270 0.9849702424235559 53
1777370174402 0.9876082973744056 54
1777370175531 0.9869853155641246 55
1777370176653 0.9869299617124847 56
1777370177809 0.9889385497406252 57
1777370179021 0.9881587899990141 58
1777370180157 0.9888058866375415 59
1777370181277 0.9874442033481847 60
1777370182429 0.986978110055959 61
1777370183580 0.9893583753164666 62
1777370184717 0.9889372205138866 63
1777370185821 0.9892317511434741 64
1777370186928 0.988798071848431 65
1777370188036 0.9882269301474247 66
1777370189168 0.9892375284567301 67
1777370190269 0.9900411127414255 68
1777370191356 0.9889657545804026 69
