1777370111394 -1.6664671244625313 1
1777370112619 -1.456278981048901 2
1777370113776 -1.1085074285781467 3
1777370114909 -0.6635290210178171 4
1777370116048 -0.2299770848965943 5
1777370117181 0.19632062627512792 6
1777370118325 0.56983353575355 7
1777370119475 0.8052508536674081 8
1777370120651 0.9041948773097273 9
1777370121793 0.9360049299739784 10
1777370122963 0.939721626412461 11
1777370124192 0.9516490896142636 12
1777370125416 0.9558453453602401 13
1777370126632 0.9560424865047243 14
1777370127849 0.9595847864233265 15
1777370129075 0.9626229546593643 16
1777370130223 0.9628138066826836 17
1777370131428 0.96494390110561 18
1777370132649 0.9637066794074846 19
1777370133859 0.9689561854762636 20
1777370135072 0.9714445124689588 21
1777370136289 0.9723364588598846 22
1777370137481 0.9724364315187669 23
1777370138685 0.9749883593591365 24
1777370139912 0.9681051281281928 25
1777370141102 0.9700083918559838 26
1777370142305 0.9762841183030944 27
1777370143461 0.9718729094225207 28
1777370144625 0.9763235130135768 29
1777370145866 0.9766887139509813 30
1777370147087 0.9754981697831356 31
1777370148353 0.9771443617352723 32
1777370149567 0.9801971883076039 33
1777370150716 0.9787118405386317 34
1777370151853 0.9734740525751628 35
1777370153004 0.979540873975818 36
1777370154208 0.980364516779301 37
1777370155411 0.9823468001860298 38
1777370156576 0.9855070567945127 39
1777370157816 0.9838393060254863 40
1777370159030 0.9848912233471576 41
1777370160241 0.9828810495051166 42
1777370161453 0.9630380291394485 43
1777370162654 0.9822368960881382 44
1777370163856 0.9731256157109094 45
1777370165072 0.9805892780107913 46
1777370166283 0.9862443867277091 47
1777370167504 0.9862833633202833 48
1777370168630 0.9715183206920212 49
1777370169756 0.9844514070142424 50
1777370170913 0.9859261069753463 51
1777370172096 0.98505741902605 52
1777370173270 0.984970241503219 53
1777370174402 0.9876082984129416 54
1777370175531 0.9869853143362256 55
1777370176653 0.9869299621908777 56
1777370177809 0.9889385488479837 57
1777370179021 0.9881587902382106 58
1777370180157 0.9888058866375415 59
1777370181277 0.9874442040657743 60
1777370182429 0.986978111491138 61
1777370183580 0.9893583750772701 62
1777370184717 0.9889372208289716 63
1777370185821 0.9892317521002602 64
1777370186928 0.9887980725660205 65
1777370188036 0.9882269303899474 66
1777370189168 0.9892375279197801 67
1777370190269 0.9900411127130686 68
1777370191356 0.98896575573447 69
