1777370111394 154.88514221603563 1
1777370112619 145.24443103837322 2
1777370113776 131.2294657431136 3
1777370114909 111.48155243045362 4
1777370116048 89.64050305154278 5
1777370117181 67.81465802643486 6
1777370118325 46.57707498296177 7
1777370119475 29.74304725727612 8
1777370120651 21.240907183438278 9
1777370121793 17.31390490573921 10
1777370122963 17.04695495587549 11
1777370124192 14.864470728607088 12
1777370125416 14.236165273042545 13
1777370126632 14.28149606522153 14
1777370127849 13.337547516836814 15
1777370129075 12.837051258994352 16
1777370130223 12.751389194024847 17
1777370131428 12.190714570794187 18
1777370132649 12.38232619693821 19
1777370133859 11.293708596982748 20
1777370135072 10.888419395800696 21
1777370136289 10.456347661625967 22
1777370137481 10.448998927118074 23
1777370138685 9.922284568119105 24
1777370139912 11.429698233120034 25
1777370141102 11.05507526901702 26
1777370142305 9.573470335740309 27
1777370143461 10.357794965384501 28
1777370144625 9.45310342668857 29
1777370145866 9.384003242855554 30
1777370147087 9.698157648611824 31
1777370148353 9.314341772575625 32
1777370149567 8.743232409644673 33
1777370150716 8.852657256739601 34
1777370151853 10.014849642172884 35
1777370153004 8.625194163162849 36
1777370154208 8.454455167912625 37
1777370155411 7.919450052275913 38
1777370156576 7.03716310107981 39
1777370157816 7.501573811260588 40
1777370159030 7.201603762570088 41
1777370160241 7.837895611210284 42
1777370161453 11.694480540510213 43
1777370162654 7.805569696342392 44
1777370163856 9.711460975472253 45
1777370165072 8.189409586155477 46
1777370166283 6.793595047803466 47
1777370167504 6.735099477986343 48
1777370168630 9.927045337298445 49
1777370169756 7.188178829970391 50
1777370170913 6.80402086026096 51
1777370172096 7.012844614778206 52
1777370173270 7.057182369131378 53
1777370174402 6.277840252225006 54
1777370175531 6.450556256108891 55
1777370176653 6.359366005109607 56
1777370177809 5.852962985685553 57
1777370179021 6.0627099262849065 58
1777370180157 5.720622992613563 59
1777370181277 6.260440172339914 60
1777370182429 6.329471070697849 61
1777370183580 5.654965828757249 62
1777370184717 5.685570757737667 63
1777370185821 5.693093244762051 64
1777370186928 5.767699237494209 65
1777370188036 5.961380338080827 66
1777370189168 5.580178990982871 67
1777370190269 5.151967546034055 68
1777370191356 5.655506699853831 69
