1777250346965 169.25312042236328 1
1777250350753 156.64700164794922 2
1777250354816 138.8842544555664 3
1777250359455 111.99163208007812 4
1777250363267 79.68841018676758 5
1777250366899 54.51954650878906 6
1777250373056 38.6764949798584 7
1777250440418 31.381031036376953 8
1777250442251 28.14075756072998 9
1777250444081 26.13033332824707 10
1777250446006 24.96262836456299 11
1777250447894 24.163124656677248 12
1777250450099 23.547749710083007 13
1777250452378 22.433102989196776 14
1777250455879 21.987239265441893 15
1777250459249 21.843451499938965 16
1777250465406 21.890173721313477 17
1777250470794 20.946609115600587 18
1777250474449 20.749867248535157 19
1777250479594 20.373060035705567 20
1777250483513 19.562171173095702 21
1777250487304 20.027603149414062 22
1777250491141 19.220371437072753 23
1777250499762 18.75362911224365 24
1777250504456 18.56816883087158 25
1777250511034 18.25682430267334 26
1777250549019 18.65940170288086 27
1777250550922 18.07170181274414 28
1777250553013 17.863205909729004 29
1777250555303 17.36060199737549 30
1777250558285 17.136237716674806 31
1777250562178 17.30168228149414 32
1777250564622 16.908527374267578 33
1777250569114 16.477329635620116 34
1777250574515 17.021391677856446 35
1777250580010 16.143600749969483 36
1777250583408 16.165587615966796 37
1777250588913 15.756905460357666 38
1777250593209 15.857749652862548 39
1777250598997 15.600748538970947 40
1777250603231 15.577883243560791 41
1777250607269 15.402550888061523 42
1777250613218 15.291359329223633 43
1777250619654 15.085032939910889 44
1777250623085 14.838600826263427 45
1777250626710 14.664338779449462 46
1777250679327 14.48240156173706 47
1777250683548 14.360154724121093 48
1777250687562 14.246514987945556 49
1777250690958 14.076959323883056 50
1777250714480 14.146224403381348 51
1777250717431 14.24140510559082 52
