1777390506126 -1.9431089917673936 1
1777390515073 -1.8980317407193077 2
1777390529846 -1.8506159372051711 3
1777390552451 -1.8089869725669883 4
1777390566583 -1.7668567695956452 5
1777390583252 -1.7212519968348698 6
1777390588700 -1.6722184521440622 7
1777390604763 -1.6162837944719386 8
1777390618491 -1.5497174850106088 9
1777390634188 -1.4752636239248131 10
1777390648165 -1.3914767365728635 11
1777390655339 -1.2963896097623469 12
1777390664524 -1.1994568753282984 13
1777390709820 -1.08966881583585 14
1777390782762 -0.9814690492166267 15
1777390892543 -0.8732906492018317 16
1777390892885 -0.7719456329492402 17
1777390895547 -0.661774193056069 18
1777390910637 -0.5593821927127669 19
1777390931904 -0.4515350648422578 20
1777390941860 -0.34863466499947293 21
1777390952151 -0.251427724459526 22
1777390975167 -0.13944187197310187 23
1777390986842 -0.042742900789208615 24
1777391003292 0.06592521563435605 25
1777391016558 0.16846713210548392 26
1777391025597 0.26413495147356847 27
1777391039045 0.35721811478678556 28
1777391047188 0.44419967612536915 29
1777391061951 0.5086922578737284 30
1777391075294 0.5892323554971415 31
1777391099740 0.6245069185148703 32
1777391115540 0.6903830493176198 33
1777391128427 0.7477433770489832 34
1777391135702 0.7751135908739111 35
1777391146709 0.8034418230057082 36
1777391169264 0.8434527247717409 37
1777391178587 0.8561850888392888 38
1777391179241 0.8829877539741656 39
1777391185509 0.9038697277230257 40
1777391188535 0.8942209759168764 41
1777391189210 0.8996575867284311 42
1777391213377 0.9160645507954616 43
1777391232975 0.9189748711270792 44
1777391248402 0.9194697464619196 45
1777391262753 0.9374365735097759 46
1777391273741 0.9272325273694532 47
1777391286466 0.9404567551187153 48
1777391303190 0.9450426631800202 49
1777391314964 0.9478167538507918 50
1777391337893 0.9487445617283391 51
1777391355095 0.940465771959638 52
1777391373451 0.9485346438362424 53
1777391389102 0.9490047718450637 54
1777391408444 0.946424294260158 55
1777391416716 0.9553689479541836 56
1777391425028 0.9519572391440826 57
1777391438931 0.9627917118911417 58
1777391462800 0.9547883548055738 59
1777391477911 0.9574191740855766 60
1777391485272 0.9570345976497813 61
1777391498277 0.9597220184813929 62
1777391506745 0.9578786468324146 63
1777391535608 0.9642256559905484 64
1777391549211 0.9657379599194856 65
1777391570827 0.9651594316627373 66
1777391590899 0.9569247985434801 67
1777391610024 0.9606140341289311 68
1777391623237 0.9610919800450278 69
1777391636679 0.9535721822860271 70
1777391653608 0.9671083568740048 71
1777391665798 0.9604839892326688 72
1777391681154 0.960599173453556 73
1777391696453 0.9631824817768899 74
1777391711682 0.9663850288601779 75
1777391718697 0.964886356607339 76
1777391736302 0.962912332822031 77
1777391752272 0.9711130828335598 78
1777391769917 0.9750601244245382 79
1777391790532 0.9684961986297004 80
1777391808344 0.9695200506280794 81
1777391821731 0.974088781091776 82
1777391841351 0.9532233183629446 83
1777391858591 0.9608105902084043 84
1777391884176 0.9683557306704085 85
1777391899612 0.971500958489629 86
1777391914406 0.9680444728773874 87
1777391924806 0.9730706550965007 88
1777391938191 0.9616393400089901 89
1777391994658 0.9627605900692521 90
1777392048894 0.9624159127606928 91
1777392057154 0.9644629354084913 92
1777392137602 0.9771017500595661 93
1777392181977 0.9735798232999769 94
1777392230540 0.9564716784811399 95
1777392242516 0.9726983442587306 96
1777392242930 0.9738171026904952 97
1777392245949 0.9712385697643874 98
1777392257482 0.9716560627420407 99
1777392260289 0.969846362667766 100
1777392271059 0.9712381346902144 101
1777392278792 0.9665279853590281 102
1777392286865 0.9721742252968185 103
1777392289639 0.9686029474871706 104
1777392295992 0.9748513629603123 105
1777392305324 0.9747378506165523 106
1777392314119 0.9703392729196537 107
1777392314613 0.9776756801717372 108
1777392320721 0.9806965904064493 109
1777392323936 0.9729417765415871 110
1777392324265 0.9756263742407449 111
1777392329588 0.9789159186261023 112
1777392336848 0.9758729626987566 113
1777392337699 0.9700157833446061 114
1777392338025 0.9735374235145207 115
1777392343613 0.977586699085698 116
1777392346232 0.9775591682124537 117
1777392349108 0.9788934924594739 118
1777392351515 0.9719526702372833 119
1777392362613 0.9709892347326184 120
1777392365433 0.9764394133771821 121
1777392370849 0.9753056591516668 122
1777392373319 0.980436294352421 123
1777392376165 0.9755432812667487 124
1777392383951 0.9784656045423777 125
1777392393251 0.9804432716030043 126
1777392405490 0.9712311885227578 127
1777392411251 0.979268035522246 128
1777392422023 0.9758803853825865 129
1777392437251 0.9791341038231139 130
1777392454895 0.9746124396460757 131
1777392478330 0.9777148798671643 132
1777392492946 0.9738220824330707 133
1777392510563 0.9788066457411599 134
1777392539746 0.9817772478496265 135
1777392558479 0.9820474556954968 136
1777392579173 0.9794735319640334 137
1777392595263 0.9832289704601334 138
1777392604496 0.9783880341874587 139
1777392608487 0.9805843073916422 140
1777392622468 0.9811276183965746 141
1777392633848 0.9784287300701444 142
1777392644797 0.9827313481438615 143
1777392652153 0.9761810945024181 144
1777392660593 0.979775642425508 145
1777392661879 0.9802007581395759 146
1777392677945 0.9822291181073967 147
1777392690916 0.9805883613232859 148
1777392711360 0.9794556759890898 149
1777392731701 0.9830693662037266 150
1777392736156 0.9816673624652894 151
1777392751496 0.9791682723414089 152
1777392762808 0.977585178510782 153
1777392770589 0.979850979618326 154
1777392779694 0.9805985143880739 155
1777392792476 0.9825275265605746 156
1777392809926 0.9837621620182785 157
1777392825672 0.981724535521034 158
1777392839394 0.9858434574828812 159
1777392858299 0.9834613419996161 160
1777392871924 0.9817606716191998 161
1777392884665 0.9871799908006901 162
1777392897358 0.9789781518653581 163
1777392912434 0.9798519390954871 164
1777392928714 0.9833649693339878 165
1777392945064 0.9817502113543024 166
1777392955843 0.9825382479017861 167
1777392969389 0.9817055715800102 168
1777392973635 0.9787381740792768 169
1777392994936 0.9825357145454224 170
1777393040863 0.9828838685548041 171
1777393073495 0.9845954048289244 172
1777393124043 0.9818209618022637 173
1777393194258 0.9817459930659085 174
1777393245181 0.9833244958558662 175
1777393245541 0.9832837223790653 176
1777393245880 0.9817506293721299 177
1777393246194 0.9817932728015091 178
1777393246514 0.9832625774101684 179
1777393246846 0.9847630061112972 180
1777393247178 0.9837804495434819 181
1777393247548 0.9856985792240475 182
1777393249692 0.9829343673572868 183
1777393250061 0.9822664423300586 184
1777393256009 0.9839165774820409 185
1777393291209 0.9832660043147071 186
1777393346768 0.9837833687079284 187
1777393391027 0.9888538926919845 188
1777393395427 0.9858294593648068 189
1777393395739 0.9832019816581183 190
1777393399139 0.9852308466139187 191
1777393401642 0.985532383249034 192
1777393406293 0.9843467473252919 193
1777393413206 0.9815150805345852 194
1777393416578 0.9841294453867395 195
1777393424358 0.9863962001790126 196
1777393427267 0.9854906279609131 197
1777393430324 0.9836800018143659 198
1777393435853 0.9843065320403006 199
1777393446106 0.9821618100247619 200
1777393448487 0.9890763398969501 201
1777393457936 0.98374995253113 202
1777393466406 0.984111588450687 203
1777393471596 0.9857272273538478 204
1777393477481 0.9863604668499406 205
1777393479970 0.9873793488330379 206
1777393488940 0.9883785629370783 207
1777393499948 0.9864385955040897 208
1777393502493 0.9826292804015556 209
1777393510766 0.9857897462684531 210
1777393513268 0.9891840781113681 211
1777393518933 0.9871648018844625 212
1777393526011 0.987323710379653 213
1777393532764 0.9860201878613807 214
1777393538797 0.9823564815055879 215
1777393543759 0.9885485250580422 216
1777393546765 0.9839744926307217 217
1777393556664 0.9870817369728139 218
1777393567037 0.9865329721464791 219
1777393572665 0.986440799400981 220
1777393579599 0.9862715875628059 221
1777393585398 0.9871409341887096 222
1777393588241 0.9861775728284686 223
1777393588642 0.9868117832424415 224
1777393594712 0.9884171738392323 225
1777393598159 0.9883236847711516 226
1777393603368 0.985586509756638 227
1777393609019 0.9858514487858249 228
1777393614896 0.9813198942640458 229
1777393615225 0.9866909351919524 230
1777393618311 0.9849707188892167 231
1777393625914 0.9866419836210628 232
1777393635247 0.9888960942568816 233
1777393640607 0.9854472830591839 234
1777393650038 0.9866764813137839 235
