1777305141993 183.12757720947266 1
1777305143855 149.83850708007813 2
1777305145713 97.49493865966797 3
1777305147550 47.363417053222655 4
1777305149412 28.058091163635254 5
1777305151258 23.21153564453125 6
1777305153087 21.507132530212402 7
1777305154927 20.305898094177245 8
1777305156767 18.901405906677248 9
1777305158608 18.222740364074706 10
1777305160458 18.08456211090088 11
1777305162317 17.54841766357422 12
1777305164153 17.11414451599121 13
1777305165990 17.369924545288086 14
1777305167857 16.34076633453369 15
1777305169687 16.22419719696045 16
1777305171548 15.944994926452637 17
1777305173379 15.523788261413575 18
1777305175205 15.293514442443847 19
1777305177039 15.614679050445556 20
1777305178882 14.691459274291992 21
1777305180716 14.634669780731201 22
1777305182568 14.461141014099121 23
1777305184407 14.357738018035889 24
1777305186240 13.747121334075928 25
1777305188065 14.194270610809326 26
1777305189894 13.826470470428466 27
1777305191740 13.704629135131835 28
1777305193598 13.582744121551514 29
1777305195437 13.025165176391601 30
1777305197282 12.79893455505371 31
1777305199115 12.641715335845948 32
1777305200954 12.20468111038208 33
1777305202797 12.393908596038818 34
1777305204638 11.69702606201172 35
1777305206488 11.738587284088135 36
1777305208329 11.53238582611084 37
1777305210158 11.670848941802978 38
1777305211997 10.875228118896484 39
1777305213838 15.2972900390625 40
1777305215697 11.605971908569336 41
1777305217530 11.038369369506835 42
1777305219372 11.04013967514038 43
1777305221212 10.479725551605224 44
1777305223058 10.804121494293213 45
