1777305141993 178.21416255431768 1
1777305143855 145.0652697826137 2
1777305145713 92.7441593761557 3
1777305147550 42.772621445514744 4
1777305149412 23.57148283828645 5
1777305151258 18.774418012630306 6
1777305153087 17.09313716008113 7
1777305154927 15.94570644220657 8
1777305156767 14.563671958968484 9
1777305158608 13.91772348054062 10
1777305160458 13.781230822681675 11
1777305162317 13.27132984951403 12
1777305164153 12.851984673674995 13
1777305165990 13.121387822077825 14
1777305167857 12.105834832727556 15
1777305169687 12.00207749857705 16
1777305171548 11.726865116096812 17
1777305173379 11.328633045444827 18
1777305175205 11.136407938398554 19
1777305177039 11.426884672401926 20
1777305178882 10.546210365069689 21
1777305180716 10.490739817421817 22
1777305182568 10.341901290712977 23
1777305184407 10.249031416763215 24
1777305186240 9.657940793912086 25
1777305188065 10.067401880569006 26
1777305189894 9.740331265601887 27
1777305191740 9.61870788980518 28
1777305193598 9.4911585664467 29
1777305195437 8.988643722139166 30
1777305197282 8.775618135124974 31
1777305199115 8.61374190934311 32
1777305200954 8.207312134511373 33
1777305202797 8.387028400488859 34
1777305204638 7.734979167238495 35
1777305206488 7.776718494483 36
1777305208329 7.568694492091794 37
1777305210158 7.686841570611536 38
1777305211997 6.9554182474711945 39
1777305213838 11.153561490245119 40
1777305215697 7.632542695716993 41
1777305217530 7.112948111810628 42
1777305219372 7.103549819585134 43
1777305221212 6.59691082474748 44
1777305223058 6.922915662957366 45
