1777305141993 -2.487489662821962 1
1777305143855 -1.5877378542378673 2
1777305145713 -0.35731904797440106 3
1777305147550 0.6201806636854409 4
1777305149412 0.8867389625615141 5
1777305151258 0.9272842881913975 6
1777305153087 0.9384896443245808 7
1777305154927 0.9448863656307258 8
1777305156767 0.9527453017613569 9
1777305158608 0.9557787984302933 10
1777305160458 0.9567094691358892 11
1777305162317 0.9594452805253884 12
1777305164153 0.9613576365244617 13
1777305165990 0.9588133349596693 14
1777305167857 0.964461604579247 15
1777305169687 0.9645191544925481 16
1777305171548 0.9663005365117878 17
1777305173379 0.9679475041594418 18
1777305175205 0.9682253706641768 19
1777305177039 0.9667068892289764 20
1777305178882 0.9710561471986072 21
1777305180716 0.9712876828750342 22
1777305182568 0.9713499209355059 23
1777305184407 0.9721590617914031 24
1777305186240 0.9743678920931996 25
1777305188065 0.972806355170695 26
1777305189894 0.9741048293400353 27
1777305191740 0.9748462432518762 28
1777305193598 0.9752497529783007 29
1777305195437 0.9765158620399166 30
1777305197282 0.9774186846686838 31
1777305199115 0.9782984789956967 32
1777305200954 0.9799446219471102 33
1777305202797 0.9788942115313064 34
1777305204638 0.9813838712725526 35
1777305206488 0.9814451681892095 36
1777305208329 0.9821629777215385 37
1777305210158 0.9818920140034539 38
1777305211997 0.9843589721089248 39
1777305213838 0.9624223044360358 40
1777305215697 0.9811939506448012 41
1777305217530 0.9835871894458992 42
1777305219372 0.9837474749380472 43
1777305221212 0.9853556640803246 44
1777305223058 0.9841392171298798 45
