1777428124260 163.17710876464844 1
1777428133787 160.45254516601562 2
1777428134107 158.23394775390625 3
1777428136881 156.01321411132812 4
1777428144790 153.64747619628906 5
1777428148086 151.103759765625 6
1777428151480 148.33624267578125 7
1777428154339 145.3202667236328 8
1777428157140 142.08644104003906 9
1777428160461 138.46804809570312 10
1777428160792 134.500732421875 11
1777428161073 130.1376495361328 12
1777428161361 125.0339584350586 13
1777428163807 119.17735290527344 14
1777428164113 113.49034881591797 15
1777428164408 107.73212432861328 16
1777428164701 102.29264831542969 17
1777428169997 96.18659973144531 18
1777428172842 90.27340698242188 19
1777428181821 84.48463439941406 20
1777428184255 78.830810546875 21
1777428184558 72.78255462646484 22
1777428186616 67.78546142578125 23
1777428186912 61.31221008300781 24
1777428187192 56.74125289916992 25
1777428187502 50.96430587768555 26
1777428191243 46.322662353515625 27
1777428196422 42.38768005371094 28
1777428197948 39.32655334472656 29
1777428199617 35.613521575927734 30
1777428202957 34.26231384277344 31
1777428204388 30.801898956298828 32
1777428207237 28.244205474853516 33
1777428209031 26.445655822753906 34
1777428209328 24.56359100341797 35
1777428209620 25.0622615814209 36
1777428213006 23.913362503051758 37
1777428219152 23.289098739624023 38
1777428219449 21.521387100219727 39
1777428222174 21.747995376586914 40
1777428225435 22.033552169799805 41
1777428225725 20.944189071655273 42
1777428227836 22.510339736938477 43
1777428229720 20.9377498626709 44
1777428231636 19.422351837158203 45
1777428231935 20.039316177368164 46
1777428232228 19.300439834594727 47
1777428232542 18.365142822265625 48
1777428234433 19.038461685180664 49
1777428236342 20.69618034362793 50
1777428236646 18.323484420776367 51
1777428236939 16.968461990356445 52
1777428238606 17.7482852935791 53
1777428238939 18.069149017333984 54
1777428243923 19.542831420898438 55
1777428245777 17.421310424804688 56
1777428249653 16.826492309570312 57
1777428253320 19.340194702148438 58
1777428255114 17.256704330444336 59
1777428258176 17.201984405517578 60
1777428263322 18.443822860717773 61
1777428265091 16.868696212768555 62
1777428265421 18.837682723999023 63
1777428267056 17.6176700592041 64
1777428271471 16.920745849609375 65
1777428276627 16.6153621673584 66
1777428277962 17.183395385742188 67
1777428281368 15.67056655883789 68
1777428282730 16.143468856811523 69
1777428283875 17.13408088684082 70
1777428284180 19.74654197692871 71
1777428285664 18.327226638793945 72
1777428286937 14.923699378967285 73
1777428287241 17.105003356933594 74
1777428288413 15.119348526000977 75
1777428290298 15.720608711242676 76
1777428291834 17.62100601196289 77
1777428293494 17.17924690246582 78
1777428297628 17.01474380493164 79
1777428300477 16.735963821411133 80
1777428302042 15.50673770904541 81
1777428304997 15.811102867126465 82
1777428305317 14.389447212219238 83
1777428308351 16.490734100341797 84
1777428312734 16.621320724487305 85
1777428314487 17.143728256225586 86
1777428314890 17.478885650634766 87
1777428315208 13.280038833618164 88
1777428318354 14.233794212341309 89
1777428321567 14.589437484741211 90
1777428324390 14.005919456481934 91
1777428328584 17.352048873901367 92
1777428328901 13.785055160522461 93
1777428333275 16.53066635131836 94
1777428334511 14.038703918457031 95
1777428339621 15.14069938659668 96
1777428340915 16.5020751953125 97
1777428344926 15.49818229675293 98
1777428347513 13.845087051391602 99
1777428349102 14.799966812133789 100
1777428352856 12.380281448364258 101
1777428354983 16.13943862915039 102
1777428357130 16.42963981628418 103
1777428359361 16.283964157104492 104
1777428361501 15.647116661071777 105
1777428363707 14.54345703125 106
1777428366639 13.116413116455078 107
1777428369800 13.757610321044922 108
1777428370115 15.629375457763672 109
1777428370426 15.114891052246094 110
1777428371701 15.087944984436035 111
1777428372773 14.596614837646484 112
1777428375740 14.996471405029297 113
1777428376628 15.601921081542969 114
1777428377647 14.22218132019043 115
1777428378383 15.358592987060547 116
1777428379508 15.129477500915527 117
1777428381686 14.13539981842041 118
1777428383598 14.242646217346191 119
1777428383913 13.088218688964844 120
1777428386484 12.648137092590332 121
1777428388254 13.430651664733887 122
1777428389149 13.58578872680664 123
1777428390087 14.554360389709473 124
1777428390411 12.492659568786621 125
1777428392122 15.323504447937012 126
1777428393038 14.430580139160156 127
1777428393883 13.231879234313965 128
1777428395621 13.821013450622559 129
1777428397209 14.250954627990723 130
1777428399293 13.685981750488281 131
1777428400008 12.056533813476562 132
1777428400310 13.390592575073242 133
1777428400928 12.886739730834961 134
1777428402311 12.073796272277832 135
1777428403136 12.685029983520508 136
1777428404792 14.216416358947754 137
1777428405508 12.672304153442383 138
1777428406029 13.142842292785645 139
1777428406675 13.33673095703125 140
1777428408577 12.80541706085205 141
1777428409911 14.027677536010742 142
1777428410508 12.574398040771484 143
1777428412892 12.80925178527832 144
1777428413447 11.966944694519043 145
1777428413772 13.34330940246582 146
1777428414436 13.096216201782227 147
1777428414739 12.978473663330078 148
1777428416336 12.065351486206055 149
1777428416907 12.695735931396484 150
1777428417389 11.926240921020508 151
1777428418354 12.589162826538086 152
1777428419390 11.513874053955078 153
1777428420477 13.271806716918945 154
1777428422546 12.013812065124512 155
1777428422842 12.441642761230469 156
1777428423917 12.874730110168457 157
1777428424624 12.856493949890137 158
1777428425042 12.374058723449707 159
1777428425364 11.689541816711426 160
1777428426086 14.18947982788086 161
