1777428124260 158.17711020719983 1
1777428133787 155.45253278336943 2
1777428134107 153.23519556086973 3
1777428136881 151.02522180616612 4
1777428144790 148.69925531554208 5
1777428148086 146.22266916128305 6
1777428151480 143.56520191669745 7
1777428154339 140.59221417107304 8
1777428157140 137.28969797525278 9
1777428160461 133.6049185196792 10
1777428160792 129.6171069052803 11
1777428161073 125.25240102377067 12
1777428161361 120.12547732771527 13
1777428163807 114.2716732775542 14
1777428164113 108.59813903432276 15
1777428164408 102.8589538197901 16
1777428164701 97.44367044194614 17
1777428169997 91.3841748061211 18
1777428172842 85.54893293397537 19
1777428181821 79.79350031227206 20
1777428184255 74.20658839567928 21
1777428184558 68.1788477066049 22
1777428186616 63.23450686577412 23
1777428186912 56.77655036464832 24
1777428187192 52.227727853054866 25
1777428187502 46.488373463530436 26
1777428191243 41.88154163013398 27
1777428196422 37.956665779378085 28
1777428197948 34.914994478925706 29
1777428199617 31.22063373917352 30
1777428202957 29.875406064779984 31
1777428204388 26.42069738973818 32
1777428207237 23.866781717458334 33
1777428209031 22.105392690133293 34
1777428209328 20.248060962836043 35
1777428209620 20.722132588160857 36
1777428213006 19.616787288305133 37
1777428219152 18.950367176035748 38
1777428219449 17.272684089450085 39
1777428222174 17.50290184838591 40
1777428225435 17.733418964737663 41
1777428225725 16.705525168095765 42
1777428227836 18.19562446630078 43
1777428229720 16.6506472490706 44
1777428231636 15.194545754809557 45
1777428231935 15.840290324938556 46
1777428232228 15.130911999006377 47
1777428232542 14.144131367303173 48
1777428234433 14.742901186626655 49
1777428236342 16.48351539392298 50
1777428236646 14.140078828535007 51
1777428236939 12.853062645379614 52
1777428238606 13.586910201323011 53
1777428238939 13.88551411821922 54
1777428243923 15.33736330470266 55
1777428245777 13.264204548305438 56
1777428249653 12.678846406852646 57
1777428253320 15.116825801515608 58
1777428255114 13.122698431076614 59
1777428258176 13.081053580946595 60
1777428263322 14.239376377233393 61
1777428265091 12.737885445478868 62
1777428265421 14.601616559277824 63
1777428267056 13.454205946997902 64
1777428271471 12.790405643595294 65
1777428276627 12.525839449725149 66
1777428277962 13.079917315238374 67
1777428281368 11.563989394843682 68
1777428282730 12.07104964712684 69
1777428283875 13.004193347968988 70
1777428284180 15.549778838054054 71
1777428285664 14.190940004618673 72
1777428286937 10.862532804380496 73
1777428287241 12.97228496493274 74
1777428288413 11.012806566476963 75
1777428290298 11.643788611545888 76
1777428291834 13.507213151251927 77
1777428293494 13.089939377830088 78
1777428297628 12.863895974576439 79
1777428300477 12.584752860660071 80
1777428302042 11.396972526890771 81
1777428304997 11.7433205642073 82
1777428305317 10.381901121111527 83
1777428308351 12.404359090069217 84
1777428312734 12.48140820488115 85
1777428314487 13.051843298790528 86
1777428314890 13.35246425142585 87
1777428315208 9.29112796481049 88
1777428318354 10.242107667435777 89
1777428321567 10.595070002293209 90
1777428324390 10.037469211775488 91
1777428328584 13.207187575868348 92
1777428328901 9.79055846444453 93
1777428333275 12.455394060557126 94
1777428334511 10.060411059849415 95
1777428339621 11.110282237153157 96
1777428340915 12.431572606685368 97
1777428344926 11.44485278753974 98
1777428347513 9.81769627903184 99
1777428349102 10.783218321069436 100
1777428352856 8.365974889386772 101
1777428354983 11.993175255153295 102
1777428357130 12.252516273603815 103
1777428359361 12.199827037414801 104
1777428361501 11.544598119649478 105
1777428363707 10.450532646649597 106
1777428366639 9.15176350553807 107
1777428369800 9.747600706339023 108
1777428370115 11.559858767340902 109
1777428370426 11.061111503954992 110
1777428371701 11.043501058187614 111
1777428372773 10.517079573131209 112
1777428375740 10.972202429264627 113
1777428376628 11.516217747507415 114
1777428377647 10.229676818959655 115
1777428378383 11.20299933730891 116
1777428379508 11.10670527443071 117
1777428381686 10.102074967505859 118
1777428383598 10.18976767064541 119
1777428383913 9.101487263328387 120
1777428386484 8.786542448938699 121
1777428388254 9.446336010940202 122
1777428389149 9.56564725628336 123
1777428390087 10.544468132104162 124
1777428390411 8.513026831644252 125
1777428392122 11.19706933608982 126
1777428393038 10.36907737001698 127
1777428393883 9.208521524878439 128
1777428395621 9.824841795846845 129
1777428397209 10.218297689575625 130
1777428399293 9.705584874939932 131
1777428400008 8.154089955813172 132
1777428400310 9.40554087454616 133
1777428400928 8.945350011656442 134
1777428402311 8.196032352189912 135
1777428403136 8.731429128036455 136
1777428404792 10.163912028336762 137
1777428405508 8.703044420960225 138
1777428406029 9.077187228468818 139
1777428406675 9.330745172024614 140
1777428408577 8.81351605122466 141
1777428409911 10.02971409043353 142
1777428410508 8.578664179626662 143
1777428412892 8.870460864171797 144
1777428413447 8.067398505846473 145
1777428413772 9.372585621428923 146
1777428414436 9.118528249329563 147
1777428414739 9.021056868507802 148
1777428416336 8.15662353345386 149
1777428416907 8.761358031509767 150
1777428417389 7.9914765943167705 151
1777428418354 8.615468598644101 152
1777428419390 7.572758121624878 153
1777428420477 9.227186567560757 154
1777428422546 8.087608122923623 155
1777428422842 8.481856921526942 156
1777428423917 8.90064396749016 157
1777428424624 8.884958472170693 158
1777428425042 8.428762276594036 159
1777428425364 7.789453374870511 160
1777428426086 10.112186841802323 161
