1777172917525 -2.7161536734261316 1
1777172918705 -2.463947771013416 2
1777172919848 -2.084417414978549 3
1777172920977 -1.5973002712040354 4
1777172922121 -1.0368275073781907 5
1777172923260 -0.4641965204459302 6
1777172924393 0.08407989641502822 7
1777172925530 0.5308325852545719 8
1777172926671 0.7694883568337191 9
1777172927804 0.8756785871927619 10
1777172928944 0.9117342438290065 11
1777172930118 0.9226232572325157 12
1777172931255 0.9336587676829997 13
1777172932392 0.9394064814756522 14
1777172933560 0.9437655686995428 15
1777172934697 0.948166089387507 16
1777172935834 0.9510442221019048 17
1777172936989 0.958472459184737 18
1777172938131 0.9564942156663176 19
1777172939277 0.9572273523295076 20
1777172940483 0.9577450717043323 21
1777172941632 0.9609702599606632 22
1777172942770 0.9609848302019305 23
1777172943911 0.9560647451542478 24
1777172945064 0.962283599011158 25
1777172946790 0.9618627544592673 26
1777172947929 0.9611615246675355 27
1777172949069 0.9634867215300469 28
1777172950234 0.9633028700969745 29
1777172951393 0.9644264746413385 30
1777172952541 0.9661287289680466 31
1777172953698 0.9691543905219191 32
1777172954831 0.9708939992347247 33
1777172955972 0.9637735729610206 34
1777172957120 0.96842550781679 35
1777172958264 0.9693842856952988 36
1777172959401 0.9661181377929154 37
1777172960546 0.9664923243382013 38
1777172961695 0.9648407130980287 39
1777172962865 0.9673203946553848 40
1777172963998 0.9695559348704593 41
1777172965152 0.9714670156923397 42
1777172966289 0.9680611079982456 43
1777172967426 0.9719515034790644 44
1777172968579 0.9710611496197058 45
1777172969716 0.9625176716325615 46
1777172970852 0.9752163681988261 47
1777172971981 0.9699333086052894 48
1777172973157 0.9708557791922079 49
1777172974285 0.9716501457450626 50
