1777200791060 214.2765171017347 1
1777200791506 212.1323842262185 2
1777200791908 210.16859861489775 3
1777200792312 208.1001392809481 4
1777200792721 205.78820460913207 5
1777200793134 203.1099609817303 6
1777200793552 200.06312480377287 7
1777200794523 196.66463959936976 8
1777200794949 193.1853364485773 9
1777200795358 189.71985926623495 10
1777200795782 185.9731058345534 11
1777200796187 182.01439031365075 12
1777200796596 177.89800777938746 13
1777200797000 173.8574701353813 14
1777200797415 168.84492122025762 15
1777200797818 164.53421471687886 16
1777200798561 159.69125484822266 17
1777200798964 153.98179300854045 18
1777200799388 148.29401617858693 19
1777200799802 141.31426911763015 20
1777200800237 132.88990391485729 21
1777200800644 124.23268003654474 22
1777200801061 115.40221357685259 23
1777200801472 105.86311455572002 24
1777200801881 98.0067908600598 25
1777200802317 89.74262243354603 26
1777200802822 81.5826214404376 27
1777200803252 74.62058325497397 28
1777200831785 67.78591428741852 29
1777200832208 61.37806684674705 30
1777200833009 53.72517822576883 31
1777200833473 49.683895800884265 32
1777200834036 43.14115413022118 33
1777200835030 40.54329674721596 34
1777200835563 40.82075283853407 35
1777200836465 37.2818573792728 36
1777200836921 34.132538015318865 37
1777200837455 38.67196180545813 38
1777200838038 30.50046526444566 39
1777200838450 30.947288737073258 40
1777200839021 31.89058002354741 41
1777200839544 29.314874678930597 42
1777200840137 30.255132570772187 43
1777200840553 28.018152075094548 44
1777200841106 29.222441904123 45
1777200841663 25.094186591391914 46
1777200842395 26.51356590966394 47
1777200844310 26.67878956212219 48
1777200845854 26.611969100652107 49
1777200858794 24.60066686207091 50
1777200859989 24.30628962495163 51
1777200861652 23.642803931310155 52
1777200862787 22.65496224788567 53
1777200863957 22.335767395076292 54
1777200864494 25.187020195492064 55
1777200864996 22.485737667185838 56
1777200865468 22.11978346541034 57
1777200865929 23.72289005781784 58
1777200866374 23.315360131604365 59
1777200866849 22.982696658641366 60
1777200867300 22.660600336645707 61
1777200868438 23.11199090375289 62
1777200869486 21.96277520881746 63
1777200869915 21.920420896846892 64
1777200870343 24.75846702550715 65
1777200870814 20.326314413025976 66
1777200871240 22.153683103466747 67
1777200871666 21.106634519789107 68
1777200872083 22.13493718843443 69
1777200872520 21.114086695436814 70
1777200872939 24.711600676763382 71
1777200873354 22.744429692371934 72
1777200873778 22.4701149728819 73
1777200874206 17.182669775823545 74
1777200874624 19.77965087212226 75
1777200875044 21.69233935448 76
1777200875471 20.022710494507855 77
1777200875899 20.316811441474705 78
1777200876333 23.83094245638168 79
1777200876771 19.741224439806476 80
1777200877202 21.271756871045216 81
1777200877693 18.395973328878167 82
1777200878125 18.23079391918597 83
1777200878554 20.8926985402777 84
1777200878982 22.773733649446626 85
1777200879409 17.847857588736314 86
1777200879853 18.699642663489254 87
1777200880314 18.475090784409897 88
1777200880745 17.755592861993073 89
1777200881279 18.95483330357738 90
1777200881728 19.23776054181106 91
1777200882801 20.478978241227942 92
1777200883224 20.687928532429016 93
1777200883656 17.431776194325767 94
1777200884096 19.058074537531986 95
1777200884529 17.218923689006015 96
1777200884960 18.524730751459316 97
1777200885398 20.22541428036766 98
1777200885834 16.967373224821532 99
1777200886277 19.872505463294555 100
1777200886714 17.07938206575539 101
1777200887150 16.776122718227573 102
1777200887579 15.726902570994044 103
1777200888025 18.45642897496188 104
1777200888445 16.334392487316066 105
1777200888868 16.503244716771324 106
1777200889335 14.608627675571602 107
1777200937967 15.489010268151869 108
1777200938348 15.074639331558235 109
1777200938728 15.173162780857986 110
1777200939108 15.70707739439255 111
1777200939493 15.870055382288811 112
1777200944909 15.633829536507122 113
1777200945928 17.450471380911623 114
1777200946307 15.68106396938403 115
1777200946686 15.029199789525608 116
1777200947070 16.425589419955948 117
1777200947453 16.336885546079557 118
1777200947838 16.183239703917543 119
1777200948216 15.622608703733219 120
1777200948597 14.410520504002937 121
1777200948981 14.211860882590068 122
