1777374847964 156.8593000139509 1
1777374848392 155.12992546444846 2
1777374850053 153.33240523565382 3
1777374850480 151.768116687593 4
1777374851342 150.05921863374255 5
1777374852124 147.60633639381047 6
1777374852940 145.21395103817895 7
1777374853365 143.05016464960008 8
1777374854159 140.887889898391 9
1777374855031 138.7626940046038 10
1777374856591 136.6900858561198 11
1777374857035 134.47407807849703 12
1777374858983 131.7517073858352 13
1777374859886 128.78349173409597 14
1777374861052 125.73788742792038 15
1777374862065 122.6616204398019 16
1777374862491 119.45084228515626 17
1777374863302 116.25535547165643 18
1777374864262 112.96388171968006 19
1777374865234 109.57783610026041 20
1777374865906 106.06119065057663 21
1777374866835 102.53737647646949 22
1777374867258 99.12961538405645 23
1777374867678 94.8747097197033 24
1777374868130 89.67523367745535 25
1777374869444 83.83550022670201 26
1777374870412 77.90480019705636 27
1777374871584 72.75403834751674 28
1777374873218 67.78442644391741 29
1777374873740 63.388236054920014 30
1777374874632 58.76244950067429 31
1777374875369 53.76157110305059 32
1777374876203 50.147571672712054 33
1777374876649 46.510848926362534 34
1777374877226 42.7222400483631 35
1777374877950 38.165228489467076 36
1777374878442 36.58766392299107 37
1777374879274 34.04988926478794 38
1777374879941 30.97405809674944 39
1777374880362 29.858960687546503 40
1777374881248 27.238351585751488 41
1777374882160 26.664539700462704 42
1777374882870 25.32778273082915 43
1777374883312 22.312562452043807 44
1777374883747 23.099044581821985 45
1777374884165 21.3662467956543 46
1777374884604 20.31002004714239 47
1777374885020 20.857235499790736 48
1777374885442 21.70670885358538 49
1777374887215 21.091326032366073 50
1777374887890 19.043501944768998 51
1777374888886 18.591098794483003 52
1777374889879 19.306456429617747 53
1777374890289 18.263837396530878 54
1777374891749 18.376210530598957 55
1777374892927 17.862840743291947 56
1777374893341 17.900634747459776 57
1777374894409 17.78450226556687 58
1777374895751 16.428575279599144 59
1777374896754 15.956870560418992 60
1777374898516 18.69523486182803 61
1777374899326 18.364203462146577 62
1777374900221 15.909614671979632 63
1777374900623 16.88062537057059 64
1777374901054 16.368354742867606 65
1777374902107 14.91346929640997 66
1777374903539 16.518177041553315 67
1777374904707 16.502381533668157 68
1777374905322 15.612696148100353 69
1777374906007 15.029179164341517 70
1777374907284 17.007205636160716 71
1777374908193 14.372747984386626 72
1777374912431 13.693008550008138 73
1777374912874 15.349573734828404 74
1777374913872 17.176880464099703 75
1777374969747 16.070516459147136 76
1777374971692 14.240991092863537 77
1777374973222 13.808347393217542 78
1777374974425 15.329844556535994 79
1777374976800 15.054286875043596 80
1777374977351 14.054945482526506 81
1777374978988 16.868703388032458 82
1777374980538 14.455149550664993 83
1777374982336 12.825667226882208 84
1777374983328 14.960088457380023 85
1777374985719 12.062583314804805 86
1777374987203 13.180058025178456 87
1777374989301 15.160712850661504 88
1777374989994 13.086236803872245 89
1777374990655 13.812993639991397 90
1777374991637 13.472612962268649 91
1777374995516 14.287505449567522 92
1777375000659 13.627947307768322 93
1777375001890 13.392574491954985 94
1777375003419 15.219191687447685 95
1777375006561 12.63572035289946 96
1777375007004 13.340646598452613 97
1777375007462 14.435262916201637 98
1777375007908 14.123941948300317 99
1777375008876 14.630985042027065 100
1777375009810 12.86442620413644 101
1777375011466 12.480460067022415 102
1777375012391 12.52306029910133 103
1777375013463 12.21210496993292 104
1777375014653 12.288068671453567 105
1777375015907 12.751546823410761 106
1777375017079 13.971326155889601 107
1777375018218 13.393684141976493 108
1777375019602 12.954839906238375 109
1777375020041 13.080306316557385 110
1777375020473 12.614282662527902 111
1777375021317 11.990480695452009 112
1777375021732 12.453189595540364 113
1777375022163 12.496179993947347 114
1777375023262 14.147228458949497 115
1777375023867 10.257158097766695 116
1777375024309 11.73141761053176 117
1777375024728 10.88407927013579 118
1777375025819 12.544825308663505 119
1777375026236 12.894929431733631 120
1777375026680 11.58235597156343 121
1777375027768 12.579208791823614 122
1777375029710 11.640556653340658 123
1777375030988 11.58009605407715 124
1777375031692 12.284030224028088 125
1777375033382 10.433685829525903 126
1777375034451 10.44644471123105 127
1777375036254 12.308662814185732 128
1777375037618 11.890433447701591 129
1777375039075 13.771787152971541 130
1777375039919 13.606916827247256 131
1777375042481 10.512933458600726 132
1777375045135 10.037762778145927 133
1777375045563 10.364911124819802 134
1777375045997 11.811060841878255 135
1777375046439 11.461572292872837 136
1777375046858 10.56698731921968 137
1777375047269 11.834986677623931 138
1777375048063 10.755480630057198 139
1777375049038 11.83348653884161 140
1777375049632 11.917163994198754 141
1777375051092 12.07551516578311 142
1777375051821 11.543606512887138 143
1777375054047 10.877074250720796 144
1777375055625 10.807770247686477 145
1777375057001 11.570144053867885 146
1777375058851 11.681148965018137 147
1777375060278 10.738530803862073 148
1777375062190 10.231406629653204 149
1777375063385 11.627934537615095 150
1777375064815 10.983095259893508 151
1777375065217 9.068766775585356 152
1777375065625 10.502882784888858 153
1777375066068 10.546289298647926 154
1777375066491 12.876252546764555 155
1777375066929 9.706809375399635 156
1777375068190 9.510958825974237 157
1777375069057 10.897330729166667 158
1777375069980 9.188115001860119 159
1777375070624 10.02219302767799 160
1777375071052 10.1688687369937 161
1777375072439 10.407743235996792 162
1777375072868 9.639851824442546 163
1777375073837 10.506091853550503 164
1777375075853 10.493905330839612 165
1777375076279 9.65905711764381 166
1777375076733 9.451758230300177 167
1777375078666 8.604971822102865 168
1777375079100 10.89867730821882 169
1777375079736 9.008754403250558 170
1777375080194 9.368073000226701 171
1777375081326 8.406321135021392 172
1777375081747 9.75697143191383 173
1777375083293 9.567416726975214 174
1777375084042 10.739577102661134 175
1777375084966 9.518959971836635 176
1777375085892 9.043795667375838 177
1777375086767 9.179046703520275 178
1777375088701 10.467525391351609 179
1777375089129 8.957998984200614 180
1777375089579 9.594737534295945 181
1777375090021 9.674754097348167 182
1777375090471 8.632035827636718 183
1777375090911 8.938846025012788 184
1777375091346 8.96661536352975 185
1777375092891 9.373827852521623 186
