1777418468221 -1.756177334961908 1
1777418475056 -1.610335582608628 2
1777418479012 -1.4166112344051607 3
1777418482626 -1.1101935991689786 4
1777418485834 -0.7133236642800351 5
1777418492716 -0.31748276431447175 6
1777418495666 0.06498238642258392 7
1777418501934 0.3913796244266069 8
1777418509421 0.6446082661475923 9
1777418514854 0.807642374320302 10
1777418522700 0.8872901827340669 11
1777418525262 0.9177338746915371 12
1777418530389 0.9286130766991456 13
1777418542775 0.9425084577156432 14
1777418553371 0.9436836872798912 15
1777418556792 0.9442063430147801 16
1777418560738 0.954909542180122 17
1777418564111 0.9507737823479109 18
1777418570225 0.9546900117532089 19
1777418576618 0.9591780208093007 20
1777418589082 0.9588895306939946 21
1777418592388 0.9628547241925006 22
1777418607806 0.9641557516042953 23
1777418613990 0.9645342273446305 24
1777418617370 0.9644083910711007 25
1777418624197 0.9639763924708343 26
1777418630548 0.9663248681559152 27
1777418637014 0.9690620297153724 28
1777418643511 0.9651617851166285 29
1777418646927 0.9691925820268935 30
1777418650028 0.9651619855292167 31
1777418665254 0.9703477450933515 32
1777418677153 0.9662284950697083 33
1777418682687 0.9711727624091822 34
1777418690991 0.967918647994559 35
1777418694389 0.9685632814264392 36
1777418706603 0.9691550642830226 37
1777418710098 0.9735782944095218 38
1777418726577 0.9747439168538807 39
1777418733090 0.9722493968747568 40
1777418743041 0.9728457331256862 41
1777418746543 0.9740737802859444 42
1777418750235 0.9734345554570755 43
1777418756231 0.9744912523913535 44
1777418764065 0.9743308284567285 45
1777418767831 0.9775148365185303 46
1777418771554 0.9752180169313425 47
1777418777552 0.9781703099882468 48
1777418780660 0.9802556486313332 49
1777418789551 0.9790631341155763 50
1777418795222 0.9774518435441535 51
1777418800540 0.9786257488631989 52
1777418803939 0.9770282347545586 53
1777418812444 0.9785705060211857 54
1777418830457 0.9805210722724933 55
1777418843106 0.9792673482007069 56
1777418856992 0.981030280069032 57
1777418879675 0.9826002323730685 58
1777418899467 0.9822406135470548 59
1777418910300 0.983193283663754 60
1777418925140 0.9831754672383564 61
1777418942975 0.984934181563292 62
1777418965453 0.9846171136276664 63
1777418976760 0.985489272426605 64
1777418995912 0.9834190903026041 65
1777418999562 0.9852828360449275 66
1777419027790 0.9864933991095227 67
1777419031346 0.9854282214248383 68
1777419042343 0.9846219615828045 69
1777419059284 0.9866789773608258 70
1777419063287 0.9851793394328033 71
1777419085627 0.985593450187842 72
1777419089258 0.9859090327871342 73
1777419092699 0.9876615660326904 74
1777419101298 0.9832402892947084 75
1777419105128 0.9861634134410016 76
1777419120600 0.9854322448978101 77
1777419121582 0.98623283864471 78
1777419135039 0.9854010312714264 79
1777419139355 0.983607002472655 80
1777419148712 0.9865273094268074 81
1777419155017 0.9877839686551059 82
1777419158325 0.9875793235625069 83
1777419162136 0.9876822237504768 84
1777419172996 0.9868820967873263 85
1777419175915 0.9877694197159552 86
1777419180527 0.9888321442490862 87
1777419184069 0.9879005187225744 88
1777419193693 0.9880741800354885 89
1777419211029 0.9845451984878155 90
1777419217315 0.9895189575543795 91
1777419236381 0.9890170007613852 92
1777419251817 0.9896090575997346 93
1777419261505 0.9871149039139858 94
1777419264878 0.9897946751724949 95
1777419271137 0.9894990615312715 96
1777419284111 0.9901317989539254 97
1777419287213 0.9895867242804995 98
1777419294665 0.9896977985179494 99
1777419297270 0.9892317098702763 100
1777419298283 0.9887828376786706 101
1777419300563 0.9896702164183999 102
1777419304904 0.9899137912821518 103
1777419307773 0.9896536532058952 104
1777419314988 0.9887485379521166 105
1777419323347 0.9905131295664642 106
1777419324364 0.9904482376050436 107
1777419332047 0.9902165271808583 108
1777419336293 0.9889023875927905 109
1777419341033 0.9902179478270526 110
1777419346625 0.9899415712574212 111
1777419351076 0.9896693836914119 112
1777419362929 0.9908054452790223 113
1777419366020 0.9914619677437411 114
1777419371802 0.9906171519445237 115
1777419375238 0.9893364102263633 116
1777419378776 0.990287954607797 117
