1777310274464 176.7625550534959 1
1777310276368 140.0978700361179 2
1777310278231 85.93777837478898 3
1777310280096 36.76891273279016 4
1777310281963 21.934101519133858 5
1777310283841 17.94699994471937 6
1777310285702 16.413711366188647 7
1777310287568 15.563653997218546 8
1777310289434 14.338940314328187 9
1777310291316 14.086845105406962 10
1777310293189 13.446449575911391 11
1777310295065 13.539981095677463 12
1777310296951 12.691815550216702 13
1777310298813 13.088900501589459 14
1777310405943 11.78731536417237 15
1777310421205 12.179918100353696 16
1777310423064 11.746487924930843 17
1777310424919 11.776712532513855 18
1777310426777 11.126814586081647 19
1777310428624 10.942346168110388 20
1777310430469 11.10179040996173 21
1777310432316 11.022345523083834 22
1777310434203 10.788529467400704 23
1777310436070 10.365787492663596 24
1777310437917 10.563332811132712 25
1777310439759 10.026840206376958 26
1777310441615 9.532101436061714 27
1777310443470 9.76180369746174 28
1777310445322 9.543665729014227 29
1777310447199 9.144276302559405 30
1777310449053 9.287405225716824 31
1777310450916 8.671412370405124 32
1777310452756 8.26218709895279 33
1777310454613 8.020746430493913 34
1777310456460 8.056244475296925 35
1777310458320 7.874367951814805 36
1777310460168 7.579278504757481 37
1777310462037 7.516933787912043 38
1777310463902 7.586069617996619 39
1777310465760 7.01283515733057 40
1777310467622 7.04645372571066 41
1777310469500 6.945424818306619 42
1777310471350 6.843558522133147 43
1777310473199 6.89737899341236 44
