1777309123803 36843.889453125 1
1777309125668 25326.075390625 2
1777309127499 9832.79892578125 3
1777309129317 2286.4325927734376 4
1777309131163 1054.814764404297 5
1777309132999 803.2284240722656 6
1777309134829 674.3648315429688 7
1777309136685 653.3815551757813 8
1777309138516 626.4837829589844 9
1777309140344 594.4876647949219 10
1777309142174 590.5882080078125 11
1777309144012 493.0023162841797 12
1777309145856 537.395620727539 13
1777309147703 471.3033050537109 14
1777309149527 422.6187255859375 15
1777309151376 473.6234954833984 16
1777309153212 438.23639221191405 17
1777309155074 433.65728454589845 18
1777309156901 368.6388397216797 19
1777309158751 365.9088073730469 20
1777309160586 382.6198974609375 21
1777309162413 340.9023132324219 22
1777309164258 333.6966491699219 23
1777309166085 306.7342498779297 24
1777309167923 284.54247131347654 25
1777309169765 269.31930084228514 26
1777309171607 235.53965911865234 27
1777309173443 249.08177642822267 28
1777309175271 238.79027557373047 29
1777309177121 230.82840881347656 30
1777309178953 211.74996490478514 31
1777309180831 231.14242706298828 32
1777309182674 198.92002716064454 33
1777309184508 179.84348907470704 34
1777309186342 174.18991394042968 35
1777309188182 174.89862365722655 36
1777309190018 174.7366912841797 37
1777309191870 170.51742553710938 38
1777309193713 162.07201385498047 39
1777309195549 159.26617584228515 40
1777309197398 160.06551971435547 41
1777309199231 160.37755432128907 42
1777309201058 153.28472747802735 43
1777309202897 153.80457458496093 44
1777309204717 150.5668960571289 45
1777309206551 160.65308227539063 46
1777309208380 145.0158447265625 47
1777309210194 146.7300552368164 48
1777309212027 137.56925735473632 49
1777309213872 133.8433059692383 50
1777309215694 129.53958129882812 51
1777309217517 134.93453369140624 52
1777309219344 133.35977172851562 53
1777309221180 134.36541824340821 54
1777309223018 128.20494995117187 55
1777309224841 125.98189544677734 56
1777309226667 122.51369018554688 57
