1777309123803 191.9475088921221 1
1777309125668 159.14152786784604 2
1777309127499 99.15418854188722 3
1777309129317 47.79491291261253 4
1777309131163 32.45540230018038 5
1777309132999 28.3183103612785 6
1777309134829 25.94360976110901 7
1777309136685 25.54466531965639 8
1777309138516 25.00208718076633 9
1777309140344 24.36668828625529 10
1777309142174 24.291419207742493 11
1777309144012 22.18599720785356 12
1777309145856 23.163391800395864 13
1777309147703 21.693471136959296 14
1777309149527 20.549458119114764 15
1777309151376 21.745264368563184 16
1777309153212 20.919736837317473 17
1777309155074 20.808560448755863 18
1777309156901 19.187966085945384 19
1777309158751 19.119968324341976 20
1777309160586 19.55069873129912 21
1777309162413 18.45826876886083 22
1777309164258 18.25260421070138 23
1777309166085 17.501701154486618 24
1777309167923 16.85190858833609 25
1777309169765 16.3781740545987 26
1777309171607 15.334021444034047 27
1777309173443 15.76710422718563 28
1777309175271 15.439832226167088 29
1777309177121 15.175268954395614 30
1777309178953 14.544851642185824 31
1777309180831 15.191330254264958 32
1777309182674 14.090379083588164 33
1777309184508 13.39854352409483 34
1777309186342 13.188309570699412 35
1777309188182 13.213242487725712 36
1777309190018 13.20779851006609 37
1777309191870 13.039234667690755 38
1777309193713 12.72483722175849 39
1777309195549 12.612529060074596 40
1777309197398 12.640248583576632 41
1777309199231 12.652579732715244 42
1777309201058 12.367686930063353 43
1777309202897 12.39031209974283 44
1777309204717 12.25328813609733 45
1777309206551 12.655136321612437 46
1777309208380 12.034352800334085 47
1777309210194 12.107542835666544 48
1777309212027 11.72290808985276 49
1777309213872 11.55963470628592 50
1777309215694 11.371817879300156 51
1777309217517 11.608843331787375 52
1777309219344 11.541738500468245 53
1777309221180 11.575629177447862 54
1777309223018 11.313105385447276 55
1777309224841 11.214464940902777 56
1777309226667 11.05597387612825 57
