1777380785871 156.3742664155506 1
1777380787179 153.67366674514045 2
1777380787532 151.59315447126116 3
1777380787905 149.5152310325986 4
1777380788614 147.20483950660343 5
1777380789504 144.66189415341333 6
1777380790056 141.85302269345237 7
1777380790777 138.8042419433594 8
1777380791565 135.42398361932663 9
1777380792921 131.72347448439825 10
1777380793753 127.61775839669365 11
1777380794347 123.30822986421131 12
1777380795010 118.92709583100819 13
1777380795487 114.36777721586681 14
1777380795849 109.91216546921503 15
1777380796814 105.110863167899 16
1777380797508 100.32423277355376 17
1777380797858 95.01462496802921 18
1777380798777 89.67495829264323 19
1777380799140 84.49742417108445 20
1777380800174 78.6839574904669 21
1777380800692 73.22007053920201 22
1777380801494 67.17667868477957 23
1777380802540 61.17197490873791 24
1777380804548 54.11505112420945 25
1777380804974 49.402086276099794 26
1777380805317 44.47434376307896 27
1777380805723 39.894145929245724 28
1777380806567 34.52229258219401 29
1777380807264 29.996822974795386 30
1777380807875 27.48340294247582 31
1777380808225 25.40101818811326 32
1777380809018 23.885517538161505 33
1777380809374 19.978569866362072 34
1777380809736 19.697439865838913 35
1777380810146 19.165833791097004 36
1777380811479 18.290723382859003 37
1777380812524 19.144090815952847 38
1777380813395 18.14861595517113 39
1777380814010 15.94506732395717 40
1777380814584 14.987536966233026 41
1777380815202 16.638667878650484 42
1777380815984 14.989964258103143 43
1777380816712 14.45160498846145 44
1777380817708 13.740022050766719 45
1777380818069 15.136798731486003 46
1777380819076 13.656446711222332 47
1777380819562 13.55985443478539 48
1777380820177 14.931472433181035 49
1777380821517 15.775517581758045 50
1777380821881 14.097746049790155 51
1777380822480 11.766752025059292 52
1777380823824 13.302245748610723 53
1777380824444 14.149613952636718 54
1777380824818 14.175741359165736 55
1777380825179 12.276227696736653 56
1777380825863 12.494957860310873 57
1777380826236 12.45250093369257 58
1777380826927 12.391928336733864 59
1777380827434 12.641763587225052 60
1777380827861 12.302492305210658 61
1777380828472 10.977755355834962 62
1777380829356 12.259045437404088 63
1777380829721 14.832413809640068 64
1777380830333 13.07855497087751 65
1777380830982 11.191725685482933 66
1777380831686 11.69408678327288 67
1777380832284 10.089580045427596 68
1777380832668 11.501161393665132 69
1777380833076 9.833640207563128 70
1777380833453 10.49965838477725 71
1777380833836 10.589439682733445 72
1777380834615 11.267539596557617 73
1777380834961 13.315970357259115 74
1777380835874 10.045373371669225 75
1777380836394 13.552193014962333 76
1777380836765 11.161189506167457 77
1777380838191 11.029467973254976 78
1777380839629 9.989444174085344 79
1777380839980 13.03126814705985 80
1777380840639 11.366198185511998 81
1777380841012 11.697258876618886 82
1777380841596 10.518535396030972 83
1777380841942 9.819428017025903 84
1777380842990 9.972283544994536 85
1777380843511 9.522541536603654 86
1777380844446 9.188596689133417 87
1777380845201 10.832420449029831 88
1777380845799 9.938527652195521 89
1777380846152 11.255597268967401 90
1777380846604 12.335438828241257 91
1777380847852 10.780072130475725 92
1777380848232 10.652291906447637 93
1777380848838 9.98347354162307 94
1777380849247 10.179318309965588 95
1777380849606 9.062333679199218 96
1777380850107 9.903546478634789 97
1777380850458 9.601337214878628 98
1777380851086 8.470629283360072 99
1777380851673 8.495640890938896 100
1777380852654 8.448091743105934 101
1777380853852 8.930032834552584 102
1777380855047 8.375577472505116 103
1777380855390 9.3947206224714 104
1777380855745 8.915548469906762 105
1777380856083 9.53253664289202 106
1777380856753 9.635883322216216 107
1777380857200 10.498920186360676 108
1777380857553 10.062322889055524 109
1777380858318 9.653127343314035 110
1777380859349 9.569960784912109 111
1777380859690 7.513326354253859 112
1777380860516 7.61358205704462 113
1777380860958 9.197807529994419 114
1777380861320 8.313946060907274 115
1777380861674 7.816081809997558 116
1777380862422 8.327079178038097 117
1777380862789 8.199179858253116 118
1777380864212 7.485981382642474 119
1777380865308 7.455989401681083 120
1777380866902 8.91919558842977 121
1777380867258 9.343296214512415 122
1777380868315 7.589830462137858 123
1777380869322 7.87524775550479 124
1777380869667 7.2702497936430435 125
1777380870860 8.35291297549293 126
1777380871394 9.328378295898437 127
1777380872777 7.827707935514904 128
1777380873133 7.644253921508789 129
1777380873495 8.371597943987165 130
1777380873846 8.967734164283389 131
1777380874190 8.396064231509254 132
1777380874550 6.750237991696312 133
1777380875241 8.450128914061047 134
1777380875851 9.113540767488026 135
1777380876614 7.415911547342936 136
1777380876970 7.23608158656529 137
1777380877668 8.036000106448219 138
1777380878037 9.24081558954148 139
1777380878779 6.927833439054943 140
1777380879142 7.0100044341314405 141
1777380879897 8.003695533389138 142
1777380880620 6.9133778708321705 143
1777380880984 7.242633765084403 144
1777380881357 6.4500297319321405 145
1777380882047 5.5173989750090096 146
1777380882407 6.400797008332752 147
1777380882769 6.04140088217599 148
1777380883115 6.771974127633231 149
1777380883720 6.742483556838263 150
1777380884137 5.5658062616984045 151
1777380884492 6.383905590148199 152
1777380884835 6.520617448715937 153
1777380885473 8.034638359433128 154
1777380886153 7.3452269599551245 155
1777380887016 5.9622069858369375 156
1777380888195 5.7853220803397045 157
1777380889217 7.523538989112491 158
1777380889569 7.334269146692185 159
1777380889936 7.5944985525948665 160
1777380890652 6.328204699925014 161
1777380891059 6.142191641671317 162
1777380891426 6.6696217763991585 163
1777380892098 6.172641127450126 164
1777380893074 5.464080056690034 165
1777380893462 6.648051770528157 166
1777380894037 6.4326153709774925 167
1777380894683 5.47020746866862 168
1777380895755 5.506022725786481 169
1777380896101 5.563850911458333 170
1777380896838 5.6147405102139425 171
1777380897521 5.8341276077997115 172
1777380897941 6.496223059154692 173
1777380898292 6.2643877846854075 174
1777380898664 6.538299088251023 175
1777380899184 6.981181380862282 176
1777380900130 6.5411744253976005 177
1777380901259 5.5904532841273715 178
1777380901687 5.103567486717587 179
1777380903190 5.833394332159133 180
1777380904214 6.237698595864432 181
1777380905150 5.303940500531878 182
1777380906387 5.762322017124721 183
1777380907536 4.769529129209973 184
1777380908365 4.765892510187058 185
1777380909961 6.033827005113874 186
1777380910752 4.828550556727818 187
1777380911736 5.371850213550386 188
1777380912340 7.307294963655018 189
1777380912759 5.705820701235816 190
1777380913445 6.15589078721546 191
1777380914095 5.566367449079241 192
1777380915556 6.4024947665986565 193
1777380921142 5.346793696993873 194
1777380935647 4.429916981288365 195
1777380936480 5.579025995163691 196
1777380937105 4.629447283063616 197
1777380937653 4.670252723920913 198
1777380938573 5.153526287987119 199
1777380940433 5.059368696666899 200
1777380945267 4.933302734011695 201
1777380947375 4.964951024736677 202
1777380949480 5.189324787684849 203
1777380953453 6.072930980864025 204
1777380957999 5.92898858388265 205
1777380958798 5.159817087082636 206
1777380959715 4.9607414063953215 207
1777380963671 4.939272471836635 208
1777381003470 4.3916992096673875 209
1777381004480 5.108236340114049 210
1777381005295 5.113041532607306 211
1777381006798 5.448947824750628 212
1777381008014 5.855684870765323 213
1777381023072 4.890015811011905 214
1777381023843 5.049326456160772 215
1777381024985 5.28118158976237 216
1777381025839 4.413506875719343 217
1777381026371 4.542630447660174 218
1777381026970 4.395620287032354 219
1777381027527 4.210390853881836 220
1777381028191 4.3740586689540315 221
1777381028863 4.891856806618827 222
1777381030133 4.385928701219105 223
1777381031378 5.058964179811023 224
1777381031920 4.769358194442022 225
1777381041574 4.646102069673084 226
1777381041988 4.282525716509138 227
1777381044231 4.8199566500527515 228
1777381044914 4.684565759840465 229
1777381049961 4.243237241109212 230
1777381050562 4.270839709327334 231
1777381052687 4.3551377659752255 232
1777381053342 4.673043950398763 233
