1777430199242 41075.921875 1
1777430199825 40225.45703125 2
1777430200367 39583.3984375 3
1777430200713 38956.56640625 4
1777430201034 38290.44921875 5
1777430201354 37544.80078125 6
1777430201662 36727.2109375 7
1777430201991 35792.85546875 8
1777430202293 34659.46484375 9
1777430202702 33271.04296875 10
1777430203016 31819.373046875 11
1777430203326 30270.23046875 12
1777430203642 28561.466796875 13
1777430203956 26606.18359375 14
1777430204307 24712.880859375 15
1777430204621 22948.697265625 16
1777430204943 21079.404296875 17
1777430205248 19316.2734375 18
1777430205550 17522.4453125 19
1777430205874 15838.828125 20
1777430206205 14172.650390625 21
1777430206525 12483.4736328125 22
1777430206849 10944.3349609375 23
1777430207174 9526.56640625 24
1777430207477 8446.6513671875 25
1777430207793 7416.94287109375 26
1777430208119 6394.04345703125 27
1777430208447 5153.6357421875 28
1777430208757 4224.7138671875 29
1777430209074 3519.97705078125 30
1777430209391 2984.149169921875 31
1777430209683 2460.224609375 32
1777430210212 2040.3017578125 33
1777430210511 1801.584716796875 34
1777430210822 1483.640869140625 35
1777430211139 1238.519287109375 36
1777430211449 1087.90966796875 37
1777430211765 1037.6336669921875 38
1777430212088 1143.697265625 39
1777430212425 1111.7493896484375 40
1777430212743 996.019775390625 41
1777430213075 819.8472290039062 42
1777430213399 892.7850952148438 43
1777430213714 865.750732421875 44
1777430214064 773.7169799804688 45
1777430214355 932.410888671875 46
1777430214675 576.7643432617188 47
1777430214999 646.631103515625 48
1777430215304 736.8208618164062 49
1777430215646 674.6541748046875 50
1777430215976 693.2232055664062 51
1777430216334 717.2068481445312 52
1777430216646 686.111328125 53
1777430216961 629.6648559570312 54
1777430217296 617.845947265625 55
1777430217634 638.630126953125 56
1777430217953 638.849609375 57
1777430218271 757.9760131835938 58
1777430218597 787.582275390625 59
1777430218930 542.3582153320312 60
1777430219263 780.4432373046875 61
1777430219602 564.463623046875 62
1777430219950 487.1571350097656 63
1777430220333 657.4286499023438 64
1777430220841 580.2694702148438 65
1777430221203 504.5969543457031 66
1777430221586 399.9352722167969 67
1777430221988 483.1916809082031 68
1777430222363 438.2730712890625 69
1777430222702 517.7498779296875 70
1777430223029 629.0533447265625 71
1777430223365 376.5046081542969 72
1777430223691 549.3776245117188 73
1777430224029 533.1669311523438 74
1777430224364 493.8777160644531 75
1777430224809 467.31182861328125 76
1777430225160 566.03369140625 77
1777430225589 532.2250366210938 78
1777430225943 418.4221496582031 79
1777430226285 542.8446044921875 80
1777430226646 444.0473937988281 81
1777430226998 394.72723388671875 82
1777430227323 556.628173828125 83
1777430227670 438.6091613769531 84
1777430228010 506.4098205566406 85
1777430228363 403.6780090332031 86
1777430228725 406.8160705566406 87
1777430229043 463.760498046875 88
1777430229406 528.1317138671875 89
1777430229777 518.7368774414062 90
1777430230090 526.7286987304688 91
1777430230445 468.2747802734375 92
1777430230758 408.1642150878906 93
1777430231074 633.2054443359375 94
1777430231402 407.4253845214844 95
1777430231715 619.1934814453125 96
1777430232059 371.314208984375 97
1777430232362 397.29827880859375 98
1777430232682 320.62017822265625 99
1777430233012 383.0698547363281 100
1777430233343 490.4455871582031 101
1777430233667 465.9622802734375 102
1777430234012 433.067626953125 103
1777430234334 497.8255920410156 104
1777430234689 531.4884033203125 105
1777430235033 474.03125 106
1777430235395 375.3408508300781 107
1777430235740 435.7079162597656 108
1777430236065 390.5188903808594 109
1777430236379 437.69207763671875 110
1777430236684 399.18109130859375 111
1777430236996 414.4072265625 112
1777430237308 407.2420654296875 113
1777430237611 458.1837158203125 114
1777430237942 384.63482666015625 115
1777430238270 381.62567138671875 116
1777430238596 431.3546142578125 117
1777430238904 365.01123046875 118
1777430239223 377.61163330078125 119
1777430239553 363.7012634277344 120
1777430239897 403.23974609375 121
1777430240270 405.8684387207031 122
1777430240643 366.7773742675781 123
1777430241005 444.14166259765625 124
1777430241371 456.69696044921875 125
1777430241713 503.00885009765625 126
1777430242071 484.51251220703125 127
1777430242414 314.9103698730469 128
1777430242762 256.9714050292969 129
1777430243100 310.88995361328125 130
1777430243459 264.2284851074219 131
1777430243802 357.7624206542969 132
1777430244140 401.1416015625 133
1777430244470 278.1513671875 134
1777430244783 391.14739990234375 135
1777430245144 301.3197021484375 136
1777430245492 394.4132080078125 137
1777430245816 386.7434997558594 138
1777430246120 376.7740783691406 139
1777430246447 309.6565856933594 140
1777430246752 336.8924255371094 141
1777430247085 293.8554992675781 142
1777430247408 317.7274475097656 143
1777430247793 298.802001953125 144
1777430248129 365.5043029785156 145
1777430248468 388.6796569824219 146
1777430248802 303.7430114746094 147
1777430249154 277.0567626953125 148
1777430249503 349.1871337890625 149
1777430249854 311.76544189453125 150
1777430250203 311.941650390625 151
1777430250547 323.3636474609375 152
1777430250856 322.2506103515625 153
1777430251195 301.3109436035156 154
1777430251503 322.89263916015625 155
1777430251819 293.7288513183594 156
1777430252138 241.9715576171875 157
1777430252453 279.8599853515625 158
1777430252779 213.87693786621094 159
1777430253092 319.8030090332031 160
1777430253406 237.22035217285156 161
1777430253757 218.59584045410156 162
1777430254068 254.94839477539062 163
1777430254410 240.82139587402344 164
1777430254721 265.0897216796875 165
1777430255061 261.60791015625 166
1777430255378 256.88800048828125 167
1777430255707 241.5504150390625 168
1777430256022 314.04278564453125 169
1777430256331 302.4433898925781 170
1777430256637 238.19418334960938 171
1777430256966 229.877197265625 172
1777430257296 275.962158203125 173
1777430257637 236.06565856933594 174
1777430257962 248.86245727539062 175
1777430258298 275.31689453125 176
1777430258609 322.0113830566406 177
1777430258923 238.9527130126953 178
1777430259232 236.9749755859375 179
1777430259550 390.649658203125 180
1777430259866 213.46588134765625 181
1777430260173 204.31956481933594 182
1777430260486 200.0816650390625 183
1777430260801 221.9335174560547 184
1777430261111 266.4561767578125 185
1777430261429 307.27020263671875 186
1777430261770 230.26463317871094 187
1777430262120 224.66366577148438 188
1777430262475 251.9375762939453 189
1777430262825 206.47738647460938 190
1777430263163 199.6302032470703 191
1777430263522 194.04209899902344 192
1777430263872 226.20033264160156 193
1777430264207 228.493408203125 194
1777430264536 191.08302307128906 195
1777430264862 214.96409606933594 196
1777430265201 182.421875 197
1777430265525 169.5143280029297 198
1777430265850 215.13365173339844 199
1777430266193 253.03439331054688 200
1777430266509 191.5997772216797 201
1777430266837 205.7959442138672 202
1777430267149 219.04087829589844 203
1777430267461 197.61602783203125 204
1777430267777 251.07176208496094 205
1777430268092 201.40264892578125 206
1777430268398 159.65945434570312 207
1777430268739 219.6178436279297 208
1777430269075 212.01942443847656 209
1777430269443 225.5733184814453 210
1777430269801 237.16432189941406 211
1777430270154 225.12600708007812 212
