1777207875529 203.13675927500174 1
1777207876301 202.5897756242896 2
1777207877107 201.81502592101512 3
1777207877474 200.9924205660502 4
1777207880938 200.1758309118511 5
1777207881366 199.2930964214516 6
1777207881823 198.3309556492632 7
1777207882223 197.32759484547518 8
1777207882590 196.2673559204383 9
1777207883738 195.14048425109024 10
1777207885263 193.96461903527663 11
1777207885652 192.70280510088585 12
1777207886038 191.32500571671233 13
1777207886428 189.8997165446805 14
1777207886816 188.2359722529145 15
1777207887205 186.49354881603813 16
1777207887595 184.51279808254495 17
1777207888005 182.724252204654 18
1777207888396 180.72482103324933 19
1777207889541 178.67318060847856 20
1777207890687 176.4040937645014 21
1777207891091 174.24579106286902 22
1777207891955 171.75232553920486 23
1777207893181 169.53426552617614 24
1777207893552 166.89616555848428 25
1777207894349 163.9461134793991 26
1777207895100 160.94897410553756 27
1777207896172 157.90765695494312 28
1777207896634 154.6637544905884 29
1777207896994 151.0079610380691 30
1777207897357 146.9750058470827 31
1777207898524 143.04115311467186 32
1777207899650 139.8545840775339 33
1777207900011 136.35320059499887 34
1777207900763 132.76175501156197 35
1777207901139 128.72252437413584 36
1777207901863 125.37350837223349 37
1777207902352 121.71231529846312 38
1777207903104 117.2582994464038 39
1777207903542 113.55215452326301 40
1777207904777 109.21995260425176 41
1777207906279 104.86031445153596 42
1777207907285 100.94385622401693 43
1777207908850 97.34420645960395 44
1777207909390 93.66573296168669 45
1777207909784 89.38590132380358 46
1777207910724 84.66178115005613 47
1777207911108 80.76484964079361 48
1777207911489 76.43823461421319 49
1777207911869 72.73742776891069 50
1777207912328 68.4022704701295 51
1777207912705 64.79124757032196 52
1777207913081 61.60350791554001 53
1777207913464 57.081426984971436 54
1777207913848 53.53762549600047 55
1777207914238 48.28167981200271 56
1777207914617 46.30280716297744 57
1777207914997 44.32834805636513 58
1777207915378 43.33203529956936 59
1777207915759 39.87440609863362 60
1777207916842 40.9653635494937 61
1777207919373 37.50867575422968 62
1777207919980 35.67407872080406 63
1777207920382 35.409144230229394 64
1777207920782 35.28695494730489 65
1777207921180 32.410583500633905 66
1777207921576 28.51636343221971 67
1777207921975 34.67198414246003 68
1777207922372 29.089517221965565 69
1777207922774 29.79082041429929 70
1777207923430 29.294745755958523 71
1777207924605 29.29070247475884 72
1777207926333 30.97415954582646 73
1777207926748 29.300385206378902 74
1777207927154 29.294120703863086 75
1777207928359 28.727613141991757 76
1777207933773 28.442755781487005 77
1777207934780 27.1165009996652 78
1777207935387 29.13405903742377 79
1777207936382 23.913120693640003 80
1777207936831 26.081610902053075 81
1777207937244 23.78124871673781 82
1777207937653 24.81228968149214 83
1777207938078 27.35162609782666 84
1777207938504 27.5195476068972 85
1777207938929 24.216506952580403 86
1777207939505 26.999775073209523 87
1777207939899 25.919908850238798 88
1777207940673 24.48608875423898 89
1777207941073 25.466049032394338 90
1777207941481 24.829039473404425 91
1777207941883 21.124685070692475 92
1777207942280 22.451309757215792 93
1777207942681 23.918402242213265 94
1777207943090 24.46417856202909 95
1777207943495 24.186213022931575 96
1777207946682 25.398396647152627 97
1777207947116 22.217286481555654 98
1777207950204 22.60569521281501 99
1777207950670 21.747557053447835 100
1777207951065 20.14075303610389 101
1777207952213 24.124353587923476 102
1777207952596 22.514209922568902 103
1777207952982 22.4849769453389 104
1777207953367 22.49281976360387 105
1777207953749 22.09769043052421 106
1777207954132 23.28870476285124 107
1777207954515 23.847606022162502 108
1777207954897 24.685047346521333 109
1777207957035 20.24709346304234 110
1777207957424 23.845033703566425 111
1777207957808 19.76624566713258 112
1777207958190 22.475967797137653 113
1777207959340 22.365567227595847 114
1777207959733 22.79013779816557 115
1777207960122 19.68317164721555 116
1777207960510 21.654305242765812 117
1777207962434 21.703832275642444 118
1777207962832 23.72168851197939 119
1777207963228 21.870154318210552 120
1777207963635 22.181173448814793 121
1777207964029 21.484024855101275 122
1777207964427 21.051253488509893 123
1777207964820 19.835977500944306 124
1777207965218 20.531409787001888 125
1777207965616 25.95660887777126 126
1777207966009 21.70539157530912 127
1777207966411 22.748454617841627 128
1777207966806 22.21131603067349 129
1777207967203 20.052432187171057 130
1777207968111 20.85843352861327 131
1777207968501 21.486234294546737 132
1777207968892 22.42537538008004 133
1777207969285 20.731568020717976 134
1777207969679 19.991233430243867 135
1777207970073 23.171544428272497 136
1777207970465 21.84447297958592 137
1777207970863 18.77467208149261 138
1777207971266 20.319431659830343 139
1777207971692 20.38789044163609 140
1777207972085 18.995555960282772 141
1777207972491 18.437288134375944 142
1777207973649 23.00344557453907 143
1777207974065 18.36955419274606 144
1777207974538 20.465064076524413 145
1777207974954 18.745487738303183 146
1777207976190 17.443808887564074 147
1777207976587 18.528161960770184 148
1777207976989 17.315286680619273 149
1777207977384 20.864607548298896 150
1777207978156 19.2190612271548 151
1777207978561 20.722471797600395 152
1777207988185 17.493380793375284 153
1777207988958 19.55770395981306 154
1777207990141 21.59645622287876 155
1777207992340 19.82461168021922 156
1777208004631 20.66040108157541 157
1777208014477 18.920453245770585 158
1777208015259 17.20274803032707 159
1777208015871 18.607323367700047 160
1777208016403 20.097276250659256 161
1777208016823 20.29308943359206 162
1777208017247 15.246136785745051 163
1777208017658 18.218182144345008 164
1777208018092 18.832246372060045 165
1777208018547 18.564655217370554 166
1777208018969 17.188104570333028 167
1777208019396 18.937334821629054 168
1777208019809 20.769805648107454 169
1777208022004 18.70470848168358 170
1777208023522 18.29633542249863 171
1777208024409 20.529490031111344 172
1777208024974 21.986468228350137 173
1777208025842 20.859616396075126 174
1777208027514 20.39220465025905 175
1777208029155 18.889967484938435 176
1777208031575 18.962519569864654 177
1777208034899 17.277443989224253 178
1777208038403 16.447350860907566 179
1777208039743 16.85279209990143 180
1777208040948 15.260431442861163 181
1777208041772 17.849637478264615 182
1777208042481 17.35791668745174 183
1777208043786 17.743908333819366 184
1777208044296 18.40149340995988 185
1777208044783 17.414538288419482 186
1777208049023 16.659979025288322 187
1777208049812 18.13537132554044 188
1777208050970 15.922638789641328 189
1777208051370 19.38699933997531 190
1777208051773 17.81439562966958 191
1777208052173 15.638877626230187 192
1777208052573 16.65824331412229 193
1777208053877 17.32038914478982 194
1777208058632 18.364430819819532 195
1777208059050 16.843659409543033 196
1777208059467 15.796279005510186 197
1777208060281 17.387838107783843 198
1777208061457 17.082097798149583 199
1777208061868 15.97158483735402 200
1777208062286 17.801351705940583 201
1777208062690 18.93900507117355 202
1777208063106 16.911927910917267 203
1777208063516 18.246014721649665 204
1777208063922 16.056089316841465 205
1777208065843 16.393143946694035 206
1777208070090 16.739161386574335 207
1777208070937 16.079009481259643 208
1777208076724 16.315038490822854 209
1777208078056 15.709810357846214 210
1777208078546 16.181320837402883 211
1777208081576 15.68591689674536 212
1777208084082 15.580334597558391 213
1777208111820 15.279563888797217 214
1777208122144 15.47324991760604 215
1777208142126 16.675292160929107 216
1777208142859 16.2833070242652 217
1777208143424 15.459721066819647 218
1777208145584 15.067865579441476 219
1777208146473 15.978857376440928 220
1777208146910 15.05460540163136 221
1777208147346 15.69598183692869 222
1777208147774 15.322234628912243 223
