1777381025202 -2.8200256937668047 1
1777381027049 -2.74026550225698 2
1777381028702 -2.650904546954306 3
1777381031119 -2.5465604751240813 4
1777381032300 -2.422146248546243 5
1777381042375 -2.2723525240966818 6
1777381044828 -2.101954177109147 7
1777381050515 -1.896836952223166 8
1777381052873 -1.6716257040630316 9
1777381054194 -1.4364692365113574 10
1777381055045 -1.1966462380160108 11
1777381055915 -0.9436433667726709 12
1777381057717 -0.6866460274113646 13
1777381058583 -0.4234287138374273 14
1777381060084 -0.16955136530311865 15
1777381060975 0.05861764960535032 16
1777381062511 0.27835054441300977 17
1777381063353 0.45430312092684766 18
1777381064188 0.6039741974207951 19
1777381065156 0.7181481533482629 20
1777381066019 0.7933677671929442 21
1777381067381 0.8568075026735089 22
1777381068462 0.8766408149463777 23
1777381069306 0.9078178857750602 24
1777381071087 0.9120126549991693 25
1777381072685 0.9258863969289163 26
1777381074280 0.9319260189754786 27
1777381075437 0.9285780413065912 28
1777381076744 0.9344055742369677 29
1777381077702 0.94264142248228 30
1777381079113 0.9475426825415769 31
1777381080215 0.9445176283401312 32
1777381081705 0.9494081095366463 33
1777381083459 0.9434075224761959 34
1777381084586 0.9480910407321086 35
1777381085723 0.9498277502626707 36
1777381087062 0.9530150102611263 37
1777381087914 0.9491378226053667 38
1777381089358 0.9487849428208386 39
1777381090191 0.9552830358250203 40
1777381091345 0.9505402082294936 41
1777381092193 0.9529708600684231 42
1777381093390 0.9553564110686782 43
1777381094846 0.9523126876428893 44
1777381096031 0.9580167097236165 45
1777381096874 0.9596548994245813 46
1777381098051 0.9554564409628377 47
1777381099850 0.9591273347865054 48
1777381101016 0.9636589105655671 49
1777381102489 0.95497405394638 50
1777381103370 0.9606828694766006 51
1777381104307 0.9597361650298005 52
1777381105584 0.964334337215479 53
1777381106664 0.9615267359672954 54
1777381107514 0.9626840487163647 55
1777381108656 0.9622132998003936 56
1777381109832 0.9591537919951514 57
1777381110782 0.9608039013340635 58
1777381111850 0.9657998274504436 59
1777381112714 0.9604706121692045 60
1777381114026 0.9642952583533992 61
