1777381025202 -2.8200256937668047 1
1777381027049 -2.7402652758578845 2
1777381028702 -2.6509044299517246 3
1777381031119 -2.5465605921266623 4
1777381032300 -2.422146382461339 5
1777381042375 -2.2723525240966818 6
1777381044828 -2.101954060106566 7
1777381050515 -1.8968368352205849 8
1777381052873 -1.6716255674096212 9
1777381054194 -1.436469412015229 10
1777381055045 -1.1966461210134296 11
1777381055915 -0.943643366772671 12
1777381057717 -0.6866460859126553 13
1777381058583 -0.423428684586782 14
1777381060084 -0.1695513945537639 15
1777381060975 0.058617620354705004 16
1777381062511 0.2783506175396229 17
1777381063353 0.45430309167620236 18
1777381064188 0.6039741796392178 19
1777381065156 0.7181481396720609 20
1777381066019 0.7933677586681686 21
1777381067381 0.8568074880481863 22
1777381068462 0.876640822259039 23
1777381069306 0.9078178784623989 24
1777381071087 0.9120126586554999 25
1777381072685 0.925886400585247 26
1777381074280 0.9319260189754787 27
1777381075437 0.9285780413065913 28
1777381076744 0.934405570580637 29
1777381077702 0.942641425913496 30
1777381079113 0.9475426807134116 31
1777381080215 0.9445176283401312 32
1777381081705 0.9494081113648117 33
1777381083459 0.9434075224761959 34
1777381084586 0.9480910389039433 35
1777381085723 0.9498277484345055 36
1777381087062 0.9530150120892916 37
1777381087914 0.9491378280898627 38
1777381089358 0.9487849446490039 39
1777381090191 0.9552830339968551 40
1777381091345 0.9505402064013282 41
1777381092193 0.9529708600684231 42
1777381093390 0.9553564083264302 43
1777381094846 0.9523126876428893 44
1777381096031 0.9580167088095338 45
1777381096874 0.9596548985104988 46
1777381098051 0.955456440048755 47
1777381099850 0.9591273329583401 48
1777381101016 0.9636589105655671 49
1777381102489 0.9549740530322973 50
1777381103370 0.9606828731329312 51
1777381104307 0.9597361650298005 52
1777381105584 0.9643343363013962 53
1777381106664 0.96152673413913 54
1777381107514 0.9626840496304473 55
1777381108656 0.9622132998003936 56
1777381109832 0.9591537901669861 57
1777381110782 0.9608039031622289 58
1777381111850 0.9657998274504435 59
1777381112714 0.9604706085128738 60
1777381114026 0.9642952602632592 61
