1777207457442 173.22247314453125 1
1777207457834 172.55311584472656 2
1777207459202 171.6216583251953 3
1777207459565 170.5230255126953 4
1777207459927 169.34918212890625 5
1777207460297 168.21722412109375 6
1777207461552 167.04397583007812 7
1777207461940 165.82266235351562 8
1777207462701 164.4675750732422 9
1777207463065 163.05076599121094 10
1777207463427 161.51905822753906 11
1777207463789 159.87449645996094 12
1777207464171 158.1299591064453 13
1777207464535 156.11886596679688 14
1777207464896 154.21636962890625 15
1777207465260 152.24826049804688 16
1777207466882 150.3453369140625 17
1777207468274 148.31253051757812 18
1777207469330 146.1526641845703 19
1777207469709 143.9434356689453 20
1777207470091 141.51776123046875 21
1777207470476 139.15513610839844 22
1777207471259 136.6980438232422 23
1777207471882 134.04383850097656 24
1777207474114 131.1490020751953 25
1777207475805 128.3137969970703 26
1777207477041 125.51009368896484 27
1777207477416 122.12613677978516 28
1777207478381 118.84961700439453 29
1777207478770 115.51978302001953 30
1777207479398 112.04633331298828 31
1777207480555 108.58143615722656 32
1777207480954 105.16278076171875 33
1777207483111 101.34700775146484 34
1777207485018 97.78993225097656 35
1777207485398 94.53323364257812 36
1777207485779 90.57638549804688 37
1777207486159 86.58036041259766 38
1777207486927 82.97640228271484 39
1777207487312 79.03667449951172 40
1777207487724 75.58796691894531 41
1777207488106 71.70914459228516 42
1777207492448 68.111328125 43
1777207492846 64.95890045166016 44
1777207499064 62.42491912841797 45
1777207501421 57.87090301513672 46
1777207502335 55.50321960449219 47
1777207504114 51.36906814575195 48
1777207505154 48.21770095825195 49
1777207532336 44.56281661987305 50
1777207532777 43.77075958251953 51
1777207533219 41.210693359375 52
1777207534944 37.561763763427734 53
1777207540265 36.018943786621094 54
1777207541083 32.66978073120117 55
1777207541554 31.155349731445312 56
1777207542035 29.787551879882812 57
1777207544559 29.022926330566406 58
1777207548604 27.849794387817383 59
1777207561076 26.76186180114746 60
1777207561711 25.009475708007812 61
1777207562292 22.91965103149414 62
1777207564074 23.754610061645508 63
1777207565901 23.99252700805664 64
1777207581829 23.55299949645996 65
1777207595620 21.97187042236328 66
1777207596088 23.903076171875 67
1777207596719 20.399024963378906 68
1777207597258 23.025218963623047 69
1777207598840 22.619686126708984 70
1777207602090 22.726394653320312 71
1777207605122 22.055538177490234 72
1777207605596 24.307924270629883 73
1777207606240 21.765796661376953 74
1777207607709 20.339441299438477 75
1777207608346 21.417770385742188 76
1777207608864 18.55780029296875 77
1777207609543 22.82222557067871 78
1777207611832 20.432621002197266 79
1777207662134 22.100107192993164 80
1777207663133 20.188657760620117 81
1777207665015 21.011550903320312 82
1777207667804 21.390050888061523 83
1777207668164 18.227678298950195 84
1777207670926 18.867849349975586 85
1777207676595 19.9234619140625 86
1777207676966 18.552541732788086 87
1777207677335 20.308748245239258 88
1777207677706 18.800954818725586 89
1777207678317 18.99418067932129 90
1777207680405 18.35371208190918 91
1777207680794 17.54871940612793 92
1777207687792 19.72148895263672 93
1777207688168 19.617847442626953 94
1777207688934 18.267704010009766 95
1777207689296 17.906709671020508 96
1777207690432 18.15213394165039 97
1777207691305 17.685503005981445 98
1777207693231 17.160646438598633 99
1777207694091 17.951255798339844 100
1777207695613 20.053882598876953 101
1777207696189 17.037355422973633 102
1777207696944 17.62451934814453 103
1777207697699 19.72736358642578 104
1777207698213 18.641616821289062 105
1777207698595 17.865629196166992 106
1777207700623 16.480440139770508 107
1777207701005 16.381338119506836 108
1777207702907 17.52981185913086 109
1777207704746 15.677800178527832 110
1777207705529 17.81154441833496 111
1777207705948 18.01789665222168 112
1777207707508 15.482586860656738 113
1777207707983 16.434097290039062 114
1777207708383 16.124839782714844 115
1777207709214 15.268741607666016 116
1777207710428 16.60878562927246 117
1777207711722 18.22243881225586 118
1777207712137 16.909345626831055 119
1777207712555 16.81673812866211 120
1777207712969 16.477718353271484 121
1777207713765 16.103914260864258 122
1777207714186 15.72939395904541 123
1777207714638 16.74217414855957 124
1777207715545 16.993423461914062 125
1777207715956 15.48092269897461 126
