1777434010165 -1.8596463954137081 1
1777434010483 -1.821625094942259 2
1777434010789 -1.7826834252301436 3
1777434011082 -1.7477907177087535 4
1777434011390 -1.7130234728037839 5
1777434011694 -1.6752942364743162 6
1777434011999 -1.6331535683287468 7
1777434012314 -1.5904643375750105 8
1777434012604 -1.5418110284085778 9
1777434012909 -1.4884875108592777 10
1777434013254 -1.4245224741026528 11
1777434013563 -1.3499530774130961 12
1777434013914 -1.2743359527731086 13
1777434014230 -1.1900482390811016 14
1777434014529 -1.1061456898663398 15
1777434015282 -1.0213696503484933 16
1777434015621 -0.9164758469338703 17
1777434015979 -0.8144311504109008 18
1777434016350 -0.707534411395804 19
1777434016709 -0.5987948682624542 20
1777434017057 -0.4951977097317337 21
1777434017411 -0.3908506969073755 22
1777434017779 -0.2845996436832918 23
1777434018146 -0.19713694884844535 24
1777434018520 -0.07754215569090595 25
1777434018887 0.018905790530968636 26
1777434019244 0.1102338000173374 27
1777434019637 0.19394090336255665 28
1777434020009 0.2826038960314894 29
1777434020377 0.3634144823713873 30
1777434020762 0.43768748801756474 31
1777434021128 0.527314916562684 32
1777434021545 0.5818482067802329 33
1777434021912 0.6327568215801456 34
1777434022281 0.6739892399979712 35
1777434022667 0.7264748618688346 36
1777434023085 0.7640123182131937 37
1777434023389 0.8068747255055644 38
1777434023687 0.8198354260074201 39
1777434024007 0.8564336010324768 40
1777434024330 0.8834713254254956 41
1777434024630 0.8895888588916875 42
1777434024951 0.8966746111935818 43
1777434025288 0.9017482935033889 44
1777434025661 0.9196918486348207 45
1777434026030 0.9270302928890038 46
1777434026386 0.9233230525687643 47
1777434026745 0.9348825460566142 48
1777434027120 0.93899192794762 49
1777434027509 0.9399892306458267 50
1777434027864 0.9390772256935065 51
1777434028207 0.9504910505371907 52
1777434028515 0.9494177606996439 53
1777434028828 0.9366127692383506 54
1777434029127 0.9433059102676116 55
1777434029442 0.9469481486133574 56
1777434029742 0.9516059700493973 57
1777434030058 0.9529690001586267 58
1777434030353 0.9530900665901517 59
1777434030652 0.956924862892165 60
1777434030958 0.9606172947326711 61
1777434031263 0.9614849371122232 62
1777434031613 0.9518130660970011 63
1777434031965 0.9628653882621674 64
1777434032331 0.9540907539303287 65
1777434032686 0.9590526331502591 66
1777434033048 0.9580963569011196 67
1777434033410 0.9501374180743143 68
1777434033783 0.9584044755766946 69
1777434034152 0.9612555066142678 70
1777434034517 0.9534200477966527 71
1777434034882 0.9680376453494123 72
1777434035234 0.962689769850916 73
1777434035621 0.964225075005998 74
1777434035965 0.9605561522543524 75
1777434036306 0.9629082930501696 76
1777434036675 0.9583011523640603 77
1777434037019 0.9593700395415866 78
1777434037384 0.9678560922823651 79
1777434037740 0.9627111291599508 80
1777434038063 0.9648042402803342 81
1777434038385 0.9643782680799435 82
1777434038687 0.972115704193106 83
1777434038989 0.9580353041659128 84
1777434039304 0.9732312666652518 85
1777434039611 0.9643899177946492 86
1777434039993 0.96785273591594 87
1777434040309 0.96996121953683 88
1777434040624 0.9675754201001326 89
1777434040943 0.9647468010270094 90
1777434041246 0.9641758098867276 91
1777434041569 0.9606959713119368 92
1777434041855 0.9671316990580592 93
1777434042168 0.9696204531042106 94
1777434042476 0.9632846044636347 95
1777434042833 0.9610227371480681 96
1777434043206 0.9602107597350782 97
1777434043593 0.9663645624221479 98
1777434043911 0.9730884373861332 99
1777434044232 0.9726120085672838 100
1777434044565 0.96373866906753 101
1777434044907 0.9662409209566869 102
1777434045229 0.9640103222309957 103
1777434045535 0.9672410965598925 104
1777434045832 0.9752810544255247 105
1777434046148 0.9709731756214051 106
1777434046456 0.9766606935838174 107
1777434046794 0.9599489642679735 108
1777434047088 0.9706871032712648 109
1777434047396 0.9779979625813502 110
1777434047734 0.9675543261542919 111
1777434048080 0.9698432612829676 112
1777434048441 0.9726311737193227 113
1777434048812 0.9730832195189328 114
1777434049180 0.9621265167110234 115
1777434049537 0.9695218734072129 116
1777434049872 0.9757949205413079 117
1777434050191 0.970247638151688 118
1777434050519 0.9611128791260493 119
1777434050821 0.9704175210989777 120
1777434051135 0.9661413788873897 121
1777434051417 0.9690384866619723 122
1777434051712 0.9726707379546544 123
1777434052004 0.9686878239753737 124
1777434052318 0.9683797877135122 125
1777434052632 0.968874974776187 126
1777434052936 0.9626806987203029 127
1777434053222 0.9757585471053888 128
1777434053513 0.9719706090491069 129
1777434053815 0.964412547286781 130
1777434054131 0.9719343445279703 131
1777434054457 0.9742429236638394 132
1777434054905 0.9712939835887117 133
1777434055275 0.9748058440832039 134
1777434055626 0.9692417834215972 135
1777434056005 0.9748017772491818 136
1777434056359 0.9773619380665016 137
1777434056719 0.9722576005058791 138
1777434057021 0.9793966289909555 139
