1777434010165 46007.72265625 1
1777434010483 45396.0078125 2
1777434010789 44769.49609375 3
1777434011082 44208.12109375 4
1777434011390 43648.765625 5
1777434011694 43041.75 6
1777434011999 42363.76953125 7
1777434012314 41676.95703125 8
1777434012604 40894.1953125 9
1777434012909 40036.296875 10
1777434013254 39007.18359375 11
1777434013563 37807.46875 12
1777434013914 36590.89453125 13
1777434014230 35234.8203125 14
1777434014529 33884.9453125 15
1777434015282 32521.017578125 16
1777434015621 30833.421875 17
1777434015979 29191.666015625 18
1777434016350 27471.84765625 19
1777434016709 25722.37890625 20
1777434017057 24055.646484375 21
1777434017411 22376.849609375 22
1777434017779 20667.416015625 23
1777434018146 19260.263671875 24
1777434018520 17336.150390625 25
1777434018887 15784.4384765625 26
1777434019244 14315.09765625 27
1777434019637 12968.3662109375 28
1777434020009 11541.90234375 29
1777434020377 10241.7734375 30
1777434020762 9046.82421875 31
1777434021128 7604.84375 32
1777434021545 6727.47900390625 33
1777434021912 5908.4306640625 34
1777434022281 5245.05859375 35
1777434022667 4400.63818359375 36
1777434023085 3796.712646484375 37
1777434023389 3107.1162109375 38
1777434023687 2898.596923828125 39
1777434024007 2309.783203125 40
1777434024330 1874.7838134765625 41
1777434024630 1776.3614501953125 42
1777434024951 1662.3614501953125 43
1777434025288 1580.73291015625 44
1777434025661 1292.046142578125 45
1777434026030 1173.98095703125 46
1777434026386 1233.6251220703125 47
1777434026745 1047.6490478515625 48
1777434027120 981.5347290039062 49
1777434027509 965.4895629882812 50
1777434027864 980.1624755859375 51
1777434028207 796.5299682617188 52
1777434028515 813.7977294921875 53
1777434028828 1019.8121337890625 54
1777434029127 912.1288452148438 55
1777434029442 853.5302124023438 56
1777434029742 778.5924682617188 57
1777434030058 756.6632080078125 58
1777434030353 754.71533203125 59
1777434030652 693.0188598632812 60
1777434030958 633.6128540039062 61
1777434031263 619.6536254882812 62
1777434031613 775.2605590820312 63
1777434031965 597.4441528320312 64
1777434032331 738.61572265625 65
1777434032686 658.7860107421875 66
1777434033048 674.1712036132812 67
1777434033410 802.2194213867188 68
1777434033783 669.2139892578125 69
1777434034152 623.3449096679688 70
1777434034517 749.406494140625 71
1777434034882 514.229736328125 72
1777434035234 600.2695922851562 73
1777434035621 575.5686645507812 74
1777434035965 634.5964965820312 75
1777434036306 596.7538452148438 76
1777434036675 670.8762817382812 77
1777434037019 653.6793823242188 78
1777434037384 517.150634765625 79
1777434037740 599.9259033203125 80
1777434038063 566.2506713867188 81
1777434038385 573.10400390625 82
1777434038687 448.6194152832031 83
1777434038989 675.1534423828125 84
1777434039304 430.6716003417969 85
1777434039611 572.9165649414062 86
1777434039993 517.2046508789062 87
1777434040309 483.2821044921875 88
1777434040624 521.666259765625 89
1777434040943 567.1748046875 90
1777434041246 576.3612670898438 91
1777434041569 632.3469848632812 92
1777434041855 528.8051147460938 93
1777434042168 488.7645263671875 94
1777434042476 590.6995239257812 95
1777434042833 627.08984375 96
1777434043206 640.1534423828125 97
1777434043593 541.1472778320312 98
1777434043911 432.9695129394531 99
1777434044232 440.63458251953125 100
1777434044565 583.3942260742188 101
1777434044907 543.1365356445312 102
1777434045229 579.0237426757812 103
1777434045535 527.0450439453125 104
1777434045832 397.693359375 105
1777434046148 467.0011291503906 106
1777434046456 375.49688720703125 107
1777434046794 644.3652954101562 108
1777434047088 471.6036682128906 109
1777434047396 353.9820861816406 110
1777434047734 522.0056762695312 111
1777434048080 485.1798400878906 112
1777434048441 440.32623291015625 113
1777434048812 433.053466796875 114
1777434049180 609.33154296875 115
1777434049537 490.3505554199219 116
1777434049872 389.4259948730469 117
1777434050191 478.6739807128906 118
1777434050519 625.6395263671875 119
1777434050821 475.9408264160156 120
1777434051135 544.7379760742188 121
1777434051417 498.1275939941406 122
1777434051712 439.6897277832031 123
1777434052004 503.7692565917969 124
1777434052318 508.7251281738281 125
1777434052632 500.75823974609375 126
1777434052936 600.41552734375 127
1777434053222 390.0111389160156 128
1777434053513 450.9537658691406 129
1777434053815 572.552490234375 130
1777434054131 451.5372619628906 131
1777434054457 414.39544677734375 132
1777434054905 461.8397216796875 133
1777434055275 405.3388366699219 134
1777434055626 494.8568115234375 135
1777434056005 405.4042663574219 136
1777434056359 364.21484375 137
1777434056719 446.3365173339844 138
1777434057021 331.4795227050781 139
