1777229172960 37050.01796875 1
1777229174770 26219.6716796875 2
1777229177000 11884.3890625 3
1777229178995 2554.5164794921875 4
1777229180978 1001.2794006347656 5
1777229182785 804.5386474609375 6
1777229184588 655.1600280761719 7
1777229186396 649.5603637695312 8
1777229188434 606.7965942382813 9
1777229190373 556.9470947265625 10
1777229192251 528.3470397949219 11
1777229194085 549.4393157958984 12
1777229195926 513.2775146484375 13
1777229197743 443.2499206542969 14
1777229199569 480.5093994140625 15
1777229201387 446.0962799072266 16
1777229203203 444.786083984375 17
1777229205260 431.74229125976564 18
1777229207684 396.6968078613281 19
1777229209579 365.4749237060547 20
1777229211404 365.2391357421875 21
1777229213228 318.1934478759766 22
1777229215032 304.3302703857422 23
1777229216834 277.4370803833008 24
1777229218651 269.00762634277345 25
1777229220471 252.4619155883789 26
1777229222299 246.41224822998046 27
1777229224161 230.3872833251953 28
1777229226002 209.51912536621094 29
1777229227821 221.77725982666016 30
1777229229697 212.33287963867187 31
1777229231565 209.56094360351562 32
1777229233769 188.7287857055664 33
1777229239666 180.42707366943358 34
1777229241565 193.99652099609375 35
1777229243438 184.11999053955077 36
1777229245311 176.38415069580077 37
1777229247191 162.86691284179688 38
1777229249042 173.4652587890625 39
1777229250895 149.079296875 40
1777229252727 166.4551208496094 41
1777229254549 149.15202102661132 42
1777229256367 167.59466247558595 43
1777229258193 152.45401153564453 44
1777229260021 144.87607116699218 45
1777229261861 135.755712890625 46
1777229263676 147.5364547729492 47
1777229265499 145.42745971679688 48
1777229267318 144.6263671875 49
1777229269138 142.72320251464845 50
1777229270962 141.46822052001954 51
1777229272780 143.10558166503907 52
1777229274615 132.54857940673827 53
1777229276432 126.11260147094727 54
