1777433753774 38051.475260416664 1
1777433754654 35975.83203125 2
1777433755801 33154.227864583336 3
1777433756917 28973.282552083332 4
1777433757764 24162.578125 5
1777433758613 19503.265625 6
1777433759474 14798.453125 7
1777433760350 10391.160807291666 8
1777433761231 6532.289713541667 9
1777433762081 3716.416748046875 10
1777433762948 2300.0199381510415 11
1777433763816 1341.2564290364583 12
1777433764721 964.2657674153646 13
1777433765634 872.2276814778646 14
1777433766523 760.216064453125 15
1777433767434 582.3402709960938 16
1777433768330 608.240966796875 17
1777433769218 486.22894287109375 18
1777433770304 580.016357421875 19
1777433771190 479.59547932942706 20
1777433772073 494.98777262369794 21
1777433772939 479.92108154296875 22
1777433773796 485.52988688151044 23
1777433774665 473.8616231282552 24
1777433775528 403.22594197591144 25
1777433776411 349.4267578125 26
1777433777269 466.6700744628906 27
1777433778132 371.4738057454427 28
1777433778998 424.525390625 29
1777433779867 371.8314514160156 30
1777433780810 382.36485799153644 31
1777433781660 364.30723063151044 32
1777433782547 388.4337870279948 33
1777433783431 342.6888936360677 34
1777433784305 323.81597900390625 35
1777433785178 334.66321818033856 36
1777433786035 306.9055684407552 37
1777433786907 338.9594421386719 38
1777433788517 319.06036376953125 39
1777433789410 289.97088623046875 40
1777433790272 297.1164143880208 41
1777433791181 281.35927327473956 42
1777433792070 258.0241394042969 43
1777433792966 285.1807556152344 44
1777433793835 266.68353271484375 45
1777433794697 257.52123006184894 46
1777433795570 243.97354125976562 47
1777433796436 222.82245381673178 48
1777433797280 223.4948984781901 49
1777433798155 233.42381795247397 50
1777433799034 227.37628682454428 51
1777433799900 259.47284444173175 52
1777433801592 265.6367441813151 53
1777433802462 254.09364318847656 54
1777433803321 265.6842753092448 55
1777433804179 204.09352111816406 56
1777433805054 216.9915974934896 57
1777433805934 185.8101043701172 58
1777433806800 175.98420206705728 59
1777433807654 168.5666707356771 60
1777433808527 181.86942036946616 61
1777433809376 161.32784525553384 62
1777433810238 166.30352274576822 63
1777433811103 167.66635131835938 64
1777433811965 162.98298136393228 65
1777433812816 150.29446919759116 66
1777433813686 138.11755879720053 67
1777433814557 157.0152384440104 68
1777433815431 149.26082356770834 69
1777433816320 161.43277994791666 70
1777433817232 137.96798706054688 71
1777433818114 191.68299865722656 72
1777433819079 140.44564310709634 73
1777433819931 138.39962768554688 74
1777433820846 138.28738911946616 75
1777433821741 148.31884765625 76
1777433822603 139.1353556315104 77
1777433823446 139.28784688313803 78
1777433824326 140.57910664876303 79
1777433825511 125.00119272867839 80
1777433826396 137.9623565673828 81
1777433827286 132.5224405924479 82
1777433828137 122.1041488647461 83
1777433829010 110.6101786295573 84
1777433829884 134.8648223876953 85
1777433830753 120.36856079101562 86
1777433831606 132.7040557861328 87
1777433832477 105.26767985026042 88
1777433833350 112.90857187906902 89
1777433834194 123.39141337076823 90
1777433835023 119.82777150472005 91
1777433835884 121.55013529459636 92
1777433836760 113.68295288085938 93
1777433837640 123.00146484375 94
1777433838499 112.29400126139323 95
1777433839378 129.29866790771484 96
1777433840256 105.95135498046875 97
1777433841111 127.82107035319011 98
1777433841969 126.87259419759114 99
1777433842826 102.85036977132161 100
1777433843675 114.44600168863933 101
1777433844534 133.9363530476888 102
1777433845393 117.64316813151042 103
1777433846259 127.47914632161458 104
1777433847119 94.05990854899089 105
1777433847985 102.31973775227864 106
1777433848866 103.53735860188802 107
1777433849743 100.86654154459636 108
1777433850609 92.6961186726888 109
1777433851461 100.12924194335938 110
1777433852313 107.32968648274739 111
1777433853152 109.17373148600261 112
1777433854026 91.04538472493489 113
