1777172623869 151.73942523175248 1
1777172624996 142.74488648366503 2
1777172626144 130.8399851432823 3
1777172627262 113.23876341324532 4
1777172628386 90.1406137112128 5
1777172629518 64.82942594850806 6
1777172630637 43.03396447337346 7
1777172631755 27.456680418291857 8
1777172632897 20.250321111028203 9
1777172634021 16.864345368065536 10
1777172635143 15.475919393658284 11
1777172636275 14.794314827395477 12
1777172637420 13.336506747916474 13
1777172638539 13.275372505527576 14
1777172639659 13.393951839933763 15
1777172640786 11.570104735682909 16
1777172641915 11.121167328152529 17
1777172643032 11.865809180488926 18
1777172644151 10.952212227218583 19
1777172645292 11.015264227213422 20
1777172646409 11.577509890479929 21
1777172647554 10.611139897422904 22
1777172648685 10.632418271922216 23
1777172649815 10.655325618596741 24
1777172650933 10.098016662937244 25
1777172652055 9.917242872990911 26
1777172653192 9.8816158207517 27
1777172654313 9.665974691883394 28
1777172655435 9.726353480568271 29
1777172656559 9.237316579054655 30
1777172657685 9.647123902148238 31
1777172658824 9.589329847907454 32
1777172659940 8.854389231424303 33
1777172661077 9.691781012651122 34
1777172662205 8.792693901684588 35
1777172663331 8.545992006477332 36
1777172664453 9.025701363900295 37
1777172665576 8.256158000368746 38
1777172666686 8.077727446287252 39
1777172667791 8.054482164184842 40
1777172668931 8.248938128757194 41
1777172670158 8.103333271943496 42
1777172671371 7.925085513287553 43
1777172672586 7.320130746145277 44
1777172673809 7.841684347769627 45
1777172675018 8.10910805472988 46
1777172676240 7.876764847956355 47
1777172677392 7.760472581761527 48
1777172678490 7.5264502830392175 49
1777172679589 7.313885850934671 50
1777172681252 6.945036052115239 51
1777172682350 7.148062549160921 52
1777172683445 7.368493820779047 53
1777172684785 7.536818777474876 54
1777172685901 6.722796769580785 55
1777172687018 7.022306642617245 56
1777172688148 7.1533077538827055 57
1777172689262 6.872398838133769 58
1777172690380 7.42446028191541 59
1777172691540 6.679637355861042 60
1777172692696 6.87700696475428 61
1777172693851 7.115744250153222 62
1777172836288 7.158654903502422 63
1777172837583 6.5464021939410655 64
1777172838723 6.838715832311251 65
1777172839879 7.04768959424616 66
1777172841023 6.676423038516624 67
1777172842197 6.275534763505975 68
