1777172623869 156.7379638671875 1
1777172624996 147.60423889160157 2
1777172626144 135.66497802734375 3
1777172627262 118.18755187988282 4
1777172628386 95.06795806884766 5
1777172629518 69.58477630615235 6
1777172630637 47.55853118896484 7
1777172631755 31.80161018371582 8
1777172632897 24.547195434570312 9
1777172634021 21.13916893005371 10
1777172635143 19.712603759765624 11
1777172636275 19.022916793823242 12
1777172637420 17.540717315673827 13
1777172638539 17.465644073486327 14
1777172639659 17.595986938476564 15
1777172640786 15.685412788391114 16
1777172641915 15.219661521911622 17
1777172643032 15.973099708557129 18
1777172644151 15.036042022705079 19
1777172645292 15.091693496704101 20
1777172646409 15.697200393676757 21
1777172647554 14.660845756530762 22
1777172648685 14.672522735595702 23
1777172649815 14.709283447265625 24
1777172650933 14.119929695129395 25
1777172652055 13.93705940246582 26
1777172653192 13.911556625366211 27
1777172654313 13.687736511230469 28
1777172655435 13.725327682495116 29
1777172656559 13.191801834106446 30
1777172657685 13.646607589721679 31
1777172658824 13.587064743041992 32
1777172659940 12.805878639221191 33
1777172661077 13.68760814666748 34
1777172662205 12.751720809936524 35
1777172663331 12.484723663330078 36
1777172664453 13.00835361480713 37
1777172665576 12.179708480834961 38
1777172666686 11.990030097961426 39
1777172667791 11.953259658813476 40
1777172668931 12.160250473022462 41
1777172670158 12.01656894683838 42
1777172671371 11.812039184570313 43
1777172672586 11.192246055603027 44
1777172673809 11.7596004486084 45
1777172675018 12.034893035888672 46
1777172676240 11.781050109863282 47
1777172677392 11.646113014221191 48
1777172678490 11.369014549255372 49
1777172679589 11.158432769775391 50
1777172681252 10.80793743133545 51
1777172682350 11.018781471252442 52
1777172683445 11.228579902648926 53
1777172684785 11.390249824523925 54
1777172685901 10.534627342224121 55
1777172687018 10.868208122253417 56
1777172688148 10.98934440612793 57
1777172689262 10.684482765197753 58
1777172690380 11.270423126220702 59
1777172691540 10.497989654541016 60
1777172692696 10.695359420776366 61
1777172693851 10.962978172302247 62
1777172836288 11.026191711425781 63
1777172837583 10.3566650390625 64
1777172838723 10.695027160644532 65
1777172839879 10.890706253051757 66
1777172841023 10.477246856689453 67
1777172842197 10.042016220092773 68
