1777300389540 202.22840853931015 1
1777300390242 199.49875166251505 2
1777300390948 196.96203420967979 3
1777300391642 193.83135379199098 4
1777300392336 189.68886882612128 5
1777300393062 184.34292935509018 6
1777300393761 178.24021211136574 7
1777300394461 171.66787468679937 8
1777300395156 164.39903619944783 9
1777300395849 156.66471038037213 10
1777300396580 148.40648763420302 11
1777300397274 139.31055852750825 12
1777300397970 128.8343161284861 13
1777300398663 118.47421475168048 14
1777300399358 106.198780215296 15
1777300400045 92.80467792647873 16
1777300400740 79.9342542376124 17
1777300401426 69.23599601020484 18
1777300402125 59.36549871004425 19
1777300402827 48.89631065690753 20
1777300403556 41.20882683640593 21
1777300404249 37.00525479637727 22
1777300404948 33.80537183842638 23
1777300405658 33.13820356496572 24
1777300406355 30.25472014624603 25
1777300407049 27.58355381537806 26
1777300407749 27.43071453785159 27
1777300408447 26.983131552325055 28
1777300409196 27.524636666083232 29
1777300409895 25.5901944601787 30
1777300410592 23.436569622322303 31
1777300411288 24.156222007390845 32
1777300411981 22.666131992215508 33
1777300412676 24.82947975265794 34
1777300413390 22.4734556478738 35
1777300414092 22.235246343401258 36
1777300414798 23.95670511664762 37
1777300415494 24.051456956342772 38
1777300416200 22.667605908300068 39
1777300416891 23.13115171144011 40
1777300417572 22.75958523935675 41
1777300418253 21.298131176016867 42
1777300418934 23.946001360539835 43
1777300419636 21.374564597155555 44
1777300420338 22.76276461704546 45
1777300421038 21.393895166662524 46
1777300421737 20.50806587328163 47
1777300422432 20.316842499577255 48
1777300423135 21.951445313446083 49
1777300423860 19.522474532724143 50
1777300424586 18.60478262805718 51
1777300425286 19.133807626376793 52
1777300425983 21.901492817122826 53
1777300426676 21.281167939172967 54
1777300427376 18.548800326458142 55
1777300428075 20.059585932200996 56
1777300428772 19.09000519952178 57
1777300429458 17.41145438683654 58
1777300430160 18.857680022530005 59
1777300430878 17.556256349552633 60
1777300431578 18.838014388803963 61
1777300432278 19.492911880296692 62
1777300432978 17.663771528783435 63
1777300433782 18.09440009742662 64
1777300434480 17.859343951590986 65
1777300435178 16.416744126210105 66
1777300435870 18.179792431797864 67
1777300436586 19.665156594454768 68
1777300437273 18.56927374918634 69
1777300437952 19.893225581106577 70
1777300438639 16.392554509988784 71
1777300439337 17.658709468591127 72
1777300440018 19.496445666997825 73
1777300440708 16.99726798055352 74
1777300441401 18.01394665110862 75
1777300442093 16.37324085739308 76
1777300442807 17.064083817183885 77
1777300443506 15.678511381000053 78
1777300444236 16.258700251688477 79
1777300444969 15.152770541250332 80
1777300445657 15.152738969028878 81
1777300446321 15.12805664533368 82
1777300446988 16.054705177659603 83
1777300447676 15.576921103211333 84
1777300448338 15.52336132472319 85
1777300448992 15.181598149537015 86
1777300449646 14.505798625554196 87
1777300450303 14.188762696100897 88
1777300451005 15.214445481483747 89
1777300451711 13.887270853441688 90
1777300452414 14.064048306138455 91
1777300453109 15.678110957230535 92
1777300453845 16.33193935586448 93
1777300454540 14.131669485190002 94
1777300455247 13.212441670704216 95
1777300455951 15.494097630810163 96
1777300456659 13.985241109416286 97
1777300457353 14.544041816554302 98
1777300458051 14.806672092178065 99
1777300458744 14.344526633267748 100
1777300459437 14.68539222992537 101
1777300460139 14.4933459482091 102
1777300460834 13.35236088649131 103
1777300461527 13.078448741044777 104
1777300462227 13.289820212747323 105
1777300462917 14.209591735486857 106
1777300463627 13.19250380496988 107
1777300464356 13.682726031939278 108
1777300465066 15.036171770953821 109
1777300465765 13.202908486032202 110
1777300466458 12.836259817896526 111
1777300467211 12.711196415301368 112
1777300467913 11.68197412458046 113
1777300468625 11.838677146375794 114
1777300469350 12.328816925828384 115
1777300470051 12.533285063014123 116
1777300470741 12.50015772742286 117
1777300471397 12.234313963133468 118
1777300472070 11.553783926726439 119
1777300472735 12.522267299670897 120
1777300473416 11.677137483686574 121
1777300474109 13.271200453418684 122
1777300474760 12.221139614089306 123
1777300475431 12.588465679715503 124
1777300476126 12.219592745464183 125
1777300476820 12.88886234028233 126
1777300477518 11.592270765765821 127
1777300478214 12.4401082659737 128
1777300478906 10.997049629278045 129
1777300479593 11.6941294546092 130
1777300480290 12.451819729441102 131
1777300481001 12.657070832773652 132
1777300481699 11.342489334245066 133
1777300482401 12.102018971258671 134
1777300483103 11.733873341706941 135
1777300483796 11.83530883281542 136
1777300484533 12.768458436112315 137
