1777300389540 40896.330078125 1
1777300390242 39799.751953125 2
1777300390948 38794.04296875 3
1777300391642 37570.59375 4
1777300392336 35981.8671875 5
1777300393062 33982.3203125 6
1777300393761 31769.5732421875 7
1777300394461 29469.8662109375 8
1777300395156 27027.044921875 9
1777300395849 24543.8330078125 10
1777300396580 22024.486328125 11
1777300397274 19407.435546875 12
1777300397970 16598.28125 13
1777300398663 14036.14111328125 14
1777300399358 11278.1982421875 15
1777300400045 8612.7373046875 16
1777300400740 6389.522705078125 17
1777300401426 4794.052490234375 18
1777300402125 3524.5391845703125 19
1777300402827 2391.0567626953125 20
1777300403556 1698.243408203125 21
1777300404249 1369.7348022460938 22
1777300404948 1142.8980712890625 23
1777300405658 1098.1488037109375 24
1777300406355 915.4563598632812 25
1777300407049 760.8645935058594 26
1777300407749 752.4942016601562 27
1777300408447 728.5706481933594 28
1777300409196 757.6402282714844 29
1777300409895 654.9167175292969 30
1777300410592 549.4460144042969 31
1777300411288 584.200439453125 32
1777300411981 513.7633361816406 33
1777300412676 616.6942749023438 34
1777300413390 505.32264709472656 35
1777300414092 494.6075897216797 36
1777300414798 574.022705078125 37
1777300415494 578.5947875976562 38
1777300416200 513.9781646728516 39
1777300416891 535.0608215332031 40
1777300417572 518.1044311523438 41
1777300418253 453.716552734375 42
1777300418934 573.4139404296875 43
1777300419636 457.1282958984375 44
1777300420338 518.2537078857422 45
1777300421038 457.74229431152344 46
1777300421737 420.59132385253906 47
1777300422432 412.8004608154297 48
1777300423135 482.1256866455078 49
1777300423860 381.396240234375 50
1777300424586 346.23406982421875 51
1777300425286 366.1150665283203 52
1777300425983 479.6863098144531 53
1777300426676 453.407958984375 54
1777300427376 344.1413116455078 55
1777300428075 402.39288330078125 56
1777300428772 364.4285888671875 57
1777300429458 303.1927032470703 58
1777300430160 355.64112854003906 59
1777300430878 308.3538055419922 60
1777300431578 354.87083435058594 61
1777300432278 380.6069030761719 62
1777300432978 312.01129150390625 63
1777300433782 327.4076232910156 64
1777300434480 318.95945739746094 65
1777300435178 269.6040496826172 66
1777300435870 330.50624084472656 67
1777300436586 386.75404357910156 68
1777300437273 344.81800842285156 69
1777300437952 395.84922790527344 70
1777300438639 268.7376708984375 71
1777300439337 311.83045959472656 72
1777300440018 380.20111083984375 73
1777300440708 289.0016174316406 74
1777300441401 324.5190124511719 75
1777300442093 268.0830535888672 76
1777300442807 291.2705993652344 77
1777300443506 245.8224868774414 78
1777300444236 264.4601593017578 79
1777300444969 229.65042114257812 80
1777300445657 229.61029815673828 81
1777300446321 228.85842895507812 82
1777300446988 257.75360107421875 83
1777300447676 242.6427459716797 84
1777300448338 240.99347686767578 85
1777300448992 230.4919891357422 86
1777300449646 210.58943939208984 87
1777300450303 201.44757843017578 88
1777300451005 231.52267456054688 89
1777300451711 193.03620147705078 90
1777300452414 197.82450103759766 91
1777300453109 245.8240509033203 92
1777300453845 266.75628662109375 93
1777300454540 199.7044448852539 94
1777300455247 174.60230255126953 95
1777300455951 240.16085815429688 96
1777300456659 195.6064453125 97
1777300457353 211.53591918945312 98
1777300458051 219.3851089477539 99
1777300458744 205.84520721435547 100
1777300459437 215.70310974121094 101
1777300460139 210.07395935058594 102
1777300460834 178.36602783203125 103
1777300461527 171.09695434570312 104
1777300462227 176.6349105834961 105
1777300462917 201.92119598388672 106
1777300463627 174.04454803466797 107
1777300464356 187.31366729736328 108
1777300465066 226.13253021240234 109
1777300465765 174.31689453125 110
1777300466458 164.7701873779297 111
1777300467211 161.58050537109375 112
1777300467913 136.47289276123047 113
1777300468625 140.17982482910156 114
1777300469350 152.0038833618164 115
1777300470051 157.20148468017578 116
1777300470741 156.27182006835938 117
1777300471397 149.70427703857422 118
1777300472070 133.49056243896484 119
1777300472735 156.81352996826172 120
1777300473416 136.38880920410156 121
1777300474109 176.1474838256836 122
1777300474760 149.39652252197266 123
1777300475431 158.47196197509766 124
1777300476126 149.40174865722656 125
1777300476820 166.12615203857422 126
1777300477518 134.45682525634766 127
1777300478214 154.7616195678711 128
1777300478906 120.94099807739258 129
1777300479593 136.79593658447266 130
1777300480290 155.06807708740234 131
1777300481001 160.203369140625 132
1777300481699 128.71543884277344 133
1777300482401 146.46271514892578 134
1777300483103 137.7027816772461 135
1777300483796 140.07769775390625 136
1777300484533 163.17794799804688 137
