1777384534994 158.4976141812587 1
1777384563792 155.8110844538762 2
1777384574787 153.7812120994259 3
1777384575266 151.72037924981018 4
1777384578090 149.44472936875528 5
1777384578454 146.8991620729618 6
1777384578943 144.0933869788035 7
1777384579322 141.02958211490005 8
1777384579770 137.59468221972426 9
1777384580138 133.89709649615196 10
1777384580865 129.7674563414058 11
1777384581282 125.47756169084514 12
1777384581706 121.11170985456502 13
1777384582332 116.59092492883651 14
1777384582732 112.13661670068818 15
1777384583120 107.3432250232887 16
1777384583524 102.31555963360556 17
1777384583936 97.02364851570242 18
1777384584420 91.92121150251424 19
1777384584858 86.40233453469492 20
1777384585252 80.70621485998542 21
1777384585649 75.29696843432316 22
1777384586245 69.15767870380539 23
1777384586649 64.00275635285301 24
1777384587677 57.875214330882656 25
1777384597478 52.14456448916191 26
1777384598188 47.21468734517212 27
1777384598676 42.5664479473515 28
1777384599335 38.003747829184135 29
1777384599714 33.53621670448003 30
1777384600095 29.881929963179637 31
1777384600670 25.87523491188 32
1777384601058 25.386965855247333 33
1777384601457 23.218688485486606 34
1777384602250 21.956800941292567 35
1777384602654 20.70668741092917 36
1777384603043 21.8982014972465 37
1777384603449 17.334909177568473 38
1777384603879 18.24307704293861 39
1777384604352 17.9551469709897 40
1777384605135 15.968393231726225 41
1777384606130 16.522707676509516 42
1777384621905 17.18483097078656 43
1777384622252 15.85020095379438 44
1777384622613 13.770219138700403 45
1777384622972 13.392752006203724 46
1777384623336 13.574065141795456 47
1777384623776 14.334842443886185 48
1777384624138 15.418762401910088 49
1777384624561 13.051326238752042 50
1777384624920 14.933945421184152 51
1777384625284 12.240173619842082 52
1777384626345 11.764763739132839 53
1777384626728 12.94229613509657 54
1777384627120 14.614758784394368 55
1777384627625 10.745546130383637 56
1777384628190 11.243901960022367 57
1777384628590 14.35282913853124 58
1777384628987 13.835388573911423 59
1777384629599 13.348446120812623 60
1777384630033 13.090117900846149 61
1777384630540 11.244745970192337 62
1777384631194 12.449688425920883 63
1777384633318 11.195634026563804 64
1777384663047 11.558979636980236 65
1777384682611 13.357180612757846 66
1777384683188 10.873318755899676 67
1777384683543 10.964782975242198 68
1777384684225 12.56905065728018 69
1777384684618 11.549711366296165 70
1777384684998 12.759412525264361 71
1777384685508 12.140376235202558 72
1777384685880 10.84364760013027 73
1777384686267 12.815342660098656 74
1777384686628 11.522518865794765 75
1777384687137 10.905017931742732 76
1777384687516 9.375171344418842 77
1777384687902 12.211187699788889 78
1777384688464 9.911638426206704 79
1777384689302 12.597841039378714 80
1777384689663 11.760628115619832 81
1777384690429 10.294628638347596 82
1777384691021 9.751714985299236 83
1777384691510 10.04854430917145 84
1777384691943 12.135440587857437 85
1777384692546 14.230857598242588 86
1777384693121 10.878347179011884 87
1777384693726 11.199813990612556 88
1777384694152 10.80552361533702 89
1777384694539 10.874721782458087 90
1777384694930 9.56300538130809 91
1777384695362 9.542071303268495 92
1777384695751 11.053479570678872 93
1777384696127 11.004772162479439 94
1777384696853 9.844657620750871 95
1777384697242 8.370558254311383 96
1777384698637 10.0676720395763 97
1777384699065 11.58628092131332 98
1777384700027 9.198944108316777 99
1777384700430 8.918666859759488 100
1777384700833 9.2489202942347 101
1777384701220 11.316765319860059 102
1777384701667 9.074302469781056 103
1777384702073 11.173980917849404 104
1777384703302 9.85871780527667 105
1777384703704 9.894969508988117 106
1777384704112 10.36452541250519 107
1777384704971 9.33985983646413 108
1777384705386 9.328793332216954 109
1777384705851 11.326171750120745 110
1777384706331 8.54871074773953 111
1777384707455 8.680139431306634 112
1777384707831 9.039099701698289 113
1777384708197 9.073873489097645 114
1777384708567 8.655670359214474 115
1777384708950 7.65745460658093 116
1777384709351 8.65822100009347 117
1777384709743 8.518404658234127 118
1777384710216 8.026521246781856 119
1777384710901 10.081548329598052 120
1777384711295 9.738032743641018 121
1777384711682 9.955208559422653 122
1777384712085 9.318098779993063 123
1777384712465 7.486855114059314 124
1777384713145 7.825608564277152 125
1777384713570 9.547989769116333 126
1777384713955 8.48940334891265 127
1777384714324 9.791733821839777 128
1777384714699 9.245376309715715 129
1777384715068 7.853773946420487 130
1777384715449 7.887389830120577 131
1777384715819 8.32313456930137 132
1777384716328 7.4334658176424355 133
1777384716729 7.74986345237378 134
1777384717270 8.111996752335195 135
1777384717616 8.317575103594006 136
1777384717974 8.744535769845063 137
1777384718332 8.447090082846175 138
1777384718696 6.812884995745549 139
1777384719129 7.073524332298507 140
1777384719513 6.761439807262409 141
1777384720014 7.609805020037218 142
1777384720374 7.048381902579343 143
1777384720922 7.248312728935596 144
1777384721287 8.018071713898369 145
1777384721649 6.431814259245195 146
1777384722037 7.037535221662091 147
1777384722628 7.134701446582483 148
1777384722990 6.803665206492542 149
1777384723363 7.134529999404253 150
1777384723719 6.111331201341666 151
1777384724185 6.700405638986521 152
1777384724578 7.038382744691124 153
1777384724994 7.325687737165307 154
1777384725369 6.952041044700027 155
1777384725743 8.29877830853689 156
1777384726126 6.557034636411818 157
1777384726503 6.613769508010138 158
1777384726916 6.838374129478468 159
1777384727352 6.575319004002838 160
1777384727753 6.134753836510256 161
1777384728219 7.198863741795735 162
1777384728641 6.363717383800782 163
