1777300000337 50889.1953125 1
1777300001010 49567.421875 2
1777300001659 48297.8828125 3
1777300002340 46749.587890625 4
1777300003018 44723.130859375 5
1777300003678 42442.830078125 6
1777300004327 39957.49609375 7
1777300004974 37325.822265625 8
1777300005684 34632.587890625 9
1777300006329 31636.8974609375 10
1777300006985 28494.376953125 11
1777300007635 25368.7021484375 12
1777300008286 22209.1748046875 13
1777300008962 18988.599609375 14
1777300009627 15902.39208984375 15
1777300010297 12807.1103515625 16
1777300010948 10208.90283203125 17
1777300011596 7668.4921875 18
1777300012302 5802.226806640625 19
1777300012992 4249.32421875 20
1777300013662 2949.0673828125 21
1777300014332 2206.4893798828125 22
1777300014988 1732.1473999023438 23
1777300015636 1470.81005859375 24
1777300016279 1266.2518310546875 25
1777300016928 1118.9782104492188 26
1777300017575 993.9822692871094 27
1777300018227 874.8499755859375 28
1777300018872 916.728271484375 29
1777300019519 814.7381591796875 30
1777300020163 840.8664855957031 31
1777300020810 783.9554748535156 32
1777300021449 785.6536254882812 33
1777300022094 712.6798095703125 34
1777300022741 687.7467346191406 35
1777300023431 616.4762878417969 36
1777300024073 657.3101806640625 37
1777300024738 584.2614135742188 38
1777300025384 597.7559509277344 39
1777300026052 613.6015014648438 40
1777300026718 599.2708435058594 41
1777300027404 536.1194458007812 42
1777300028069 497.9132080078125 43
1777300028745 586.7575073242188 44
1777300029409 502.25047302246094 45
1777300030093 519.2332458496094 46
1777300030754 578.4898986816406 47
1777300031402 508.2151641845703 48
1777300032083 473.6586608886719 49
1777300032742 540.1578979492188 50
1777300033430 523.2489624023438 51
1777300034093 385.2717590332031 52
1777300034745 443.3303527832031 53
1777300035396 544.5897369384766 54
1777300036050 431.9192657470703 55
1777300036704 475.98321533203125 56
1777300037359 427.7418975830078 57
1777300038029 458.9919891357422 58
1777300038684 396.0341339111328 59
1777300039349 419.3058624267578 60
1777300039994 410.80926513671875 61
1777300040653 468.0985412597656 62
1777300041312 330.72291564941406 63
1777300041955 416.06040954589844 64
1777300042603 412.6878356933594 65
1777300043282 373.4236145019531 66
1777300043936 423.91400146484375 67
1777300044587 399.5323181152344 68
1777300045239 310.09608459472656 69
1777300045899 291.26295471191406 70
1777300046548 399.5500030517578 71
