1777300000337 -2.7889652065578634 1
1777300001010 -2.6905521383987 2
1777300001659 -2.596028403323841 3
1777300002340 -2.4807498997937114 4
1777300003018 -2.329869658375252 5
1777300003678 -2.1600894266801256 6
1777300004327 -1.9750432128689357 7
1777300004974 -1.7791012702589835 8
1777300005684 -1.5785760703885345 9
1777300006329 -1.3555313871278463 10
1777300006985 -1.1215546000107728 11
1777300007635 -0.8888317031011834 12
1777300008286 -0.6535885790003801 13
1777300008962 -0.41379994487779737 14
1777300009627 -0.1840158203519846 15
1777300010297 0.046444128261251216 16
1777300010948 0.23989402966385953 17
1777300011596 0.42904091914174447 18
1777300012302 0.5679940764617701 19
1777300012992 0.6836157384381529 20
1777300013662 0.7804265989810787 21
1777300014332 0.8357153968273955 22
1777300014988 0.8710326157478817 23
1777300015636 0.8904905390748563 24
1777300016279 0.9057209768136989 25
1777300016928 0.9166862532361559 26
1777300017575 0.925992852170017 27
1777300018227 0.9348628739023651 28
1777300018872 0.9317448166417288 29
1777300019519 0.9393385088657208 30
1777300020163 0.9373931154782166 31
1777300020810 0.9416304380711147 32
1777300021449 0.9415039997698578 33
1777300022094 0.9469372835421751 34
1777300022741 0.9487936848265645 35
1777300023431 0.9541001313524317 36
1777300024073 0.9510598410794718 37
1777300024738 0.9564986991544898 38
1777300025384 0.9554939638827156 39
1777300026052 0.9543141791111335 40
1777300026718 0.95538117169307 41
1777300027404 0.9600831233460716 42
1777300028069 0.9629277747217483 43
1777300028745 0.9563128508094499 44
1777300029409 0.962604842250294 45
1777300030093 0.96134038546019 46
1777300030754 0.9569284205101811 47
1777300031402 0.9621607397401352 48
1777300032083 0.9647336520566597 49
1777300032742 0.9597824389003959 50
1777300033430 0.9610413951653352 51
1777300034093 0.9713145153399564 52
1777300034745 0.96699174727692 53
1777300035396 0.9594524647730301 54
1777300036050 0.9678413667997854 55
1777300036704 0.9645605754228076 56
1777300037359 0.9681523910304703 57
1777300038029 0.9658256661532187 58
1777300038684 0.9705131985509086 59
1777300039349 0.9687805001797767 60
1777300039994 0.9694131179562674 61
1777300040653 0.9651476342047258 62
1777300041312 0.9753759604851453 63
1777300041955 0.9690221407368468 64
1777300042603 0.9692732466785026 65
1777300043282 0.9721966733348443 66
1777300043936 0.9684373991160511 67
1777300044587 0.970252739103047 68
1777300045239 0.9769117355291976 69
1777300045899 0.9783139595710472 70
1777300046548 0.9702514275024116 71
