1777300000337 193.55209350585938 1
1777300001010 190.0787124633789 2
1777300001659 186.70230102539062 3
1777300002340 182.69906616210938 4
1777300003018 177.82485961914062 5
1777300003678 172.27687072753906 6
1777300004327 166.0326385498047 7
1777300004974 159.0798568725586 8
1777300005684 151.4846649169922 9
1777300006329 143.21482849121094 10
1777300006985 134.26361846923828 11
1777300007635 124.72329330444336 12
1777300008286 114.51922225952148 13
1777300008962 103.8835678100586 14
1777300009627 93.04908752441406 15
1777300010297 81.82823181152344 16
1777300010948 71.16996002197266 17
1777300011596 60.83639144897461 18
1777300012302 51.591007232666016 19
1777300012992 43.82417297363281 20
1777300013662 37.14352607727051 21
1777300014332 32.19520378112793 22
1777300014988 29.02126979827881 23
1777300015636 27.112060546875 24
1777300016279 25.42972183227539 25
1777300016928 24.277732849121094 26
1777300017575 22.91114902496338 27
1777300018227 21.91668128967285 28
1777300018872 22.142300605773926 29
1777300019519 21.031612396240234 30
1777300020163 21.28702449798584 31
1777300020810 20.74013328552246 32
1777300021449 20.700889587402344 33
1777300022094 20.023483276367188 34
1777300022741 19.49931812286377 35
1777300023431 18.642966270446777 36
1777300024073 19.07440185546875 37
1777300024738 18.0702543258667 38
1777300025384 18.19829750061035 39
1777300026052 18.531415939331055 40
1777300026718 18.211636543273926 41
1777300027404 17.314868927001953 42
1777300028069 16.71207332611084 43
1777300028745 18.01376724243164 44
1777300029409 16.797924041748047 45
1777300030093 17.073309898376465 46
1777300030754 18.087881088256836 47
1777300031402 16.964293479919434 48
1777300032083 16.15608310699463 49
1777300032742 17.370481491088867 50
1777300033430 17.12056255340576 51
1777300034093 14.768461227416992 52
1777300034745 15.727268695831299 53
1777300035396 17.573780059814453 54
1777300036050 15.494007110595703 55
1777300036704 16.395723342895508 56
1777300037359 15.811034679412842 57
1777300038029 16.51315402984619 58
1777300038684 14.840322971343994 59
1777300039349 15.394927024841309 60
1777300039994 15.16132926940918 61
1777300040653 16.10383367538452 62
1777300041312 13.471193790435791 63
1777300041955 15.244932651519775 64
1777300042603 15.223622798919678 65
1777300043282 14.370670795440674 66
1777300043936 15.132771968841553 67
1777300044587 14.832687377929688 68
1777300045239 12.993444919586182 69
1777300045899 12.97782850265503 70
1777300046548 14.992344379425049 71
