1777299562656 220.0531807161509 1
1777299563371 217.14367346112516 2
1777299564062 214.29484981500923 3
1777299564744 210.59994270170773 4
1777299565445 205.70765814879672 5
1777299566180 199.56853960868312 6
1777299566865 192.69879316493711 7
1777299567550 185.15531799408507 8
1777299568235 177.0637677066798 9
1777299568916 168.4871976178693 10
1777299569597 158.71076475425116 11
1777299570293 148.77152762581994 12
1777299570972 136.65212942529735 13
1777299571656 123.45266219800303 14
1777299572383 110.07976797451249 15
1777299573102 96.83648764291408 16
1777299573787 83.55734866398882 17
1777299574463 70.71134904274335 18
1777299575149 58.06828264432478 19
1777299575828 47.84550126222571 20
1777299576509 41.211462153556475 21
1777299577215 37.31771503023804 22
1777299577907 33.83696014595138 23
1777299578593 33.470102453716045 24
1777299579300 30.35540984796952 25
1777299579981 30.86927628430071 26
1777299580672 28.007305390412547 27
1777299581354 28.00322600229692 28
1777299582038 28.43180325155557 29
1777299582718 26.25690413216735 30
1777299583407 26.833529368840985 31
1777299584102 25.514034785440007 32
1777299584780 26.852588381306575 33
1777299585470 29.194744674336086 34
1777299586154 25.227884531078203 35
1777299586837 23.665405809325716 36
1777299587546 23.97195134499512 37
1777299588226 24.249332674994875 38
1777299588910 21.312731280239255 39
1777299589586 22.68639176506052 40
1777299590266 25.975311794473207 41
1777299590945 23.138570916239324 42
1777299591621 24.020097758262562 43
1777299592293 21.37120920417503 44
1777299592970 21.086880883933333 45
1777299593664 21.660334139687357 46
1777299594334 22.219011841051838 47
1777299595021 21.755107197385684 48
1777299595700 20.95602166975527 49
1777299596370 21.40696104612345 50
1777299597067 19.207417417424608 51
1777299597763 20.540191155037242 52
1777299598440 18.98205860511068 53
1777299599117 18.71516064643098 54
1777299599799 19.9464347488432 55
1777299600476 17.54136638227067 56
1777299601158 18.875458115476945 57
1777299601838 18.177104559676827 58
1777299602526 19.31229216093522 59
1777299603202 20.763877796818363 60
1777299603878 18.793957860829998 61
1777299604560 16.35843028750374 62
1777299605283 16.832649178206523 63
1777299605961 16.2561759006434 64
1777299606674 15.577881467881733 65
1777299607382 16.2279759380542 66
1777299608065 16.492344463695673 67
1777299608754 17.561328506356226 68
1777299609431 18.503716778432523 69
1777299610108 16.957396248063713 70
1777299610801 16.67948997618726 71
1777299611484 15.783860065732657 72
1777299612164 16.306604472545942 73
1777299612844 16.36438497528345 74
