1777206874004 -1.7311732088389307 1
1777206874606 -1.632538136147545 2
1777206875205 -1.5270811977981213 3
1777206875799 -1.3819485572030934 4
1777206876394 -1.1984335438669427 5
1777206876989 -1.0050181472282327 6
1777206877613 -0.7933131485046171 7
1777206878208 -0.5775066496853353 8
1777206878804 -0.3654527777309876 9
1777206879404 -0.13493906529625066 10
1777206880003 0.10261826502591936 11
1777206880607 0.3251845062294465 12
1777206881204 0.5270145197310343 13
1777206881808 0.666360740619393 14
1777206882410 0.7848809860647779 15
1777206883009 0.8646174571993341 16
1777206883606 0.8946000956365221 17
1777206884201 0.9196833373481625 18
1777206884799 0.9332207195439097 19
1777206885396 0.9455208465467375 20
1777206885993 0.9449779363921988 21
1777206886586 0.9419056955705861 22
1777206887187 0.9497442296380731 23
1777206887860 0.9545042346064321 24
1777206888933 0.9560340842869823 25
1777206889673 0.9581889510143633 26
1777206890310 0.9568793857435638 27
1777206890947 0.967502754646693 28
1777206891583 0.9640935856740975 29
1777206892218 0.9555554649875978 30
1777206892856 0.9695088705926515 31
1777206893496 0.962745936394187 32
1777206894133 0.969267437261968 33
1777206894770 0.9680212781288525 34
1777206895408 0.9721643255830439 35
1777206896041 0.9659176708868673 36
1777206896678 0.9633394073003677 37
1777206897319 0.9685462825110215 38
1777206897984 0.972217314242123 39
1777206898624 0.9727041647188704 40
1777206899264 0.9737117249269991 41
1777206900652 0.9707598755418394 42
1777206901876 0.9762264408091061 43
1777206902513 0.9737198156478644 44
1777206903548 0.9739540471585824 45
1777206904138 0.968688743220081 46
1777206904725 0.97815430877568 47
1777206905314 0.976753734949571 48
1777206905904 0.973672607952186 49
1777206906491 0.9745391062361003 50
1777206907078 0.9769346237235625 51
1777206907695 0.9775938311302654 52
1777206908284 0.9767181251482204 53
1777206909324 0.9792785880113051 54
1777206909915 0.9819904209129668 55
1777206910508 0.9787716908283386 56
1777206911097 0.9792519425235687 57
1777206911689 0.9825232196733571 58
1777206912302 0.9817565452804161 59
1777206912896 0.9743013506626097 60
1777206913489 0.9825931346586951 61
1777206914081 0.9831195065806644 62
1777206914671 0.9842125572914217 63
1777206915261 0.9833672371030288 64
1777206915851 0.9854102433622224 65
1777206916442 0.9836818424008242 66
1777206917032 0.9852074760984522 67
1777206917670 0.9869738026549016 68
1777206918262 0.9873674436792655 69
1777206918858 0.986550836288733 70
1777206919453 0.9864781868477899 71
1777206920044 0.986560235366992 72
1777206920635 0.9883898652595823 73
1777206921242 0.9856746813804702 74
1777206921837 0.9850299810303497 75
1777206922431 0.9862840716320365 76
1777206923020 0.989053755597264 77
1777206923611 0.989592954780326 78
1777206924203 0.9873030756633714 79
1777206924810 0.9842646937141699 80
1777206925405 0.9903470960256466 81
1777206926001 0.9866877640528666 82
1777206926593 0.986607956494326 83
1777206927185 0.9866563784216057 84
1777206927925 0.9907882660644554 85
1777206928515 0.9893963074389326 86
1777206929108 0.98951861570798 87
1777206929703 0.9904863104299487 88
1777206930298 0.9884212437844089 89
1777206930891 0.9866386352012704 90
1777206931483 0.9908104236639379 91
1777206932075 0.9910308313125546 92
1777206932681 0.9915854489900269 93
1777206933281 0.9897155991228492 94
1777206933875 0.9912842296281448 95
1777206934467 0.9892209129406229 96
1777206935063 0.9914675730523272 97
1777206935654 0.9909700513554627 98
1777206936262 0.9890138108001776 99
1777206936852 0.9916890811453636 100
1777206937450 0.9904262519860478 101
1777206938066 0.990455460321034 102
1777206938659 0.9912774680564139 103
1777206939248 0.9889215865088887 104
1777206939843 0.9918180235341605 105
1777206940432 0.9909330666914762 106
1777206941025 0.9919738063435312 107
1777206941650 0.9912575751860999 108
1777206942242 0.9900340226223776 109
