1777387361102 220.80090367229025 1
1777387361427 219.25587043167167 2
1777387361755 217.69868798410337 3
1777387362072 216.40818816821604 4
1777387362383 215.05623356171287 5
1777387362692 213.61596674874284 6
1777387363014 212.0411037688212 7
1777387363334 210.2206987608499 8
1777387363665 208.08715872201245 9
1777387363976 205.45109477379282 10
1777387364315 202.38194861449477 11
1777387364642 199.121204059864 12
1777387364965 195.57164807622294 13
1777387365302 191.44342751188927 14
1777387365647 187.42881982235284 15
1777387365993 183.48255409234415 16
1777387366327 178.57407754731648 17
1777387366645 173.80932552836455 18
1777387366974 169.44881924566485 19
1777387367402 164.53853556993874 20
1777387367813 159.37104774511272 21
1777387368183 154.5049617427382 22
1777387368526 149.85754954706152 23
1777387368854 144.41249513113468 24
1777387369205 138.9873181602372 25
1777387369543 133.76230229636823 26
1777387369873 128.4654394793596 27
1777387370196 122.28886061161704 28
1777387370511 115.82314946989224 29
1777387370850 109.34338382333657 30
1777387372064 102.36268908732077 31
1777387372738 95.3088318966296 32
1777387373052 88.87214031527962 33
1777387373364 83.07883175127253 34
1777387373676 75.77816681872325 35
1777387373979 69.76408697912737 36
1777387374303 63.671102372612886 37
1777387374616 56.21967281413264 38
1777387374928 52.20367451446785 39
1777387376147 49.070092963407966 40
1777387376616 44.84091617788239 41
1777387376932 38.45878793124694 42
1777387377256 37.365598995349316 43
1777387377561 37.86609708688961 44
1777387377857 37.11643682807524 45
1777387378154 32.467116401998766 46
1777387378451 31.9683032410132 47
1777387378752 31.57857051423728 48
1777387379049 29.436436336276977 49
1777387379353 32.14838149296458 50
1777387379659 31.59790422274128 51
1777387379960 30.780053315887972 52
1777387380272 33.75750422938395 53
1777387380571 28.390522882658946 54
1777387380868 28.793892700292147 55
1777387381166 27.393116151690375 56
1777387381464 30.822472991448848 57
1777387381765 24.34852077369768 58
1777387382060 25.54950172849206 59
1777387382355 24.33159321176187 60
1777387382656 22.333221814840314 61
1777387382951 25.299433597059664 62
1777387383257 24.077407618287886 63
1777387383658 25.638494446065618 64
1777387383953 25.490105598024453 65
1777387384257 27.207829593904354 66
1777387384566 20.843158490482555 67
1777387384865 24.906449722771985 68
1777387385159 23.82450664125532 69
1777387385469 23.109661562202316 70
1777387385800 25.791746206166057 71
1777387386124 27.366192798794305 72
1777387386443 24.6433817616097 73
1777387386766 22.399801307886918 74
1777387387097 22.01204767666838 75
1777387387403 24.249536883464394 76
1777387389791 19.847974913181872 77
1777387484615 22.245426007866975 78
1777387484911 22.79130275884449 79
1777387485205 22.958203360944864 80
1777387485518 19.4455157369351 81
1777387485808 22.885095588562795 82
1777387486102 21.108086129462997 83
1777387486418 22.033786838652404 84
1777387486711 21.967726877624866 85
1777387487007 19.693596371336277 86
1777387487309 20.13586056912828 87
1777387487617 21.940118617082284 88
1777387487918 20.512645263901394 89
1777387488215 19.096103354613426 90
1777387488512 22.24286665849301 91
1777387488817 20.521574251641248 92
1777387489115 19.464053155352175 93
1777387489412 20.516929521072502 94
1777387489707 19.063818313789394 95
1777387490005 17.260303902895583 96
1777387490314 20.383089484032162 97
1777387490609 20.055397368864245 98
1777387490904 20.07999444117982 99
1777387491199 18.95893598444041 100
1777387491496 18.586867653532206 101
1777387491795 18.30129193190888 102
1777387492089 20.64262755827769 103
1777387492388 20.297564370750635 104
1777387492687 19.93620807922422 105
