1777200491457 -2.1143672629072094 1
1777200491832 -2.098456606330392 2
1777200492695 -2.074564441006358 3
1777200493144 -2.0468765596909244 4
1777200494193 -2.019642798791832 5
1777200494678 -1.989611684426658 6
1777200495059 -1.957817228731094 7
1777200495440 -1.9229320764440847 8
1777200497259 -1.882864628414385 9
1777200497617 -1.8461833090148998 10
1777200497971 -1.8088415056978473 11
1777200498417 -1.7706955567391076 12
1777200498801 -1.7304193090799544 13
1777200501767 -1.680342384843799 14
1777200502425 -1.6262564348795747 15
1777200504317 -1.575484303382443 16
1777200505210 -1.524940656208273 17
1777200505573 -1.4695092500815794 18
1777200506123 -1.4136349943129334 19
1777200506494 -1.360866952778173 20
1777200506854 -1.3037477272806965 21
1777200507558 -1.2469298568243832 22
1777200507921 -1.1892464528385274 23
1777200508564 -1.1287941941337643 24
1777200509569 -1.0706424259207892 25
1777200510425 -0.9974267571007016 26
1777200510786 -0.9362532264386607 27
1777200511536 -0.8667937223377506 28
1777200512020 -0.7911426789031235 29
1777200512386 -0.7223772908852204 30
1777200512911 -0.6386703259458657 31
1777200513274 -0.5467269785702851 32
1777200513635 -0.4422986164380476 33
1777200513998 -0.3557197209390741 34
1777200514360 -0.28271921019974644 35
1777200515519 -0.19566255036332914 36
1777200515887 -0.12741401920517137 37
1777200516444 -0.05014600758663512 38
1777200516806 0.03167210505324569 39
1777200517169 0.09699839556529655 40
1777200517532 0.18147481326045312 41
1777200517892 0.2479213446514641 42
1777200518256 0.3108738320828326 43
1777200518619 0.3745848750572306 44
1777200518981 0.4501032408225635 45
1777200519342 0.5054250200199969 46
1777200519704 0.5573962902986833 47
1777200520065 0.6075703943354036 48
1777200520427 0.6526777855548356 49
1777200520792 0.6884010583927394 50
1777200521281 0.7360118151926374 51
1777200522321 0.7638721755093106 52
1777200523109 0.8026363653861677 53
1777200523839 0.8231199145216634 54
1777200524257 0.829244894303585 55
1777200525416 0.8536618319010971 56
1777200525798 0.8831597247349281 57
1777200526182 0.894908418672291 58
1777200527429 0.908074812872512 59
1777200527828 0.9103143893243983 60
1777200528235 0.9128093792659528 61
1777200528636 0.9179831421704019 62
1777200529239 0.9258497615803764 63
1777200530035 0.9271062196799814 64
1777200531605 0.934935784190775 65
1777200531997 0.9265681371523945 66
1777200533450 0.9391286996708021 67
1777200534105 0.9375029934875141 68
1777200534522 0.9405660586038688 69
1777200537305 0.9388374081568189 70
1777200538079 0.9421032893898037 71
1777200538476 0.945291870814433 72
1777200538860 0.9482813110587524 73
1777200540900 0.9479848858535651 74
1777200542263 0.9477429868835635 75
1777200542638 0.9533890353905201 76
1777200543124 0.9486014277126293 77
1777200543502 0.9565641557902665 78
1777200543902 0.9517547601304288 79
1777200544651 0.9514109509643991 80
1777200545511 0.9547887765210891 81
1777200545884 0.9525869066310915 82
1777200548082 0.9612296576203785 83
1777200549816 0.9542156249529062 84
1777200550940 0.9504132336991269 85
1777200551594 0.960526017864089 86
1777200551960 0.9676069702793109 87
1777200552326 0.9516007680338332 88
1777200552694 0.9428630706818169 89
1777200553502 0.9575052532441944 90
1777200553896 0.9573647784804319 91
1777200555622 0.9672246782290013 92
1777200557138 0.9625302953059579 93
1777200557804 0.9656904739132763 94
1777200558232 0.9593234658535024 95
1777200559407 0.9643098653486419 96
1777200559787 0.964219902189614 97
1777200560171 0.959749921255425 98
1777200562133 0.9599844763892356 99
1777200563704 0.9682631736018343 100
1777200566192 0.971062408661322 101
1777200566610 0.9699134338431425 102
1777200568755 0.9708738818810398 103
1777200569168 0.9651750205422253 104
1777200569905 0.968655956931977 105
1777200570943 0.9699173995146857 106
1777200571346 0.966265139586416 107
1777200571780 0.9617827855169953 108
1777200572553 0.9659961570148174 109
1777200573726 0.9690211181125354 110
1777200575413 0.9698330736242006 111
1777200576240 0.9628960925155943 112
1777200577014 0.9677047133272227 113
1777200577563 0.9732757874327529 114
1777200578997 0.967367232580663 115
1777200580120 0.9726770662785366 116
1777200580491 0.9698798830029444 117
