1777298492908 -1.8451238098047162 1
1777298493544 -1.7707641889118815 2
1777298494186 -1.701866508207766 3
1777298494816 -1.6149794295997943 4
1777298495450 -1.5004244794542374 5
1777298496087 -1.3587942813222722 6
1777298496715 -1.2068867034445745 7
1777298497361 -1.0463764216608618 8
1777298497998 -0.8780109227285584 9
1777298498648 -0.6952271549425793 10
1777298499302 -0.5071353980373159 11
1777298499956 -0.324138496628372 12
1777298500622 -0.12697975008911522 13
1777298501257 0.08303682241199561 14
1777298501916 0.25736341155899256 15
1777298502548 0.405827896799804 16
1777298503183 0.5476994983293832 17
1777298503811 0.6781884608204493 18
1777298504443 0.7715408665337463 19
1777298505086 0.8444497180148562 20
1777298505720 0.8819177363781519 21
1777298506361 0.9023555064991645 22
1777298507008 0.9235312367024194 23
1777298507664 0.929886126848892 24
1777298508301 0.9430549081993554 25
1777298508992 0.9467806141553341 26
1777298509630 0.945874355376458 27
1777298510261 0.9509347972749863 28
1777298510945 0.9580673247890228 29
1777298511579 0.9452704271520094 30
1777298512216 0.9568261662933603 31
1777298512846 0.9595942646107105 32
1777298513477 0.9670625696240186 33
1777298514122 0.9615222315567808 34
1777298514755 0.9632391836153305 35
1777298515404 0.9645270596550238 36
1777298516041 0.9609882376287683 37
1777298516675 0.9632712525342515 38
1777298517327 0.9640569117564011 39
1777298517956 0.9655417175789024 40
1777298518592 0.961793373537963 41
1777298519246 0.9669097879545098 42
1777298519886 0.9634231960522439 43
1777298520539 0.9763283439941787 44
1777298521223 0.9673225930675003 45
1777298521874 0.9704568383240813 46
1777298522528 0.9715939084806327 47
1777298523157 0.9681759649165087 48
1777298523830 0.9742008772311609 49
1777298524472 0.9706170679875732 50
1777298525132 0.9712604955341712 51
1777298525772 0.9677920458931316 52
1777298526430 0.9734030358859772 53
1777298527081 0.9750546650835165 54
1777298527711 0.9675645774575188 55
1777298528352 0.9748409033847929 56
1777298528984 0.9710614679593729 57
1777298529618 0.9736440675314092 58
1777298530250 0.9731880602069486 59
1777298530909 0.9808221528744716 60
1777298531549 0.9751244936802883 61
1777298532180 0.9725513477699271 62
1777298532817 0.9801456758381231 63
1777298533448 0.9769943161977573 64
1777298534081 0.9777175331308714 65
1777298534728 0.9802928417246649 66
1777298535366 0.975440503512953 67
1777298536014 0.9787009133807967 68
1777298536642 0.9775587962135325 69
1777298537274 0.9799416656427268 70
1777298537931 0.9813329454231903 71
1777298538563 0.9810434232661933 72
1777298539203 0.9819222110679905 73
1777298539847 0.9821559631521907 74
1777298540493 0.9834796288259713 75
1777298541171 0.9802982731624744 76
1777298541813 0.9776949463528615 77
1777298542462 0.9812211468375798 78
1777298543112 0.9858775681528543 79
1777298543748 0.9842207076105445 80
1777298544381 0.9813328361709298 81
1777298545023 0.9828038543245216 82
1777298545661 0.982679577708978 83
1777298546315 0.9821535554245856 84
