1777298492908 167.2977382518627 1
1777298493544 163.77450222439236 2
1777298494186 160.45692217791523 3
1777298494816 156.54462037263093 4
1777298495450 151.84475962320963 5
1777298496087 146.41323513454861 6
1777298496715 140.1021043282968 7
1777298497361 133.0691998799642 8
1777298497998 125.78202565511067 9
1777298498648 118.03648885091145 10
1777298499302 109.46844030309606 11
1777298499956 100.53127938729746 12
1777298500622 90.76655818797924 13
1777298501257 79.56301441899052 14
1777298501916 69.43769659819426 15
1777298502548 60.03978806954843 16
1777298503183 50.87059296502007 17
1777298503811 41.909981374387385 18
1777298504443 34.7997104856703 19
1777298505086 28.461016831574618 20
1777298505720 25.2032566247163 21
1777298506361 22.81022313789085 22
1777298507008 19.644642141130234 23
1777298507664 19.042542333956117 24
1777298508301 17.016146359620272 25
1777298508992 16.3154436217414 26
1777298509630 16.750804477267796 27
1777298510261 15.653162161509195 28
1777298510945 14.215294255150688 29
1777298511579 16.818126042683918 30
1777298512216 14.481287920916522 31
1777298512846 14.31525280740526 32
1777298513477 12.415681106072885 33
1777298514122 13.475119917481035 34
1777298514755 13.212614121260467 35
1777298515404 12.85794696101436 36
1777298516041 13.707688843762433 37
1777298516675 13.20443923385055 38
1777298517327 13.405840432202375 39
1777298517956 12.952252988462094 40
1777298518592 13.862821208106148 41
1777298519246 12.544016105157358 42
1777298519886 13.481305970085991 43
1777298520539 10.243934428250348 44
1777298521223 12.195322919774938 45
1777298521874 11.512314284289324 46
1777298522528 11.514484855863783 47
1777298523157 12.096644578156647 48
1777298523830 10.71274545457628 49
1777298524472 11.625483194986979 50
1777298525132 11.423614192892003 51
1777298525772 12.326558695899116 52
1777298526430 10.881134024372807 53
1777298527081 10.659321493572659 54
1777298527711 12.143178904498065 55
1777298528352 10.602956904305351 56
1777298528984 11.669234108041834 57
1777298529618 10.98874654593291 58
1777298530250 10.912834741451123 59
1777298530909 8.938442159582067 60
1777298531549 10.459587768272117 61
1777298532180 10.911700928652728 62
1777298532817 9.047776067698443 63
1777298533448 10.020873069763184 64
1777298534081 9.748823739864209 65
1777298534728 8.919957522992734 66
1777298535366 10.451344728469849 67
1777298536014 9.566898504892984 68
1777298536642 9.726348779819629 69
1777298537274 8.984582512466996 70
1777298537931 8.733866841704756 71
1777298538563 8.876362482706705 72
1777298539203 8.41306902744152 73
1777298539847 8.346395492553711 74
1777298540493 8.100176952503345 75
1777298541171 8.928089318452058 76
1777298541813 9.73140396895232 77
1777298542462 8.776503209714535 78
1777298543112 7.3158651369589345 79
1777298543748 7.785700700901173 80
1777298544381 8.635299682617188 81
1777298545023 8.193749754517167 82
1777298545661 8.219882876784713 83
1777298546315 8.550103611416286 84
