1777298492908 45774.072265625 1
1777298493544 44577.734375 2
1777298494186 43469.259765625 3
1777298494816 42071.375 4
1777298495450 40228.345703125 5
1777298496087 37949.71484375 6
1777298496715 35505.728515625 7
1777298497361 32923.34375 8
1777298497998 30214.580078125 9
1777298498648 27273.845703125 10
1777298499302 24247.7099609375 11
1777298499956 21303.5400390625 12
1777298500622 18131.5322265625 13
1777298501257 14752.66064453125 14
1777298501916 11947.9853515625 15
1777298502548 9559.40087890625 16
1777298503183 7276.884765625 17
1777298503811 5177.498779296875 18
1777298504443 3675.5889892578125 19
1777298505086 2502.5870361328125 20
1777298505720 1899.7788696289062 21
1777298506361 1570.9639282226562 22
1777298507008 1230.2757568359375 23
1777298507664 1128.0346069335938 24
1777298508301 916.1671752929688 25
1777298508992 856.2256469726562 26
1777298509630 870.8061218261719 27
1777298510261 789.3905944824219 28
1777298510945 674.6383056640625 29
1777298511579 880.5224609375 30
1777298512216 694.6068420410156 31
1777298512846 650.0719604492188 32
1777298513477 529.9172973632812 33
1777298514122 619.0536499023438 34
1777298514755 591.4302978515625 35
1777298515404 570.7102355957031 36
1777298516041 627.6448974609375 37
1777298516675 590.9142761230469 38
1777298517327 578.2741394042969 39
1777298517956 554.3857116699219 40
1777298518592 614.6912841796875 41
1777298519246 532.3753356933594 42
1777298519886 588.4697875976562 43
1777298520539 380.84393310546875 44
1777298521223 525.7340087890625 45
1777298521874 475.3082580566406 46
1777298522528 457.01438903808594 47
1777298523157 512.0043334960938 48
1777298523830 415.0719299316406 49
1777298524472 472.7304229736328 50
1777298525132 462.37852478027344 51
1777298525772 518.1810302734375 52
1777298526430 427.90802001953125 53
1777298527081 401.33563232421875 54
1777298527711 521.8407135009766 55
1777298528352 404.77476501464844 56
1777298528984 465.5806579589844 57
1777298529618 424.03016662597656 58
1777298530250 431.36669921875 59
1777298530909 308.54481506347656 60
1777298531549 400.2122039794922 61
1777298532180 441.6105194091797 62
1777298532817 319.4283752441406 63
1777298533448 370.1293487548828 64
1777298534081 358.4938049316406 65
1777298534728 317.0606689453125 66
1777298535366 395.12803649902344 67
1777298536014 342.672607421875 68
1777298536642 361.04766845703125 69
1777298537274 322.7106628417969 70
1777298537931 300.32688903808594 71
1777298538563 304.98492431640625 72
1777298539203 290.8463897705078 73
1777298539847 287.08567810058594 74
1777298540493 265.78973388671875 75
1777298541171 316.9732971191406 76
1777298541813 358.8572540283203 77
1777298542462 302.12559509277344 78
1777298543112 227.21021270751953 79
1777298543748 253.8668441772461 80
1777298544381 300.32862854003906 81
1777298545023 276.6620178222656 82
1777298545661 278.6614532470703 83
1777298546315 287.1243896484375 84
