1777298492908 172.29774475097656 1
1777298493544 168.7742919921875 2
1777298494186 165.44557189941406 3
1777298494816 161.47756958007812 4
1777298495450 156.67816162109375 5
1777298496087 151.24290466308594 6
1777298496715 144.95370483398438 7
1777298497361 137.8295440673828 8
1777298497998 130.49696350097656 9
1777298498648 122.76649475097656 10
1777298499302 114.18363189697266 11
1777298499956 105.25035858154297 12
1777298500622 95.46831512451172 13
1777298501257 84.25840759277344 14
1777298501916 74.07473754882812 15
1777298502548 64.61968994140625 16
1777298503183 55.35541915893555 17
1777298503811 46.364139556884766 18
1777298504443 39.18190383911133 19
1777298505086 32.79289245605469 20
1777298505720 29.570602416992188 21
1777298506361 27.16180419921875 22
1777298507008 23.854732513427734 23
1777298507664 23.310457229614258 24
1777298508301 21.28892707824707 25
1777298508992 20.541580200195312 26
1777298509630 21.005687713623047 27
1777298510261 19.829174041748047 28
1777298510945 18.374265670776367 29
1777298511579 21.04525375366211 30
1777298512216 18.650461196899414 31
1777298512846 18.50253677368164 32
1777298513477 16.511638641357422 33
1777298514122 17.619056701660156 34
1777298514755 17.321605682373047 35
1777298515404 16.99146842956543 36
1777298516041 17.84054183959961 37
1777298516675 17.326587677001953 38
1777298517327 17.57425308227539 39
1777298517956 17.153593063354492 40
1777298518592 18.046859741210938 41
1777298519246 16.635435104370117 42
1777298519886 17.62977409362793 43
1777298520539 14.290782928466797 44
1777298521223 16.265085220336914 45
1777298521874 15.579215049743652 46
1777298522528 15.589960098266602 47
1777298523157 16.179628372192383 48
1777298523830 14.763965606689453 49
1777298524472 15.708484649658203 50
1777298525132 15.502262115478516 51
1777298525772 16.47452163696289 52
1777298526430 14.948741912841797 53
1777298527081 14.766088485717773 54
1777298527711 16.26557731628418 55
1777298528352 14.679694175720215 56
1777298528984 15.779026985168457 57
1777298529618 15.10313892364502 58
1777298530250 14.966816902160645 59
1777298530909 12.936541557312012 60
1777298531549 14.516387939453125 61
1777298532180 14.976531028747559 62
1777298532817 13.011985778808594 63
1777298533448 14.083308219909668 64
1777298534081 13.767311096191406 65
1777298534728 12.86229419708252 66
1777298535366 14.490906715393066 67
1777298536014 13.560494422912598 68
1777298536642 13.750269889831543 69
1777298537274 12.949100494384766 70
1777298537931 12.699665069580078 71
1777298538563 12.868390083312988 72
1777298539203 12.350081443786621 73
1777298539847 12.267287254333496 74
1777298540493 12.021550178527832 75
1777298541171 12.875856399536133 76
1777298541813 13.738824844360352 77
1777298542462 12.717954635620117 78
1777298543112 11.162550926208496 79
1777298543748 11.7103271484375 80
1777298544381 12.568461418151855 81
1777298545023 12.100958824157715 82
1777298545661 12.106253623962402 83
1777298546315 12.495989799499512 84
