1777208290882 195.93265013710857 1
1777208291591 192.33164631950666 2
1777208292246 188.4057727768461 3
1777208292897 182.87635879435686 4
1777208293548 175.69767216709369 5
1777208294198 167.2004899938765 6
1777208295082 157.84450113947264 7
1777208295690 147.9368063286368 8
1777208296295 137.16161019463897 9
1777208296900 125.69925099793267 10
1777208297731 112.07906198633307 11
1777208298473 98.05661910493532 12
1777208299101 81.51901405879721 13
1777208299732 66.99081315721801 14
1777208300349 52.94342916285987 15
1777208300967 43.782666589814674 16
1777208302342 37.14857717852023 17
1777208303030 34.24209092855981 18
1777208303662 30.834228052172065 19
1777208305290 28.297649618480193 20
1777208305924 26.937934348829728 21
1777208306560 24.899023142718217 22
1777208307210 25.640016469714887 23
1777208307850 24.720445585876572 24
1777208308505 24.70053354999839 25
1777208309151 25.11381365189296 26
1777208309794 24.171258889757254 27
1777208310441 22.081665809245095 28
1777208311092 19.483513052073512 29
1777208311760 20.728864698343514 30
1777208312433 21.21146174512237 31
1777208313085 22.853515286623107 32
1777208313774 21.959632870975156 33
1777208314434 19.550061893386463 34
1777208315145 21.522326234803813 35
1777208315821 20.69417222888338 36
1777208316555 19.827293830872577 37
1777208317216 20.255754613968644 38
1777208317991 20.751208908878645 39
1777208318837 20.52889374512603 40
1777208319649 21.26240375000772 41
1777208320496 19.620827577881364 42
1777208321262 18.370711024343592 43
1777208332196 18.050361222288313 44
1777208344412 18.66933997624733 45
1777208347341 18.97342990923401 46
1777208347985 16.865198993995236 47
1777208348663 17.531380085012387 48
1777208349325 16.94716781339808 49
1777208349973 17.561905823729226 50
1777208350613 17.680845361299536 51
1777208351286 17.14545313317128 52
1777208351967 17.229706699973917 53
1777208352638 16.299830890367684 54
1777208353277 18.299008369587394 55
1777208353910 15.124892744924152 56
1777208354537 15.78061963880454 57
1777208355162 14.712243998273927 58
1777208355789 15.249238515912234 59
1777208356408 15.921364966871636 60
1777208357031 15.198936769134967 61
1777208357654 14.489996668217536 62
1777208358278 15.070515211633941 63
1777208358895 15.45888016709188 64
1777208359536 14.482979675465728 65
1777208361985 13.79420826386155 66
1777208362725 16.080333217796767 67
1777208363403 13.94171741667116 68
1777208364051 14.005556081531367 69
1777208364791 14.189871017323119 70
1777208365464 14.752713221751353 71
1777208366126 14.548714029012457 72
1777208366771 14.790929942648443 73
1777208367409 16.43494409474949 74
1777208368084 13.993957711223366 75
1777208368751 14.321683738020976 76
1777208369386 12.449545727005127 77
1777208370045 13.010525689207231 78
1777208370671 13.283989225682078 79
1777208371294 13.799390265834392 80
1777208371918 13.903334319317217 81
1777208372636 13.245937245763585 82
1777208373251 12.970075333965156 83
1777208373870 12.453071346499485 84
1777208374481 14.109134014962846 85
1777208375488 14.493593385549499 86
1777208376105 13.466713724110708 87
1777208376767 13.420074577506266 88
1777208377407 12.026454067289672 89
1777208378036 12.132356735508143 90
1777208378675 13.100935256905494 91
1777208380243 13.403521897278207 92
1777208380874 11.8395651573171 93
1777208381496 12.693421212715684 94
1777208382186 12.276280655854812 95
1777208382790 12.37178915550178 96
1777208383394 12.939760955602221 97
1777208383998 12.464225892910374 98
1777208384600 11.801234722700565 99
1777208385206 11.912219765986801 100
1777208385811 11.617136572803059 101
1777208386412 12.368484819629277 102
1777208387020 13.191119142223346 103
1777208387624 11.415757802088084 104
1777208388232 11.11669142145072 105
1777208388838 11.333231350309738 106
1777208389916 11.8660952768276 107
1777208390570 11.291907034890441 108
1777208391224 10.467472228290656 109
1777208391874 11.312735265604996 110
1777208392528 10.417694268581702 111
1777208396107 10.749157920220082 112
1777208396912 11.06603668218966 113
1777208397662 11.154672457505814 114
1777208398568 10.978800948477263 115
1777208399343 10.491203144862448 116
1777208400168 10.188256602845748 117
1777208401027 10.5805469338469 118
1777208401847 11.536708024029872 119
1777208402642 10.70366240294877 120
1777208403485 9.941049431760787 121
1777208404318 10.577914122615418 122
1777208405310 10.23109099130616 123
1777208406125 11.37127576276649 124
1777208441388 10.665653635488088 125
1777208450580 10.163833605707985 126
1777208451871 9.803809873709337 127
1777208453054 10.05846666810061 128
1777208453824 9.743508379175914 129
1777208454565 9.63181092638021 130
1777208455284 9.993881734033918 131
1777208456178 9.875198586642341 132
