1777430274867 167.87891981336804 1
1777430275475 166.12290672019677 2
1777430275796 164.29207582826967 3
1777430276125 162.67049323187933 4
1777430276448 160.96991531937212 5
1777430276763 159.13194727014613 6
1777430277100 157.1919550012659 7
1777430277595 155.11864669234663 8
1777430277908 152.96176232231988 9
1777430278234 150.6403150205259 10
1777430278542 148.12228732638889 11
1777430278850 145.24028297706886 12
1777430279149 141.92981804741754 13
1777430279456 138.4059979474103 14
1777430279765 134.8430738095884 15
1777430280087 131.22844413474755 16
1777430280393 127.45153836850767 17
1777430280710 123.5994452017325 18
1777430281015 119.73595428466797 19
1777430281582 115.76289593731916 20
1777430281896 111.70559155499494 21
1777430282225 107.68393000849971 22
1777430282536 103.39435464364512 23
1777430282835 98.6736718636972 24
1777430283148 94.50483279758029 25
1777430283451 89.14914222999856 26
1777430283752 83.72498660617404 27
1777430284051 78.00162647388599 28
1777430284358 72.49925698174371 29
1777430284670 68.05172192608869 30
1777430284969 62.22089414243345 31
1777430285318 57.97808753119575 32
1777430285621 53.112627806486906 33
1777430285922 48.88776892202872 34
1777430286236 43.76663780212402 35
1777430286557 38.56373589127152 36
1777430286879 35.56316276832863 37
1777430287191 32.081694002504705 38
1777430287504 29.70769394768609 39
1777430287809 27.698971147890443 40
1777430288141 25.25056309170193 41
1777430288463 23.615587799637407 42
1777430288773 23.342516122040927 43
1777430289102 23.13212412374991 44
1777430289452 20.778290819238734 45
1777430289809 21.44193352593316 46
1777430290143 18.341347305862993 47
1777430290497 18.813251424718786 48
1777430290889 19.930629588939524 49
1777430291257 18.320876757303875 50
1777430291636 17.81025176578098 51
1777430292014 18.647077560424805 52
1777430292401 16.568509878935636 53
1777430292766 17.63192837326615 54
1777430293141 18.29959053463406 55
1777430293523 17.673295197663485 56
1777430293881 15.829778106124312 57
1777430294229 16.802278271427863 58
1777430294582 15.94301121323197 59
1777430294967 16.06127788402416 60
1777430295325 14.359944626137063 61
1777430295686 13.749756459836606 62
1777430296042 16.23599402109782 63
1777430296401 17.293231858147514 64
1777430296774 14.696714719136557 65
1777430297157 13.996729250307437 66
1777430297531 13.812187124181676 67
1777430297926 14.935987543176722 68
1777430298402 12.728839273805972 69
1777430298760 14.267931337709781 70
1777430299123 13.0676941341824 71
1777430299481 13.917315235844365 72
1777430299839 13.005353856969762 73
1777430300193 12.853769478974518 74
1777430300560 13.192790649555347 75
1777430300932 12.42073557111952 76
1777430301319 14.823534418035436 77
1777430301695 13.737423932110822 78
1777430302089 14.024184226989746 79
1777430302482 14.530304114023844 80
1777430302858 12.5289435033445 81
1777430303227 14.289969868130154 82
1777430303617 12.110524513103345 83
1777430303993 14.736325758474845 84
1777430304358 11.079549648143628 85
1777430304728 12.122220286616573 86
1777430305093 13.057753298017714 87
1777430305446 11.806534837793421 88
1777430305804 13.712374492927834 89
1777430306170 12.238627645704481 90
1777430306517 12.254615695388228 91
1777430306868 11.741048477314136 92
1777430307223 12.530722194247776 93
1777430307585 12.556292728141502 94
1777430307937 10.469365420164886 95
1777430308312 11.867010098916513 96
1777430308653 12.166906498096607 97
1777430309011 10.624339386268899 98
1777430309362 12.429657370955855 99
1777430309718 13.092739352473506 100
1777430310063 13.886542567500362 101
1777430310416 12.283889328991926 102
1777430310726 11.762842460914895 103
1777430311038 11.183948534506339 104
1777430311354 11.413040178793448 105
1777430311684 11.435987066339564 106
1777430312093 11.478155030144585 107
1777430312505 11.44590241820724 108
1777430312869 10.928270234002007 109
1777430313239 12.76383438816777 110
1777430313601 13.291580500426116 111
1777430313987 12.066832118564182 112
1777430314346 11.427627263245759 113
1777430314723 11.66586466188784 114
1777430315103 11.673135421894214 115
1777430315486 11.350797264664262 116
1777430315850 11.32292690983525 117
1777430316201 12.391653908623589 118
1777430316580 11.853086241969356 119
1777430316974 10.87862526928937 120
1777430317308 10.059026117678043 121
1777430317632 10.855085690816244 122
1777430317943 11.039399606210214 123
1777430318296 11.133740919607657 124
1777430318643 9.92697502065588 125
