1777386385013 161.09949747721353 1
1777386386069 155.98840840657553 2
1777386386924 150.23713175455728 3
1777386387778 142.9133758544922 4
1777386388635 133.3500010172526 5
1777386389502 122.38189951578777 6
1777386390396 110.64440663655598 7
1777386391270 97.90564982096355 8
1777386392134 83.67636362711589 9
1777386393003 68.47168986002605 10
1777386393910 54.42138671875 11
1777386395267 42.17732620239258 12
1777386396205 33.916873931884766 13
1777386400909 28.77600860595703 14
1777386401786 24.42599614461263 15
1777386402648 22.28181521097819 16
1777386403511 21.398433049519856 17
1777386404373 19.831919352213543 18
1777386405283 19.218564987182617 19
1777386406143 18.84373156229655 20
1777386407013 19.184858957926433 21
1777386407874 16.74466896057129 22
1777386408723 17.115957260131836 23
1777386409593 16.70007387797038 24
1777386410470 16.58374087015788 25
1777386411361 17.042251586914062 26
1777386412233 17.147925694783527 27
1777386413113 15.785178502400717 28
1777386413988 14.835323015848795 29
1777386414855 14.56796964009603 30
1777386415722 15.723668416341146 31
1777386416603 15.88120969136556 32
1777386417488 16.3558775583903 33
1777386418369 16.03756841023763 34
1777386419246 14.3192990620931 35
1777386420119 14.28670851389567 36
1777386420993 15.3545134862264 37
1777386421859 14.97701358795166 38
1777386422725 14.31652545928955 39
1777386423618 14.308602015177408 40
1777386424879 13.946276664733887 41
1777386425724 13.402217547098795 42
1777386426603 13.698472340901693 43
1777386427461 13.623448689778646 44
1777386428309 13.085114161173502 45
1777386429154 13.076698939005533 46
1777386429999 14.252924283345541 47
1777386430863 13.617108980814615 48
1777386431711 13.203219731648764 49
1777386432581 12.887320200602213 50
1777386433441 14.142361323038736 51
1777386434293 12.548995018005371 52
1777386435146 13.917085647583008 53
1777386436006 13.251877466837565 54
1777386436864 12.62492815653483 55
1777386437708 12.896331787109375 56
1777386438567 12.30787213643392 57
1777386439418 12.127660751342773 58
1777386440280 12.367604891459147 59
1777386441131 12.223969459533691 60
1777386441988 12.530812899271647 61
1777386442835 12.162826538085938 62
1777386443705 11.52561124165853 63
1777386444555 12.23464298248291 64
1777386445415 11.54272492726644 65
1777386446284 10.860033988952637 66
1777386447151 11.343058268229166 67
1777386448024 10.08226744333903 68
1777386448881 11.083812395731607 69
1777386449738 10.75698725382487 70
1777386450598 10.459920247395834 71
1777386451460 10.58604653676351 72
1777386452347 10.443325996398926 73
1777386453202 11.12562624613444 74
1777386454068 10.202487309773764 75
1777386454914 9.832157135009766 76
1777386455763 10.49677308400472 77
1777386456625 10.458759307861328 78
1777386457487 9.945978164672852 79
1777386458357 9.619134267171225 80
1777386459213 9.691171328226725 81
1777386460071 9.442481994628906 82
1777386460926 9.631388028462728 83
1777386461782 9.126997311909994 84
1777386462648 9.670073509216309 85
1777386463499 9.265355110168457 86
1777386464369 9.783858299255371 87
1777386465216 8.993152300516764 88
1777386466092 9.177968660990397 89
1777386466965 9.57734489440918 90
1777386467807 9.149723052978516 91
1777386468657 9.225687662760416 92
1777386469512 8.929967562357584 93
1777386470359 8.724140803019205 94
1777386471213 9.000223795572916 95
1777386472060 8.314509073893229 96
1777386472902 9.770073890686035 97
1777386473752 8.675251324971518 98
1777386474597 8.599431355794271 99
1777386475455 8.927707036336264 100
1777386476313 8.943084398905436 101
1777386477164 8.883017222086588 102
1777386478031 8.668325742085775 103
1777386478893 8.872775077819824 104
1777386479739 8.490670522054037 105
1777386480593 9.57476552327474 106
1777386481457 8.582075436909994 107
1777386482340 8.55891227722168 108
1777386483392 8.412694613138834 109
1777386496181 8.472736994425455 110
1777386497030 8.48349380493164 111
1777386513291 8.336840629577637 112
1777386514139 8.628666877746582 113
1777386514991 7.934207121531169 114
1777386515861 8.086617469787598 115
1777386516763 8.249604225158691 116
1777386517804 8.959277470906576 117
1777386527312 8.37776247660319 118
1777386531404 7.906442801157634 119
1777386566955 8.600972175598145 120
1777386567796 8.189279238382975 121
1777386568652 8.250065803527832 122
1777386569510 7.944823265075684 123
1777386570380 8.054255644480387 124
1777386571251 8.176768938700357 125
1777386572150 7.849305947621663 126
1777386573128 7.835295995076497 127
1777386574045 7.582197348276774 128
1777386574931 7.589874426523845 129
1777386575839 7.994347254435222 130
1777386576748 7.498314221700032 131
1777386577642 8.128631909688314 132
