1777386385013 -1.7697683042540153 1
1777386386069 -1.6583697325418556 2
1777386386924 -1.5346580285609943 3
1777386387778 -1.3545010506828086 4
1777386388635 -1.107714536799501 5
1777386389502 -0.8488285161428171 6
1777386390396 -0.5837622692410687 7
1777386391270 -0.3142524754152427 8
1777386392134 -0.021992900774281843 9
1777386393003 0.27198849238636424 10
1777386393910 0.5137362678993294 11
1777386395267 0.6918475153684144 12
1777386396205 0.7971122293235895 13
1777386400909 0.8680820893163732 14
1777386401786 0.9074380322281554 15
1777386402648 0.9269539541754174 16
1777386403511 0.9345257687915242 17
1777386404373 0.9457936542362747 18
1777386405283 0.9493586417993857 19
1777386406143 0.9517957183403736 20
1777386407013 0.9505707845528504 21
1777386407874 0.9634901823330486 22
1777386408723 0.9619030092589336 23
1777386409593 0.9629625989067356 24
1777386410470 0.9637921581470835 25
1777386411361 0.9615203792632643 26
1777386412233 0.9603885732739039 27
1777386413113 0.9658663183909865 28
1777386413988 0.9703234941097035 29
1777386414855 0.972933529286907 30
1777386415722 0.9670005960760509 31
1777386416603 0.9670801421111548 32
1777386417488 0.9656047842057489 33
1777386418369 0.9654497545069389 34
1777386419246 0.9725927111727092 35
1777386420119 0.972875051089146 36
1777386420993 0.9684118997540144 37
1777386421859 0.9702174802432753 38
1777386422725 0.973441639830436 39
1777386423618 0.9721057623138358 40
1777386424879 0.9752288481623171 41
1777386425724 0.9768292931416177 42
1777386426603 0.9760003537138233 43
1777386427461 0.9756292326464405 44
1777386428309 0.9782805002201055 45
1777386429154 0.9773665248176323 46
1777386429999 0.9711440223588617 47
1777386430863 0.975405778517945 48
1777386431711 0.9761591269406164 49
1777386432581 0.9774643515240259 50
1777386433441 0.9721790389023238 51
1777386434293 0.9790203885989388 52
1777386435146 0.9735761614877937 53
1777386436006 0.9778108954476865 54
1777386436864 0.9796337711638388 55
1777386437708 0.978616771198259 56
1777386438567 0.9802351086791574 57
1777386439418 0.9800957546705708 58
1777386440280 0.9801939674440947 59
1777386441131 0.9809652768111371 60
1777386441988 0.9787182645246317 61
1777386442835 0.9810718320349259 62
1777386443705 0.9835631378634108 63
1777386444555 0.9799097654970573 64
1777386445415 0.9827871894981726 65
1777386446284 0.9852042058598168 66
1777386447151 0.9835448132177579 67
1777386448024 0.9869067182246654 68
1777386448881 0.9832706167682352 69
1777386449738 0.9855178472253943 70
1777386450598 0.9857853043045961 71
1777386451460 0.9860766583756857 72
1777386452347 0.9863255659340606 73
1777386453202 0.9844969015843479 74
1777386454068 0.9867055930397208 75
1777386454914 0.9880803156735205 76
1777386455763 0.9865863915157165 77
1777386456625 0.9863281093559803 78
1777386457487 0.987750822175263 79
1777386458357 0.9886562473007724 80
1777386459213 0.9882992051065544 81
1777386460071 0.9888869467002801 82
1777386460926 0.9884704792172191 83
1777386461782 0.989806256950342 84
1777386462648 0.9882872412367512 85
1777386463499 0.9895897814889087 86
1777386464369 0.987979063349614 87
1777386465216 0.9899058558349271 88
1777386466092 0.9894466871899068 89
1777386466965 0.9888082665828097 90
1777386467807 0.9895825702997937 91
1777386468657 0.9894225325241405 92
1777386469512 0.9903654729566859 93
1777386470359 0.990828323887074 94
1777386471213 0.9899192321415853 95
1777386472060 0.9916339705491098 96
1777386472902 0.9881506714812409 97
1777386473752 0.9908464777149603 98
1777386474597 0.990987415111659 99
1777386475455 0.9899185877770964 100
1777386476313 0.9901532089544444 101
1777386477164 0.9901478665304867 102
1777386478031 0.9908237403168739 103
1777386478893 0.9903525131405707 104
1777386479739 0.9912126212406588 105
1777386480593 0.9881728656943349 106
1777386481457 0.9911373490881454 107
1777386482340 0.9910943135399334 108
1777386483392 0.9911655734366345 109
1777386496181 0.9909528671967021 110
1777386497030 0.9911201439333858 111
1777386513291 0.9913212770029678 112
1777386514139 0.9908503422106487 113
1777386514991 0.9923305083421431 114
1777386515861 0.991887738595486 115
1777386516763 0.9915697345727033 116
1777386517804 0.9899552156822463 117
1777386527312 0.9913353972121562 118
1777386531404 0.9922704758897115 119
1777386566955 0.9906695876597199 120
1777386567796 0.9915744936708449 121
1777386568652 0.9914302389626891 122
1777386569510 0.9924580121906063 123
1777386570380 0.9913869869667475 124
1777386571251 0.9918807106253181 125
1777386572150 0.9924277075810223 126
1777386573128 0.9926613574606722 127
1777386574045 0.99305174550816 128
1777386574931 0.992820292988102 129
1777386575839 0.9919525285146676 130
1777386576748 0.9931850206241285 131
1777386577642 0.9919000965254622 132
