1777203961332 181.40135192871094 1
1777203961858 178.6650390625 2
1777203962311 176.2816925048828 3
1777203962752 173.73350524902344 4
1777203963304 170.97109985351562 5
1777203963759 167.89630126953125 6
1777203964193 164.62237548828125 7
1777203964763 161.26217651367188 8
1777203996688 157.76950073242188 9
1777203998976 154.12644958496094 10
1777203999385 150.27798461914062 11
1777204000401 146.28704833984375 12
1777204000808 142.13919067382812 13
1777204001215 138.0520782470703 14
1777204001630 133.45172119140625 15
1777204002044 128.90155029296875 16
1777204002459 124.26360321044922 17
1777204002862 119.4977798461914 18
1777204003274 114.52629852294922 19
1777204003681 108.95536041259766 20
1777204004088 103.21641540527344 21
1777204004500 97.69300079345703 22
1777204004907 92.10868835449219 23
1777204005308 84.77883911132812 24
1777204005711 76.94548034667969 25
1777204006132 69.65447235107422 26
1777204006537 61.86594009399414 27
1777204006938 54.43429183959961 28
1777204007348 48.8043098449707 29
1777204007752 42.5328483581543 30
1777204008159 36.84092330932617 31
1777204008570 33.734066009521484 32
1777204008980 30.854412078857422 33
1777204010086 27.904298782348633 34
1777204010493 27.160430908203125 35
1777204010895 23.195600509643555 36
1777204011294 23.095287322998047 37
1777204011696 24.998809814453125 38
1777204013779 23.06503677368164 39
1777204015348 20.301233291625977 40
1777204015764 20.44164276123047 41
1777204016178 19.600357055664062 42
1777204016591 18.92638397216797 43
1777204017007 18.538583755493164 44
1777204017412 20.303926467895508 45
1777204017819 19.84073257446289 46
1777204018221 18.03812026977539 47
1777204018620 17.721952438354492 48
1777204019024 19.097976684570312 49
1777204019442 18.338764190673828 50
1777204019842 17.421669006347656 51
1777204020381 17.874210357666016 52
1777204020780 16.238130569458008 53
1777204021178 17.341354370117188 54
1777204021573 15.954747200012207 55
1777204021969 16.210739135742188 56
1777204022367 16.233097076416016 57
1777204022762 15.314454078674316 58
1777204023152 15.978601455688477 59
1777204023545 14.595355033874512 60
1777204023936 17.639755249023438 61
1777204024332 14.362004280090332 62
1777204024728 15.850259780883789 63
1777204025117 14.283621788024902 64
1777204025505 15.934880256652832 65
1777204025890 12.390780448913574 66
1777204026277 14.849991798400879 67
1777204026664 16.3226375579834 68
1777204027051 15.865218162536621 69
1777204027438 14.927245140075684 70
1777204027829 14.601795196533203 71
1777204028232 13.178048133850098 72
1777204028634 14.218314170837402 73
1777204029038 12.632591247558594 74
1777204029596 12.822896957397461 75
1777204030003 12.770476341247559 76
1777204030402 12.639782905578613 77
1777204030798 13.902256965637207 78
1777204031194 13.977191925048828 79
1777204031588 14.219786643981934 80
1777204031982 13.179274559020996 81
1777204032377 10.892814636230469 82
1777204032770 13.549924850463867 83
1777204033164 13.532745361328125 84
1777204033557 12.37752628326416 85
1777204033953 12.296892166137695 86
1777204034349 11.387725830078125 87
1777204034747 13.302753448486328 88
1777204035143 15.190664291381836 89
1777204035539 12.76138973236084 90
1777204039320 12.421018600463867 91
1777204039723 15.547879219055176 92
1777204040123 11.469359397888184 93
1777204040533 11.232132911682129 94
1777204040935 11.4750394821167 95
1777204041336 11.56178092956543 96
1777204041739 12.473398208618164 97
1777204042143 13.075358390808105 98
1777204042550 12.589325904846191 99
1777204042954 13.534756660461426 100
1777204043356 12.301544189453125 101
