1777241488738 49672.889453125 1
1777241504494 44224.5859375 2
1777241511438 36248.03984375 3
1777241521150 26621.3822265625 4
1777241527044 16203.11328125 5
1777241533318 7819.643310546875 6
1777241542314 3335.598974609375 7
1777241571136 1786.5767211914062 8
1777241573405 1252.5420471191405 9
1777241575683 1121.0789428710937 10
1777241578198 985.7046264648437 11
1777241580510 957.3564880371093 12
1777241583144 867.3761291503906 13
1777241605768 842.0088745117188 14
1777241610674 765.2968627929688 15
1777241615035 757.4672668457031 16
1777241621869 795.5580139160156 17
1777241629673 715.5480651855469 18
1777241636468 713.3582336425782 19
1777241712473 684.4987609863281 20
1777241727855 730.1152648925781 21
1777241742359 671.4662414550781 22
1777241778984 653.5726806640625 23
1777241892392 626.8282104492188 24
1777241894456 642.824853515625 25
1777241896219 613.6406433105469 26
1777241897983 629.5301330566406 27
1777241899742 590.5070190429688 28
1777241901504 641.5290954589843 29
1777241903260 621.3267639160156 30
1777241905048 584.6141906738281 31
1777241906813 592.0775634765625 32
1777241908573 569.1388458251953 33
1777241910331 542.6341156005859 34
1777241912105 579.3462921142578 35
1777241913875 599.65087890625 36
1777241915643 542.4228820800781 37
1777241917410 546.7884643554687 38
1777241919243 524.5261047363281 39
1777241921335 585.8981201171875 40
1777241923910 562.4994567871094 41
1777241928249 567.3607788085938 42
1777241935607 536.8308624267578 43
1777241943490 521.2583862304688 44
1777241947634 510.4943359375 45
1777241952163 522.6381042480468 46
