1777383535198 157.3905752999442 1
1777383535745 154.66886465890067 2
1777383536115 152.51165350051153 3
1777383537054 150.3865449451265 4
1777383538282 147.99668986002604 5
1777383538957 145.30813540504093 6
1777383539790 142.34873889741442 7
1777383540221 139.17120383126394 8
1777383540732 135.68330775669642 9
1777383541650 131.84975847516742 10
1777383542084 127.62201116652716 11
1777383542469 123.20925932384672 12
1777383543097 118.61362776983351 13
1777383543452 113.8944344656808 14
1777383544207 108.96191769554501 15
1777383545073 103.91626790364583 16
1777383545617 98.77651933942522 17
1777383546085 93.49389989943731 18
1777383547173 88.64361637660436 19
1777383547532 82.48685898553758 20
1777383548179 76.98420312064034 21
1777383549071 70.50771833147321 22
1777383549563 64.71240637642997 23
1777383550175 59.371314493815106 24
1777383550844 53.81598401750837 25
1777383551630 47.98953715733119 26
1777383552028 43.767366500127885 27
1777383553166 37.94792949131557 28
1777383553775 34.33728361583891 29
1777383554611 28.742492875598725 30
1777383555617 26.621600160144624 31
1777383556578 23.567096237909226 32
1777383557545 21.186007399786085 33
1777383558606 22.829370553152902 34
1777383559367 19.545157223656062 35
1777383560289 18.247376759847004 36
1777383561621 19.453736441476003 37
1777383562358 17.488946569533574 38
1777383563033 16.122663897559757 39
1777383563395 16.473174267723447 40
1777383563749 17.168099830264136 41
1777383564490 15.725390261695498 42
1777383566286 14.36453814733596 43
1777383567517 14.85611185346331 44
1777383568015 18.00190670376732 45
1777383568773 12.929419453938802 46
1777383569744 14.754522087460472 47
1777383570113 13.221745009649368 48
1777383570563 14.081536756243025 49
1777383571444 13.422788538251604 50
1777383572676 12.932877704075404 51
1777383573827 14.294319207327707 52
1777383574307 14.00623772030785 53
1777383575190 14.306389490763346 54
1777383575552 12.021677634829567 55
1777383576246 11.78203314826602 56
1777383576745 13.624851626441592 57
1777383577522 12.414128748575846 58
1777383578018 13.146120925176712 59
1777383578674 11.728333336966378 60
1777383579237 13.18653800601051 61
1777383579761 10.796280869983491 62
1777383580465 11.468006442842029 63
1777383581880 12.106811414446149 64
1777383582244 12.362182676224482 65
1777383583080 13.352675683157784 66
1777383583913 11.49070934114002 67
1777383584971 10.460361753191266 68
1777383586355 12.481594158354259 69
1777383588533 10.85725222996303 70
1777383591773 11.967822883242652 71
1777383592434 11.529934120178222 72
1777383593130 10.935270600091844 73
1777383593727 11.67794916062128 74
1777383594518 13.276668003627233 75
1777383596243 10.912338847205753 76
1777383599080 9.428361829121908 77
1777383601703 9.22759552001953 78
1777383605277 12.430138651529948 79
1777383606535 10.231930523826962 80
1777383608321 10.093510001046317 81
1777383613350 11.260963830493745 82
1777383661249 11.813887605212983 83
1777383662730 10.113266163780576 84
1777383664740 10.212729744684129 85
1777383665248 10.044184966314406 86
1777383666078 9.70396514165969 87
1777383667280 10.329678789774578 88
1777383668131 10.104965337117513 89
1777383669366 7.786112939743768 90
1777383670561 11.327491651262555 91
1777383671316 9.178971553984143 92
1777383671954 9.914703932262602 93
1777383672299 9.324591700236002 94
1777383672856 9.305942821502686 95
1777383673790 7.374096407209124 96
1777383674147 8.823520024617514 97
1777383674504 10.07935099828811 98
1777383674867 10.742092296055384 99
1777383675218 9.078645124889555 100
1777383675573 8.658896673293341 101
1777383676477 9.0092835744222 102
1777383677133 8.83282617841448 103
1777383677796 9.454228255862281 104
1777383678153 9.314302689688546 105
1777383678512 9.243195760817756 106
1777383678867 9.236895098005022 107
1777383679213 8.110841333298456 108
1777383680027 8.465894753592355 109
1777383680552 9.084911301022483 110
1777383681115 8.844376282464891 111
1777383681461 8.929712186540876 112
1777383681820 8.407561329432896 113
1777383682516 9.394884926932198 114
1777383683154 10.058963457743326 115
1777383683755 9.400547045753116 116
1777383684604 7.581337738037109 117
1777383685202 7.251196034749349 118
1777383685805 8.553745596749442 119
1777383686578 8.751998774210612 120
1777383686918 8.719423530215309 121
1777383687269 6.766155406406948 122
1777383687911 7.158574985322498 123
1777383688260 8.446111806233723 124
1777383688628 8.403115649450394 125
1777383689573 6.990673301333473 126
1777383690191 9.253620565505255 127
1777383690764 7.810405513218471 128
1777383691473 8.100753820510137 129
1777383691848 7.488434791564941 130
1777383692853 7.666309606461298 131
1777383693574 7.686966187613351 132
1777383693940 7.089523079281761 133
1777383694304 5.979035504659017 134
1777383694639 7.4125330425444105 135
1777383694979 6.639606893630255 136
1777383695573 6.590560468037923 137
1777383696726 7.339703214736212 138
1777383698124 6.145008913675944 139
1777383698793 7.693844849722726 140
1777383699456 7.1058860052199595 141
1777383700121 6.145729945954822 142
1777383701218 6.982300722031367 143
1777383702055 6.760069247654506 144
1777383702686 6.045789673214867 145
1777383703116 6.544454924265543 146
1777383703454 6.842705499558222 147
1777383704398 6.38052480788458 148
1777383704740 7.922587054116385 149
1777383714350 7.318572707403273 150
1777383799591 6.179940959385463 151
1777383800056 5.548297085080828 152
1777383800800 7.3318969363257995 153
1777383801436 7.236588741484143 154
1777383802209 6.889175124395461 155
1777383802614 6.173479488917759 156
1777383803116 7.91274889991397 157
1777383803764 6.0297710327875045 158
1777383804128 7.413686443510509 159
1777383804510 7.028361075265067 160
1777383804950 5.755359322684152 161
1777383805954 5.419308580671038 162
1777383812663 6.0212855111984975 163
1777383813011 6.2079120635986325 164
1777383813523 6.907562464759463 165
1777383814052 7.428638521830241 166
1777383814410 6.563452566237677 167
1777383814776 6.2225803239004955 168
1777383815208 5.832084165300642 169
1777383815581 5.691355142139253 170
1777383815957 6.151029178074428 171
1777383816335 6.205287951514834 172
1777383816826 6.038253870464507 173
1777383817233 5.392526472182501 174
1777383817597 4.707915406000047 175
1777383818009 5.904604893638974 176
1777383818399 6.087019584292457 177
1777383819091 6.52248885745094 178
