1777383535198 41031.44921875 1
1777383535745 40159.05859375 2
1777383536115 39481.3984375 3
1777383537054 38809.5 4
1777383538282 38032.4375 5
1777383538957 37108.94921875 6
1777383539790 36051.578125 7
1777383540221 34780.57421875 8
1777383540732 33394.6953125 9
1777383541650 31945.5859375 10
1777383542084 30473.044921875 11
1777383542469 28907.5 12
1777383543097 27342.568359375 13
1777383543452 25622.40234375 14
1777383544207 24033.01953125 15
1777383545073 22350.6640625 16
1777383545617 20790.58984375 17
1777383546085 19175.525390625 18
1777383547173 17660.8359375 19
1777383547532 15870.4072265625 20
1777383548179 14190.25390625 21
1777383549071 12322.7646484375 22
1777383549563 10895.125 23
1777383550175 9189.2060546875 24
1777383550844 7874.0927734375 25
1777383551630 6671.45703125 26
1777383552028 5532.3974609375 27
1777383553166 4328.56884765625 28
1777383553775 3717.869140625 29
1777383554611 2663.606201171875 30
1777383555617 2222.05078125 31
1777383556578 1838.8907470703125 32
1777383557545 1526.29638671875 33
1777383558606 1675.1934814453125 34
1777383559367 1251.8572998046875 35
1777383560289 1070.1573486328125 36
1777383561621 1169.971923828125 37
1777383562358 992.5283203125 38
1777383563033 858.27783203125 39
1777383563395 870.0474853515625 40
1777383563749 942.4256591796875 41
1777383564490 789.9732055664062 42
1777383566286 692.0634765625 43
1777383567517 758.4758911132812 44
1777383568015 1026.844482421875 45
1777383568773 566.4603881835938 46
1777383569744 708.487060546875 47
1777383570113 589.2301025390625 48
1777383570563 643.5938720703125 49
1777383571444 621.1748657226562 50
1777383572676 588.66552734375 51
1777383573827 643.7620239257812 52
1777383574307 611.8406372070312 53
1777383575190 675.3084716796875 54
1777383575552 509.01837158203125 55
1777383576246 490.82611083984375 56
1777383576745 586.1248779296875 57
1777383577522 536.3292846679688 58
1777383578018 600.7236328125 59
1777383578674 481.4974670410156 60
1777383579237 589.5530395507812 61
1777383579761 411.4349670410156 62
1777383580465 482.0133972167969 63
1777383581880 523.8970336914062 64
1777383582244 526.624755859375 65
1777383583080 602.471435546875 66
1777383583913 498.70587158203125 67
1777383584971 402.1423645019531 68
1777383586355 528.3956298828125 69
1777383588533 423.57958984375 70
1777383591773 519.4161376953125 71
1777383592434 471.9125061035156 72
1777383593130 447.7183837890625 73
1777383593727 488.02825927734375 74
1777383594518 615.5537719726562 75
1777383596243 457.6645812988281 76
1777383599080 356.3348693847656 77
1777383601703 350.5084228515625 78
1777383605277 516.5064086914062 79
1777383606535 421.3524475097656 80
1777383608321 392.3058776855469 81
1777383613350 455.3406677246094 82
1777383661249 505.6900634765625 83
1777383662730 384.1438293457031 84
1777383664740 384.47161865234375 85
1777383665248 369.93658447265625 86
1777383666078 349.8683776855469 87
1777383667280 435.6706237792969 88
1777383668131 422.01934814453125 89
1777383669366 256.7478942871094 90
1777383670561 454.9305725097656 91
1777383671316 344.1363830566406 92
1777383671954 370.3629455566406 93
1777383672299 343.8873596191406 94
1777383672856 346.23333740234375 95
1777383673790 242.40420532226562 96
1777383674147 311.0345458984375 97
1777383674504 387.2703552246094 98
1777383674867 427.6918029785156 99
1777383675218 325.6606140136719 100
1777383675573 311.27105712890625 101
1777383676477 344.4398193359375 102
1777383677133 314.5736999511719 103
1777383677796 333.9519348144531 104
1777383678153 344.8168029785156 105
1777383678512 332.1240234375 106
1777383678867 332.52203369140625 107
1777383679213 269.63232421875 108
1777383680027 308.64404296875 109
1777383680552 351.6584777832031 110
1777383681115 316.95550537109375 111
1777383681461 321.0113830566406 112
1777383681820 284.4162292480469 113
1777383682516 338.16021728515625 114
1777383683154 407.515625 115
1777383683755 349.8404846191406 116
1777383684604 262.6568908691406 117
1777383685202 232.4109344482422 118
1777383685805 306.9842529296875 119
1777383686578 329.5708312988281 120
1777383686918 314.57275390625 121
1777383687269 211.715576171875 122
1777383687911 227.66610717773438 123
1777383688260 295.00848388671875 124
1777383688628 282.1385803222656 125
1777383689573 219.67630004882812 126
1777383690191 338.6075134277344 127
1777383690764 257.4963073730469 128
1777383691473 276.1387939453125 129
1777383691848 237.73626708984375 130
1777383692853 250.888916015625 131
1777383693574 263.7723388671875 132
1777383693940 229.955078125 133
1777383694304 174.1080780029297 134
1777383694639 235.9892120361328 135
1777383694979 203.22427368164062 136
1777383695573 210.5052490234375 137
1777383696726 250.93524169921875 138
1777383698124 191.40963745117188 139
1777383698793 254.297607421875 140
1777383699456 225.8253173828125 141
1777383700121 183.35205078125 142
1777383701218 223.0122833251953 143
1777383702055 209.46188354492188 144
1777383702686 171.28253173828125 145
1777383703116 194.5616455078125 146
1777383703454 220.28921508789062 147
1777383704398 196.60047912597656 148
1777383704740 263.9761962890625 149
1777383714350 243.17373657226562 150
1777383799591 178.0401153564453 151
1777383800056 156.88560485839844 152
1777383800800 231.40829467773438 153
1777383801436 233.24505615234375 154
1777383802209 219.43942260742188 155
1777383802614 198.0420379638672 156
1777383803116 266.4908447265625 157
1777383803764 193.07606506347656 158
1777383804128 232.4813232421875 159
1777383804510 222.99090576171875 160
1777383804950 165.92840576171875 161
1777383805954 153.52706909179688 162
1777383812663 178.22129821777344 163
1777383813011 183.94992065429688 164
1777383813523 216.52406311035156 165
1777383814052 233.83706665039062 166
1777383814410 194.6283416748047 167
1777383814776 186.2725067138672 168
1777383815208 173.428466796875 169
1777383815581 166.45066833496094 170
1777383815957 193.02320861816406 171
1777383816335 195.3706512451172 172
1777383816826 186.61122131347656 173
1777383817233 149.3718719482422 174
1777383817597 130.0247802734375 175
1777383818009 168.702880859375 176
1777383818399 195.37753295898438 177
1777383819091 197.54141235351562 178
