1777383535198 202.5622107372202 1
1777383535745 200.39725196157258 2
1777383536115 198.6992663235071 3
1777383537054 197.0012690314456 4
1777383538282 195.01906958038745 5
1777383538957 192.63683245617906 6
1777383539790 189.8725312545235 7
1777383540221 186.49550723475886 8
1777383540732 182.74215526938497 9
1777383541650 178.7332815608218 10
1777383542084 174.565302743343 11
1777383542469 170.02205739256303 12
1777383543097 165.3558839575266 13
1777383543452 160.0699920152119 14
1777383544207 155.025867297203 15
1777383545073 149.50138481800093 16
1777383545617 144.18942348088504 17
1777383546085 138.4757213038625 18
1777383547173 132.8940778872407 19
1777383547532 125.97780449969153 20
1777383548179 119.12285215797178 21
1777383549071 111.00794858224117 22
1777383549563 104.3797154623445 23
1777383550175 95.86034662303021 24
1777383550844 88.73608495667081 25
1777383551630 81.6789876972652 26
1777383552028 74.38008779866759 27
1777383553166 65.79186004101305 28
1777383553775 60.974331817782144 29
1777383554611 51.6101366126062 30
1777383555617 47.13863363791955 31
1777383556578 42.88228943363813 32
1777383557545 39.0678433845375 33
1777383558606 40.929127543172875 34
1777383559367 35.381595495464694 35
1777383560289 32.71325952320882 36
1777383561621 34.20485234331709 37
1777383562358 31.50441747299099 38
1777383563033 29.296379162470743 39
1777383563395 29.496567348618086 40
1777383563749 30.698952086018956 41
1777383564490 28.106461989485734 42
1777383566286 26.307099356685068 43
1777383567517 27.540441011597494 44
1777383568015 32.044414215614474 45
1777383568773 23.800428319330596 46
1777383569744 26.617420245900522 47
1777383570113 24.27406234108874 48
1777383570563 25.369151977752676 49
1777383571444 24.923379901663743 50
1777383572676 24.2624303676229 51
1777383573827 25.37246586214634 52
1777383574307 24.73541261444877 53
1777383575190 25.986697975689168 54
1777383575552 22.561435494711574 55
1777383576246 22.154595704725548 56
1777383576745 24.210016066283135 57
1777383577522 23.158784179398726 58
1777383578018 24.50966406976032 59
1777383578674 21.943050540911937 60
1777383579237 24.280713324587094 61
1777383579761 20.283859766844564 62
1777383580465 21.954803511231816 63
1777383581880 22.88879712198538 64
1777383582244 22.948306165365995 65
1777383583080 24.54529355185786 66
1777383583913 22.3317234351053 67
1777383584971 20.053487589493084 68
1777383586355 22.98685776444472 69
1777383588533 20.58104928918227 70
1777383591773 22.790702878483422 71
1777383592434 21.72354727256844 72
1777383593130 21.159356885053537 73
1777383593727 22.09136164380421 74
1777383594518 24.81035614360778 75
1777383596243 21.393096580411825 76
1777383599080 18.87683419921798 77
1777383601703 18.721870175053628 78
1777383605277 22.72677734944852 79
1777383606535 20.526871352199915 80
1777383608321 19.806712944997887 81
1777383613350 21.338712888190077 82
1777383661249 22.48755352359528 83
1777383662730 19.59958747896759 84
1777383664740 19.607947843982647 85
1777383665248 19.23373558289331 86
1777383666078 18.704768848760118 87
1777383667280 20.87272439762708 88
1777383668131 20.543109505246065 89
1777383669366 16.023354651480112 90
1777383670561 21.329101540143824 91
1777383671316 18.550913267455073 92
1777383671954 19.24481606970149 93
1777383672299 18.544200161213226 94
1777383672856 18.607346328865482 95
1777383673790 15.569335416846334 96
1777383674147 17.63617152044166 97
1777383674504 19.6791858374428 98
1777383674867 20.68071089151714 99
1777383675218 18.046069212259823 100
1777383675573 17.64287553458637 101
1777383676477 18.559089938246906 102
1777383677133 17.73622563994865 103
1777383677796 18.2743518302142 104
1777383678153 18.56924346812534 105
1777383678512 18.224270175716228 106
1777383678867 18.235186691981145 107
1777383679213 16.42048489596912 108
1777383680027 17.56826806969742 109
1777383680552 18.752559232894136 110
1777383681115 17.803244237247707 111
1777383681461 17.91679053448582 112
1777383681820 16.86464435581275 113
1777383682516 18.389133130334237 114
1777383683154 20.18701624807391 115
1777383683755 18.70402322012942 116
1777383684604 16.206692780118363 117
1777383685202 15.245029827725565 118
1777383685805 17.520966095786143 119
1777383686578 18.15408580179206 120
1777383686918 17.736198970079524 121
1777383687269 14.550449346046843 122
1777383687911 15.088608523576134 123
1777383688260 17.17581101103289 124
1777383688628 16.796981286000936 125
1777383689573 14.821481034256601 126
1777383690191 18.40129108045776 127
1777383690764 16.046691477468084 128
1777383691473 16.617424407690635 129
1777383691848 15.41869861855545 130
1777383692853 15.839473350324026 131
1777383693574 16.24106951118637 132
1777383693940 15.164269785419936 133
1777383694304 13.195002008447354 134
1777383694639 15.361940373407677 135
1777383694979 14.255675139453782 136
1777383695573 14.508799020712827 137
1777383696726 15.840935632064754 138
1777383698124 13.83508718625119 139
1777383698793 15.946711492401027 140
1777383699456 15.027485397857237 141
1777383700121 13.54075517765719 142
1777383701218 14.933595793552044 143
1777383702055 14.472798055141993 144
1777383702686 13.087495243104437 145
1777383703116 13.948535604421437 146
1777383703454 14.842143210732425 147
1777383704398 14.02142928256519 148
1777383704740 16.24734428419188 149
1777383714350 15.59402887557496 150
1777383799591 13.34316736597594 151
1777383800056 12.525398391204906 152
1777383800800 15.212110132316765 153
1777383801436 15.272362494137695 154
1777383802209 14.813487860980677 155
1777383802614 14.072740954194645 156
1777383803116 16.324547305409805 157
1777383803764 13.895181361302074 158
1777383804128 15.247338234662058 159
1777383804510 14.93288002234394 160
1777383804950 12.881320031802593 161
1777383805954 12.390604064846753 162
1777383812663 13.349954989353838 163
1777383813011 13.562813891456923 164
1777383813523 14.714756644618747 165
1777383814052 15.291731970263886 166
1777383814410 13.950926194156597 167
1777383814776 13.648168621242455 168
1777383815208 13.169224229121282 169
1777383815581 12.901576195758444 170
1777383815957 13.893279260785198 171
1777383816335 13.9775051867319 172
1777383816826 13.660571778424085 173
1777383817233 12.221778591851605 174
1777383817597 11.402840886087883 175
1777383818009 12.988567313579084 176
1777383818399 13.97775135560024 177
1777383819091 14.054942630744375 178
