1777301780965 198.30961121179857 1
1777301782076 187.5910052117071 2
1777301783191 167.95361757054354 3
1777301784300 139.09668836102335 4
1777301785409 104.83982100181774 5
1777301786512 71.65059975780454 6
1777301787640 46.98411458313197 7
1777301788752 34.919376379424016 8
1777301789859 30.739041286874073 9
1777301790963 28.47922409556916 10
1777301792071 26.773329662491857 11
1777301793180 25.843355249870136 12
1777301794286 25.200128601211645 13
1777301795392 23.956623072808743 14
1777301796502 23.270565307536835 15
1777301797611 23.628107346205717 16
1777301798735 22.480152667384566 17
1777301799844 22.62704119335617 18
1777301800957 23.32947914672074 19
1777301802076 21.43228690061708 20
1777301803180 21.761767453720438 21
1777301804294 20.70116157212805 22
1777301805404 21.2862952845232 23
1777301806512 21.375542610775085 24
1777301807626 21.368066058345597 25
1777301808732 20.135382415832815 26
1777301809861 20.03612358004238 27
1777301810968 19.184902494073622 28
1777301812082 18.200089610976587 29
1777301813200 19.0715996192419 30
1777301814309 17.824981184920922 31
1777301815418 18.69069537589287 32
1777301816524 18.74058475765675 33
1777301817630 17.370002917585982 34
1777301818732 17.20246254505494 35
1777301819852 16.759069969302004 36
1777301820986 16.898760812267092 37
1777301828780 17.57833620516602 38
1777301829895 16.622117832190355 39
1777301831004 15.862570680929503 40
1777301876304 16.92665769187362 41
1777301877409 15.711463287763584 42
1777301878513 15.904327360360762 43
1777301879622 15.46294746238894 44
1777301880725 15.589455642476494 45
1777301881840 16.844159318682614 46
1777301882966 16.024922930012103 47
1777301884073 15.75078471486828 48
1777301885174 15.264338481207966 49
1777301886272 15.226025456798476 50
1777301887381 15.334297785459317 51
1777301888486 15.54935446490651 52
1777301889582 14.784815776381413 53
1777301890693 14.84696038882062 54
1777301891795 14.155935295232814 55
1777301892912 15.064903541952598 56
1777301894013 13.218372031279028 57
1777301895112 14.066930396745386 58
1777301896220 13.600626960767112 59
1777301897324 13.785476216968473 60
1777301898428 13.533737713118711 61
1777301899526 13.337571686061029 62
1777301900630 12.59113971866981 63
1777301901730 12.844031246672156 64
1777301902849 12.415594882188945 65
1777301903948 12.73838005533018 66
1777301905051 12.634185964390056 67
1777301906151 12.786473303965382 68
1777301907253 11.89880845396329 69
1777301908354 11.943342762030074 70
1777301909456 12.053787379836198 71
1777301910556 13.372639218305068 72
1777301911649 12.665325337778686 73
1777301912752 11.77500551918037 74
1777301913885 11.709904781114394 75
1777301914989 11.792459995804572 76
1777301916092 11.333834588715295 77
1777301917193 11.253694372741418 78
1777301918292 12.053507902754289 79
1777301919397 11.957468068829963 80
1777301920501 11.420709111539072 81
1777301921607 11.42435813785726 82
1777301922713 11.460707126210304 83
1777301923811 10.427350608613578 84
1777301924928 10.938509264504715 85
1777301926032 11.358787447752814 86
1777301927131 11.329776534272293 87
1777301928232 11.494513532907678 88
1777301929346 10.64974640152241 89
1777301930444 10.82543493461355 90
1777301931542 10.823652151603637 91
1777301932650 11.071756892943492 92
1777301933747 11.106101693394153 93
1777301934848 11.364915446374216 94
1777301935960 11.26598007048975 95
1777301937065 10.787919389087019 96
1777301938165 10.48922172830429 97
1777301939267 10.707896673391534 98
1777301940362 10.170097870938188 99
1777301941465 10.425939826888346 100
1777301942566 10.332222518486718 101
