1777301780965 156.6675048828125 1
1777301782076 144.23751525878907 2
1777301783191 125.69214172363282 3
1777301784300 99.25214385986328 4
1777301785409 69.95818939208985 5
1777301786512 45.304525756835936 6
1777301787640 30.40830192565918 7
1777301788752 23.996273803710938 8
1777301789859 21.35074806213379 9
1777301790963 20.201124572753905 10
1777301792071 19.119066619873045 11
1777301793180 18.387837219238282 12
1777301794286 17.878457260131835 13
1777301795392 17.159960556030274 14
1777301796502 16.584518432617188 15
1777301797611 16.72777976989746 16
1777301798735 16.081567192077635 17
1777301799844 16.038344383239746 18
1777301800957 16.67408561706543 19
1777301802076 15.082543563842773 20
1777301803180 15.179930496215821 21
1777301804294 14.819441604614259 22
1777301805404 15.091082572937012 23
1777301806512 15.041197776794434 24
1777301807626 14.980825614929199 25
1777301808732 14.410887908935546 26
1777301809861 14.222420692443848 27
1777301810968 13.635889053344727 28
1777301812082 12.90688705444336 29
1777301813200 13.549739456176757 30
1777301814309 12.858865356445312 31
1777301815418 13.158310317993164 32
1777301816524 13.292378044128418 33
1777301817630 12.42195930480957 34
1777301818732 12.30909538269043 35
1777301819852 12.117018508911134 36
1777301820986 12.016294288635255 37
1777301828780 12.561800003051758 38
1777301829895 11.769596099853516 39
1777301831004 11.312385940551758 40
1777301876304 12.133052444458007 41
1777301877409 11.329251289367676 42
1777301878513 11.160301208496094 43
1777301879622 10.994386100769043 44
1777301880725 11.236651420593262 45
1777301881840 11.978965568542481 46
1777301882966 11.474085426330566 47
1777301884073 11.155468940734863 48
1777301885174 10.909099769592284 49
1777301886272 10.935059356689454 50
1777301887381 11.000417327880859 51
1777301888486 11.047950553894044 52
1777301889582 10.67470588684082 53
1777301890693 10.554088020324707 54
1777301891795 10.232677459716797 55
1777301892912 10.854162979125977 56
1777301894013 9.585759544372559 57
1777301895112 10.171235275268554 58
1777301896220 9.895154571533203 59
1777301897324 9.901174736022949 60
1777301898428 9.873626136779786 61
1777301899526 9.694906044006348 62
1777301900630 9.254229736328124 63
1777301901730 9.430765724182129 64
1777301902849 9.112736320495605 65
1777301903948 9.269938850402832 66
1777301905051 9.165278434753418 67
1777301906151 9.244609069824218 68
1777301907253 8.706382560729981 69
1777301908354 8.816588401794434 70
1777301909456 8.793105506896973 71
1777301910556 9.571389198303223 72
1777301911649 9.259506225585938 73
1777301912752 8.64714298248291 74
1777301913885 8.535478019714356 75
1777301914989 8.665343093872071 76
1777301916092 8.4033935546875 77
1777301917193 8.306303882598877 78
1777301918292 8.832969284057617 79
1777301919397 8.780610656738281 80
1777301920501 8.420755577087402 81
1777301921607 8.319715595245361 82
1777301922713 8.330180358886718 83
1777301923811 7.736479377746582 84
1777301924928 8.056491374969482 85
1777301926032 8.332490348815918 86
1777301927131 8.337358283996583 87
1777301928232 8.33631591796875 88
1777301929346 7.806298732757568 89
1777301930444 7.984636306762695 90
1777301931542 7.924429225921631 91
1777301932650 8.074799919128418 92
1777301933747 8.127114295959473 93
1777301934848 8.264521598815918 94
1777301935960 8.249931335449219 95
1777301937065 7.8550199508667 96
1777301938165 7.739015388488769 97
1777301939267 7.870203304290771 98
1777301940362 7.4264496803283695 99
1777301941465 7.64175443649292 100
1777301942566 7.516929054260254 101
