1777431769657 227.26918235871753 1
1777431770890 225.74954145855978 2
1777431771472 224.30140680287764 3
1777431772020 223.02800763020772 4
1777431772311 221.6342355661688 5
1777431773051 220.18985948210695 6
1777431774172 218.6360596116295 7
1777431775626 216.92321150006055 8
1777431776254 215.14968444957105 9
1777431777619 213.21811565565906 10
1777431778478 211.14240048187858 11
1777431778818 209.00092516242603 12
1777431779565 206.65383759744216 13
1777431780691 204.14950289248807 14
1777431781346 201.3193203594727 15
1777431782275 197.88245208645966 16
1777431782775 194.55137697084027 17
1777431783058 190.88410669173064 18
1777431783718 187.17958038338477 19
1777431784011 182.91221639423102 20
1777431784731 178.45123086399545 21
1777431785093 173.65048858986836 22
1777431785968 169.38548168674316 23
1777431786609 164.8208070526898 24
1777431787971 159.67435121991258 25
1777431788382 154.8746216702401 26
1777431788723 149.2404728952572 27
1777431789305 144.6505959955748 28
1777431789698 138.48590434815017 29
1777431789997 132.52028146664946 30
1777431791445 127.48283049223727 31
1777431792107 121.1284909842643 32
1777431793494 115.53870935480887 33
1777431793968 109.57076230968278 34
1777431795440 103.70243167803491 35
1777431796738 98.14328054240391 36
1777431797105 91.60997595956731 37
1777431798873 85.58133866295707 38
1777431799328 80.84389495541701 39
1777431799704 74.40149869332271 40
1777431800279 69.20073128903697 41
1777431801309 64.0613223977132 42
1777431801977 59.5742196464576 43
1777431803187 54.28250484300858 44
1777431803983 51.34695240697714 45
1777431804775 45.74943700558647 46
1777431805615 44.50622103636187 47
1777431806313 42.7205402080084 48
1777431806620 39.40048623341706 49
1777431807090 40.05533586977676 50
1777431807773 36.79697452215841 51
1777431808793 36.205185121574786 52
1777431810106 35.34138061244566 53
1777431810408 34.63686126373354 54
1777431811362 32.26391301450914 55
1777431812340 30.624465875444262 56
1777431813381 34.06662281528744 57
1777431813878 31.602654686008975 58
1777431814496 29.725785346280173 59
1777431815161 31.6888627280326 60
1777431816068 28.9470636700372 61
1777431816525 27.403410361012778 62
1777431816821 30.614964674350333 63
1777431817476 27.704246399328163 64
1777431817760 28.27613472385989 65
1777431818668 27.37183602220652 66
1777431819284 27.445043408871552 67
1777431819576 28.17458411301587 68
1777431820220 26.158091053038685 69
1777431821668 27.16203346606654 70
1777431822415 26.976764995257955 71
1777431822714 25.487605654360465 72
1777431823758 26.795411539848455 73
1777431824670 25.831222874562336 74
1777431824957 25.890740513471943 75
1777431825818 25.666541689613883 76
1777431826130 24.23653454876736 77
1777431828132 28.960865844934286 78
1777431828413 25.573702943190735 79
1777431828861 23.373293564467573 80
1777431830641 22.229283664708895 81
1777431831167 24.63822217992808 82
1777431831706 23.656491236798384 83
1777431832831 25.643580106599657 84
1777431833125 28.97975346409703 85
1777431833420 22.796931224228132 86
1777431834503 25.521985916787877 87
1777431835184 26.66577350392259 88
1777431836011 21.453006930210417 89
1777431836307 25.002835532554478 90
1777431837307 24.449852516650022 91
1777431838153 25.098347813915584 92
