1777383448072 -1.7606189984833187 1
1777383448930 -1.6970315856608145 2
1777383451497 -1.629092145628067 3
1777383453586 -1.5497806874806805 4
1777383455102 -1.4485149924955358 5
1777383456229 -1.3132365776205637 6
1777383457478 -1.1434301083792011 7
1777383459202 -0.9614568907351282 8
1777383460391 -0.7465648843483317 9
1777383462732 -0.5487755811797872 10
1777383464632 -0.3575959421115482 11
1777383465929 -0.16885494044923033 12
1777383467191 0.02500951081031677 13
1777383468167 0.19817615866199512 14
1777383469673 0.36664132240956115 15
1777383470724 0.5248555441633483 16
1777383471922 0.640774653620692 17
1777383474139 0.740523103159909 18
1777383476085 0.8141021768209469 19
1777383477570 0.8689607569293845 20
1777383479693 0.8951584583531274 21
1777383481437 0.9130066788329125 22
1777383483568 0.9267725012268461 23
1777383485064 0.9381895673123707 24
1777383486959 0.941365565328197 25
1777383487857 0.9423591728784986 26
1777383490393 0.9414407634404237 27
1777383492026 0.9440818828407797 28
1777383493498 0.9498339159308812 29
1777383509759 0.9503391609467547 30
1777383511408 0.9593471059640675 31
1777383512481 0.948308670925891 32
1777383513787 0.9581874132091661 33
1777383515255 0.9533851812123528 34
1777383518098 0.9576425006428255 35
1777383519122 0.9589111647353975 36
1777383521236 0.9586255249204712 37
1777383523310 0.9615528278791441 38
1777383524405 0.9657895823975576 39
1777383525909 0.964943816405165 40
1777383527313 0.9636673524903552 41
1777383528456 0.967132779611916 42
1777383530193 0.9602734567407962 43
1777383535903 0.9672349093889903 44
1777383537661 0.9664333177612403 45
1777383538504 0.964688377843496 46
1777383539598 0.9704945100445113 47
1777383540639 0.9611304500272704 48
1777383542155 0.9665602482648814 49
1777383543566 0.9697301343822183 50
1777383544674 0.9643319976847541 51
1777383545991 0.9711878262392863 52
1777383547926 0.9657003416802544 53
1777383549892 0.969062934390553 54
1777383550752 0.9602797375510702 55
1777383552120 0.9692594607053703 56
1777383553896 0.9660038844222272 57
1777383554996 0.9678315838490438 58
1777383556727 0.9703880034687875 59
1777383558314 0.9712103515745413 60
1777383559156 0.9705688787007041 61
1777383560686 0.9709138905948558 62
1777383562036 0.9762904462470647 63
1777383563550 0.9694102655852161 64
1777383564986 0.9739762494523632 65
1777383566781 0.9706648762606522 66
1777383568036 0.9743615425524716 67
1777383569257 0.9751216085449287 68
1777383570292 0.9741671274388435 69
1777383571119 0.9714727477453045 70
1777383572344 0.9755811170218479 71
1777383573196 0.9705322026819515 72
1777383574338 0.9715573102042886 73
1777383575972 0.9726527467150381 74
1777383577125 0.9772741829000249 75
1777383577998 0.9734821785888513 76
1777383579220 0.977832019984946 77
1777383580269 0.974782191837394 78
1777383582642 0.9760156871444993 79
1777383583923 0.9784437363339161 80
1777383585430 0.9787075122942395 81
1777383588676 0.9770874708177621 82
1777383592750 0.977443245138961 83
1777383594137 0.9765114804234121 84
1777383596016 0.9781303622496337 85
1777383600578 0.9808222310331027 86
1777383604385 0.976253522047087 87
1777383606966 0.9834982759711417 88
1777383610746 0.9806075295919922 89
1777383702403 0.9788657818981623 90
1777383703593 0.9748691672847888 91
1777383705144 0.9803880938912994 92
1777383715406 0.9819520274271147 93
1777383798773 0.9786271983207273 94
1777383800486 0.9804938893184536 95
1777383801328 0.9831127634913341 96
1777383802720 0.9831351828368701 97
1777383803554 0.9818098402087201 98
1777383804407 0.9811903251698252 99
1777383805299 0.9813181854211683 100
1777383814465 0.9842601845676996 101
1777383815303 0.9794996177148731 102
1777383816144 0.9836686739793037 103
1777383816979 0.9816051577430455 104
1777383817818 0.9832031994290721 105
