1777263543861 199.40552370609822 1
1777263546298 188.49946812479183 2
1777263548670 170.39222756897868 3
1777263551195 141.36478912193863 4
1777263554522 105.49188182852478 5
1777263563192 74.35061386620227 6
1777263635133 51.91890568299057 7
1777263640828 40.522950616223746 8
1777263652848 36.11935349849599 9
1777263664923 33.22464426661047 10
1777263715095 32.53549634199423 11
1777263916525 31.413008995143816 12
1777263928959 29.888835932177972 13
1777264156771 28.718439345117474 14
1777264158923 28.160978527446996 15
1777264161231 28.734781997073803 16
1777264163496 27.11797768168929 17
1777264165727 27.818759380263465 18
1777264168095 27.168088123164587 19
1777264170298 26.730572810565427 20
1777264172545 26.911091480521765 21
1777264174747 26.480884892132813 22
1777264177107 25.62207183503893 23
1777264179381 26.062409825272926 24
1777264181654 25.961739373232895 25
1777264184009 24.65982900340659 26
1777264187265 24.153778965002726 27
1777264194421 24.90947348504786 28
1777264204195 23.628268586680765 29
1777264210919 24.574194029145563 30
1777264221620 24.777482573368275 31
1777264241877 23.772398159481305 32
1777264264994 23.62196251604683 33
1777264296671 23.05597816302074 34
1777264307081 22.962377672772124 35
1777264316757 23.185715015068446 36
1777264379545 23.035065190503328 37
1777264429406 23.14044012034099 38
1777264441797 22.268652488019463 39
1777264595504 21.81935036051712 40
1777264597738 22.037528344444162 41
1777264600007 21.655665029933147 42
1777264602336 21.081236958303233 43
1777264604599 21.239167151216844 44
1777264606902 20.848700759509097 45
1777264609143 20.36474780194885 46
1777264611350 20.784034810139765 47
1777264613631 19.995354699682924 48
1777264615957 20.116620512979644 49
1777264618646 20.05326840917347 50
1777264622598 20.15942225194107 51
1777264630403 19.75644052114945 52
1777264641247 19.46500570115783 53
1777264650457 19.619664927735933 54
1777264662205 19.075527552914842 55
1777264693306 18.535037358228735 56
