1777121511325 202.2428054190062 1
1777121511963 199.5935909855324 2
1777121512601 196.96293671018412 3
1777121513233 193.82643653537048 4
1777121513886 189.6657421623631 5
1777121514524 184.18871945643141 6
1777121515157 177.89950090395138 7
1777121515790 170.8153414051999 8
1777121516421 163.1364878617748 9
1777121517051 155.22472368714335 10
1777121517680 146.3034357508394 11
1777121518314 137.03785260604093 12
1777121518944 127.56141290570594 13
1777121519576 116.39307391872593 14
1777121520208 104.28728069166681 15
1777121520853 91.68163644338762 16
1777121521488 79.15748370534841 17
1777121522125 66.59767629791035 18
1777121522761 55.677943992802255 19
1777121523396 47.35878731901953 20
1777121524025 40.11417725439318 21
1777121524659 35.7883112573959 22
1777121525298 32.88272618930226 23
1777121525933 30.985665237256285 24
1777121526568 30.331662757339895 25
1777121527199 29.72840828697937 26
1777121527832 29.122829896687687 27
1777121528469 27.705666259288797 28
1777121529100 27.18792317378998 29
1777121529737 24.37881455528742 30
1777121530371 24.508167384663576 31
1777121531003 24.67575496921586 32
1777121531636 25.329964798617837 33
1777121532268 23.720341524750044 34
1777121532903 23.26598702706915 35
1777121533539 23.720654156109397 36
1777121534177 24.702319523553857 37
1777121534841 23.559748886143183 38
1777121535478 24.11760001266904 39
1777121536114 22.713037667342626 40
1777121536750 23.07901625310181 41
1777121537381 24.864816392611495 42
1777121538016 22.063003491067914 43
1777121538649 22.381172905698342 44
1777121539282 22.776662775470424 45
1777121539911 21.32910010934848 46
1777121540540 21.610580311423487 47
1777121541170 22.079134022413278 48
1777121541804 22.528650649731695 49
1777121542433 22.16376233494313 50
1777121543067 21.826626201227825 51
1777121543703 20.655145612732994 52
1777121544333 22.664811151888763 53
1777121544985 21.134289025359283 54
1777121545619 20.686005598875745 55
1777121546251 19.858268556904072 56
1777121546876 18.705572364939812 57
1777121547505 21.263958105363184 58
1777121548139 19.374123436572475 59
1777121548771 20.492332699399807 60
1777121549403 18.223431203377118 61
1777121550035 21.1656940066515 62
1777121550678 19.843264788605303 63
1777121551314 21.002176807751678 64
1777121551949 19.586326251377276 65
1777121552581 16.968776077615782 66
1777121553211 18.48301618262104 67
1777121553844 19.863866986816085 68
1777121554474 19.9443041632113 69
1777121555142 19.170660426584323 70
1777121555777 19.67841277133953 71
1777121556409 17.47931953275427 72
1777121557042 15.815807614782512 73
1777121557679 17.134834973820965 74
1777121558311 18.820455193522985 75
1777121558943 16.940832056645988 76
1777121559572 18.292973337736985 77
1777121560203 17.0022976388487 78
1777121560835 16.59968004033229 79
1777121561468 17.50705337070203 80
1777121562106 17.826962672999887 81
1777121562741 16.82693349716367 82
1777121563373 16.95961767233557 83
1777121564005 17.13783841011152 84
1777121564632 17.054453087601125 85
1777121565285 16.45326132867309 86
1777121565916 15.90720638854889 87
1777121566547 15.632341048925522 88
1777121567179 16.37463005754586 89
1777121567809 15.987796421002303 90
1777121568445 15.82513718869494 91
1777121569075 16.743335821561775 92
1777121569704 16.73590952785684 93
1777121570335 16.244859087641967 94
1777121570966 15.167875192861093 95
1777121571596 16.44451824091485 96
1777121572230 16.429148826166976 97
1777121572860 14.258884270504772 98
1777121573486 13.989734155557212 99
1777121574114 14.777140846644269 100
1777121574749 16.870635648011866 101
1777121575381 15.876249970013435 102
1777121576050 14.859739024359422 103
1777121576678 14.672885327800168 104
1777121577308 16.093655187827515 105
1777121577943 14.61039434946487 106
1777121578575 14.781359940295424 107
1777121579208 14.236961958768791 108
1777121579841 14.325158264457597 109
1777121580476 14.995926876187966 110
1777121581116 13.563901767277134 111
1777121581748 14.711161542372555 112
1777121582380 14.257124341269591 113
1777121583011 14.04550024992018 114
1777121583644 14.771778128483668 115
1777121584275 14.142644883361633 116
1777121584905 13.471265942869499 117
1777121585533 13.409236833104599 118
1777121586183 13.687503901790254 119
1777121586815 14.413338925774895 120
