1777208640035 219.36422423309153 1
1777208640669 215.43737098053032 2
1777208641281 210.9959025348503 3
1777208641888 204.81669873598275 4
1777208642499 196.74113130534033 5
1777208643114 188.11943336868958 6
1777208643730 178.1615322727809 7
1777208644365 166.8955460200741 8
1777208644979 154.77695710807782 9
1777208645591 141.28784473431466 10
1777208646203 127.00071116820405 11
1777208646811 109.98412875046634 12
1777208647418 92.38792015553061 13
1777208648031 75.28487586676451 14
1777208648680 61.096397986260236 15
1777208649294 49.00549323005772 16
1777208649908 39.3446744486758 17
1777208650521 35.60245913099979 18
1777208651135 31.464044367171553 19
1777208651748 30.70104226096425 20
1777208652362 30.012117848353043 21
1777208652975 29.168127880234866 22
1777208653591 26.220852836619088 23
1777208654209 26.594373372810338 24
1777208654827 24.265264396535557 25
1777208655448 23.65112890904893 26
1777208656073 23.859596189857726 27
1777208656699 22.121262327739842 28
1777208657319 23.50386445223879 29
1777208657945 24.53053114174863 30
1777208658612 24.492435263560996 31
1777208659230 22.511799942088444 32
1777208659845 21.38858536637509 33
1777208660462 22.883084859134698 34
1777208661078 21.987368555511964 35
1777208661695 21.77661061920993 36
1777208662310 22.04966375117693 37
1777208662926 21.366528301006383 38
1777208663544 20.862813925259815 39
1777208664166 21.22042805984819 40
1777208664781 21.924788531269353 41
1777208665394 19.020253133037293 42
1777208666005 21.282963193012577 43
1777208666627 21.958693774550735 44
1777208667240 20.728401986465812 45
1777208667851 19.508334230589426 46
1777208668508 20.671735320482128 47
1777208669162 17.88743035598432 48
1777208669817 16.506025475085913 49
1777208670465 17.2898079613421 50
1777208671107 19.068838798298643 51
1777208672132 16.80440840588976 52
1777208672778 16.174712513144556 53
1777208673419 16.383862425456954 54
1777208674058 15.562689857756531 55
1777208674689 18.318168337618335 56
1777208675328 15.601015889674702 57
1777208675968 17.2839697180137 58
1777208676614 15.76438652814409 59
1777208677580 15.34313251534016 60
1777208678240 16.152431077947426 61
1777208679165 15.409172986047777 62
1777208679838 14.821884671101483 63
1777208680504 15.55650567611054 64
1777208681173 14.486245500821676 65
1777208681827 16.269325887498667 66
1777208682533 14.771554175607175 67
1777208685933 14.7502955212052 68
1777208686656 14.182068307535378 69
1777208689693 14.336031432488337 70
1777208690416 14.858528950316604 71
