1777428798154 181.60072326660156 1
1777428798440 178.90858459472656 2
1777428798741 176.7830047607422 3
1777428799047 174.70684814453125 4
1777428799349 172.45953369140625 5
1777428799650 170.0623779296875 6
1777428799948 167.4495849609375 7
1777428800247 164.63121032714844 8
1777428800559 161.58587646484375 9
1777428800839 158.25247192382812 10
1777428801116 154.52264404296875 11
1777428801395 150.3905029296875 12
1777428801690 145.73497009277344 13
1777428801991 140.12356567382812 14
1777428802294 134.33074951171875 15
1777428802598 128.3289031982422 16
1777428802902 122.32159423828125 17
1777428803206 116.14006042480469 18
1777428803504 109.7947006225586 19
1777428803783 103.32006072998047 20
1777428804071 96.83042907714844 21
1777428804352 90.20698547363281 22
1777428804628 84.272705078125 23
1777428804905 77.4835433959961 24
1777428805181 71.52513122558594 25
1777428805457 64.84237670898438 26
1777428805734 58.550071716308594 27
1777428806009 52.85660934448242 28
1777428806289 47.16004943847656 29
1777428806571 44.3043098449707 30
1777428806849 40.27887725830078 31
1777428807133 36.38914108276367 32
1777428807417 33.66065216064453 33
1777428807705 30.205244064331055 34
1777428807984 28.088380813598633 35
1777428808265 27.128284454345703 36
1777428808543 26.2800235748291 37
1777428808849 26.77139663696289 38
1777428809144 24.042972564697266 39
1777428809428 20.632707595825195 40
1777428809708 23.217124938964844 41
1777428809995 25.056276321411133 42
1777428810286 23.110750198364258 43
1777428810592 21.278413772583008 44
1777428810880 20.985919952392578 45
1777428811170 20.683176040649414 46
1777428811450 19.23996925354004 47
1777428811732 22.348947525024414 48
1777428812014 18.560075759887695 49
1777428812292 20.932884216308594 50
1777428812577 19.55613899230957 51
1777428812858 19.895017623901367 52
1777428813138 18.993467330932617 53
1777428813424 20.6053524017334 54
1777428813707 17.96781349182129 55
1777428813984 17.434459686279297 56
1777428814272 18.239809036254883 57
1777428814553 18.064760208129883 58
1777428814830 17.23017120361328 59
1777428815112 16.647912979125977 60
1777428815388 16.58708953857422 61
1777428815679 15.264389038085938 62
1777428815956 16.48825454711914 63
1777428816237 15.443376541137695 64
1777428816515 16.592803955078125 65
1777428816793 16.518882751464844 66
1777428817073 18.790197372436523 67
1777428817372 16.191444396972656 68
1777428817663 19.598657608032227 69
1777428817940 17.272438049316406 70
1777428818220 16.233713150024414 71
1777428818503 17.305225372314453 72
1777428818778 16.10447883605957 73
1777428819086 16.728139877319336 74
1777428819397 16.21335220336914 75
1777428819691 16.132190704345703 76
1777428819973 15.731691360473633 77
1777428820251 14.569328308105469 78
1777428820528 14.8190336227417 79
1777428820828 14.455831527709961 80
1777428821106 14.674511909484863 81
1777428821401 15.279023170471191 82
1777428821679 15.349128723144531 83
1777428821955 17.14636993408203 84
1777428822265 16.42504119873047 85
1777428822579 14.18107795715332 86
1777428822881 15.722564697265625 87
1777428823184 16.018857955932617 88
1777428823489 16.634445190429688 89
1777428823824 14.046794891357422 90
1777428824131 13.90280532836914 91
1777428824444 15.645162582397461 92
1777428824749 15.077935218811035 93
1777428825053 15.72883415222168 94
1777428825360 13.323175430297852 95
1777428825661 14.640588760375977 96
1777428825987 13.776904106140137 97
