1777230411996 40482.96484375 1
1777230419512 38768.30859375 2
1777230429375 36639.80390625 3
1777230458312 33795.83359375 4
1777230460315 29621.78515625 5
1777230462090 24665.54609375 6
1777230464849 19307.8953125 7
1777230467367 14295.19140625 8
1777230470362 9884.2537109375 9
1777230474391 6496.07578125 10
1777230480542 3975.650244140625 11
1777230482986 2650.206591796875 12
1777230488598 1772.4802734375 13
1777230512662 1328.60390625 14
1777230617732 1213.8980224609375 15
1777230620508 1025.6582641601562 16
1777230622120 967.959912109375 17
1777230624433 888.6193725585938 18
1777230627302 784.0134765625 19
1777230628746 823.7257568359375 20
1777230630129 714.1123413085937 21
1777230641079 754.6858764648438 22
1777230647455 679.2895263671875 23
1777230648870 714.2536254882813 24
1777230650458 591.6460205078125 25
1777230653034 679.4672119140625 26
1777230657164 618.109033203125 27
1777230661708 561.4917846679688 28
1777230666192 558.2297729492187 29
1777230670102 667.2935791015625 30
1777230673820 564.3900268554687 31
1777230676546 615.916455078125 32
1777230680967 645.1265991210937 33
1777230724303 591.4812744140625 34
1777230727248 549.6302368164063 35
1777230728894 570.9378662109375 36
1777230746531 511.05181274414065 37
1777230758781 556.8155212402344 38
1777230770444 537.9224975585937 39
1777230833769 538.1798828125 40
1777230834962 533.6198547363281 41
1777230836066 521.2902587890625 42
1777230837224 461.8458312988281 43
1777230838592 535.8326599121094 44
1777230839877 517.7562622070312 45
1777230841194 520.5177551269531 46
1777230842493 536.2483703613282 47
1777230843781 488.6107971191406 48
1777230845094 466.92510375976565 49
1777230846444 503.558056640625 50
1777230847867 445.7985778808594 51
1777230849395 434.5214050292969 52
1777230850866 462.7030395507812 53
1777230852713 446.45618896484376 54
1777230856732 431.91539306640624 55
1777230859504 421.0037475585938 56
1777231333410 392.62713623046875 57
1777231357839 414.75213012695315 58
1777231362169 435.66900024414065 59
1777231369255 423.06513061523435 60
1777231395123 395.4259094238281 61
1777231396622 395.1061645507813 62
1777231397988 363.01409301757815 63
1777231399291 380.28956909179686 64
1777231400729 365.7017761230469 65
1777231402072 396.6541320800781 66
1777231403390 356.61787109375 67
1777231404709 338.5789428710938 68
1777231406105 352.5122985839844 69
1777231407731 370.112255859375 70
1777231424225 390.6501037597656 71
1777231443156 363.33136596679685 72
1777231446833 359.075634765625 73
1777231450247 322.2161560058594 74
1777231469834 322.43300170898436 75
1777231472135 350.1954711914062 76
1777231476651 373.31732177734375 77
1777231479636 323.9523986816406 78
1777231482894 333.0304321289062 79
1777231486243 305.53294067382814 80
1777231506177 331.8412658691406 81
1777231525454 320.1040283203125 82
1777231530036 331.57371215820314 83
1777231531886 300.01264038085935 84
1777231540280 313.7239135742187 85
1777231546164 304.6108703613281 86
1777231549126 288.8662414550781 87
1777231553691 306.5546447753906 88
1777231557849 311.2212219238281 89
1777231568844 275.3358520507812 90
1777231592122 315.8188537597656 91
1777231593490 269.28302612304685 92
1777231594821 263.6650360107422 93
1777231596119 290.6915649414062 94
1777231597389 272.47423400878904 95
1777231598734 284.28427734375 96
1777231600062 255.95299682617187 97
1777231601468 266.22975769042966 98
1777231602918 269.10240783691404 99
1777231604288 284.1551513671875 100
1777231605793 262.3548828125 101
1777231618754 261.2084686279297 102
1777231680888 260.80719604492185 103
1777231700967 281.48195190429686 104
1777231702401 251.09286193847657 105
1777231786225 265.7773376464844 106
1777231796715 258.36644287109374 107
1777231798418 281.9764770507812 108
1777231799967 255.32222595214844 109
