1777230411996 -1.7393137433638337 1
1777230419512 -1.6232901567276183 2
1777230429375 -1.4792629656287821 3
1777230458312 -1.2868235268340182 4
1777230460315 -1.0043829419960044 5
1777230462090 -0.669015057969325 6
1777230464849 -0.3064850747523866 7
1777230467367 0.03270380258175465 8
1777230470362 0.3311736544002454 9
1777230474391 0.5604375814527547 10
1777230480542 0.7309842705911997 11
1777230482986 0.8206715402826666 12
1777230488598 0.8800636361779215 13
1777230512662 0.910098901686684 14
1777230617732 0.9178605687281979 15
1777230620508 0.9305979800652582 16
1777230622120 0.9345021777444991 17
1777230624433 0.9398708178480586 18
1777230627302 0.9469490673101753 19
1777230628746 0.9442619041941868 20
1777230630129 0.9516789900660747 21
1777230641079 0.9489335419911673 22
1777230647455 0.9540353009486752 23
1777230648870 0.9516694282384758 24
1777230650458 0.9599657731660461 25
1777230653034 0.95402328114106 26
1777230657164 0.9581751362387241 27
1777230661708 0.9620061843359371 28
1777230666192 0.9622269119306484 29
1777230670102 0.9548470171929243 30
1777230673820 0.9618100766808629 31
1777230676546 0.9583234909066772 32
1777230680967 0.9563469623290093 33
1777230724303 0.9599769178916869 34
1777230727248 0.9628088083652506 35
1777230728894 0.961367010428466 36
1777230746531 0.9654192495149003 37
1777230758781 0.9623226107673758 38
1777230770444 0.9636010199498242 39
1777230833769 0.9635836063972187 40
1777230834962 0.9638921626266616 41
1777230836066 0.9647264542371736 42
1777230837224 0.9687488118199985 43
1777230838592 0.9637424318174832 44
1777230839877 0.9649655845094461 45
1777230841194 0.9647787301261401 46
1777230842493 0.9637143061889561 47
1777230843781 0.9669377396458215 48
1777230845094 0.968405119678323 49
1777230846444 0.9659263164067762 50
1777230847867 0.9698346633430922 51
1777230849395 0.9705977426289184 52
1777230850866 0.9686908084972834 53
1777230852713 0.9697901669419378 54
1777230856732 0.9707740806129571 55
1777230859504 0.9715124277014668 56
1777231333410 0.9734325529420786 57
1777231357839 0.971935447948826 58
1777231362169 0.9705200901502375 59
1777231369255 0.9713729414198781 60
1777231395123 0.9732431731607618 61
1777231396622 0.9732648098290239 62
1777231397988 0.9754363460154162 63
1777231399291 0.9742673843220172 64
1777231400729 0.9752544799622103 65
1777231402072 0.9731600629904565 66
1777231403390 0.9758691496433366 67
1777231404709 0.9770897704491163 68
1777231406105 0.9761469617619051 69
1777231407731 0.9749560429815992 70
1777231424225 0.9735663299270563 71
1777231443156 0.9754148777913045 72
1777231446833 0.9757028427065564 73
1777231450247 0.9781969728913246 74
1777231469834 0.9781822984701719 75
1777231472135 0.9763037290128759 76
1777231476651 0.9747391699373433 77
1777231479636 0.978079486664351 78
1777231482894 0.9774652171806016 79
1777231486243 0.9793258545825014 80
1777231506177 0.977545683141752 81
1777231525454 0.9783398907976456 82
1777231530036 0.9775637857677602 83
1777231531886 0.9796993908624044 84
1777231540280 0.9787716075567926 85
1777231546164 0.9793882488111756 86
1777231549126 0.9804536213470916 87
1777231553691 0.9792567213127431 88
1777231557849 0.9789409547720882 89
1777231568844 0.9813691684125528 90
1777231592122 0.9786298530181962 91
1777231593490 0.9817787360729193 92
1777231594821 0.9821588843378778 93
1777231596119 0.980330112310472 94
1777231597389 0.9815628026636626 95
1777231598734 0.9807636650680128 96
1777231600062 0.982680723789313 97
1777231601468 0.981985341597459 98
1777231602918 0.9817909593894762 99
1777231604288 0.9807724032251215 100
1777231605793 0.9822475366573242 101
1777231618754 0.9823251107093693 102
1777231680888 0.9823522604903002 103
1777231700967 0.9809532885147032 104
1777231702401 0.9830095920510559 105
1777231786225 0.9820159531894135 106
1777231796715 0.9825174175105027 107
1777231798418 0.9809198229023749 108
1777231799967 0.9827234067449696 109
