1777230411996 155.31439775739398 1
1777230419512 149.9182446725028 2
1777230429375 143.26744390578497 3
1777230458312 135.26520644414992 4
1777230460315 124.41705339704241 5
1777230462090 110.51080002557664 6
1777230464849 93.59163620721726 7
1777230467367 76.47695373535156 8
1777230470362 59.944165823800226 9
1777230474391 45.76502825055804 10
1777230480542 34.22535829816546 11
1777230482986 27.8575247047061 12
1777230488598 22.880327813284737 13
1777230512662 20.468474364507767 14
1777230617732 19.525310220264252 15
1777230620508 17.977758999779113 16
1777230622120 17.444214183262417 17
1777230624433 16.68446291242327 18
1777230627302 15.425393847510929 19
1777230628746 15.837972037905738 20
1777230630129 14.872461159115746 21
1777230641079 15.270190614972796 22
1777230647455 14.376464505876813 23
1777230648870 14.612853727794828 24
1777230650458 13.231064420427595 25
1777230653034 14.487606753394717 26
1777230657164 13.440108853294737 27
1777230661708 12.814613178798131 28
1777230666192 12.657580014183408 29
1777230670102 14.143981335957845 30
1777230673820 12.991595262799944 31
1777230676546 13.310654790969123 32
1777230680967 13.698791689191546 33
1777230724303 13.08452537536621 34
1777230727248 12.525849126180013 35
1777230728894 12.826295874459403 36
1777230746531 12.027847359066918 37
1777230758781 12.550298233032226 38
1777230770444 12.38644042242141 39
1777230833769 12.35569646744501 40
1777230834962 12.228073112851098 41
1777230836066 12.098631191253663 42
1777230837224 11.369645520164854 43
1777230838592 12.2820231065296 44
1777230839877 12.02198594956171 45
1777230841194 12.069000044323149 46
1777230842493 12.195236987159365 47
1777230843781 11.529504463559105 48
1777230845094 11.316106069655646 49
1777230846444 11.928224705287388 50
1777230847867 11.030626573108492 51
1777230849395 10.79306194396246 52
1777230850866 11.103140297844297 53
1777230852713 11.002021958487374 54
1777230856732 10.962253188178654 55
1777230859504 10.33247786022368 56
1777231333410 10.226168710617792 57
1777231357839 10.459420869009836 58
1777231362169 10.695766568865094 59
1777231369255 10.74933874039423 60
1777231395123 10.309087535313198 61
1777231396622 10.401843966529484 62
1777231397988 9.696279671078637 63
1777231399291 9.915893293108258 64
1777231400729 9.629919775099982 65
1777231402072 10.337699748447964 66
1777231403390 9.668627243041993 67
1777231404709 9.369029239472889 68
1777231406105 9.447274268014091 69
1777231407731 9.808716448829287 70
1777231424225 10.274987958272298 71
1777231443156 9.806641587756928 72
1777231446833 9.67617669241769 73
1777231450247 9.077988464718773 74
1777231469834 9.071497737339564 75
1777231472135 9.529069835117886 76
1777231476651 9.931885383242653 77
1777231479636 9.093773295084635 78
1777231482894 9.149660184951056 79
1777231486243 8.693661560785202 80
1777231506177 9.30388775416783 81
1777231525454 9.011254203433083 82
1777231530036 9.2332443019322 83
1777231531886 8.674555903843471 84
1777231540280 8.803016851515997 85
1777231546164 8.661621026538667 86
1777231549126 8.424725496201289 87
1777231553691 8.688304868425641 88
1777231557849 8.853071398053851 89
1777231568844 8.222904503231957 90
1777231592122 8.921267667497908 91
1777231593490 8.042563347589402 92
1777231594821 7.901618392581032 93
1777231596119 8.396466251554942 94
1777231597389 8.102177576337542 95
1777231598734 8.41451139904204 96
1777231600062 7.772376276652018 97
1777231601468 7.963820737202962 98
1777231602918 8.056492491222564 99
1777231604288 8.20505392165411 100
1777231605793 7.885956915900821 101
1777231618754 7.9223192505609425 102
1777231680888 7.862718453180222 103
1777231700967 8.226215309415545 104
1777231702401 7.776189319065639 105
1777231786225 7.895967240106492 106
1777231796715 7.8425179290771485 107
1777231798418 8.26650256565639 108
1777231799967 7.7395946993146625 109
