1777204232987 -1.7947322114395625 1
1777204233532 -1.7327962587160703 2
1777204233953 -1.679288715734217 3
1777204234421 -1.6234719326584481 4
1777204234873 -1.5606217332240764 5
1777204235387 -1.4906001118007963 6
1777204235842 -1.411931544661301 7
1777204236266 -1.3238631705023844 8
1777204236688 -1.2383147791528368 9
1777204237146 -1.152187575953834 10
1777204237562 -1.0595392008240072 11
1777204237978 -0.965340941286073 12
1777204238388 -0.8742812545004042 13
1777204238798 -0.7771363312161106 14
1777204239199 -0.6792765387668369 15
1777204239601 -0.5856950832165833 16
1777204240000 -0.4863768147943335 17
1777204240404 -0.3874063205604523 18
1777204240807 -0.2862912420726922 19
1777204241207 -0.19051271364692224 20
1777204241608 -0.07316043771489311 21
1777204242010 0.054109653428895954 22
1777204242409 0.20922457234084668 23
1777204242818 0.33328400308548123 24
1777204243215 0.44842912250012945 25
1777204243613 0.5620146159327662 26
1777204244010 0.6280341250608747 27
1777204244407 0.7062649604191734 28
1777204244806 0.7601150820833136 29
1777204245211 0.8069147599294645 30
1777204248031 0.8314852011691837 31
1777204248785 0.8820166324385643 32
1777204249273 0.8984829162830246 33
1777204249760 0.9201559699043815 34
1777204250226 0.9178272720313406 35
1777204250680 0.9159338297098196 36
1777204251224 0.9285623190401173 37
1777204251718 0.9333225239070401 38
1777204252174 0.944057627259264 39
1777204252690 0.9362931001730915 40
1777204253140 0.9462602726926311 41
1777204253586 0.9483119902214081 42
1777204254030 0.9454451921598515 43
1777204254490 0.9547330268904782 44
1777204254928 0.9509775740444856 45
1777204255388 0.9549771040541346 46
1777204255843 0.9547489330541181 47
1777204256952 0.9594483697800791 48
1777204257404 0.9557663338999141 49
1777204257852 0.9542267035130876 50
1777204258302 0.9602540740479762 51
1777204258758 0.9575322757623634 52
1777204259220 0.9647649428234556 53
1777204259671 0.9554449076247137 54
1777204260197 0.9618679433459286 55
1777204260743 0.9504909824279866 56
1777204261237 0.9517844655667023 57
1777204261715 0.9705217842699234 58
1777204262235 0.9529682190081162 59
1777204262703 0.9651521044275616 60
1777204263202 0.9669326738720759 61
1777204263669 0.9692717830522267 62
1777204264186 0.9646039658515622 63
1777204265101 0.975742927942065 64
1777204265578 0.9595713977405069 65
1777204266157 0.971283849330973 66
1777204266732 0.9632967278134437 67
1777204267214 0.9686987603360129 68
1777204267749 0.972404460122786 69
1777204268252 0.9646119417651959 70
1777204268776 0.9732006536717859 71
1777204269294 0.9704336357104343 72
1777204270264 0.9744710792153941 73
1777204270876 0.979207885278436 74
1777204271506 0.971187362085697 75
1777204272094 0.970310600139402 76
1777204272515 0.9711865274560578 77
1777204272922 0.9677975531277028 78
1777204273329 0.9663388843527431 79
1777204273737 0.9755378754219928 80
1777204274141 0.9759578767850013 81
1777204274546 0.9785924752998335 82
1777204274951 0.9749160560458724 83
1777204275364 0.9703243499650683 84
1777204275771 0.9736710245529876 85
1777204276207 0.9778475069321452 86
1777204276612 0.9752254119021576 87
1777204277022 0.9798211795089565 88
1777204277429 0.969797873706664 89
1777204277836 0.9799806099029439 90
1777204278244 0.974968518480334 91
1777204278648 0.9770182547150436 92
1777204279056 0.9772660280956733 93
1777204279458 0.9760450892401231 94
1777204279859 0.9741806585433846 95
1777204280261 0.9724396972221415 96
1777204280665 0.9766433258894178 97
1777204281064 0.9801365426691491 98
1777204281469 0.9764631854151103 99
1777204281870 0.9834363942806246 100
1777204282270 0.9820242415210558 101
1777204282669 0.981006929465647 102
1777204283068 0.9791363553172803 103
1777204283468 0.9772629128215187 104
1777204283869 0.9805537382559238 105
1777204284271 0.9797366459866582 106
1777204284692 0.9775578338977222 107
1777204286040 0.9793537843741583 108
1777204286473 0.9800569417365347 109
1777204286897 0.9794775581738381 110
1777204287323 0.9813315369735754 111
1777204287775 0.9851111522805391 112
1777204288262 0.9793007473390485 113
1777204288685 0.9766926578285156 114
1777204289104 0.9760210803194392 115
1777204289523 0.9821742313167572 116
1777204289941 0.9767594840107489 117
1777204290355 0.9818798529277938 118
1777204290767 0.9826069322419957 119
1777204291186 0.9792719044160015 120
1777204291608 0.979487573729508 121
1777204292023 0.9808018465031565 122
1777204292440 0.9842678211236776 123
1777204294066 0.979915360741035 124
1777204294471 0.9858221260246309 125
1777204294875 0.9848975276230446 126
1777204295274 0.9805210329510361 127
1777204295678 0.9793376980928759 128
1777204296086 0.9855440396058299 129
1777204296495 0.9815778085282284 130
1777204298887 0.9830535352049927 131
1777204299411 0.9852071942456848 132
1777204299912 0.9830713034298946 133
1777204300363 0.9856891979360365 134
1777204300805 0.9844421356801543 135
1777204301247 0.9818395169259034 136
