1777299616719 213.7930856278389 1
1777299617457 211.11570599735677 2
1777299618168 208.59169211568422 3
1777299618859 205.29931939539637 4
1777299619565 200.88496962912546 5
1777299620246 195.29852594742985 6
1777299620929 189.01491954304757 7
1777299621612 181.83753302495273 8
1777299622324 173.99053658421957 9
1777299623015 165.15161154419272 10
1777299623703 156.02075473477822 11
1777299624409 146.57397828370767 12
1777299625097 135.76713533076298 13
1777299625789 124.12541135552645 14
1777299626475 110.89268227985528 15
1777299627159 98.28074340253706 16
1777299627857 85.30569618450458 17
1777299628576 72.2810617505113 18
1777299629264 60.38173300469674 19
1777299629944 51.587141579624515 20
1777299630643 43.05433981825645 21
1777299631321 38.852322468524974 22
1777299632004 33.949027544421746 23
1777299632688 34.661720001139074 24
1777299633381 31.845693181849164 25
1777299634084 29.365971416535167 26
1777299634789 29.333640300405264 27
1777299635485 27.182983761118983 28
1777299636168 27.889184564781985 29
1777299636918 25.87103299881874 30
1777299637612 27.101870141008124 31
1777299638327 25.61879164145926 32
1777299638998 23.320627104340208 33
1777299639656 25.219451410945833 34
1777299640304 24.306548959827424 35
1777299640962 25.056017806311175 36
1777299641634 24.379075045567845 37
1777299642288 22.473637769235808 38
1777299642941 25.177624554873738 39
1777299643625 21.84431903995876 40
1777299644309 23.794505400680038 41
1777299645000 25.427549283388835 42
1777299645691 22.009773016049852 43
1777299646379 24.027858567071487 44
1777299647079 22.01281635377349 45
1777299647774 22.453923175702585 46
1777299648494 21.938526182162292 47
1777299649184 22.73504516520999 48
1777299649876 23.196513455146484 49
1777299650562 19.492188285037543 50
1777299651258 21.94829310350021 51
1777299651963 19.97604677945995 52
1777299652648 20.353467641402833 53
1777299653450 20.599291038253845 54
1777299654132 19.573205902284386 55
1777299654825 20.157798548762205 56
1777299655507 22.202458866877244 57
1777299656193 19.28282807511667 58
1777299656887 18.843642736415752 59
1777299657575 18.7349973167768 60
1777299658276 18.493447344580655 61
1777299658973 17.892288355367896 62
1777299659667 19.77196042308339 63
1777299660356 19.4682135693482 64
1777299661052 19.96966370929961 65
1777299661761 18.46920615225521 66
1777299662453 19.306258562784322 67
1777299663112 18.064620741293375 68
1777299663781 16.312222765903506 69
1777299664435 17.00593330269045 70
1777299665094 17.221552777951974 71
1777299665738 17.424302866819627 72
1777299666387 16.146287959592748 73
1777299667031 14.696368827776324 74
1777299667710 14.803983544217184 75
1777299668363 16.192318588107263 76
1777299669015 15.103030640520537 77
1777299669681 15.700934398587233 78
1777299670334 16.24717055941815 79
1777299671078 15.036878705690068 80
1777299671725 15.043470545291225 81
1777299672371 14.95976806383593 82
1777299673014 15.595176514121297 83
1777299673657 15.588959061171167 84
1777299674306 14.39518423000365 85
1777299674949 15.457850066305223 86
