1777299616719 -1.8409848383751584 1
1777299617457 -1.7702738487779803 2
1777299618168 -1.704429283578965 3
1777299618859 -1.6197305071632033 4
1777299619565 -1.5082828170438656 5
1777299620246 -1.3707159893975456 6
1777299620929 -1.2206177379248526 7
1777299621612 -1.0551742698210491 8
1777299622324 -0.8816254458904698 9
1777299623015 -0.6953030401626027 10
1777299623703 -0.5130276452990545 11
1777299624409 -0.33535394809775576 12
1777299625097 -0.14570454741793293 13
1777299625789 0.042357877178281544 14
1777299626475 0.23565217360026275 15
1777299627159 0.3996295471655628 16
1777299627857 0.5476730425511787 17
1777299628576 0.6752635776053546 18
1777299629264 0.7733811887367087 19
1777299629944 0.8345842095385657 20
1777299630643 0.8847806612440362 21
1777299631321 0.9061755346680809 22
1777299632004 0.9283476497600078 23
1777299632688 0.9253237726115111 24
1777299633381 0.9369375561803108 25
1777299634084 0.9463982598176836 26
1777299634789 0.9465003169511925 27
1777299635485 0.9540698060257307 28
1777299636168 0.95163302201172 29
1777299636918 0.9583971519635819 30
1777299637612 0.9543237369838831 31
1777299638327 0.959204686431585 32
1777299638998 0.9661960260690444 33
1777299639656 0.9604656851862746 34
1777299640304 0.9632541560390935 35
1777299640962 0.9609355885430474 36
1777299641634 0.963058067673163 37
1777299642288 0.9686048529325451 38
1777299642941 0.9605901234698901 39
1777299643625 0.9703404120090289 40
1777299644309 0.9647982233078364 41
1777299645000 0.9598044729907887 42
1777299645691 0.969889421632077 43
1777299646379 0.9641123411978874 44
1777299647079 0.9698814071632391 45
1777299647774 0.9686618088270577 46
1777299648494 0.9700737769553086 47
1777299649184 0.967872035932527 48
1777299649876 0.9665537230347997 49
1777299650562 0.9763834171099643 50
1777299651258 0.9700574297562324 51
1777299651963 0.9751919934909319 52
1777299652648 0.974250838344921 53
1777299653450 0.9736250805832547 54
1777299654132 0.9761874697154382 55
1777299654825 0.9747295409248048 56
1777299655507 0.9693504088056196 57
1777299656193 0.9768823203012398 58
1777299656887 0.9779287409747308 59
1777299657575 0.9781656705883326 60
1777299658276 0.9787398698163184 61
1777299658973 0.9800963822329911 62
1777299659667 0.9757006909471823 63
1777299660356 0.9764349865437028 64
1777299661052 0.9752129647431343 65
1777299661761 0.9787890888169573 66
1777299662453 0.9768298760794067 67
1777299663112 0.9797112912038404 68
1777299663781 0.9834557049952157 69
1777299664435 0.9820183074009587 70
1777299665094 0.9815574899707242 71
1777299665738 0.981119037464117 72
1777299666387 0.9837926385101782 73
1777299667031 0.9865750704953816 74
1777299667710 0.9863748229162432 75
1777299668363 0.9837019209844499 76
1777299669015 0.9858176408720492 77
1777299669681 0.9846747777984275 78
1777299670334 0.9835923547656911 79
1777299671078 0.9859304122659132 80
1777299671725 0.9859313171308628 81
1777299672371 0.9860893486476021 82
1777299673014 0.9848827354472431 83
1777299673657 0.9848948274907009 84
1777299674306 0.987119535293405 85
1777299674949 0.9851406466964157 86
