1777200734680 176.513298877424 1
1777200735067 173.76852005869935 2
1777200735572 171.39789074307504 3
1777200738725 168.91212619444838 4
1777200739098 166.2684070937192 5
1777200739474 163.41765520016676 6
1777200739847 160.34898031336184 7
1777200740225 157.11778070214615 8
1777200740601 153.6593660034679 9
1777200740978 150.02329036995795 10
1777200741359 146.24465352899495 11
1777200741735 142.32145211126706 12
1777200742124 138.21460833123106 13
1777200742504 134.0244377399313 14
1777200742910 129.5516221020251 15
1777200743290 124.9643922155883 16
1777200743665 120.20607748650306 17
1777200744039 114.92291379713441 18
1777200744413 109.23458954606538 19
1777200744789 103.29680955932545 20
1777200745166 96.73661802861511 21
1777200745539 89.01659128444366 22
1777200745912 81.8261152721162 23
1777200746287 74.6419481537204 24
1777200746660 68.37566895654925 25
1777200747036 62.53752540887134 26
1777200747411 55.04027072008 27
1777200747786 48.302148322903015 28
1777200748158 42.52151613218752 29
1777200748533 37.02994638127517 30
1777200748908 33.02184903419624 31
1777200749283 29.39755331738381 32
1777200749662 26.10726718690784 33
1777200750035 23.699579530957845 34
1777200750787 24.92333141173068 35
1777200751252 19.853910850823656 36
1777200751637 20.09704293429956 37
1777200752023 18.280710017451202 38
1777200752410 17.685824663439806 39
1777200753034 17.61755524261314 40
1777200753425 18.336997351543307 41
1777200753809 15.605639507309307 42
1777200754194 16.341423742538442 43
1777200754581 16.587817515914445 44
1777200754964 14.988012949811443 45
1777200755345 12.620072272282327 46
1777200755731 15.386295913883568 47
1777200756115 16.897898978897175 48
1777200756677 13.527292427718466 49
1777200757059 14.134774614397648 50
1777200757441 13.801292365925274 51
1777200757822 13.51586125762333 52
1777200758201 11.8769404362824 53
1777200758583 11.872145663918563 54
1777200758964 13.962688568668154 55
1777200759344 12.054588560888044 56
1777200759905 14.177581807174995 57
1777200760668 14.282924227377325 58
1777200761049 11.931035878712638 59
1777200761428 14.019175688332803 60
1777200761805 10.862795765674441 61
1777200762187 11.514800969652793 62
1777200762563 13.322086535442091 63
1777200762943 11.203839387341873 64
1777200763323 10.505277129239607 65
1777200763729 12.770505703937792 66
1777200764111 11.127387692258067 67
1777200764492 9.960212932700376 68
1777200764874 10.390106002187812 69
1777200765250 10.847178295298253 70
1777200765634 9.892376647784236 71
1777200766011 10.449628270348216 72
1777200766389 9.314948380724998 73
1777200766768 11.70744565047415 74
1777200767910 10.478577284419975 75
1777200768297 10.226978044214476 76
1777200769066 8.834725660305146 77
1777200769447 9.75238378447862 78
1777200769827 9.281358486445308 79
1777200770207 8.592748531606865 80
1777200771354 8.077252406393972 81
1777200771742 9.048713230097384 82
1777200772126 10.180530030848617 83
1777200772885 8.635099773585344 84
1777200773271 8.253497106996912 85
1777200773709 8.732496918188348 86
1777200774099 8.734099701369178 87
1777200774490 8.379592631867864 88
1777200774880 7.817209930464512 89
1777200775265 7.303483902258458 90
1777200776071 7.4814199908026335 91
1777200776462 8.618535341678621 92
1777200777657 7.373052735554412 93
1777200778045 7.255186079817861 94
1777200778434 6.407930275489544 95
1777200778823 7.470672499569169 96
1777200779210 6.930290856743193 97
1777200779608 7.203416058781689 98
1777200779995 7.920939854611297 99
1777200780383 7.223585054652863 100
1777200780774 7.144430779769782 101
1777200781164 6.53696959064691 102
1777200781553 7.036564886604813 103
1777200782330 7.64214659601119 104
1777200782733 7.964804720697453 105
1777200783125 7.622699043055434 106
1777200784477 6.509872443490667 107
1777200786637 7.787430954982773 108
