1777200734680 48627.68359375 1
1777200735067 47659.0234375 2
1777200735572 46832.921875 3
1777200738725 45947.50390625 4
1777200739098 44970.15625 5
1777200739474 43882.37890625 6
1777200739847 42649.16796875 7
1777200740225 41225.99609375 8
1777200740601 39786.4375 9
1777200740978 38310.1171875 10
1777200741359 36862.0546875 11
1777200741735 35312.859375 12
1777200742124 33803.46484375 13
1777200742504 32267.900390625 14
1777200742910 30667.34765625 15
1777200743290 29067.0859375 16
1777200743665 27401.126953125 17
1777200744039 25661.75390625 18
1777200744413 24069.30078125 19
1777200744789 22052.296875 20
1777200745166 19869.8125 21
1777200745539 17377.3203125 22
1777200745912 15037.1796875 23
1777200746287 13074.8193359375 24
1777200746660 11210.77734375 25
1777200747036 9329.2265625 26
1777200747411 7564.5869140625 27
1777200747786 6345.30908203125 28
1777200748158 4935.57080078125 29
1777200748533 4004.158935546875 30
1777200748908 3189.680908203125 31
1777200749283 2462.625244140625 32
1777200749662 2084.466796875 33
1777200750035 1704.5106201171875 34
1777200750787 1792.36083984375 35
1777200751252 1245.048828125 36
1777200751637 1212.702392578125 37
1777200752023 1016.8939819335938 38
1777200752410 984.3106079101562 39
1777200753034 957.6299438476562 40
1777200753425 1041.0045166015625 41
1777200753809 778.4176025390625 42
1777200754194 821.0589599609375 43
1777200754581 877.82666015625 44
1777200754964 703.4253540039062 45
1777200755345 539.10400390625 46
1777200755731 746.7755737304688 47
1777200756115 850.1246948242188 48
1777200756677 613.5960083007812 49
1777200757059 669.0255126953125 50
1777200757441 626.2824096679688 51
1777200757822 602.888671875 52
1777200758201 519.4581909179688 53
1777200758583 524.4639892578125 54
1777200758964 644.5208740234375 55
1777200759344 530.39404296875 56
1777200759905 624.0833740234375 57
1777200760668 618.76025390625 58
1777200761049 504.117919921875 59
1777200761428 654.1773681640625 60
1777200761805 447.1714172363281 61
1777200762187 506.5684509277344 62
1777200762563 609.65576171875 63
1777200762943 453.27325439453125 64
1777200763323 432.0660400390625 65
1777200763729 556.6802978515625 66
1777200764111 439.9758605957031 67
1777200764492 425.4255065917969 68
1777200764874 403.8116455078125 69
1777200765250 425.2293701171875 70
1777200765634 375.50921630859375 71
1777200766011 395.9927062988281 72
1777200766389 336.9162292480469 73
1777200766768 531.9863891601562 74
1777200767910 417.9476318359375 75
1777200768297 401.67681884765625 76
1777200769066 316.41131591796875 77
1777200769447 333.6037902832031 78
1777200769827 337.1412048339844 79
1777200770207 298.7931823730469 80
1777200771354 310.56365966796875 81
1777200771742 314.4576721191406 82
1777200772126 364.5032958984375 83
1777200772885 299.61181640625 84
1777200773271 295.8586730957031 85
1777200773709 293.3050537109375 86
1777200774099 314.57916259765625 87
1777200774490 304.905029296875 88
1777200774880 268.8299865722656 89
1777200775265 228.04635620117188 90
1777200776071 232.8771514892578 91
1777200776462 297.3800964355469 92
1777200777657 240.20558166503906 93
1777200778045 243.8977508544922 94
1777200778434 190.22471618652344 95
1777200778823 251.3125762939453 96
1777200779210 211.5056915283203 97
1777200779608 220.76986694335938 98
1777200779995 265.4007568359375 99
1777200780383 232.583740234375 100
1777200780774 225.46214294433594 101
1777200781164 198.81878662109375 102
1777200781553 226.44473266601562 103
1777200782330 244.51644897460938 104
1777200782733 264.96942138671875 105
1777200783125 260.0975036621094 106
1777200784477 198.87025451660156 107
1777200786637 269.6867370605469 108
