1777383830843 195.1793670654297 1
1777383831198 193.37640380859375 2
1777383831543 191.55502319335938 3
1777383831889 189.95773315429688 4
1777383832242 188.27862548828125 5
1777383832595 186.46775817871094 6
1777383833114 184.47698974609375 7
1777383833598 182.22015380859375 8
1777383833957 179.71653747558594 9
1777383834508 177.07374572753906 10
1777383834975 174.33555603027344 11
1777383835326 171.41635131835938 12
1777383836058 168.21923828125 13
1777383836428 164.7293701171875 14
1777383836858 161.11874389648438 15
1777383837591 157.3523712158203 16
1777383837941 153.52542114257812 17
1777383838307 149.54470825195312 18
1777383838661 145.43731689453125 19
1777383839007 141.21910095214844 20
1777383839343 136.72882080078125 21
1777383839684 132.01080322265625 22
1777383840030 127.32720947265625 23
1777383840372 122.24459838867188 24
1777383840990 116.956787109375 25
1777383841335 111.695068359375 26
1777383842476 106.14698028564453 27
1777383842832 100.80097961425781 28
1777383843196 94.93775939941406 29
1777383843554 89.6868896484375 30
1777383843917 83.93733215332031 31
1777383844282 78.10794830322266 32
1777383845117 72.68551635742188 33
1777383845639 67.5777816772461 34
1777383846555 62.40365219116211 35
1777383846923 57.4132194519043 36
1777383847640 52.63806915283203 37
1777383847989 48.49116134643555 38
1777383848325 44.29247283935547 39
1777383848762 40.30807113647461 40
1777383849113 37.508811950683594 41
1777383849507 35.12725067138672 42
1777383849857 31.418996810913086 43
1777383850462 30.750370025634766 44
1777383850810 27.099445343017578 45
1777383851148 26.66550064086914 46
1777383851654 24.27791976928711 47
1777383852406 23.718719482421875 48
1777383852805 23.297683715820312 49
1777383853162 23.92438507080078 50
1777383853518 23.64750099182129 51
1777383853883 23.870494842529297 52
1777383854259 22.026172637939453 53
1777383854623 21.019554138183594 54
1777383855056 20.829580307006836 55
1777383855433 20.7829647064209 56
1777383855804 20.080223083496094 57
1777383856188 21.421205520629883 58
1777383856789 21.500272750854492 59
1777383857155 19.29979705810547 60
1777383857495 19.646862030029297 61
1777383858077 19.59383773803711 62
1777383858429 19.720142364501953 63
1777383858797 19.64546775817871 64
1777383859158 19.630138397216797 65
1777383859848 19.237226486206055 66
1777383860194 18.7991886138916 67
1777383860542 18.503511428833008 68
1777383860881 19.7956485748291 69
1777383861239 18.569194793701172 70
1777383861600 19.246891021728516 71
1777383861957 18.620092391967773 72
1777383862320 17.015167236328125 73
1777383862667 18.551910400390625 74
1777383863026 17.98929786682129 75
1777383863398 17.53851318359375 76
1777383863755 16.80680274963379 77
1777383864099 17.281904220581055 78
1777383864454 16.596567153930664 79
1777383865132 16.910629272460938 80
1777383865801 17.21518325805664 81
1777383867159 16.919052124023438 82
1777383867518 17.912832260131836 83
1777383867875 15.997997283935547 84
1777383868225 16.22286033630371 85
1777383868582 15.561447143554688 86
1777383868950 17.409887313842773 87
1777383869317 16.000186920166016 88
