1777175025892 202.34492502906846 1
1777175027153 194.51500071271397 2
1777175028313 181.86385157770462 3
1777175029478 161.3978360130721 4
1777175030635 136.51850429737854 5
1777175031783 106.0617296253844 6
1777175032938 76.76693282252783 7
1777175034923 52.00356930262775 8
1777175036106 39.20709798802697 9
1777175037292 33.75859251017131 10
1777175038486 29.811414755500397 11
1777175039646 31.19691240901879 12
1777175040804 26.718954529769047 13
1777175041982 27.161864056097073 14
1777175043135 26.313118137903427 15
1777175044288 25.312437943960386 16
1777175045480 25.551988765997592 17
1777175046628 25.461700229322723 18
1777175047775 24.77945563467486 19
1777175048925 24.41321654641802 20
1777175050071 23.78192686226434 21
1777175051209 23.49007716187527 22
1777175052351 23.310685925698255 23
1777175053979 23.389044094502914 24
1777175055155 22.583593274627415 25
1777175056341 22.78559695414358 26
1777175057514 22.257279736267524 27
1777175058692 22.691996842161263 28
1777175059853 21.801324436505112 29
1777175061007 22.720645492874446 30
1777175062179 22.10491280349973 31
1777175063343 22.175471605160105 32
1777175064501 20.709630917588296 33
1777175065678 20.827295326183645 34
1777175066841 20.537143773321937 35
1777175068021 22.117792324836355 36
1777175069193 20.154201287261692 37
1777175070375 21.24156825455546 38
1777175071537 20.06989716532292 39
1777175072698 20.580229183137675 40
1777175073862 19.775879416511334 41
1777175075027 19.53752435375187 42
1777175076191 20.389876735341467 43
1777175077359 20.675522105235245 44
1777175078549 19.76776806230199 45
1777175079723 19.00978448870321 46
1777175080888 19.560254871116545 47
1777175082048 19.408570598464742 48
1777175083222 18.945038230396268 49
1777175084399 19.072475835017528 50
1777175085579 17.09821506844334 51
1777175086757 20.12990127051014 52
1777175090113 18.459868538934444 53
1777175091573 16.612587745924877 54
1777175093251 17.311677116122734 55
1777175094770 16.901772015437434 56
1777175096938 17.02980086112083 57
1777175101070 15.761060592833065 58
1777175112185 17.889977793629775 59
1777175113337 15.950358144435416 60
1777175114472 15.623222072598352 61
1777175115610 15.389137900815438 62
1777175116762 17.811480654151126 63
1777175117915 15.847693662435827 64
1777175119058 15.028597865556241 65
1777175120204 15.79603838634245 66
1777175121383 15.027192515524169 67
1777175122542 15.184929878802171 68
1777175123690 15.087728397589455 69
1777175124850 14.731304835040977 70
1777175125995 14.511085927238998 71
1777175127136 21.55399255897098 72
1777175128287 15.60972907116 73
1777175129425 15.362774670418409 74
1777175130572 14.615109401368183 75
1777175131721 14.893840050668832 76
1777175132888 14.600994132057158 77
1777175134025 13.798777244303116 78
1777175135169 16.584397678907937 79
1777175136319 14.525253466334869 80
1777175137455 13.825001252372818 81
1777175138586 13.59356134484031 82
1777175139729 13.854532251291909 83
1777175140865 13.8015057047065 84
1777175141994 13.601713731987212 85
1777175143147 13.890599288962761 86
1777175144295 13.966184359287587 87
1777175145428 13.916513404008395 88
1777175146558 13.004543653776944 89
1777175147701 12.821554589374028 90
1777175148835 13.43103649425577 91
1777175149972 13.81584787621129 92
1777175151113 13.26133167791719 93
1777175152262 14.198052307396704 94
1777175153407 13.551927089400966 95
1777175154560 12.961872874690076 96
1777175155717 13.196433833932929 97
1777175156860 13.527953948764715 98
1777175158005 12.495186299945065 99
1777175159157 13.975888516678086 100
1777175160303 17.132083828544033 101
1777175161444 13.081921628320568 102
1777175162594 13.041810635066195 103
1777175163739 12.883966271036716 104
1777175164890 12.719849746967734 105
1777175166036 12.721091681896919 106
1777175167197 12.508454074076107 107
1777175168346 12.055495080769635 108
1777175169492 13.649881869819435 109
1777175170653 12.963430021758928 110
1777175171803 12.460698710759958 111
1777175172948 12.811212938216372 112
1777175174098 12.20929950495674 113
1777175175238 12.691242551995229 114
1777175176412 12.246056744274123 115
1777175177575 12.798520641062177 116
1777175178731 11.956040607344988 117
1777175179877 12.51998131394691 118
1777175181024 11.86041412026901 119
1777175182189 12.6904468494756 120
1777175186197 14.210459016062538 121
1777175187508 12.722694206796062 122
1777175188700 12.406700810289314 123
1777175189877 12.06293781781988 124
1777175191049 11.986276938758271 125
1777175192219 11.760301578702508 126
1777175193394 12.057295952086736 127
1777175194560 11.568945236973285 128
1777175195718 12.072347283520099 129
1777175196880 13.839592702194574 130
1777175198093 16.074019377097805 131
1777175199258 15.94152510294893 132
1777175200417 12.2335831110664 133
1777175201583 11.87603613383867 134
1777175202731 11.87861779839697 135
1777175203884 15.262028028047661 136
1777175205037 11.955364119395602 137
1777175206184 11.764281062332099 138
1777175207328 12.091639593903599 139
1777175208508 12.758234894170133 140
1777175209655 11.516278639767453 141
1777175210795 12.040263769651167 142
1777175211946 11.782352721011119 143
1777175213102 11.595545101667685 144
1777175214242 10.881109139277777 145
1777175215385 11.442772217266825 146
1777175216527 11.571924680210262 147
1777175217663 11.807558994802246 148
1777175218801 10.73103030752653 149
1777175219981 11.448475105904985 150
1777175221119 10.876561295246413 151
1777175222253 11.990315088585987 152
1777175223397 10.592580103995354 153
1777175224534 10.876516689340372 154
1777175225665 11.382763107199498 155
1777175226791 11.045963313195358 156
1777175227931 11.25058161622334 157
1777175229051 10.898565696201752 158
1777175230182 10.877911089886764 159
1777175231334 11.50145876617842 160
1777175232460 12.422102617206498 161
1777175233588 10.8189069504393 162
1777175234714 11.481785358942188 163
1777175235871 10.768632077542499 164
1777175237029 10.206571270615882 165
1777175238180 11.037680501776093 166
1777175239363 10.815862697867084 167
1777175240523 14.943035574201748 168
1777175241718 17.57260469412602 169
1777175242912 12.110176013419974 170
1777175244071 11.1132957807208 171
1777175245225 11.496059602731808 172
1777175246404 11.084728552606016 173
1777175247561 15.750376475302795 174
1777175248712 11.878867936502434 175
1777175249873 10.486753092192593 176
1777175251023 10.571061270471358 177
1777175252198 10.853229939358078 178
1777175253363 10.387527247692152 179
1777175254510 14.660061754772832 180
1777175255660 11.75738921243462 181
1777175256810 10.80749942192468 182
1777175257968 10.764458364028975 183
1777175259122 10.778200115676665 184
1777175260267 14.089681909502815 185
1777175261431 10.61513591120433 186
1777175262581 10.72142468276615 187
1777175263989 10.427557665549552 188
1777175265158 10.42751317369255 189
1777175266325 9.75569303331901 190
