1777307969286 149.46826782226563 1
1777307971112 117.66415328979492 2
1777307972939 69.35606460571289 3
1777307974758 32.251693153381346 4
1777307976591 22.505949211120605 5
1777307978417 20.493577766418458 6
1777307980241 18.554582595825195 7
1777307982052 18.395639419555664 8
1777307983864 17.588495635986327 9
1777307985689 16.55271711349487 10
1777307987526 16.47690896987915 11
1777307989350 16.430537033081055 12
1777307991165 16.15738973617554 13
1777307992980 15.121896743774414 14
1777307994799 15.519149589538575 15
1777307996621 14.818049430847168 16
1777307998448 14.68615493774414 17
1777308000280 14.35022792816162 18
1777308002092 13.597365665435792 19
1777308003905 13.05430564880371 20
1777308005717 13.274874877929687 21
1777308007547 12.335839366912841 22
1777308009362 12.10432996749878 23
1777308011170 11.969003009796143 24
1777308012993 11.531484603881836 25
1777308014811 11.287680053710938 26
1777308016628 10.918095779418945 27
1777308018440 10.542123699188233 28
1777308020279 10.452860164642335 29
1777308022091 10.383996200561523 30
1777308023903 10.244870376586913 31
1777308025741 10.008775424957275 32
1777308027556 9.852181434631348 33
1777308029405 9.618375110626221 34
1777308031219 9.470898056030274 35
1777308033036 9.521579265594482 36
1777308034855 9.249925518035889 37
1777308036670 9.115494060516358 38
1777308038493 9.42880563735962 39
1777308040336 8.892680740356445 40
1777308042175 9.187460613250732 41
1777308043985 8.798115062713624 42
1777308045801 8.74398832321167 43
1777308047611 8.797820281982421 44
1777308049421 8.512306880950927 45
1777308051260 8.37374324798584 46
1777308053104 8.800252342224121 47
1777308054924 8.441225528717041 48
1777308056745 8.536815071105957 49
1777308058554 8.45364146232605 50
1777308060374 8.248184823989869 51
1777308062207 8.425914669036866 52
1777308064020 8.036116933822631 53
1777308065835 7.985179090499878 54
1777308067669 7.874680042266846 55
1777308069498 8.06368408203125 56
1777308071313 8.014763736724854 57
