1777382190828 -1.8003978025823504 1
1777382192533 -1.7403910062109569 2
1777382194188 -1.678135529863417 3
1777382195821 -1.6069166690073502 4
1777382196905 -1.519452705389315 5
1777382198268 -1.4087185681186536 6
1777382199120 -1.2626463082925634 7
1777382199990 -1.0955483360231286 8
1777382202240 -0.9183249666743464 9
1777382204700 -0.7412150351235153 10
1777382205768 -0.551223820399581 11
1777382206757 -0.361439289401974 12
1777382208060 -0.16315133854366826 13
1777382209661 0.03325916748401173 14
1777382210922 0.20668334748838138 15
1777382212347 0.3704357952617743 16
1777382213534 0.5089957346518662 17
1777382215266 0.6290809009029195 18
1777382216659 0.7277725358188202 19
1777382218171 0.8081330046309819 20
1777382220405 0.8575882219933674 21
1777382222090 0.8949757704056073 22
1777382224470 0.9136733989601519 23
1777382226302 0.9237317904953303 24
1777382228172 0.9335803018502441 25
1777382229942 0.9353682694876791 26
1777382232564 0.9399336396544188 27
1777382233925 0.9403113505788415 28
1777382235477 0.9448144049546294 29
1777382240272 0.9513313267855885 30
1777382241630 0.9507058602386134 31
1777382266848 0.9492021349931027 32
1777382268121 0.9534507525626056 33
1777382270762 0.9485986732409302 34
1777382272368 0.9565015662057125 35
1777382273493 0.9582457344286217 36
1777382289091 0.9559424691680704 37
1777382291313 0.9585879630230961 38
1777382292502 0.9585856796113509 39
1777382296901 0.958271980021439 40
1777382299373 0.9615439539882192 41
1777382301120 0.9622957589413952 42
1777382302816 0.9605102698310438 43
1777382304798 0.9615264825768975 44
1777382308338 0.9631050428975619 45
1777382310301 0.9632523385392305 46
1777382313653 0.9668809902561529 47
1777382317254 0.9617281703641082 48
1777382318914 0.960999301914755 49
1777382320521 0.9634215814733557 50
1777382322309 0.9633297011807382 51
1777382327155 0.9706000297415662 52
1777382332252 0.967019455059603 53
1777382336502 0.967584106956366 54
1777382338053 0.9659458854148993 55
1777382339468 0.9653112252575523 56
1777382346242 0.9685291968087383 57
1777382348747 0.9699317307118326 58
1777382352342 0.9671771138078854 59
1777382357158 0.9633085504648977 60
1777382362864 0.9708930769177898 61
1777382366083 0.9685918195024903 62
1777382368003 0.9706469237503198 63
1777382369511 0.9731823603151658 64
1777382371788 0.9645954774905511 65
1777382372767 0.9729446303957564 66
1777382375305 0.9707532617050442 67
1777382381341 0.972599262004068 68
1777382384516 0.9683248327277051 69
1777382387434 0.9746021118406287 70
1777382413950 0.9754976330816706 71
1777382415208 0.9746929942984192 72
1777382416305 0.9704761181053808 73
1777382417431 0.9712385781486134 74
1777382419280 0.972453876624157 75
1777382421328 0.9759167304739758 76
1777382425775 0.9751776536669693 77
1777382427316 0.972285225727071 78
1777382430550 0.9751171452339441 79
1777382431434 0.9766163008249645 80
1777382432543 0.9745478837458972 81
1777382433402 0.974692146984439 82
1777382435565 0.9761982120680566 83
1777382437886 0.9732201072227981 84
1777382438811 0.9773517624022547 85
1777382440694 0.9770040692694302 86
1777382442867 0.9798634796722037 87
1777382444364 0.9799142731750128 88
1777382445274 0.975996686640411 89
1777382446787 0.9780325825678217 90
1777382448582 0.979924082785638 91
1777382450237 0.9782472701133328 92
1777382452331 0.9791860318501029 93
1777382453709 0.9806668200017459 94
