1777382190828 -1.800397845899766 1
1777382192533 -1.740391262760245 2
1777382194188 -1.6781356748037317 3
1777382195821 -1.6069164738015536 4
1777382196905 -1.519452514917055 5
1777382198268 -1.4087185792281707 6
1777382199120 -1.262646239958332 7
1777382199990 -1.095548382390093 8
1777382202240 -0.918325124613679 9
1777382204700 -0.7412150752379678 10
1777382205768 -0.5512239584714518 11
1777382206757 -0.36143936308287494 12
1777382208060 -0.16315134737339543 13
1777382209661 0.033259033984348374 14
1777382210922 0.20668330455419692 15
1777382212347 0.3704358293336959 16
1777382213534 0.5089957476949813 17
1777382215266 0.6290809345069692 18
1777382216659 0.7277725437867487 19
1777382218171 0.8081330285447583 20
1777382220405 0.8575882229356903 21
1777382222090 0.894975768104202 22
1777382224470 0.9136734103971164 23
1777382226302 0.9237318013879361 24
1777382228172 0.9335803020623776 25
1777382229942 0.9353682661502045 26
1777382232564 0.9399336414773726 27
1777382233925 0.9403113504266918 28
1777382235477 0.9448144096325111 29
1777382240272 0.9513313241516469 30
1777382241630 0.9507058575708215 31
1777382266848 0.9492021360510302 32
1777382268121 0.9534507524987409 33
1777382270762 0.9485986760227624 34
1777382272368 0.9565015666887079 35
1777382273493 0.9582457313232641 36
1777382289091 0.9559424645836944 37
1777382291313 0.9585879582450142 38
1777382292502 0.9585856750635069 39
1777382296901 0.9582719839709987 40
1777382299373 0.9615439552238322 41
1777382301120 0.9622957611491766 42
1777382302816 0.9605102728138448 43
1777382304798 0.9615264804947161 44
1777382308338 0.9631050383639437 45
1777382310301 0.9632523430648765 46
1777382313653 0.9668809912029263 47
1777382317254 0.9617281682928421 48
1777382318914 0.9609993023409111 49
1777382320521 0.9634215786481141 50
1777382322309 0.9633297000417698 51
1777382327155 0.9706000330239337 52
1777382332252 0.9670194532747006 53
1777382336502 0.9675841095563319 54
1777382338053 0.9659458881035257 55
1777382339468 0.9653112245980356 56
1777382346242 0.9685291977684437 57
1777382348747 0.9699317307757876 58
1777382352342 0.9671771111858928 59
1777382357158 0.9633085493247844 60
1777382362864 0.9708930753425273 61
1777382366083 0.9685918212022964 62
1777382368003 0.9706469213161126 63
1777382369511 0.9731823617665326 64
1777382371788 0.9645954789569545 65
1777382372767 0.9729446335512343 66
1777382375305 0.9707532600720032 67
1777382381341 0.9725992596755212 68
1777382384516 0.9683248310134496 69
1777382387434 0.9746021104660986 70
1777382413950 0.9754976360989804 71
1777382415208 0.9746929956680306 72
1777382416305 0.9704761156619297 73
1777382417431 0.9712385796288114 74
1777382419280 0.9724538734421193 75
1777382421328 0.9759167317773587 76
1777382425775 0.9751776531692101 77
1777382427316 0.9722852258172721 78
1777382430550 0.9751171437855304 79
1777382431434 0.9766162993669167 80
1777382432543 0.9745478806771867 81
1777382433402 0.9746921456147816 82
1777382435565 0.9761982142018285 83
1777382437886 0.973220105773474 84
1777382438811 0.9773517628677809 85
1777382440694 0.9770040698403778 86
1777382442867 0.9798634811848005 87
1777382444364 0.9799142743572348 88
1777382445274 0.9759966887850894 89
1777382446787 0.9780325805333252 90
1777382448582 0.979924085271672 91
1777382450237 0.9782472706273239 92
1777382452331 0.9791860325537405 93
1777382453709 0.9806668172641914 94
