1777381713858 -1.74031479944387 1
1777381715318 -1.6777700792647474 2
1777381716181 -1.6101718959233158 3
1777381718682 -1.533222159060176 4
1777381721014 -1.4364479690007417 5
1777381722479 -1.3055310193093197 6
1777381724708 -1.1374393793127449 7
1777381725714 -0.9424948573383405 8
1777381726568 -0.7261777372678824 9
1777381728065 -0.5321261194013858 10
1777381728898 -0.3419316504717236 11
1777381729734 -0.15138661514003937 12
1777381731430 0.046824649135080776 13
1777381733249 0.23144718082386673 14
1777381734902 0.39710696450491856 15
1777381736211 0.5381868868978894 16
1777381737068 0.6546478011934362 17
1777381738358 0.7544389513870029 18
1777381739600 0.8305769813280253 19
1777381740463 0.872232719653324 20
1777381742187 0.9018373351649193 21
1777381743420 0.919696399800417 22
1777381744438 0.9261931045272666 23
1777381745741 0.9349908924175498 24
1777381746904 0.9380504453826221 25
1777381747786 0.9385028010612722 26
1777381748648 0.9495654405858898 27
1777381749551 0.9439066577502723 28
1777381750414 0.9518720998539664 29
1777381751991 0.9407973529019145 30
1777381753210 0.9517430230397138 31
1777381754763 0.9504316470458323 32
1777381755797 0.9570769201879199 33
1777381756944 0.9503375604561138 34
1777381758105 0.953368197468186 35
1777381759894 0.9532259010602618 36
1777381761686 0.9608375078966732 37
1777381763341 0.9615144722164674 38
1777381764994 0.9568978417356496 39
1777381767143 0.9598836711476911 40
1777381768011 0.9603062461282063 41
1777381771060 0.9611055411280727 42
1777381772853 0.9615941374026247 43
1777381773692 0.9665440086109722 44
1777381775889 0.9651849418922156 45
1777381777121 0.968421710766083 46
1777381778345 0.9674379752611363 47
1777381779858 0.9665539530312509 48
1777381780979 0.9619821644367684 49
1777381782922 0.9674500977401581 50
1777381784225 0.9626118380813904 51
1777381785076 0.9696673568793528 52
1777381786502 0.9681922607185295 53
1777381788299 0.9693207197368803 54
1777381789159 0.9713617196950654 55
1777381790936 0.9728863969302015 56
1777381792403 0.9713247396521688 57
1777381793294 0.9694110530371757 58
1777381794165 0.9720823068083356 59
1777381796115 0.9745614274619941 60
1777381797357 0.9785914331428607 61
1777381799912 0.9733872208991644 62
1777381800768 0.969200088095755 63
1777381802561 0.9709855052769689 64
1777381805610 0.9711805076099445 65
1777381807654 0.968949371884003 66
1777381809119 0.9753645035480174 67
1777381810833 0.9744889742540387 68
1777381812311 0.9740247247160744 69
1777381813885 0.975541707374723 70
1777381814994 0.97605518020489 71
1777381817079 0.9741844256165377 72
1777381818987 0.9771368355325124 73
1777381820562 0.972662438412321 74
1777381821926 0.9735207663774468 75
1777381823484 0.9748644090813529 76
1777381824594 0.9753985099932857 77
1777381826381 0.9785109764151988 78
1777381827662 0.9784788194384202 79
1777381828501 0.9775274329663017 80
1777381829340 0.9761884357303604 81
1777381830512 0.9767906703462361 82
1777381832001 0.979791543623983 83
1777381832914 0.9789609789527506 84
1777381834188 0.981102528655359 85
1777381835279 0.9777580671350479 86
1777381836147 0.98069334316246 87
1777381837016 0.9815739358244127 88
1777381838988 0.9785181252014992 89
1777381840557 0.9790130855147202 90
1777381841618 0.9817968446220466 91
1777381842477 0.9806442759854667 92
1777381845550 0.9775299470200784 93
1777381846996 0.9804850560242815 94
1777381850897 0.9849597254314952 95
1777381856870 0.983485868308583 96
1777381862696 0.9815612485557634 97
1777381887732 0.9816614386820134 98
1777381890382 0.9813007332604032 99
1777381891586 0.983895315274042 100
1777381893483 0.9825446954302572 101
1777381894813 0.9816626870108464 102
1777381902803 0.9800877406597527 103
1777381905060 0.9838499461240164 104
1777381906190 0.9844049633492267 105
1777382013811 0.9834374931111398 106
1777382014658 0.9845393343795215 107
1777382016073 0.9846624264971456 108
1777382017368 0.9832986699321902 109
1777382018264 0.9843602766576152 110
1777382020256 0.9830801494382568 111
1777382030772 0.9852384753858526 112
1777382032550 0.9842368879363212 113
1777382033850 0.9849313519985042 114
1777382103252 0.9814395389939551 115
1777382104090 0.9853391580680944 116
1777382104935 0.9832356033809093 117
1777382105793 0.9839331067766067 118
1777382106639 0.9844460668844023 119
1777382107487 0.9847528427771431 120
1777382108345 0.9853118673411829 121
1777382109211 0.9833306122338591 122
1777382110089 0.9853494115256219 123
1777382110938 0.9858468255472382 124
1777382111787 0.9869503219597754 125
1777382112629 0.9865548950500126 126
1777382113480 0.9846324440121983 127
1777382114324 0.9869670526936458 128
1777382115155 0.987005533029271 129
1777382115997 0.9847602594635324 130
1777382117593 0.9866786505392854 131
1777382119129 0.9878535726237339 132
1777382120006 0.9868616380060377 133
1777382120945 0.9873729683288547 134
1777382121880 0.9878472446358232 135
1777382123066 0.9877764373311783 136
1777382124573 0.9881601942543347 137
1777382126641 0.9865424442956564 138
1777382128133 0.9871312278733663 139
1777382129618 0.9874791958039906 140
1777382131054 0.9876894774407203 141
1777382132903 0.9885352380213195 142
1777382134005 0.9879351852409386 143
1777382134877 0.9875918406154701 144
1777382135730 0.9878615314888743 145
1777382136808 0.9890406315389947 146
1777382137741 0.9882096118418575 147
1777382138792 0.9868023757303339 148
1777382139930 0.9868217777564138 149
1777382143067 0.9879147367654549 150
1777382144903 0.988072964458129 151
1777382146295 0.9877154462082646 152
1777382147371 0.9884416579688438 153
1777382148226 0.9885950216325516 154
1777382149540 0.9878036583411832 155
1777382151118 0.9891829550558564 156
1777382152202 0.9880639395738847 157
1777382153832 0.9896294727450696 158
1777382155968 0.9893769984389844 159
1777382156886 0.9888661105775222 160
1777382157944 0.9878786101195406 161
1777382159751 0.9875861246162523 162
1777382160703 0.9894051518679678 163
1777382161654 0.9885723098623963 164
1777382162701 0.9879775601336194 165
1777382163952 0.988938570707246 166
1777382165471 0.9886216015151511 167
1777382167006 0.989844457782467 168
1777382168065 0.9897144401286165 169
1777382168937 0.9893266356142398 170
1777382169984 0.9885925375447941 171
1777382170835 0.9898345558443603 172
1777382172813 0.9888007668754859 173
1777382174279 0.989182569152157 174
1777382175135 0.987575174997441 175
1777382175993 0.9879993628953172 176
1777382177261 0.9880163586045273 177
1777382178318 0.9879027514257642 178
1777382179258 0.9891347883666056 179
1777382180425 0.9898583248013534 180
1777382181780 0.9911375317793291 181
1777382182815 0.9888203052435752 182
