1777381713858 163.41140747070312 1
1777381715318 160.4478302001953 2
1777381716181 157.1814727783203 3
1777381718682 153.4207000732422 4
1777381721014 149.05038452148438 5
1777381722479 143.95138549804688 6
1777381724708 137.7930908203125 7
1777381725714 130.2036895751953 8
1777381726568 121.00912475585938 9
1777381728065 111.81165313720703 10
1777381728898 102.05502319335938 11
1777381729734 92.10778045654297 12
1777381731430 82.11644744873047 13
1777381733249 72.12224578857422 14
1777381734902 62.80815887451172 15
1777381736211 54.227901458740234 16
1777381737068 45.979408264160156 17
1777381738358 38.83863067626953 18
1777381739600 33.04658889770508 19
1777381740463 28.906005859375 20
1777381742187 26.17904281616211 21
1777381743420 24.103679656982422 22
1777381744438 23.231882095336914 23
1777381745741 22.186124801635742 24
1777381746904 21.57931137084961 25
1777381747786 21.637968063354492 26
1777381748648 19.655065536499023 27
1777381749551 20.691164016723633 28
1777381750414 19.40732192993164 29
1777381751991 21.43812370300293 30
1777381753210 19.52284812927246 31
1777381754763 19.64980697631836 32
1777381755797 18.169775009155273 33
1777381756944 19.77676010131836 34
1777381758105 18.98923110961914 35
1777381759894 19.089082717895508 36
1777381761686 17.55925750732422 37
1777381763341 17.239524841308594 38
1777381764994 18.0460262298584 39
1777381767143 17.596050262451172 40
1777381768011 17.515682220458984 41
1777381771060 17.344324111938477 42
1777381772853 17.23771858215332 43
1777381773692 16.295246124267578 44
1777381775889 16.513734817504883 45
1777381777121 15.810212135314941 46
1777381778345 15.999341011047363 47
1777381779858 16.313289642333984 48
1777381780979 17.212831497192383 49
1777381782922 16.075868606567383 50
1777381784225 17.008386611938477 51
1777381785076 15.42553997039795 52
1777381786502 15.461054801940918 53
1777381788299 15.161640167236328 54
1777381789159 14.888131141662598 55
1777381790936 14.673295974731445 56
1777381792403 14.931071281433105 57
1777381793294 15.310227394104004 58
1777381794165 14.519606590270996 59
1777381796115 14.372182846069336 60
1777381797357 13.235979080200195 61
1777381799912 14.430318832397461 62
1777381800768 15.327155113220215 63
1777381802561 14.95380973815918 64
1777381805610 15.124113082885742 65
1777381807654 15.474165916442871 66
1777381809119 13.850756645202637 67
1777381810833 14.168464660644531 68
1777381812311 14.364301681518555 69
1777381813885 13.82552433013916 70
1777381814994 13.719388961791992 71
1777381817079 14.172708511352539 72
1777381818987 13.365912437438965 73
1777381820562 14.82369327545166 74
1777381821926 14.414027214050293 75
1777381823484 14.108839988708496 76
1777381824594 13.883942604064941 77
1777381826381 13.236598014831543 78
1777381827662 12.967823028564453 79
1777381828501 13.577678680419922 80
1777381829340 13.829919815063477 81
1777381830512 13.541489601135254 82
1777381832001 12.73115348815918 83
1777381832914 12.919868469238281 84
1777381834188 12.208321571350098 85
1777381835279 13.241601943969727 86
1777381836147 12.347114562988281 87
1777381837016 12.186761856079102 88
1777381838988 12.972271919250488 89
1777381840557 12.826888084411621 90
1777381841618 12.126291275024414 91
1777381842477 12.566073417663574 92
1777381845550 13.348868370056152 93
1777381846996 12.48450756072998 94
1777381850897 11.13206672668457 95
1777381856870 11.687358856201172 96
1777381862696 12.138469696044922 97
1777381887732 12.052491188049316 98
1777381890382 12.25545883178711 99
1777381891586 11.381375312805176 100
1777381893483 11.965513229370117 101
1777381894813 12.193584442138672 102
1777381902803 12.618701934814453 103
1777381905060 11.558611869812012 104
1777381906190 11.285369873046875 105
1777382013811 11.584244728088379 106
1777382014658 11.217998504638672 107
1777382016073 11.144387245178223 108
1777382017368 11.7194185256958 109
1777382018264 11.183015823364258 110
1777382020256 11.721435546875 111
1777382030772 11.102291107177734 112
1777382032550 11.350578308105469 113
1777382033850 11.132270812988281 114
1777382103252 12.1184663772583 115
1777382104090 10.995157241821289 116
1777382104935 11.697481155395508 117
1777382105793 11.512962341308594 118
1777382106639 11.189349174499512 119
1777382107487 11.220359802246094 120
1777382108345 11.074919700622559 121
1777382109211 11.574109077453613 122
1777382110089 10.711216926574707 123
1777382110938 10.84052848815918 124
1777382111787 10.3289794921875 125
1777382112629 10.415938377380371 126
1777382113480 11.259480476379395 127
1777382114324 10.284708976745605 128
1777382115155 10.359258651733398 129
1777382115997 11.218326568603516 130
1777382117593 10.496842384338379 131
1777382119129 10.08956527709961 132
1777382120006 10.308672904968262 133
1777382120945 10.272896766662598 134
1777382121880 10.051469802856445 135
1777382123066 10.086328506469727 136
1777382124573 9.971019744873047 137
1777382126641 10.511373519897461 138
1777382128133 10.315193176269531 139
1777382129618 10.143302917480469 140
1777382131054 10.152435302734375 141
1777382132903 9.724051475524902 142
1777382134005 10.036160469055176 143
1777382134877 10.116252899169922 144
1777382135730 10.084247589111328 145
1777382136808 9.538477897644043 146
1777382137741 9.857876777648926 147
1777382138792 10.463152885437012 148
1777382139930 10.463441848754883 149
1777382143067 10.08570384979248 150
1777382144903 9.942381858825684 151
1777382146295 10.105817794799805 152
1777382147371 9.775964736938477 153
1777382148226 9.804439544677734 154
1777382149540 10.131366729736328 155
1777382151118 9.52590274810791 156
1777382152202 9.936253547668457 157
1777382153832 9.387794494628906 158
1777382155968 9.463497161865234 159
1777382156886 9.62916374206543 160
1777382157944 10.011279106140137 161
1777382159751 10.059212684631348 162
1777382160703 9.421769142150879 163
1777382161654 9.503015518188477 164
1777382162701 9.996748924255371 165
1777382163952 9.514979362487793 166
1777382165471 9.74848747253418 167
1777382167006 9.277851104736328 168
1777382168065 9.2556734085083 169
1777382168937 9.439101219177246 170
1777382169984 9.578210830688477 171
1777382170835 9.16486930847168 172
1777382172813 9.663747787475586 173
1777382174279 9.460882186889648 174
1777382175135 10.117691040039062 175
1777382175993 9.759199142456055 176
1777382177261 9.959765434265137 177
1777382178318 10.066643714904785 178
1777382179258 9.450335502624512 179
1777382180425 9.167723655700684 180
1777382181780 8.679030418395996 181
1777382182815 9.407519340515137 182
