1777372496064 -1.6692888829423573 1
1777372497351 -1.444768646075815 2
1777372498550 -1.1123797702672542 3
1777372499717 -0.6516188267556671 4
1777372500885 -0.16518455161427092 5
1777372502343 0.2774308242210568 6
1777372503599 0.6285833473917094 7
1777372504819 0.8260247744189538 8
1777372506082 0.9088211844980456 9
1777372507266 0.9361160396222701 10
1777372508534 0.9451063800635796 11
1777372509809 0.9508867118424829 12
1777372511076 0.9494453664459884 13
1777372512325 0.9573989361519728 14
1777372513555 0.9597167846161797 15
1777372514779 0.9567253714855718 16
1777372516026 0.9613277778301671 17
1777372517290 0.9636772639777254 18
1777372518554 0.9627769551118858 19
1777372519814 0.9659437846685699 20
1777372521089 0.9698315030247296 21
1777372522335 0.9701836213999203 22
1777372523584 0.9661023585680332 23
1777372524859 0.9710686425965647 24
1777372526913 0.9708518656409104 25
1777372528178 0.9704866259683057 26
1777372529426 0.9727124394124813 27
1777372530621 0.9746916508248414 28
1777372531802 0.9752539271856744 29
1777372533315 0.974669378397126 30
1777372534581 0.9773082793563098 31
1777372535875 0.9779268122981756 32
1777372537144 0.9816446627566521 33
1777372538706 0.9608513734701757 34
1777372539957 0.9769217123989978 35
1777372541185 0.9779442386359545 36
1777372542359 0.9820546321762397 37
1777372543545 0.983094649024859 38
1777372544705 0.9844455658358764 39
1777372546540 0.9847945009220356 40
1777372547719 0.9829997349779397 41
1777372548897 0.9838349449947538 42
1777372550064 0.9764196178795601 43
1777372551278 0.9856499087761926 44
1777372552818 0.9842560150531673 45
1777372554041 0.9841424990807199 46
1777372555228 0.9861498792306399 47
1777372556402 0.9861380953459113 48
1777372557632 0.9872923896906909 49
1777372559243 0.984078553243076 50
1777372560489 0.9862894733558818 51
1777372561696 0.9862344495479837 52
1777372562930 0.986705762347209 53
1777372564191 0.9877418324534474 54
1777372565411 0.9890389635420127 55
1777372566626 0.9866265816055819 56
1777372567875 0.9886788732918308 57
1777372569103 0.98236961653973 58
1777372570275 0.9878423485667958 59
1777372571451 0.9892682101323665 60
1777372572638 0.9888529452017257 61
1777372573833 0.9727830174439381 62
1777372575061 0.9865324405575628 63
1777372576278 0.9876718112263799 64
1777372577487 0.9890224902723187 65
1777372578747 0.9879600715201385 66
1777372579927 0.9885435320804998 67
1777372581135 0.9898136087542028 68
1777372582326 0.9908965756614713 69
1777372583493 0.9894134607677336 70
1777372584709 0.9907295231332492 71
1777372585974 0.9899715696771391 72
1777372587241 0.9907193917259594 73
1777372588421 0.9845855867049046 74
1777372589651 0.9891824125581764 75
1777372591125 0.9894829837068994 76
1777372592337 0.9904633060309974 77
1777372593531 0.990027905849321 78
1777372594723 0.9904582681800357 79
1777372595982 0.9906166392214524 80
1777372597527 0.9904250097132918 81
1777372598726 0.9909394831304079 82
1777372599933 0.9905182963513844 83
1777372601162 0.9907205547892083 84
1777372602345 0.9913174036199638 85
1777372603534 0.9903667318760997 86
1777372604713 0.9905462172813622 87
1777372605979 0.9913051757871701 88
1777372607240 0.9905864315747087 89
1777372608509 0.9919001742667222 90
1777372609698 0.9910802554698466 91
1777372610914 0.9915350499044285 92
1777372612148 0.9849104404262152 93
1777372613313 0.991339182408731 94
1777372614479 0.9919689016601538 95
1777372615676 0.9907628418588628 96
1777372616945 0.991762597090048 97
1777372618484 0.9757338548863292 98
1777372619735 0.9890456342542259 99
1777372620950 0.990184159879099 100
1777372622205 0.9915488257097133 101
1777372623433 0.9912410090439391 102
1777372624630 0.9902034368471658 103
1777372626691 0.9920211952791106 104
1777372627872 0.9920479221486675 105
1777372629088 0.9921539770878066 106
1777372630358 0.9840687050444515 107
1777372631618 0.9873692571023376 108
1777372632805 0.9898070174556339 109
1777372634072 0.9927155047635697 110
1777372635394 0.9927805470780061 111
1777372636657 0.9850595813205618 112
1777372637920 0.9906498391221695 113
1777372639535 0.9903041440809018 114
1777372640757 0.99206663352615 115
1777372642008 0.9926117078309186 116
