1777372496064 -1.6692888217080515 1
1777372497351 -1.4447687685444268 2
1777372498550 -1.1123795559471827 3
1777372499717 -0.6516188972742467 4
1777372500885 -0.16518466888926783 5
1777372502343 0.27743079114400176 6
1777372503599 0.6285833473917095 7
1777372504819 0.8260247561114135 8
1777372506082 0.9088211825844734 9
1777372507266 0.9361160357951259 10
1777372508534 0.9451063791067936 11
1777372509809 0.9508867165118435 12
1777372511076 0.9494453635756303 13
1777372512325 0.9573989316297542 14
1777372513555 0.9597167821494651 15
1777372514779 0.956725370185078 16
1777372516026 0.9613277831963544 17
1777372517290 0.9636772678048695 18
1777372518554 0.9627769522415276 19
1777372519814 0.9659437877107646 20
1777372521089 0.9698314997422035 21
1777372522335 0.9701836209215273 22
1777372523584 0.9661023620789109 23
1777372524859 0.97106864034658 24
1777372526913 0.9708518651625173 25
1777372528178 0.9704866254899127 26
1777372529426 0.9727124388670008 27
1777372530621 0.9746916484328763 28
1777372531802 0.9752539276640674 29
1777372533315 0.974669378281202 30
1777372534581 0.9773082817026075 31
1777372535875 0.9779268103846034 32
1777372537144 0.9816446627566521 33
1777372538706 0.9608513731327493 34
1777372539957 0.9769217119206048 35
1777372541185 0.9779442358502063 36
1777372542359 0.9820546307410606 37
1777372543545 0.9830946495032521 38
1777372544705 0.9844455646444578 39
1777372546540 0.9847945011612321 40
1777372547719 0.9829997346545298 41
1777372548897 0.9838349447555572 42
1777372550064 0.9764196164443811 43
1777372551278 0.9856499082977995 44
1777372552818 0.9842560140890952 45
1777372554041 0.9841424993199166 46
1777372555228 0.9861498797090331 47
1777372556402 0.9861380940186942 48
1777372557632 0.9872923890787574 49
1777372559243 0.9840785530038796 50
1777372560489 0.9862894731166854 51
1777372561696 0.9862344490695907 52
1777372562930 0.9867057625864055 53
1777372564191 0.9877418334102334 54
1777372565411 0.9890389642596024 55
1777372566626 0.9866265816055819 56
1777372567875 0.9886788741778476 57
1777372569103 0.9823696178585107 58
1777372570275 0.9878423478492063 59
1777372571451 0.9892682089968199 60
1777372572638 0.9888529455205932 61
1777372573833 0.9727830162557181 62
1777372575061 0.9865324415143488 63
1777372576278 0.9876718112636984 64
1777372577487 0.9890224896001186 65
1777372578747 0.9879600715201386 66
1777372579927 0.9885435311237138 67
1777372581135 0.989813608010848 68
1777372582326 0.990896575343226 69
1777372583493 0.9894134596410812 70
1777372584709 0.9907295238508388 71
1777372585974 0.989971568720353 72
1777372587241 0.9907193922043523 73
1777372588421 0.984585587409599 74
1777372589651 0.9891824116013904 75
1777372591125 0.9894829835412902 76
1777372592337 0.9904633064107463 77
1777372593531 0.9900279041623025 78
1777372594723 0.9904582665193701 79
1777372595982 0.9906166381684758 80
1777372597527 0.9904250097132918 81
1777372598726 0.9909394836088008 82
1777372599933 0.9905182962317862 83
1777372601162 0.9907205541013896 84
1777372602345 0.9913174033274874 85
1777372603534 0.9903667325936892 86
1777372604713 0.9905462170421655 87
1777372605979 0.9913051767979846 88
1777372607240 0.9905864302806858 89
1777372608509 0.9919001748823076 90
1777372609698 0.9910802555376479 91
1777372610914 0.9915350500240268 92
1777372612148 0.9849104399478221 93
1777372613313 0.9913391825533564 94
1777372614479 0.9919689016709248 95
1777372615676 0.9907628415324284 96
1777372616945 0.9917625964660381 97
1777372618484 0.9757338548863291 98
1777372619735 0.9890456351291419 99
1777372620950 0.9901841595203041 100
1777372622205 0.9915488258293117 101
1777372623433 0.9912410080641108 102
1777372624630 0.9902034357688869 103
1777372626691 0.9920211951595123 104
1777372627872 0.992047921781326 105
1777372629088 0.9921539774466014 106
1777372630358 0.9840687040876654 107
1777372631618 0.9873692571023376 108
1777372632805 0.9898070169510719 109
1777372634072 0.9927155047635697 110
1777372635394 0.9927805474368009 111
1777372636657 0.9850595792198045 112
1777372637920 0.9906498397201607 113
1777372639535 0.9903041443473455 114
1777372640757 0.9920666336457483 115
1777372642008 0.9926117083093118 116
