1777202000738 -1.794677983344831 1
1777202001464 -1.7329368620994163 2
1777202001871 -1.683015841909842 3
1777202002280 -1.628059402169351 4
1777202002686 -1.5624966614814433 5
1777202003132 -1.4956376420260589 6
1777202003540 -1.4268316066664188 7
1777202003965 -1.3394620280755407 8
1777202004381 -1.2517380185541263 9
1777202004790 -1.1640172562240134 10
1777202005203 -1.0785961547734768 11
1777202005614 -0.9885153338055832 12
1777202006324 -0.8960600041986184 13
1777202006730 -0.8052790887861658 14
1777202007144 -0.7079313784051062 15
1777202007553 -0.6154708532920594 16
1777202008354 -0.5250800879144573 17
1777202008776 -0.43101626209639643 18
1777202009188 -0.33715652225162196 19
1777202009605 -0.24761075723039916 20
1777202010023 -0.14607116641871665 21
1777202010446 -0.02689405015514268 22
1777202010990 0.08842321098836547 23
1777202011454 0.2547268957874025 24
1777202011913 0.3735980048607207 25
1777202012359 0.47292077656261555 26
1777202012843 0.5696494933001514 27
1777202013272 0.6392428913705729 28
1777202013733 0.704394030266096 29
1777202014571 0.7695854749236464 30
1777202015008 0.8113324216302557 31
1777202015445 0.8345961999578352 32
1777202015972 0.8752538491799786 33
1777202016445 0.893463529739158 34
1777202016878 0.8971732428514301 35
1777202017271 0.9041090202265922 36
1777202017665 0.924077460774335 37
1777202018060 0.9170343079155646 38
1777202018456 0.9299795100199394 39
1777202018848 0.9323490819134854 40
1777202019239 0.9401698812778152 41
1777202019633 0.9228960006617776 42
1777202020025 0.9371616122239868 43
1777202020417 0.9482811419040458 44
1777202020811 0.9472468607372195 45
1777202021203 0.948380252271045 46
1777202021592 0.9462802936564981 47
1777202021987 0.9313743917807743 48
1777202022380 0.9573563414155384 49
1777202022771 0.9616357184305221 50
1777202023166 0.9575755369758485 51
1777202023559 0.9487475806395311 52
1777202023959 0.9501696931436692 53
1777202024358 0.9505801431978892 54
1777202024759 0.9655067941186546 55
1777202025173 0.9566813467449911 56
1777202025570 0.9609702268682675 57
1777202025972 0.9552446117325243 58
1777202026370 0.9624537747097052 59
1777202026771 0.9526778947370984 60
1777202027170 0.9529486699017351 61
1777202027567 0.9645427258531143 62
1777202027977 0.9694021806677313 63
1777202028373 0.9654174557679778 64
1777202028768 0.9596043922483699 65
1777202029164 0.9661022960240253 66
1777202029561 0.965414277072118 67
1777202029956 0.9638392827425258 68
1777202030353 0.9673956269506487 69
1777202030749 0.9689782953065584 70
1777202031146 0.9719968691190322 71
1777202031540 0.9769205776785796 72
1777202031934 0.9702850234341678 73
1777202032332 0.9710253627559172 74
1777202032728 0.968255714022112 75
1777202033127 0.9735653360867351 76
1777202033523 0.9711494029267584 77
1777202033929 0.9651652580892001 78
1777202034351 0.967715348450416 79
1777202034751 0.9770576903312769 80
1777202035153 0.9585273420204901 81
1777202035551 0.9795398636569317 82
1777202035948 0.9728534452050268 83
1777202036344 0.9744781012665832 84
1777202036740 0.970097546337014 85
1777202037138 0.9692350086107395 86
1777202037532 0.9696136666326253 87
1777202037928 0.9731873680930009 88
1777202038326 0.9795642860871329 89
1777202038724 0.9750844127673717 90
1777202039122 0.9755798022428026 91
1777202039519 0.9738525450835981 92
1777202039912 0.9820889849344936 93
1777202040305 0.9741775411729684 94
1777202040695 0.9696795161206 95
1777202041090 0.9730139630037753 96
1777202041490 0.9754037791055904 97
1777202041882 0.9790238786169855 98
1777202042277 0.97690381725228 99
1777202042674 0.9811832823957258 100
1777202043074 0.9750187763763261 101
1777202043467 0.9781298393297863 102
1777202043862 0.9828457618937717 103
1777202044504 0.9782354854393089 104
1777202044896 0.9800430853612789 105
1777202045287 0.9775085019586246 106
1777202046025 0.9782236425685024 107
1777202046409 0.9793343849430013 108
1777202046791 0.9786099517848917 109
1777202047177 0.9787304137031311 110
1777202047560 0.9801439833035918 111
1777202047942 0.9762479093161756 112
1777202048329 0.9808831214182465 113
1777202048713 0.9826462892153146 114
1777202049095 0.9763121840228921 115
1777202049480 0.981447006335189 116
1777202049866 0.9825445455791195 117
1777202050249 0.9823571052665546 118
1777202050631 0.9825887226020263 119
1777202051017 0.9789980266615512 120
1777202051402 0.9818344533369681 121
1777202051784 0.9744925867840288 122
1777202052166 0.9776163315416414 123
1777202052554 0.9845869807071376 124
1777202052939 0.9836266162691752 125
1777202053321 0.9822030577501608 126
1777202053705 0.9806986073831551 127
1777202054092 0.981073912933709 128
1777202054492 0.9825978183987011 129
1777202054878 0.9820472306207217 130
1777202055262 0.9842689753987104 131
1777202055646 0.9801249491814561 132
1777202056028 0.9840939695456481 133
1777202056414 0.980624936730507 134
1777202056800 0.9822397318120133 135
1777202057184 0.9862001092395744 136
1777202057568 0.9844325336340016 137
1777202057952 0.985369971125569 138
1777202058339 0.9828512148919765 139
1777202058727 0.9840035111676592 140
1777202059112 0.9826686491716659 141
1777202059498 0.9859057932064375 142
1777202059884 0.9884137740923329 143
1777202060271 0.9852156267955953 144
1777202060659 0.9833914435129154 145
1777202061043 0.9842581556558198 146
1777202061428 0.9877615034187242 147
1777202061816 0.9871979406840435 148
1777202062202 0.9884611631221 149
1777202062591 0.987794683117966 150
1777202062977 0.9853057312804698 151
1777202063362 0.9810624323366512 152
1777202063749 0.9881683095697089 153
1777202064141 0.9884717707047818 154
1777202064538 0.986745168057574 155
1777202064928 0.9869862694748269 156
1777202065317 0.988488673857626 157
1777202065706 0.9848184407567807 158
1777202066096 0.9877986939065968 159
1777202066487 0.9916341005486373 160
1777202067744 0.9878110915815105 161
1777202068142 0.987904389983454 162
1777202068542 0.9898204326295885 163
1777202068942 0.9908531162036632 164
1777202069352 0.9894343885159265 165
1777202069756 0.9865846667484688 166
1777202070168 0.9879489069467001 167
1777202070578 0.9881943413348456 168
1777202070984 0.990482903416029 169
1777202071389 0.9905329672416036 170
1777202071793 0.988353402971245 171
1777202072221 0.9898465693484787 172
1777202073388 0.9882897047475073 173
1777202073832 0.9894783277074392 174
1777202074646 0.9905729622372759 175
1777202075073 0.9864569963192275 176
1777202075529 0.9886262355359952 177
1777202075960 0.9873624159971905 178
1777202081690 0.988093447549499 179
1777202082112 0.990671314080682 180
1777202082529 0.992341685775711 181
1777202082945 0.990313543997372 182
1777202083365 0.9895812110316748 183
1777202083779 0.9881629349064784 184
1777202085092 0.9884864338030017 185
1777202086745 0.9882828336399765 186
1777202087155 0.9888469278485458 187
1777202087561 0.9911790771307785 188
1777202087967 0.991108210351713 189
