1777202000738 202.4427870566151 1
1777202001464 200.19407575837502 2
1777202001871 198.35722785860364 3
1777202002280 196.315235972657 4
1777202002686 193.85101197504747 5
1777202003132 191.3053739280473 6
1777202003540 188.6497560792221 7
1777202003965 185.22278604089186 8
1777202004381 181.7169093844874 9
1777202004790 178.1421866708585 10
1777202005203 174.59084982824845 11
1777202005614 170.76579584697282 12
1777202006324 166.74869986374708 13
1777202006730 162.70788385554647 14
1777202007144 158.2601694994669 15
1777202007553 153.91678580689307 16
1777202008354 149.548735262957 17
1777202008776 144.8634054894472 18
1777202009188 140.03207640349763 19
1777202009605 135.26205035273196 20
1777202010023 129.64094797024973 21
1777202010446 122.71544749821638 22
1777202010990 115.62002100766328 23
1777202011454 104.54280111813055 24
1777202011913 95.84357169041125 25
1777202012359 87.91730011866976 26
1777202012843 79.44152600930762 27
1777202013272 72.7350714923688 28
1777202013733 65.84048327800495 29
1777202014571 58.12879691899704 30
1777202015008 52.59991654654145 31
1777202015445 49.25032965070513 32
1777202015972 42.77105801029842 33
1777202016445 39.526245668918364 34
1777202016878 38.83197604141785 35
1777202017271 37.49948404592972 36
1777202017665 33.36735487109744 37
1777202018060 34.88073989503376 38
1777202018456 32.0441666030067 39
1777202018848 31.497294960738294 40
1777202019239 29.620769987433437 41
1777202019633 33.62597291808075 42
1777202020025 30.356306940959566 43
1777202020417 27.539806062656833 44
1777202020811 27.813815585107047 45
1777202021203 27.513405601505763 46
1777202021592 28.06746719680545 47
1777202021987 31.723385206268773 48
1777202022380 25.00711812727028 49
1777202022771 23.71919517451135 50
1777202023166 24.94276529431618 51
1777202023559 27.415338207707173 52
1777202023959 27.032312343647764 53
1777202024358 26.92075048434989 54
1777202024759 22.490711244537295 55
1777202025173 25.204255922394584 56
1777202025570 23.924034693904712 57
1777202025972 25.61881713709488 58
1777202026370 23.464946169349478 59
1777202026771 26.343195102770967 60
1777202027170 26.26771979116847 61
1777202027567 22.80284737993947 62
1777202027977 21.18271531174688 63
1777202028373 22.519818203397257 64
1777202028768 24.339042237745947 65
1777202029164 22.295722530657365 66
1777202029561 22.520853508991117 67
1777202029956 23.02793183356356 68
1777202030353 21.866251738418512 69
1777202030749 21.328938428856535 70
1777202031146 20.264677780002913 71
1777202031540 18.397078970544143 72
1777202031934 20.874885969935562 73
1777202032332 20.613200193487593 74
1777202032728 21.57591294780478 75
1777202033127 19.6889841640474 76
1777202033523 20.56903065223678 77
1777202033929 22.60178393859722 78
1777202034351 21.75877606708383 79
1777202034751 18.342349985171357 80
1777202035153 24.661378585756314 81
1777202035551 17.321706148825236 82
1777202035948 19.952337310705136 83
1777202036344 19.346076887006543 84
1777202036740 20.940634239523778 85
1777202037138 21.240503680045613 86
1777202037532 21.109384396972374 87
1777202037928 19.829243128688514 88
1777202038326 17.311365634373075 89
1777202038724 19.114897409573395 90
1777202039122 18.92391591362262 91
1777202039519 19.581733194544956 92
1777202039912 16.206771866898823 93
1777202040305 19.459657851344822 94
1777202040695 21.086499043097014 95
1777202041090 19.893260700273913 96
1777202041490 18.99199628400244 97
1777202041882 17.538764961284688 98
1777202042277 18.403757856010177 99
1777202042674 16.611480493312072 100
1777202043074 19.140058983977983 101
1777202043467 17.90863159745488 102
1777202043862 15.860692102019954 103
1777202044504 17.865323949055263 104
1777202044896 17.107363787327174 105
1777202045287 18.161244741120445 106
1777202046025 17.870183976159755 107
1777202046409 17.40846947811072 108
1777202046791 17.710967654087696 109
1777202047177 17.66102586818775 110
1777202047560 17.064064038034452 111
1777202047942 18.663253108757928 112
1777202048329 16.743447915399717 113
1777202048713 15.952641015552683 114
1777202049095 18.63798244575945 115
1777202049480 16.49466133447615 116
1777202049866 15.999337182621133 117
1777202050249 16.085009762586406 118
1777202050631 15.979078442637942 119
1777202051017 17.549569688178522 120
1777202051402 16.321522289411302 121
1777202051784 19.340585773358587 122
1777202052166 18.117657456711946 123
1777202052554 15.034198178425216 124
1777202052939 15.495501449954658 125
1777202053321 16.155079782631937 126
1777202053705 16.82405685796848 127
1777202054092 16.65968685226781 128
1777202054492 15.97490345145169 129
1777202054878 16.225651266842977 130
1777202055262 15.188501144504073 131
1777202055646 17.072241381296422 132
1777202056028 15.272752642094403 133
1777202056414 16.85613456463069 134
1777202056800 16.138424984685717 135
1777202057184 14.22571944577848 136
1777202057568 15.109336119229964 137
1777202057952 14.647348397012907 138
1777202058339 15.85817084791312 139
1777202058727 15.316119828838117 140
1777202059112 15.94236052951161 141
1777202059498 14.376618136677749 142
1777202059884 13.0348911092678 143
1777202060271 14.72440924244713 144
1777202060659 15.606386373991159 145
1777202061043 15.193723808338182 146
1777202061428 13.396780942600481 147
1777202061816 13.70175919201818 148
1777202062202 13.008206051666663 149
1777202062591 13.378608573330727 150
1777202062977 14.679470773247147 151
1777202063362 16.664739166699867 152
1777202063749 13.17224511546289 153
1777202064141 13.002226418798555 154
1777202064538 13.941950203033548 155
1777202064928 13.814568412188601 156
1777202065317 12.992690745853333 157
1777202065706 14.920885622468562 158
1777202066096 13.376410008913547 159
1777202066487 11.076249193820681 160
1777202067744 13.369612419770545 161
1777202068142 13.318346056279086 162
1777202068542 12.218026922738614 163
1777202068942 11.581718350537276 164
1777202069352 12.447545581005556 165
1777202069756 14.026106879470722 166
1777202070168 13.29381528765703 167
1777202070578 13.157746653476435 168
1777202070984 11.8137735961898 169
1777202071389 11.782660361950443 170
1777202071793 13.068807001048874 171
1777202072221 12.202331595326553 172
1777202073388 13.104496517588617 173
1777202073832 12.421636077694423 174
1777202074646 11.757745016417635 175
1777202075073 14.092690573921812 176
1777202075529 12.91482517692694 177
1777202075960 13.613457786696085 178
1777202081690 13.213851850891347 179
1777202082112 11.696250536446632 180
1777202082529 10.597489948704393 181
1777202082945 11.918425174601639 182
1777202083365 12.360755814340715 183
1777202083779 13.175236934724659 184
1777202085092 12.993954353138436 185
1777202086745 13.108340198654895 186
1777202087155 12.788913956643453 187
1777202087561 11.373481397600406 188
1777202087967 11.41907722659897 189
