1777199619827 176.51077834128776 1
1777199620464 173.75874737951924 2
1777199620984 171.34304260218235 3
1777199621562 168.7931249675383 4
1777199622177 166.00518281581037 5
1777199622712 162.98066440316964 6
1777199623215 159.81348396448416 7
1777199623748 156.37336232437855 8
1777199624996 152.79728401759297 9
1777199625628 149.04843557013328 10
1777199626462 145.12984054538674 11
1777199627761 141.09363011461053 12
1777199628850 136.92650718399128 13
1777199629907 132.56879167762992 14
1777199630897 127.83267367088189 15
1777199632394 123.04422469727133 16
1777199634317 118.07273304246449 17
1777199636144 112.86872646169033 18
1777199639479 106.89325066214762 19
1777199639880 100.8710429616869 20
1777199640280 94.2860163204298 21
1777199640677 87.30158271990207 22
1777199641075 79.36934475254971 23
1777199642045 72.29780978587968 24
1777199642445 65.36785470861082 25
1777199642846 58.233582078051946 26
1777199643242 51.500759668757105 27
1777199643635 44.973188709056146 28
1777199644028 39.20968610093581 29
1777199644422 35.03484041714515 30
1777199645484 30.479042509158127 31
1777199645903 28.112668903023092 32
1777199646314 23.99936549611986 33
1777199646727 22.720129160209403 34
1777199647142 21.51082522572306 35
1777199647555 21.246944909622485 36
1777199647972 18.03285142150558 37
1777199648383 17.93821197389372 38
1777199648794 17.60317520451504 39
1777199649203 17.166380822066323 40
1777199649623 16.91832103651215 41
1777199650038 16.09501341837042 42
1777199650483 17.774861089393173 43
1777199650900 14.052794206219065 44
1777199651313 16.197104104564318 45
1777199651725 13.976177493150578 46
1777199652142 13.284668057930531 47
1777199652554 12.866186553870357 48
1777199652964 14.629693434295564 49
1777199653371 12.858362530630837 50
1777199653779 11.419988118299331 51
1777199654186 13.622061583955409 52
1777199654594 12.681517516849055 53
1777199654996 11.558857840867436 54
1777199655399 12.563178197881898 55
1777199655802 12.524833687559894 56
1777199656206 12.083083529001366 57
1777199656606 13.299551043574535 58
1777199657010 11.472522726120271 59
1777199657409 11.246361132186452 60
1777199657809 11.58559156091223 61
1777199658207 12.108876299119567 62
1777199658606 12.030681286270614 63
1777199659006 11.28478102736972 64
1777199659404 12.561934457195912 65
1777199659800 12.51207897971068 66
1777199660203 12.044953246481722 67
1777199660611 11.319747283262235 68
1777199661009 10.430573865031025 69
1777199661413 11.128470180886033 70
1777199661808 11.059544986343607 71
1777199662204 11.919129075117796 72
1777199662600 11.551040121576788 73
1777199662994 12.303881168644168 74
1777199663390 10.279877609150372 75
1777199665126 10.20534705335393 76
1777199665766 11.596104110771282 77
1777199666157 9.737448724371031 78
1777199666546 10.403422956505691 79
1777199666930 9.591142811599633 80
1777199667316 9.05353745684019 81
1777199667914 8.852581769384745 82
1777199668304 9.111870134455081 83
1777199668696 10.833946386322788 84
1777199669087 9.936487620926126 85
1777199669479 9.251957830945209 86
1777199669869 8.84001160225347 87
1777199670268 9.83536011903764 88
1777199670665 9.570204101620467 89
1777199671055 8.970461724168164 90
1777199671450 7.5020329064615 91
1777199671839 7.6773019282877755 92
1777199672228 7.570686935054706 93
1777199672693 9.051220043021848 94
1777199673082 7.734016933195916 95
1777199673473 7.605728066364692 96
1777199673864 8.893396555924541 97
1777199674254 6.843470852671834 98
1777199674649 9.637333149243906 99
1777199675040 7.030648469506893 100
1777199675432 7.671492380401951 101
1777199675828 6.921420969648155 102
1777199676218 6.783500484107601 103
1777199676611 7.31443819506415 104
1777199678243 7.389910469969276 105
1777199678641 6.7077597512758524 106
