1777376632717 182.0406494140625 1
1777376634126 180.2589874267578 2
1777376635363 178.5395965576172 3
1777376637871 177.00057983398438 4
1777376643288 174.97911071777344 5
1777376644967 172.41921997070312 6
1777376646889 170.1270751953125 7
1777376647336 167.7992706298828 8
1777376648451 165.48788452148438 9
1777376649272 163.3057098388672 10
1777376650444 161.24371337890625 11
1777376651249 159.1134796142578 12
1777376652443 156.46827697753906 13
1777376653750 153.42013549804688 14
1777376654470 150.26220703125 15
1777376657003 146.98236083984375 16
1777376657969 143.68170166015625 17
1777376659366 140.1585693359375 18
1777376660283 136.48402404785156 19
1777376661747 132.6077880859375 20
1777376663649 128.54666137695312 21
1777376664530 124.05540466308594 22
1777376665026 119.19950866699219 23
1777376667417 113.73027801513672 24
1777376669168 107.79148864746094 25
1777376670036 102.04991912841797 26
1777376671193 96.3449935913086 27
1777376672774 90.64595031738281 28
1777376673199 85.185546875 29
1777376674788 80.53764343261719 30
1777376675331 74.45378112792969 31
1777376675760 69.29556274414062 32
1777376676854 66.24385070800781 33
1777376677320 61.11341094970703 34
1777376677753 56.65449523925781 35
1777376678901 51.22980880737305 36
1777376679690 48.271820068359375 37
1777376680734 43.81820297241211 38
1777376681605 42.10049057006836 39
1777376683521 37.75482940673828 40
1777376684041 36.55966567993164 41
1777376684825 34.9859733581543 42
1777376685755 31.595735549926758 43
1777376687600 29.293590545654297 44
1777376688659 29.186784744262695 45
1777376690044 27.83198356628418 46
1777376691278 26.962142944335938 47
1777376692129 25.82541275024414 48
1777376692618 25.66929054260254 49
1777376694943 25.2200984954834 50
1777376696173 24.94578742980957 51
1777376696869 26.25887680053711 52
1777376697630 26.032602310180664 53
1777376698693 23.730499267578125 54
1777376700091 23.266624450683594 55
1777376700664 25.908935546875 56
1777376701248 22.915943145751953 57
1777376703305 22.881860733032227 58
1777376704114 22.719755172729492 59
1777376705011 20.064170837402344 60
1777376705927 22.863754272460938 61
1777376706788 21.25589942932129 62
1777376707842 21.202592849731445 63
1777376708920 23.918176651000977 64
1777376709358 22.394739151000977 65
1777376710147 21.681503295898438 66
1777376711079 21.239566802978516 67
1777376711606 20.867956161499023 68
1777376712859 21.112449645996094 69
1777376713490 21.067012786865234 70
1777376714219 21.54756736755371 71
1777376714890 24.531143188476562 72
1777376715725 20.877643585205078 73
1777376716657 20.949312210083008 74
1777376718291 18.669893264770508 75
1777376720007 19.743425369262695 76
1777376722183 20.024986267089844 77
1777376723547 19.416202545166016 78
1777376724806 18.592859268188477 79
1777376725221 18.243553161621094 80
1777376726139 19.362808227539062 81
1777376726802 19.27018165588379 82
1777376728255 19.515666961669922 83
1777376729045 19.194677352905273 84
1777376729734 19.055086135864258 85
1777376730400 17.359025955200195 86
1777376731691 19.57341766357422 87
1777376732572 19.329530715942383 88
1777376733006 18.512950897216797 89
1777376733428 17.416810989379883 90
1777376734771 17.913738250732422 91
1777376735751 17.09786033630371 92
1777376738273 18.372390747070312 93
1777376739523 18.722515106201172 94
1777376740182 16.25432586669922 95
1777376741359 18.914913177490234 96
1777376745653 18.2283935546875 97
1777376758695 17.195674896240234 98
1777376759610 16.145572662353516 99
1777376760260 18.16364288330078 100
1777376761194 17.14360237121582 101
1777376762248 17.267303466796875 102
1777376763528 17.073652267456055 103
1777376764378 16.313257217407227 104
1777376766285 16.469066619873047 105
1777376767104 16.269786834716797 106
1777376767520 16.533092498779297 107
1777376768213 16.341474533081055 108
1777376769101 16.053546905517578 109
1777376769695 16.628116607666016 110
1777376771014 15.649346351623535 111
1777376771447 15.380906105041504 112
1777376771881 14.126652717590332 113
1777376773343 16.89907455444336 114
1777376774133 15.601266860961914 115
1777376775026 15.699823379516602 116
1777376775720 16.084627151489258 117
1777376776296 16.163028717041016 118
1777376776943 15.783207893371582 119
1777376777397 15.824089050292969 120
1777376778601 15.029668807983398 121
1777376779128 14.444111824035645 122
