1777376632717 220.919642135438 1
1777376634126 219.4543392855334 2
1777376635363 218.0587023171742 3
1777376637871 216.82403039388876 4
1777376643288 215.15904364562508 5
1777376644967 213.08335370225427 6
1777376646889 211.24749443780394 7
1777376647336 209.35854412944317 8
1777376648451 207.4516980678876 9
1777376649272 205.46966967474785 10
1777376650444 203.47060982485897 11
1777376651249 201.30022665163594 12
1777376652443 198.49630034335652 13
1777376653750 195.08136323403627 14
1777376654470 191.5683012987796 15
1777376657003 188.18998047186253 16
1777376657969 184.5386138454497 17
1777376659366 181.08734080547984 18
1777376660283 176.92070964135317 19
1777376661747 172.91224517439474 20
1777376663649 168.54565173492315 21
1777376664530 163.81823482903238 22
1777376665026 158.70669315792892 23
1777376667417 153.2165606359998 24
1777376669168 147.00758643263958 25
1777376670036 140.57755449617483 26
1777376671193 134.98412811790132 27
1777376672774 128.94348325913955 28
1777376673199 122.62670822586938 29
1777376674788 116.93639346750652 30
1777376675331 110.66311137298644 31
1777376675760 103.93139263475689 32
1777376676854 98.78971709203849 33
1777376677320 93.19643862227247 34
1777376677753 87.17098577920723 35
1777376678901 79.62681206238732 36
1777376679690 74.76414085517536 37
1777376680734 69.05337892257698 38
1777376681605 64.90537357978344 39
1777376683521 58.18320968004322 40
1777376684041 55.47655314832339 41
1777376684825 51.72351516945049 42
1777376685755 46.74356573369216 43
1777376687600 43.5275497013996 44
1777376688659 43.295462467936524 45
1777376690044 40.229245728873195 46
1777376691278 40.12572404915268 47
1777376692129 37.59797260418855 48
1777376692618 36.88345043533244 49
1777376694943 37.08137924246397 50
1777376696173 36.469385973460675 51
1777376696869 37.42905235189554 52
1777376697630 37.5317736485118 53
1777376698693 34.13385587928062 54
1777376700091 33.29566699181272 55
1777376700664 36.4528554292433 56
1777376701248 32.98170472670701 57
1777376703305 33.102632852355 58
1777376704114 32.19876357838236 59
1777376705011 29.42641983949649 60
1777376705927 32.28363601419262 61
1777376706788 30.366189565864204 62
1777376707842 30.688464613785463 63
1777376708920 34.242359506469654 64
1777376709358 31.573703341163217 65
1777376710147 30.10191530743154 66
1777376711079 30.50698622440594 67
1777376711606 28.94537470472398 68
1777376712859 29.934886205051374 69
1777376713490 29.89874983505529 70
1777376714219 30.808740104017154 71
1777376714890 35.33867427357827 72
1777376715725 29.648307806040446 73
1777376716657 29.719767620261496 74
1777376718291 26.778713324293374 75
1777376720007 27.918156492040488 76
1777376722183 28.604793162939167 77
1777376723547 27.425363693677223 78
1777376724806 26.28528018853601 79
1777376725221 25.665253967776525 80
1777376726139 26.587157672925475 81
1777376726802 27.210254486475314 82
1777376728255 28.511366334392083 83
1777376729045 27.101253961922016 84
1777376729734 27.404156490736035 85
1777376730400 24.349430699517903 86
1777376731691 27.343103787006903 87
1777376732572 28.22577431953816 88
1777376733006 26.16215187858156 89
1777376733428 24.742742534033464 90
1777376734771 24.60072888790912 91
1777376735751 24.082086691440644 92
1777376738273 25.95163395024483 93
1777376739523 26.472847325284306 94
1777376740182 22.64171678268208 95
1777376741359 26.37637918491183 96
1777376745653 25.782457358092827 97
1777376758695 24.275401232121144 98
1777376759610 22.893296559118568 99
1777376760260 25.673877974585498 100
1777376761194 24.191636788926534 101
1777376762248 24.877924608224458 102
1777376763528 24.59407138250942 103
1777376764378 23.20258837763311 104
1777376766285 23.431096781557596 105
1777376767104 23.18172808678947 106
1777376767520 23.66327582053241 107
1777376768213 23.080245967195626 108
1777376769101 22.510113964902324 109
1777376769695 23.60503274305675 110
1777376771014 22.29062124872918 111
1777376771447 21.34046904115475 112
1777376771881 19.66834230342872 113
1777376773343 24.221721087918947 114
1777376774133 21.99626890968706 115
1777376775026 21.871574089987856 116
1777376775720 22.217567380182935 117
1777376776296 22.83029993703201 118
1777376776943 22.422507885231777 119
1777376777397 22.21162860558631 120
1777376778601 21.07677774952173 121
1777376779128 20.403607277670442 122
