1777370196653 199.99558337556238 1
1777370197761 191.9430458137412 2
1777370198873 178.4412237280209 3
1777370200026 157.8987341570916 4
1777370201151 134.5128330865782 5
1777370202257 107.98842191534291 6
1777370203372 79.24771992181438 7
1777370204479 54.680973458499956 8
1777370205608 37.56506108397355 9
1777370206815 29.975180639908405 10
1777370207970 27.386464914328407 11
1777370209123 25.6403165555866 12
1777370210369 24.55339587298213 13
1777370211628 24.25496527270215 14
1777370212850 23.047039074206076 15
1777370214069 21.452844102728847 16
1777370215281 21.132715281067295 17
1777370216427 23.009031709052103 18
1777370217582 21.320621705007213 19
1777370218800 21.348740114692184 20
1777370220033 21.760507075354024 21
1777370221277 22.052179094969095 22
1777370222520 20.008618295524773 23
1777370223753 19.736651982170613 24
1777370224987 19.90031806762469 25
1777370226217 18.977414403184753 26
1777370227388 19.216087640733456 27
1777370228574 19.119457295154824 28
1777370229791 17.722757878055187 29
1777370230979 18.343957376804397 30
1777370232233 18.525896685071405 31
1777370233470 19.79386581966248 32
1777370234664 17.29436509977036 33
1777370235886 17.31694482775286 34
1777370237096 17.133138748112035 35
1777370238290 16.865690305423172 36
1777370239539 16.609907971596236 37
1777370240750 15.683328158471847 38
1777370241943 15.969405040501195 39
1777370243117 15.24572906833031 40
1777370244356 15.868018851654508 41
1777370245578 14.986094626596465 42
1777370246759 15.037095657274147 43
1777370247938 14.79081538092928 44
1777370249124 15.628308068631023 45
1777370250325 14.053013035280093 46
1777370251515 14.622908706482246 47
1777370252752 14.766328262152928 48
1777370253960 13.629582940120079 49
1777370255169 13.200533877008592 50
1777370256371 13.905104375151115 51
1777370257586 13.344823841953517 52
1777370258771 12.988090453864643 53
1777370259973 14.097419055528183 54
1777370261191 13.11200221471753 55
1777370262400 12.897272983986252 56
1777370263604 13.175349977124682 57
1777370264815 13.895081788778052 58
1777370266035 12.438204401388749 59
1777370267257 12.463269057100446 60
1777370268471 12.513691458400679 61
1777370269709 12.023407544628299 62
1777370270895 12.309096376055331 63
1777370272121 12.187314577423708 64
1777370273321 11.84061487065387 65
1777370274535 11.788080891882068 66
1777370276142 12.001403509025705 67
1777370277374 11.830659495950266 68
1777370278636 11.908121867793678 69
1777370279849 12.238796022739349 70
1777370281077 12.083070538936372 71
1777370282307 12.095140939800533 72
1777370283531 12.107037354312329 73
1777370284760 11.613890838618307 74
1777370285996 11.153544953913713 75
1777370287484 11.899909881157878 76
1777370288733 12.022951294430579 77
1777370289959 11.2488998560092 78
1777370291176 11.159949776913155 79
1777370292428 11.538108658500427 80
1777370293663 11.313085335183171 81
1777370294842 11.578427622162703 82
1777370296005 11.134460182733482 83
1777370297248 11.196975974910355 84
1777370298489 10.615935570061595 85
1777370299711 10.749032494494532 86
1777370300877 11.082358681454155 87
1777370302064 11.252989672437256 88
1777370303287 10.976549140726052 89
1777370304452 10.360247810100493 90
1777370305678 10.714797636911673 91
1777370306899 10.89085107841618 92
1777370308110 10.72401843794562 93
1777370309378 10.755862397303687 94
1777370310583 10.649526212672962 95
1777370311757 10.338380090117784 96
1777370312968 10.532118309149869 97
