1777378297195 167.59531044665678 1
1777378299111 164.7603569501712 2
1777378302077 161.68202303662713 3
1777378303857 158.10350403962312 4
1777378306149 153.9845667709539 5
1777378307217 149.10958777533637 6
1777378308074 143.15223966998818 7
1777378309498 135.6085292674877 8
1777378310661 127.15869894145447 9
1777378311852 118.55553219642168 10
1777378312702 109.85442705507631 11
1777378314120 100.35416059140806 12
1777378316662 90.78462247495298 13
1777378318847 80.65702254683883 14
1777378320748 70.64140621232397 15
1777378323357 60.922590420569904 16
1777378324195 52.27402837776843 17
1777378325161 44.309998877254536 18
1777378326338 37.09357800895785 19
1777378327290 30.842816011405287 20
1777378330170 26.524528515191726 21
1777378332725 22.230167094572092 22
1777378333818 22.12518118634636 23
1777378334679 21.47041399684953 24
1777378335995 20.090374016467436 25
1777378337405 18.896363022886675 26
1777378338857 17.43548161306499 27
1777378340054 16.952486838823482 28
1777378341597 17.22046536575129 29
1777378342504 15.950771390655895 30
1777378343349 16.3873200122221 31
1777378345022 15.430736624164346 32
1777378346143 14.557884910960256 33
1777378347947 15.505308433815285 34
1777378348932 14.509978223730016 35
1777378350252 14.335933544017651 36
1777378351108 13.827519340279661 37
1777378351961 14.754495255741073 38
1777378353901 13.742805274916284 39
1777378355147 14.748267632943612 40
1777378355981 14.263875337294591 41
1777378356988 14.715922167271744 42
1777378357826 14.857717207920404 43
1777378358751 13.68284950727298 44
1777378360257 12.61174793007933 45
1777378361218 13.936232902385571 46
1777378362403 13.798127280341255 47
1777378363901 13.486384197517678 48
1777378365010 13.298711776733398 49
1777378367047 13.485105602829545 50
1777378369465 12.789633356494669 51
1777378374535 12.808257273685784 52
1777378375511 12.556615075947326 53
1777378377751 12.547319188530063 54
1777378379133 12.112570909806239 55
1777378380377 12.212807119628529 56
1777378381516 11.50718370484717 57
1777378383624 13.069916913538803 58
1777378384650 11.368764359274028 59
1777378385908 11.648894298223802 60
1777378387926 12.508792058921154 61
1777378390055 11.102307561003132 62
1777378391306 12.006073198200744 63
1777378393235 11.264264324564992 64
1777378396378 11.863206368905526 65
1777378398205 10.932682814421478 66
1777378399975 11.264080118249964 67
1777378401718 11.23870109628748 68
1777378403741 11.43956623548343 69
1777378404579 10.465400012922876 70
