1777378297195 -1.8516786284595264 1
1777378299111 -1.7911473268788507 2
1777378302077 -1.726176036891378 3
1777378303857 -1.6501286855124055 4
1777378306149 -1.5565517961105821 5
1777378307217 -1.4325199109560711 6
1777378308074 -1.26926541828163 7
1777378309498 -1.0750183973474057 8
1777378310661 -0.8801129854194787 9
1777378311852 -0.6932542547942451 10
1777378312702 -0.5108623962823162 11
1777378314120 -0.32000392118645427 12
1777378316662 -0.1320262903657754 13
1777378318847 0.048555760268942705 14
1777378320748 0.22918850432443172 15
1777378323357 0.3956968239924431 16
1777378324195 0.5281013246857488 17
1777378325161 0.6505606586825887 18
1777378326338 0.744018224308747 19
1777378327290 0.8214640307878363 20
1777378330170 0.8694182922772578 21
1777378332725 0.9037111984308348 22
1777378333818 0.9100639005676129 23
1777378334679 0.91581921047563 24
1777378335995 0.9262486624034955 25
1777378337405 0.9351674312085004 26
1777378338857 0.9430833983027632 27
1777378340054 0.9459403706288555 28
1777378341597 0.9434520586516644 29
1777378342504 0.9510791343961719 30
1777378343349 0.9493885004205108 31
1777378345022 0.9534639133344894 32
1777378346143 0.9588817406536353 33
1777378347947 0.9541412604062993 34
1777378348932 0.9594862449613522 35
1777378350252 0.9598270167348718 36
1777378351108 0.9623707461649492 37
1777378351961 0.9575386847872546 38
1777378353901 0.9625466624065648 39
1777378355147 0.9582293047107185 40
1777378355981 0.9604377147875922 41
1777378356988 0.9588494388377404 42
1777378357826 0.9566735514438944 43
1777378358751 0.962315085915996 44
1777378360257 0.9668024218410085 45
1777378361218 0.9614565387408485 46
1777378362403 0.9615613779824229 47
1777378363901 0.9639494301714195 48
1777378365010 0.9644159613151169 49
1777378367047 0.9628371903816596 50
1777378369465 0.9666354350991845 51
1777378374535 0.965970689442992 52
1777378375511 0.9673755704328729 53
1777378377751 0.9675709283447298 54
1777378379133 0.9674060518304497 55
1777378380377 0.968923895938541 56
1777378381516 0.9718813318816246 57
1777378383624 0.9643919065196056 58
1777378384650 0.9722347740128547 59
1777378385908 0.9714514209792684 60
1777378387926 0.9677614243402853 61
1777378390055 0.9732559892574071 62
1777378391306 0.9685993645241591 63
1777378393235 0.9726890664362937 64
1777378396378 0.9699331901959596 65
1777378398205 0.9741325609932496 66
1777378399975 0.9725060101918235 67
1777378401718 0.9722847720177306 68
1777378403741 0.9711445417381905 69
1777378404579 0.9754331056189988 70
