1777420522030 226.46194320183247 1
1777420525471 224.93500797452583 2
1777420525811 223.41225381847343 3
1777420528401 222.0792985484014 4
1777420534443 220.65263637106173 5
1777420534815 219.11800295445832 6
1777420542290 217.47280720816568 7
1777420548126 215.6324274083098 8
1777420550969 213.61389124130014 9
1777420557008 211.34345196267614 10
1777420557314 208.75320918191892 11
1777420557618 205.8681787728497 12
1777420559968 202.8021280090522 13
1777420565608 199.64750186265792 14
1777420568530 196.3471395736388 15
1777420577118 192.82369294902531 16
1777420581467 189.41518756754962 17
1777420584620 185.92707953993684 18
1777420585061 182.2597948328155 19
1777420585397 178.43812390433834 20
1777420593990 174.58998284373305 21
1777420600300 170.48727843852456 22
1777420600612 166.52303706995016 23
1777420602902 161.81854107108677 24
1777420609554 157.6205329957839 25
1777420618407 153.2296581116071 26
1777420621792 148.24121232386761 27
1777420628267 143.20421525089617 28
1777420628566 137.5582121094557 29
1777420628861 131.3057842761506 30
1777420629169 124.29696044151683 31
1777420635123 117.97053806591924 32
1777420635455 110.29184916478415 33
1777420635753 103.39579975148894 34
1777420638438 95.7640227166497 35
1777420638734 88.62539943933257 36
1777420639162 81.29621582233241 37
1777420645553 74.7107704333853 38
1777420645863 69.40882832333902 39
1777420646237 63.6623976842394 40
1777420651674 57.7556921065199 41
1777420658243 52.752003997774814 42
1777420658581 49.570287258661814 43
1777420658926 45.292735452450046 44
1777420662515 45.94157348010759 45
1777420662809 41.058928033852304 46
1777420663086 39.869366765099244 47
1777420663374 36.274828175743124 48
1777420663672 37.31624739086096 49
1777420663963 35.05166213683293 50
1777420667149 32.80321297144534 51
1777420667522 33.34645534362498 52
1777420669066 31.925295414524946 53
1777420671968 33.08901900496504 54
1777420675330 32.27419491213627 55
1777420675912 30.772036216191886 56
1777420679284 29.800319142520834 57
1777420686399 28.750194250362792 58
1777420689726 30.006519880711966 59
1777420690147 30.575191678735333 60
1777420693721 30.547531362833254 61
1777420694068 28.41721567945488 62
1777420695002 28.010972189273996 63
1777420705682 28.76730966685536 64
1777420706487 27.373141569694393 65
1777420719956 28.39388611223704 66
1777420733123 28.88396311442238 67
1777420740599 28.853577432686965 68
1777420741071 27.688217532674773 69
1777420744745 25.13559784068391 70
1777420754730 25.239741592656262 71
1777420770003 24.197068167655274 72
1777420780770 27.982254944819495 73
1777420785620 25.270064738243153 74
1777420796592 24.685243913922417 75
1777420808571 24.70057258714487 76
1777420819969 23.62410996794046 77
1777420836125 24.26694549288574 78
1777420846517 24.20554579565652 79
1777420853466 24.454124630126945 80
1777420864825 23.362784554680925 81
1777420879906 24.98381800504829 82
1777420884199 26.871622698402724 83
1777420892294 23.102522860068767 84
1777420896626 22.710409404334833 85
1777420902734 23.98071531525384 86
1777420910312 22.775842765348443 87
1777420920550 23.389450747078264 88
1777420933907 23.058226812365014 89
