1777214749730 -2.665910345276244 1
1777214751196 -2.292309963058331 2
1777214752380 -1.7373488249107587 3
1777214753566 -1.0885515102294356 4
1777214754754 -0.40562678421406434 5
1777214755907 0.18859189329887474 6
1777214757048 0.6108942510620468 7
1777214758196 0.8333327518570515 8
1777214759334 0.9040894330632486 9
1777214760477 0.9257435409352308 10
1777214761589 0.9333066236793931 11
1777214762701 0.9413885186582119 12
1777214765185 0.9441341820351286 13
1777214766495 0.9520872014622075 14
1777214768240 0.9546007425364678 15
1777214770027 0.957366303847327 16
1777214772026 0.9555858846807495 17
1777214775294 0.9605403888616075 18
1777214778524 0.961676868298673 19
1777214785798 0.9607817824005579 20
1777214850133 0.9655605468517738 21
1777214859676 0.9662580320236914 22
1777214860914 0.9627994859001083 23
1777214862282 0.9665240568760751 24
1777214863623 0.9668600468783556 25
1777214864832 0.967768128659803 26
1777214865995 0.9680190695583789 27
1777214867144 0.9690596732820305 28
1777214868302 0.9631275652705167 29
1777214869465 0.9720752234880041 30
1777214870694 0.9657109470036396 31
1777214871878 0.9718104238892142 32
1777214952064 0.97304311159654 33
1777214954700 0.9695638154042772 34
1777214955916 0.974341209075822 35
1777214957108 0.9742249085114836 36
1777214958388 0.9721157006705667 37
1777214959596 0.9677891716388105 38
1777214960809 0.9745210696898765 39
1777214962047 0.9757044333762839 40
1777214963434 0.9736011637132919 41
1777214964806 0.9763472564987188 42
1777214966228 0.9742544053167743 43
1777214967403 0.9751683433950589 44
1777214968594 0.9756529186218259 45
1777214969740 0.9740893152377914 46
1777214970865 0.9757933123538439 47
1777214972003 0.973691733562671 48
1777214973246 0.9769346144895319 49
