1777139229483 160.86669921875 1
1777139230114 157.14691162109375 2
1777139230735 153.36627197265625 3
1777139231347 148.8426971435547 4
1777139231967 143.60728454589844 5
1777139232585 137.68275451660156 6
1777139233200 130.46807861328125 7
1777139233818 122.0684814453125 8
1777139234439 113.74411010742188 9
1777139235056 105.11878967285156 10
1777139235673 95.87779235839844 11
1777139236319 86.06919860839844 12
1777139236945 76.12905883789062 13
1777139237570 65.76856231689453 14
1777139238195 55.240745544433594 15
1777139238818 46.09773254394531 16
1777139239445 40.04983139038086 17
1777139240074 34.50684356689453 18
1777139240704 28.328519821166992 19
1777139241336 26.373218536376953 20
1777139241970 23.030601501464844 21
1777139242632 22.415802001953125 22
1777139243265 21.3211727142334 23
1777139243902 20.25398063659668 24
1777139244541 18.907350540161133 25
1777139245217 18.97399139404297 26
1777139245867 18.519290924072266 27
1777139246591 18.229829788208008 28
1777139247298 17.022573471069336 29
1777139247988 18.794782638549805 30
1777139248799 17.32423210144043 31
1777139249555 17.316234588623047 32
1777139290836 17.423152923583984 33
1777139291458 14.966947555541992 34
1777139292080 16.817018508911133 35
1777139292704 17.42015838623047 36
1777139293323 16.365253448486328 37
1777139293944 16.27353286743164 38
1777139294564 15.947080612182617 39
1777139295184 16.60247802734375 40
1777139295806 15.284271240234375 41
1777139296430 15.085861206054688 42
1777139297072 17.229703903198242 43
1777139297701 16.425748825073242 44
1777139298325 14.948368072509766 45
1777139298951 14.614824295043945 46
1777139299575 14.731168746948242 47
1777139300202 16.239057540893555 48
1777139300830 14.482889175415039 49
1777139301455 16.58794593811035 50
1777139302082 15.302337646484375 51
1777139302724 14.716798782348633 52
1777139303355 13.463598251342773 53
1777139303982 13.007000923156738 54
1777139304606 12.859882354736328 55
1777139305232 13.516703605651855 56
1777139305860 12.92589282989502 57
1777139306492 13.969599723815918 58
1777139307142 14.308671951293945 59
1777139308749 13.544438362121582 60
1777139309424 12.76850700378418 61
1777139310176 13.069579124450684 62
1777139310884 12.669150352478027 63
1777139311578 13.775681495666504 64
1777139312273 12.525090217590332 65
1777139312966 13.092629432678223 66
1777139313818 13.490462303161621 67
1777139545109 12.709184646606445 68
1777139578579 12.324986457824707 69
1777139641292 10.660666465759277 70
1777139642356 11.96692943572998 71
1777139642975 10.904829025268555 72
1777139643622 11.412041664123535 73
1777139644789 12.112805366516113 74
1777139645440 12.083993911743164 75
1777139646083 11.818166732788086 76
1777139646719 10.322362899780273 77
1777139647353 10.84920597076416 78
1777139647997 11.136195182800293 79
1777139648634 11.622939109802246 80
1777139649272 10.517656326293945 81
1777139649909 11.054698944091797 82
1777139652474 10.770904541015625 83
1777139653264 10.798130989074707 84
1777139654033 10.864065170288086 85
1777139655400 10.747971534729004 86
1777139656758 10.399651527404785 87
1777139657914 10.20832633972168 88
1777139658887 10.356080055236816 89
1777139659871 11.124625205993652 90
1777139660814 10.552048683166504 91
1777139661785 10.250346183776855 92
1777139662573 10.4185152053833 93
1777139663322 9.327451705932617 94
1777139664081 10.643538475036621 95
1777139664945 10.218828201293945 96
1777139665877 10.571840286254883 97
1777139666595 10.222821235656738 98
1777139673167 10.486560821533203 99
1777139745561 9.280211448669434 100
1777139746188 9.745281219482422 101
1777139746815 10.415771484375 102
1777139747444 9.539752960205078 103
1777139748072 9.965744972229004 104
1777139748704 8.953957557678223 105
1777139749357 9.598408699035645 106
1777139752475 9.261916160583496 107
1777139753210 9.888020515441895 108
1777139754279 9.618056297302246 109
1777139755259 9.764079093933105 110
1777139756251 9.425318717956543 111
1777139757553 9.180007934570312 112
1777139758945 9.110743522644043 113
1777139761029 9.364730834960938 114
1777139764161 8.702539443969727 115
1777139768390 9.196850776672363 116
1777139769046 9.897730827331543 117
1777139769703 10.534308433532715 118
1777139770358 9.086841583251953 119
1777139771016 9.528820991516113 120
1777139771673 9.074260711669922 121
1777139772332 8.820210456848145 122
1777139773036 8.969742774963379 123
