1777428995752 191.92902755737305 1
1777428996755 184.8704948425293 2
1777428997742 175.86993789672852 3
1777428998735 163.33612442016602 4
1777428999717 149.22409057617188 5
1777429000695 133.78489303588867 6
1777429001676 116.76581001281738 7
1777429002661 97.93246841430664 8
1777429003645 76.99404525756836 9
1777429004631 56.759727478027344 10
1777429005599 41.67055034637451 11
1777429006574 31.85298204421997 12
1777429007540 27.226911067962646 13
1777429008509 24.879422664642334 14
1777429009487 23.79622459411621 15
1777429010450 21.98320722579956 16
1777429011432 21.79012632369995 17
1777429012415 20.74897289276123 18
1777429013376 20.522014617919922 19
1777429014361 19.875754356384277 20
1777429015333 19.69680643081665 21
1777429016298 19.503029346466064 22
1777429017258 19.25462818145752 23
1777429018222 18.58398151397705 24
1777429019193 18.71901226043701 25
1777429020170 18.315328121185303 26
1777429021153 17.256836891174316 27
1777429022134 17.384315013885498 28
1777429023117 17.180047035217285 29
1777429024117 17.914835929870605 30
1777429025101 16.835280895233154 31
1777429026095 16.40774631500244 32
1777429027084 16.39631748199463 33
1777429028067 15.942759275436401 34
1777429029278 17.524147987365723 35
1777429030279 16.610018730163574 36
1777429031265 15.741012811660767 37
1777429032253 15.652630090713501 38
1777429033242 16.483347415924072 39
1777429034238 16.101171493530273 40
1777429035226 15.355388879776001 41
1777429036197 16.4810893535614 42
1777429037180 15.362694263458252 43
1777429038150 15.150827407836914 44
1777429039127 15.40369987487793 45
1777429040110 15.874828577041626 46
1777429041096 15.66861891746521 47
1777429042069 15.49794316291809 48
1777429043054 16.435114860534668 49
1777429044029 15.755226850509644 50
1777429045002 16.00682544708252 51
1777429045971 14.845627069473267 52
1777429046978 15.716753959655762 53
1777429047973 15.608892440795898 54
