1777428995752 224.1717606546011 1
1777428996755 218.15599108548756 2
1777428997742 209.97335729360003 3
1777428998735 198.24357695219152 4
1777428999717 184.79292239060288 5
1777429000695 170.09901636785787 6
1777429001676 153.59875056896212 7
1777429002661 134.12219718225094 8
1777429003645 109.5160491309439 9
1777429004631 82.98480133120906 10
1777429005599 61.881707570000856 11
1777429006574 46.38336316205118 12
1777429007540 38.27517867211701 13
1777429008509 34.386837431289926 14
1777429009487 32.25988905690301 15
1777429010450 29.51641405603433 16
1777429011432 29.305568516222607 17
1777429012415 27.837303392378875 18
1777429013376 27.306632115697177 19
1777429014361 26.300403907895383 20
1777429015333 26.11275722001794 21
1777429016298 25.912050277410774 22
1777429017258 25.342493661036347 23
1777429018222 24.79435588273952 24
1777429019193 24.983614437815344 25
1777429020170 24.270688977238116 26
1777429021153 22.89523984640426 27
1777429022134 23.10786203338518 28
1777429023117 22.627438379277198 29
1777429024117 23.58662078239426 30
1777429025101 22.021358408198438 31
1777429026095 21.54062583425139 32
1777429027084 21.649180999581596 33
1777429028067 21.233739413788552 34
1777429029278 22.974809378350898 35
1777429030279 21.982485931626123 36
1777429031265 20.83022204650623 37
1777429032253 20.58958257500332 38
1777429033242 21.631020357319706 39
1777429034238 21.110659009104854 40
1777429035226 20.31624946408269 41
1777429036197 21.551959482033773 42
1777429037180 20.15023243947013 43
1777429038150 20.239348660901562 44
1777429039127 20.361154032100636 45
1777429040110 21.207402464012628 46
1777429041096 20.659041574423377 47
1777429042069 20.207036698764785 48
1777429043054 22.27584112201632 49
1777429044029 20.82811377690747 50
1777429045002 21.153020816480677 51
1777429045971 19.589664973815534 52
1777429046978 20.77038734265922 53
1777429047973 21.01822494912568 54
