1777428995752 -2.741595438008158 1
1777428996755 -2.5434744895425205 2
1777428997742 -2.282641192934005 3
1777428998735 -1.9261283787706769 4
1777428999717 -1.5425290878044926 5
1777429000695 -1.1542634715375666 6
1777429001676 -0.7565933289543361 7
1777429002661 -0.33936092521358097 8
1777429003645 0.10699355951623968 9
1777429004631 0.48721836436755317 10
1777429005599 0.7148033718279376 11
1777429006574 0.8397923106625786 12
1777429007540 0.8909045130254185 13
1777429008509 0.9119246838692708 14
1777429009487 0.9225010269832976 15
1777429010450 0.9351253033295069 16
1777429011432 0.9360241760349928 17
1777429012415 0.9423023000316183 18
1777429013376 0.9444099165577163 19
1777429014361 0.9484909564698986 20
1777429015333 0.9492136320250204 21
1777429016298 0.9500029532874308 22
1777429017258 0.9521634218541346 23
1777429018222 0.9542237333173144 24
1777429019193 0.9535038831685613 25
1777429020170 0.95613666185659 26
1777429021153 0.9609456401214437 27
1777429022134 0.9602351105347063 28
1777429023117 0.9618670641603553 29
1777429024117 0.9585656451308837 30
1777429025101 0.9638815816338486 31
1777429026095 0.9654462802044138 32
1777429027084 0.965093363995933 33
1777429028067 0.9664227832725101 34
1777429029278 0.96064807619228 35
1777429030279 0.9639814654872404 36
1777429031265 0.9676662134649271 37
1777429032253 0.9684173234288248 38
1777429033242 0.9651295310668814 39
1777429034238 0.9668037048870589 40
1777429035226 0.9692519386331793 41
1777429036197 0.9653939855940782 42
1777429037180 0.9697614353650202 43
1777429038150 0.9694893602082052 44
1777429039127 0.9691233935734017 45
1777429040110 0.9664958503579095 46
1777429041096 0.968210970393851 47
1777429042069 0.9695796037969264 48
1777429043054 0.9630533686800961 49
1777429044029 0.9676935658031788 50
1777429045002 0.9666831414636484 51
1777429045971 0.9714204844737964 52
1777429046978 0.967839852994052 53
1777429047973 0.9671000062563355 54
