1777428995752 191.92901611328125 1
1777428996755 184.8704833984375 2
1777428997742 175.86993408203125 3
1777428998735 163.3361358642578 4
1777428999717 149.22409057617188 5
1777429000695 133.78489685058594 6
1777429001676 116.76580810546875 7
1777429002661 97.9324722290039 8
1777429003645 76.99405670166016 9
1777429004631 56.75972366333008 10
1777429005599 41.67054748535156 11
1777429006574 31.852985382080078 12
1777429007540 27.226911544799805 13
1777429008509 24.879423141479492 14
1777429009487 23.796226501464844 15
1777429010450 21.98320770263672 16
1777429011432 21.79012680053711 17
1777429012415 20.748971939086914 18
1777429013376 20.522014617919922 19
1777429014361 19.875757217407227 20
1777429015333 19.696807861328125 21
1777429016298 19.503026962280273 22
1777429017258 19.254627227783203 23
1777429018222 18.583982467651367 24
1777429019193 18.719011306762695 25
1777429020170 18.31532859802246 26
1777429021153 17.256837844848633 27
1777429022134 17.384315490722656 28
1777429023117 17.1800479888916 29
1777429024117 17.91483497619629 30
1777429025101 16.835281372070312 31
1777429026095 16.407747268676758 32
1777429027084 16.396318435668945 33
1777429028067 15.94275951385498 34
1777429029278 17.52414894104004 35
1777429030279 16.610017776489258 36
1777429031265 15.741013526916504 37
1777429032253 15.652628898620605 38
1777429033242 16.483346939086914 39
1777429034238 16.10116958618164 40
1777429035226 15.355388641357422 41
1777429036197 16.481088638305664 42
1777429037180 15.362693786621094 43
1777429038150 15.150827407836914 44
1777429039127 15.403698921203613 45
1777429040110 15.874828338623047 46
1777429041096 15.668618202209473 47
1777429042069 15.497942924499512 48
1777429043054 16.43511390686035 49
1777429044029 15.755227088928223 50
1777429045002 16.006826400756836 51
1777429045971 14.845627784729004 52
1777429046978 15.716754913330078 53
1777429047973 15.608892440795898 54
