1777383987469 181.97314453125 1
1777383987822 180.0877227783203 2
1777383988174 178.3737335205078 3
1777383988527 176.89425659179688 4
1777383989616 175.31370544433594 5
1777383990002 173.57119750976562 6
1777383990381 171.58865356445312 7
1777383990839 169.39505004882812 8
1777383991190 167.07386779785156 9
1777383991543 164.62274169921875 10
1777383991899 162.0550537109375 11
1777383992277 159.2708740234375 12
1777383992661 156.26171875 13
1777384000841 152.97689819335938 14
1777384001232 149.21961975097656 15
1777384001854 145.39691162109375 16
1777384002215 141.596923828125 17
1777384002588 137.81637573242188 18
1777384002934 133.69964599609375 19
1777384003291 129.54940795898438 20
1777384003653 125.18862915039062 21
1777384004013 120.81578063964844 22
1777384004364 116.07320404052734 23
1777384004722 111.22281646728516 24
1777384005096 106.42449951171875 25
1777384005469 101.4808120727539 26
1777384005839 96.5550308227539 27
1777384006234 91.8851089477539 28
1777384006609 86.62449645996094 29
1777384006976 81.26313781738281 30
1777384007343 76.05965423583984 31
1777384007725 70.75126647949219 32
1777384008106 65.93544006347656 33
1777384008475 60.37156677246094 34
1777384009372 55.48572540283203 35
1777384009752 50.252647399902344 36
1777384010132 46.95704650878906 37
1777384010524 41.933841705322266 38
1777384011227 37.90864562988281 39
1777384011626 35.942771911621094 40
1777384012013 33.049190521240234 41
1777384012417 31.369340896606445 42
1777384012841 27.461734771728516 43
1777384013253 26.91619873046875 44
1777384013891 27.54207420349121 45
1777384014260 23.25420379638672 46
1777384014662 22.297897338867188 47
1777384021533 23.342622756958008 48
1777384026432 20.01513671875 49
1777384027279 21.27552604675293 50
1777384027645 22.324203491210938 51
1777384027999 21.675796508789062 52
1777384028363 19.213754653930664 53
1777384028747 20.479936599731445 54
1777384029128 19.33841323852539 55
1777384029534 19.63749885559082 56
1777384030070 18.09408950805664 57
1777384030637 18.548507690429688 58
1777384034542 23.086122512817383 59
1777384040747 17.65882682800293 60
1777384046119 18.406644821166992 61
1777384052927 17.78580093383789 62
1777384053292 20.292245864868164 63
1777384053668 16.59311294555664 64
1777384054050 16.147615432739258 65
1777384054435 15.751731872558594 66
1777384054860 17.4312801361084 67
1777384055991 18.322158813476562 68
1777384095929 17.376562118530273 69
1777384096293 15.117910385131836 70
1777384096645 15.029528617858887 71
1777384096995 15.5435152053833 72
1777384097350 15.704978942871094 73
1777384097721 15.429861068725586 74
1777384098068 14.177762985229492 75
1777384098424 15.777997970581055 76
1777384098815 16.892770767211914 77
1777384099170 17.09366798400879 78
1777384099533 15.242292404174805 79
1777384099898 15.584647178649902 80
1777384100270 15.7953519821167 81
1777384100627 14.241792678833008 82
1777384101032 14.297889709472656 83
1777384101605 14.129422187805176 84
1777384101978 14.641968727111816 85
1777384102345 13.459431648254395 86
1777384102714 12.756790161132812 87
1777384103093 14.019021987915039 88
1777384103462 13.267075538635254 89
1777384103824 13.570984840393066 90
1777384104189 15.080122947692871 91
1777384104564 15.039085388183594 92
1777384104922 14.357073783874512 93
1777384105309 14.505973815917969 94
1777384105678 14.839033126831055 95
1777384106041 14.427051544189453 96
1777384106408 13.813828468322754 97
1777384106771 12.473015785217285 98
1777384107135 15.07528305053711 99
1777384107500 13.151524543762207 100
1777384107880 12.602275848388672 101
1777384108234 11.293633460998535 102
1777384108592 13.222352981567383 103
1777384108945 13.910768508911133 104
1777384109359 14.996532440185547 105
1777384109714 15.438217163085938 106
1777384110084 14.664987564086914 107
1777384110450 12.909916877746582 108
1777384110813 12.496820449829102 109
