1777419424393 195.41209662562838 1
1777419434942 189.86573656282695 2
1777419449432 182.0718313897026 3
1777419456281 169.19907884019756 4
1777419466709 152.7844512002519 5
1777419473436 133.70056218013156 6
1777419480453 111.68545430153463 7
1777419487446 85.77420192269349 8
1777419493085 63.14768463858943 9
1777419510024 45.94979874547068 10
1777419519436 37.0901797067688 11
1777419522828 30.313750625469275 12
1777419526084 31.25476208188236 13
1777419532610 26.237865439515495 14
1777419536202 25.42600885443768 15
1777419542312 25.898680283827346 16
1777419552117 23.084416529874204 17
1777419555360 23.728369009581 18
1777419566444 21.182342135316922 19
1777419575786 23.328671009042267 20
1777419588533 20.94263858542979 21
1777419592467 21.495681201551893 22
1777419604522 21.552704988111785 23
1777419610716 22.485521656472567 24
1777419620617 21.1658713119013 25
1777419633327 20.18912122813255 26
1777419637383 19.953960594862572 27
1777419647047 19.23261498497632 28
1777419648055 20.199043200576206 29
1777419651462 21.15778426482626 30
1777419658586 20.11215650266837 31
1777419664681 19.226658534768315 32
1777419665687 18.24492067945312 33
1777419666689 20.194857920357006 34
1777419669947 18.780524733299572 35
1777419673417 17.231027135020753 36
1777419676896 18.497424155479912 37
1777419679996 18.213480712920852 38
1777419686391 17.770211046294456 39
1777419689949 18.086035727409058 40
1777419701089 17.518830119921574 41
1777419704353 16.5779833414018 42
1777419713038 16.61014191195908 43
1777419725181 18.434691235132377 44
1777419728771 16.116259583948604 45
1777419732293 17.079932780418567 46
1777419744830 16.30064216061421 47
1777419761132 16.372705879459748 48
1777419775791 15.093589067035307 49
1777419785725 16.02563858632528 50
1777419792987 16.84540779449445 51
1777419800409 16.070598068704594 52
1777419809253 15.739305084736653 53
1777419819713 14.807537866791094 54
1777419836693 15.721204920703457 55
1777419845366 15.624957103625 56
1777419854959 15.636467928245347 57
1777419859017 14.144479165655781 58
1777419868507 14.974800678987569 59
1777419876957 14.194172119145636 60
1777419886279 15.690110386740344 61
1777419892752 14.979928055838785 62
1777419896311 14.547716538894337 63
1777419902585 14.769434797008579 64
1777419908619 14.268797532296498 65
1777419915429 14.311585504807741 66
1777419918425 14.409325803856003 67
1777419927044 15.330178447297454 68
1777419932793 14.25076019777897 69
1777419940999 14.191570362480636 70
1777419947596 14.196347019616894 71
1777419958614 13.988023743531286 72
1777419965595 13.360341261842537 73
1777419968978 13.906156018509089 74
1777419971742 13.626930421572856 75
1777419981355 13.95659354244737 76
1777419984578 13.410851929777184 77
1777419987583 13.718726504460236 78
1777419990873 13.392803148287904 79
1777420002287 13.654441200013567 80
1777420005636 13.573593744356558 81
1777420006652 12.837509725015932 82
1777420009094 13.17182593000622 83
1777420023710 13.65912148514498 84
1777420024733 12.444416750813017 85
1777420034394 13.39863761975343 86
1777420043591 13.051608143942198 87
1777420061649 12.714599745860692 88
1777420070943 14.022529238637592 89
1777420074099 12.177606167771478 90
1777420079710 12.898231129105472 91
1777420083059 13.076071462885277 92
1777420092890 13.12675538035858 93
1777420097192 12.655302272659252 94
1777420103963 11.598190089606156 95
1777420114033 11.904869866952287 96
1777420115080 12.06484313441246 97
1777420126081 11.460369697017773 98
1777420139119 11.9045713178488 99
1777420149179 11.55350458031931 100
1777420163144 11.950792662517237 101
1777420180896 11.278485329102317 102
1777420186932 11.346141494092695 103
1777420198026 11.856354159889507 104
1777420204720 11.730924124290848 105
1777420211230 11.400872161664688 106
1777420220294 11.539656103556345 107
1777420223864 11.551934981099942 108
