1777205305810 -1.9101801895864028 1
1777205306440 -1.7983573212758637 2
1777205307044 -1.68394659299254 3
1777205307650 -1.5293541894902585 4
1777205308280 -1.3359416299812696 5
1777205308885 -1.12008964277285 6
1777205309485 -0.8874109324645685 7
1777205310082 -0.6550251291018718 8
1777205310682 -0.4242752536765616 9
1777205311280 -0.1904906229792065 10
1777205311876 0.04633087404935454 11
1777205312473 0.2734960133780069 12
1777205313091 0.4881162856955452 13
1777205313686 0.6605570116166986 14
1777205314295 0.7863983903829339 15
1777205314891 0.8618273324452128 16
1777205315485 0.8855559776698791 17
1777205316082 0.9199001449113506 18
1777205316674 0.9257875388537751 19
1777205317269 0.9345263167349627 20
1777205317867 0.9451176766370974 21
1777205318933 0.9490461742155561 22
1777205319531 0.9486815819022067 23
1777205320128 0.9549634907488646 24
1777205320723 0.9590245613472415 25
1777205321319 0.9647576028054259 26
1777205321917 0.9676043253544634 27
1777205322518 0.9604184330245897 28
1777205323116 0.964621766530801 29
1777205323712 0.9612986302302053 30
1777205324309 0.9615563961333571 31
1777205324903 0.9669326043715889 32
1777205325500 0.9637480066439367 33
1777205326094 0.9724133623545063 34
1777205326692 0.9680666025728442 35
1777205327287 0.9677195257385551 36
1777205327882 0.9733675317686916 37
1777205328902 0.9731816218239413 38
1777205329543 0.9748893295939318 39
1777205330187 0.9766770687976865 40
1777205330831 0.9746483802364672 41
1777205331475 0.9761565801415026 42
1777205332117 0.973344851709 43
1777205332761 0.9759312348666325 44
1777205333403 0.9765427114831493 45
1777205334172 0.9757118828171578 46
1777205334823 0.9759340263279636 47
1777205335493 0.9722667141609774 48
1777205336152 0.9755595671305495 49
1777205337533 0.9794850658326888 50
1777205338403 0.9774730958091111 51
1777205339046 0.9754839967895075 52
1777205339683 0.9779500126875424 53
1777205340428 0.9800892946678027 54
1777205341051 0.9788382973734074 55
1777205341674 0.9777960952676292 56
1777205342291 0.9834846781372704 57
1777205344257 0.9798411281444928 58
1777205345609 0.980260944991637 59
1777205346268 0.9830548947293001 60
1777205346932 0.9834526590938819 61
1777205347577 0.9779167400271369 62
1777205348278 0.9818998084322489 63
1777205348937 0.9849338477881944 64
1777205349604 0.979198411005946 65
1777205350292 0.98411947678375 66
1777205351086 0.9826304699287962 67
1777205351740 0.9843615673185396 68
1777205352411 0.9793501246329342 69
1777205353098 0.9818429319591871 70
1777205353736 0.9863075323598571 71
1777205354419 0.9871178205877116 72
1777205355135 0.9820171435803497 73
1777205355778 0.9843074326083441 74
1777205356509 0.9858333968683024 75
1777205357208 0.9847963409594692 76
1777205357888 0.9850463654474446 77
1777205358663 0.9840322400661635 78
1777205359349 0.9877340851983518 79
1777205360013 0.9872091288615424 80
1777205360699 0.9872318525181241 81
1777205361385 0.9891912794510138 82
1777205361986 0.9847785078757483 83
1777205362583 0.9890996404898991 84
1777205363177 0.9885660542677506 85
1777205363781 0.9885778446936235 86
1777205364382 0.9888533863526245 87
1777205364980 0.9887808402190876 88
1777205365578 0.9871883814219843 89
1777205366181 0.98987153164327 90
1777205366780 0.9893380215117473 91
1777205367383 0.988563932101022 92
1777205368261 0.9876113882946738 93
1777205369591 0.9893538464407274 94
1777205370202 0.9910640651150449 95
1777205370811 0.9896074174211448 96
1777205371426 0.990467477562891 97
1777205372035 0.9898114029920697 98
1777205372653 0.9882715382650467 99
1777205373260 0.9883041273582154 100
1777205373863 0.9887028292433717 101
1777205374476 0.9911681947387838 102
1777205375080 0.9916165609175533 103
1777205375682 0.9917217120683357 104
1777205376282 0.9904465719217326 105
1777205376881 0.9905341595359372 106
1777205377480 0.9920600455928958 107
1777205378076 0.991452164200253 108
1777205378717 0.9913786978533654 109
1777205379315 0.9908819566807396 110
1777205381174 0.9905645221431862 111
1777205381796 0.9921862967937993 112
1777205382415 0.9913320934625331 113
1777205383026 0.9910183240990058 114
1777205383651 0.991224790873175 115
1777205384453 0.9913499163739529 116
1777205385063 0.9915994891911923 117
1777205385677 0.9904682732486283 118
1777205386294 0.9917149472858711 119
1777205386903 0.992884354655437 120
1777205387516 0.992708149282088 121
1777205388127 0.9916144740081116 122
1777205389122 0.9925983003773461 123
1777205389744 0.9912616234766533 124
1777205390360 0.9914932193181845 125
1777205392827 0.9902917578288029 126
1777205393442 0.9933869236386883 127
1777205394063 0.9906533741336687 128
1777205394681 0.9928434793853582 129
1777205395322 0.9931558309861892 130
1777205396069 0.9903489753691979 131
1777205396708 0.9931864545963287 132
1777205397349 0.9926654402622113 133
1777205422750 0.9928404792999699 134
1777205438572 0.9909576024249362 135
1777205447950 0.9904097508375842 136
1777205449369 0.9939361047794375 137
1777205450117 0.9910858788283923 138
1777205450918 0.9936601193000393 139
1777205451794 0.9922801302316097 140
1777205452655 0.9919836489773791 141
1777205453331 0.9932973359878532 142
1777205454022 0.9920730087044666 143
1777205466264 0.9929635101452705 144
1777205467467 0.9939584322503219 145
1777205468195 0.9938080461239657 146
1777205468894 0.9938054852589749 147
1777205469596 0.9928521462734242 148
1777205470267 0.9905795701562515 149
1777205476933 0.9943699876716208 150
1777205479634 0.992852951476576 151
1777205480434 0.992752205613554 152
1777205481108 0.9939605496180315 153
1777205481788 0.9931670290812701 154
1777205482469 0.9918206377694291 155
1777205483114 0.9936012874360531 156
1777205483788 0.9946675718908182 157
1777205484436 0.9930366720551329 158
1777205485129 0.9941987745411813 159
