1777205305810 196.15334878882214 1
1777205306440 192.3478684413206 2
1777205307044 188.374761163737 3
1777205307650 182.86921606970986 4
1777205308280 175.73843719613194 5
1777205308885 167.4221453969711 6
1777205309485 157.9679338763524 7
1777205310082 147.92349329412764 8
1777205310682 137.2247881862529 9
1777205311280 125.45792193798306 10
1777205311876 112.28830302687308 11
1777205312473 98.00640000529468 12
1777205313091 82.26619065588801 13
1777205313686 66.991072752403 14
1777205314295 53.13985110851529 15
1777205314891 42.73943901964351 16
1777205315485 38.88751159322979 17
1777205316082 32.54125074534258 18
1777205316674 31.323413247351983 19
1777205317269 29.421133011456178 20
1777205317867 26.93611274959848 21
1777205318933 25.955124355156997 22
1777205319531 26.042968497309914 23
1777205320128 24.38826212549438 24
1777205320723 23.273604613259764 25
1777205321319 21.579521118885104 26
1777205321917 20.695537308383365 27
1777205322518 22.875671727245532 28
1777205323116 21.625938333319795 29
1777205323712 22.618124668509488 30
1777205324309 22.539247743004044 31
1777205324903 20.908995300770435 32
1777205325500 21.891834915832078 33
1777205326094 19.09753372765665 34
1777205326692 20.543585959556317 35
1777205327287 20.65605146964588 36
1777205327882 18.76315235050337 37
1777205328902 18.829650613628413 38
1777205329543 18.219747787744097 39
1777205330187 17.56007178066893 40
1777205330831 18.30601868899295 41
1777205331475 17.754300342616553 42
1777205332117 18.7694694951862 43
1777205332761 17.835870018650198 44
1777205333403 17.60909181349181 45
1777205334172 17.91689192247481 46
1777205334823 17.837351900947862 47
1777205335493 19.147189919831046 48
1777205336152 17.975692099451944 49
1777205337533 16.467915462249557 50
1777205338403 17.25368679681969 51
1777205339046 18.003152370188374 52
1777205339683 17.074144425011543 53
1777205340428 16.223066908129233 54
1777205341051 16.71814752242576 55
1777205341674 17.13356237662016 56
1777205342291 14.771632582343724 57
1777205344257 16.323930454143806 58
1777205345609 16.150782017184547 59
1777205346268 14.967774613034276 60
1777205346932 14.788666833856878 61
1777205347577 17.085703149420617 62
1777205348278 15.469519560346901 63
1777205348937 14.113177793508063 64
1777205349604 16.583799705950163 65
1777205350292 14.489123803443839 66
1777205351086 15.153737647829159 67
1777205351740 14.372257443858398 68
1777205352411 16.520543686864947 69
1777205353098 15.493087082967092 70
1777205353736 13.454521724829442 71
1777205354419 13.05054031319637 72
1777205355135 15.419240734316908 73
1777205355778 14.401087290456154 74
1777205356509 13.68364858130364 75
1777205357208 14.177317287110775 76
1777205357888 14.05885413951231 77
1777205358663 14.526815258773507 78
1777205359349 12.73447193506367 79
1777205360013 13.004236675535616 80
1777205360699 12.98959877370768 81
1777205361385 11.954028584645672 82
1777205361986 14.182118629575346 83
1777205362583 12.001883764764408 84
1777205363177 12.292069886305349 85
1777205363781 12.287513612339488 86
1777205364382 12.134762317487823 87
1777205364980 12.17874952712891 88
1777205365578 13.012731090192808 89
1777205366181 11.556836742374067 90
1777205366780 11.867979460516526 91
1777205367383 12.295968737055109 92
1777205368261 12.79596615560688 93
1777205369591 11.863888313269872 94
1777205370202 10.869405130846774 95
1777205370811 11.719786860936853 96
1777205371426 11.224997448339773 97
1777205372035 11.606219855164746 98
1777205372653 12.45193553265074 99
1777205373260 12.435025313767618 100
1777205373863 12.22127954030673 101
1777205374476 10.805120493250872 102
1777205375080 10.52673894349629 103
1777205375682 10.46172649796987 104
1777205376282 11.236236793017657 105
1777205376881 11.18699457395919 106
1777205377480 10.244176779937202 107
1777205378076 10.625193391114777 108
1777205378717 10.676068778199793 109
1777205379315 10.974194982730385 110
1777205381174 11.167487052916716 111
1777205381796 10.16394240066873 112
1777205382415 10.705025826305386 113
1777205383026 10.891600857934302 114
1777205383651 10.771208532961932 115
1777205384453 10.693912493533 116
1777205385063 10.537167270884296 117
1777205385677 11.225464237114192 118
1777205386294 10.466061079707657 119
1777205386903 9.696884035865308 120
1777205387516 9.817284491431426 121
1777205388127 10.529257273591956 122
1777205389122 9.89235156027041 123
1777205389744 10.74841430154337 124
1777205390360 10.600969281326421 125
1777205392827 11.323741956155315 126
1777205393442 9.346546198642251 127
1777205394063 11.113222958698719 128
1777205394681 9.727161575447301 129
1777205395322 9.511321140492267 130
1777205396069 11.2927987392437 131
1777205396708 9.490908067963783 132
1777205397349 9.84738490373606 133
1777205422750 9.728935664419232 134
1777205438572 10.933896343686142 135
1777205447950 11.25864021753436 136
1777205449369 8.952924227609454 137
1777205450117 10.85427384698902 138
1777205450918 9.155234653852592 139
1777205451794 10.102742066049878 140
1777205452655 10.294303566675119 141
1777205453331 9.412662228511863 142
1777205454022 10.236894123773713 143
1777205466264 9.644475717008316 144
1777205467467 8.937073230128505 145
1777205468195 9.047847703292053 146
1777205468894 9.047619191161541 147
1777205469596 9.721234705067591 148
1777205470267 11.160172443795863 149
1777205476933 8.624200160536846 150
1777205479634 9.720712494138775 151
1777205480434 9.789008268016776 152
1777205481108 8.932548512568859 153
1777205481788 9.504538536593166 154
1777205482469 10.395369334267818 155
1777205483114 9.19710623361679 156
1777205483788 8.396472381311606 157
1777205484436 9.59333651251528 158
1777205485129 8.756852985725834 159
