1777432514953 -1.9352450996190909 1
1777432515232 -1.8689766717099627 2
1777432515506 -1.8180390504286832 3
1777432515769 -1.7696480740699378 4
1777432516035 -1.7159406898971334 5
1777432516304 -1.6582470282691824 6
1777432516569 -1.592684828759234 7
1777432516832 -1.5176729649072374 8
1777432517095 -1.425323410012803 9
1777432517361 -1.324995390020431 10
1777432517627 -1.2128146120282493 11
1777432517898 -1.0962592462185152 12
1777432518163 -0.9697836739226631 13
1777432518444 -0.8393588654081676 14
1777432518707 -0.7064763614432261 15
1777432518972 -0.5731913417858296 16
1777432519244 -0.4445281253167397 17
1777432519539 -0.30322677023664313 18
1777432519821 -0.1657513440761269 19
1777432520109 -0.04240561370672946 20
1777432520401 0.09944969322763031 21
1777432520672 0.20985829991135552 22
1777432520965 0.3248074604275708 23
1777432521252 0.4271932570593504 24
1777432521522 0.5220841343190818 25
1777432521807 0.5995125810696553 26
1777432522098 0.6716198435785005 27
1777432522373 0.7275978783500456 28
1777432522672 0.7732829105409 29
1777432522942 0.8071793849273342 30
1777432523221 0.8428029988475501 31
1777432523496 0.8628345590251946 32
1777432523768 0.8854004976982421 33
1777432524043 0.8986246169834505 34
1777432524302 0.9090966848276819 35
1777432524573 0.9237141479856277 36
1777432524844 0.9343896163159686 37
1777432525113 0.9099806856686387 38
1777432525391 0.9388070436717235 39
1777432525666 0.9371676393558095 40
1777432525928 0.9413729888234703 41
1777432526207 0.9411754375081584 42
1777432526471 0.9453838281557622 43
1777432526737 0.9380494381436408 44
1777432527005 0.9500313260848487 45
1777432527273 0.9491758887945546 46
1777432527541 0.9544492160700566 47
1777432527813 0.9474454529890712 48
1777432528076 0.9600406005883177 49
1777432528341 0.952905894112495 50
1777432528633 0.9524438861795596 51
1777432528907 0.9488499874044765 52
1777432529174 0.9591026666913849 53
1777432529442 0.9507531233618751 54
1777432529712 0.9503365419446607 55
1777432529989 0.9457871564802128 56
1777432530256 0.9494933691262828 57
1777432530519 0.9582219572992937 58
1777432530785 0.9470860754557147 59
1777432531052 0.9610441892312502 60
1777432531339 0.9732655043204976 61
1777432531634 0.965584168351606 62
1777432531925 0.9606203717286427 63
1777432532224 0.9656975749085702 64
1777432532530 0.9591286202703719 65
1777432532818 0.9670147995817173 66
1777432533091 0.967344127366329 67
1777432533370 0.9632563755523671 68
1777432533643 0.9685553383383856 69
1777432533919 0.9675006990155832 70
1777432534194 0.9675388872200593 71
1777432534469 0.9613074534924027 72
1777432534733 0.9712861478251088 73
1777432535003 0.9716083497944452 74
1777432535287 0.9686919488314804 75
1777432535564 0.9659695446013912 76
1777432535842 0.9616547050340258 77
1777432536112 0.968101160583574 78
1777432536373 0.961269065989495 79
1777432536639 0.9657407712893935 80
1777432536900 0.9628699227723005 81
1777432537176 0.9673683332496924 82
1777432537452 0.9719787388389801 83
1777432537745 0.9641648882858759 84
1777432538037 0.9741156324272516 85
1777432538335 0.9732310921951841 86
1777432538658 0.9727565862109272 87
1777432539020 0.9757970427275492 88
1777432539350 0.9683616529869525 89
1777432539669 0.9729572259919512 90
1777432539980 0.9765401872464007 91
1777432540336 0.9676552729323367 92
1777432540753 0.9709783520406318 93
1777432541146 0.9746629575561419 94
1777432541686 0.9681323379803299 95
1777432542104 0.9725328204061486 96
1777432542490 0.9710306519623743 97
1777432542863 0.9694357344608676 98
1777432543223 0.9737723303460187 99
1777432543570 0.9715229927984674 100
1777432543904 0.9759689805606993 101
1777432544285 0.9639130820525117 102
1777432544606 0.9743168140453644 103
1777432544933 0.9690475838053363 104
1777432545256 0.9721776283547024 105
1777432545555 0.9754379205259345 106
1777432545903 0.9819760181320759 107
1777432546215 0.9720117454144174 108
1777432546565 0.9762648277950436 109
1777432546895 0.9663809552901109 110
1777432547225 0.9758039308357628 111
1777432547605 0.9755540319006996 112
1777432547898 0.9788120874865415 113
1777432548216 0.977789623485485 114
1777432548519 0.9736612666464253 115
1777432548825 0.9741693935269429 116
1777432549117 0.9795566389580136 117
1777432549414 0.9705656450034155 118
1777432549714 0.9761608080130865 119
1777432550027 0.9715838382390185 120
1777432550330 0.97913397851714 121
1777432550653 0.9746520498157849 122
1777432550974 0.9755479602121542 123
1777432551288 0.9814449363014895 124
1777432551579 0.9780584807329786 125
1777432551866 0.9794671550880479 126
1777432552154 0.9833130229038308 127
1777432552448 0.9750162785695292 128
1777432552742 0.979767247000349 129
1777432553060 0.9820135104720601 130
1777432553364 0.9815251915161302 131
1777432553665 0.9804422574188121 132
1777432553961 0.9766970912198615 133
1777432554269 0.9778788276181113 134
1777432554559 0.9795432104859924 135
1777432554849 0.9734032029028054 136
1777432555152 0.9763203708667965 137
