1777433458807 -1.7391513476292983 1
1777433459125 -1.678148201104483 2
1777433459450 -1.6328571651639257 3
1777433459755 -1.5878113726190186 4
1777433460106 -1.5383354311186008 5
1777433460421 -1.4859430527077353 6
1777433460718 -1.42812669255449 7
1777433461049 -1.3586364712139058 8
1777433461382 -1.279022994400429 9
1777433461689 -1.1859881823912795 10
1777433461983 -1.084869829643099 11
1777433462293 -0.9766489097384896 12
1777433462592 -0.8601582968045183 13
1777433462884 -0.7385798784682729 14
1777433463187 -0.615844591005354 15
1777433463496 -0.5106915098328517 16
1777433463814 -0.39283001387263194 17
1777433464732 -0.2942614576275442 18
1777433465027 -0.1550220703747509 19
1777433465347 -0.058876249447743056 20
1777433465641 0.07064617195266709 21
1777433465972 0.17210414547066677 22
1777433466294 0.28340446208264614 23
1777433466641 0.3785654822829252 24
1777433466980 0.4641310484568496 25
1777433467298 0.5406377262110079 26
1777433467639 0.632721378090304 27
1777433467940 0.6791703930293316 28
1777433468235 0.7324641404249599 29
1777433468527 0.7860840561788017 30
1777433468823 0.8347768300408157 31
1777433469128 0.8637739051076453 32
1777433469643 0.8768781040052441 33
1777433469951 0.8981944261166764 34
1777433470254 0.9052558132023001 35
1777433470550 0.915455783779216 36
1777433470862 0.9154855111212216 37
1777433471152 0.9184382867651539 38
1777433471463 0.9209363450635811 39
1777433471755 0.9314364211472064 40
1777433472060 0.9447136500147115 41
1777433472370 0.9360908933717844 42
1777433472666 0.9456493771858734 43
1777433472971 0.9449832531827296 44
1777433473267 0.9526123492602743 45
1777433473574 0.9485841748202697 46
1777433473909 0.956342451363887 47
1777433474209 0.9536904940322576 48
1777433474528 0.9507354508054301 49
1777433474834 0.9445761120226518 50
1777433475126 0.9475500182860946 51
1777433475435 0.9560409920049429 52
1777433475753 0.9605782005334733 53
1777433476059 0.9647591904464992 54
1777433476352 0.9516612082661414 55
1777433476689 0.9670678983972839 56
1777433476992 0.9601476037638279 57
1777433477310 0.9633125112470189 58
1777433477616 0.9514484955955694 59
1777433477942 0.9625049044851985 60
1777433478286 0.9703755077089399 61
1777433478675 0.9655718725420167 62
1777433478980 0.9673760576504152 63
1777433479293 0.9512020322977286 64
1777433479588 0.9593944792068198 65
1777433479881 0.9583405793928802 66
1777433480205 0.9690996383195715 67
1777433480511 0.9574885566477034 68
1777433480829 0.9640156457096336 69
1777433481128 0.9697929159102954 70
1777433481434 0.9702777385282886 71
1777433481731 0.9698265086678691 72
1777433482043 0.9705874023274548 73
1777433482351 0.9709138888170237 74
1777433482652 0.9712253011426628 75
1777433482957 0.9570950831760887 76
1777433483267 0.972267908489463 77
1777433483558 0.9702421197762927 78
1777433483859 0.9659963458810591 79
1777433484156 0.9741693508979858 80
1777433484461 0.9609662251086373 81
1777433484780 0.967714975261725 82
1777433485085 0.9609856622168718 83
1777433485387 0.9695412644401975 84
1777433485701 0.9626751167202415 85
1777433486000 0.9558195917172029 86
1777433486306 0.9565365354104214 87
1777433486648 0.9776595125925288 88
1777433486992 0.9731255284329253 89
1777433487315 0.9655816221916799 90
1777433487604 0.9592221907460879 91
1777433487926 0.9633598549956325 92
1777433488238 0.9641983057309493 93
1777433488535 0.9708203749422484 94
1777433488850 0.9673265511491689 95
1777433489211 0.9726458126603765 96
1777433489550 0.9760701737875531 97
1777433489893 0.970705378829096 98
1777433490227 0.9665032367688738 99
1777433490564 0.9807813894037248 100
1777433490893 0.9678374414025963 101
1777433491218 0.9682755178470447 102
1777433491527 0.9666338882934703 103
1777433491852 0.9705357621933577 104
1777433492157 0.9699820007498141 105
1777433492500 0.9722432210178795 106
1777433493058 0.9636316874751044 107
1777433493385 0.9716910047837771 108
1777433493715 0.9661916426538887 109
1777433494002 0.9638817171928786 110
1777433494308 0.9764997491881097 111
1777433494613 0.9737760018085553 112
1777433494905 0.9699431552369262 113
1777433495220 0.9735284525585683 114
1777433495526 0.963732752783635 115
1777433495831 0.9755096861382064 116
1777433496170 0.9690557912077028 117
1777433496484 0.9726202353777835 118
1777433496845 0.9700577160124343 119
1777433497163 0.9765520088411622 120
1777433497528 0.9709987437782118 121
1777433497866 0.9767293897955478 122
1777433498190 0.969790399563032 123
1777433498494 0.9742331182950349 124
1777433498819 0.9666790509861326 125
1777433499122 0.9674707005327079 126
1777433499439 0.9710097826970527 127
1777433499738 0.9733947704142164 128
1777433500059 0.978364135273624 129
1777433500381 0.9665677456750975 130
1777433500682 0.9564889783607148 131
1777433500973 0.9786047741364968 132
1777433501274 0.9734208428335808 133
1777433501586 0.9754292300007991 134
1777433501883 0.9803186769149422 135
1777433502177 0.9751198412776171 136
1777433502561 0.9772131384212204 137
1777433502903 0.9778449736049524 138
1777433503245 0.9749152134490131 139
1777433503557 0.9755492851200942 140
1777433503853 0.9652823108173769 141
1777433504174 0.9765118023001442 142
1777433504463 0.9786195827923028 143
1777433504779 0.9799040202005852 144
1777433505099 0.9822747924692826 145
1777433505402 0.9670882731558293 146
1777433505803 0.9747982798441465 147
1777433506150 0.9747754987687312 148
1777433506466 0.9793761374272345 149
1777433506773 0.9828166227910107 150
1777433507105 0.9758030582632174 151
1777433507447 0.9669119374901833 152
1777433507772 0.9809081802966833 153
1777433508090 0.9796984690734607 154
1777433508389 0.9812337028243252 155
1777433508682 0.9816815767577384 156
1777433509015 0.9828936536344245 157
1777433509322 0.9765865464249422 158
1777433509628 0.9768716160391631 159
1777433509951 0.9790237770514029 160
1777433510273 0.9802802559758559 161
1777433510578 0.9762518435353259 162
1777433510897 0.9759371135541218 163
1777433511198 0.9855797801872116 164
1777433511514 0.9783721674923602 165
1777433511843 0.981058326336676 166
1777433512162 0.98222894208666 167
1777433512485 0.9692780358591158 168
1777433512851 0.9770740934911607 169
1777433513192 0.9725578170490392 170
1777433513501 0.9788473361392933 171
1777433513815 0.9807235289644392 172
1777433515429 0.9845737555543342 173
1777433516060 0.9737907004339675 174
1777433516349 0.9825737426568586 175
1777433516678 0.980457183652859 176
1777433517042 0.9816068422008007 177
1777433517346 0.9807430210878703 178
1777433517654 0.9842041873817221 179
1777433517981 0.9809531360843662 180
1777433518307 0.983757310897747 181
1777433518678 0.9854770739906367 182
1777433519089 0.9791924584287951 183
1777433519445 0.9768631987140489 184
1777433519759 0.9813871593439877 185
1777433520109 0.9855566319451567 186
1777433520423 0.9809488891503679 187
1777433520778 0.9834410931142635 188
1777433521098 0.9829585799385544 189
1777433521421 0.9820249098573608 190
1777433521718 0.9793537007947907 191
1777433522027 0.9838931840821116 192
1777433522345 0.9845447386259573 193
1777433522634 0.9802521934415456 194
1777433522944 0.9872283452435334 195
1777433523278 0.9783930158599914 196
1777433523600 0.9804741163736554 197
1777433523888 0.9827343391922828 198
1777433524193 0.9845930120692051 199
1777433524525 0.983174478706612 200
1777433524847 0.9845670747958678 201
1777433525181 0.9855021465685979 202
1777433525526 0.9855639751869426 203
1777433525819 0.9831922713388545 204
1777433526135 0.9814174954411059 205
1777433526483 0.9815312788279631 206
1777433526772 0.981709662015717 207
1777433527081 0.9867409763787134 208
1777433527382 0.9870067930660109 209
1777433527679 0.9870559013050715 210
1777433527967 0.9789633703652902 211
1777433528274 0.9838737254461914 212
1777433528583 0.9858940234035222 213
1777433528898 0.9865731321890989 214
1777433529206 0.9879225174291971 215
1777433529530 0.9775388164265925 216
1777433529851 0.9831767714051406 217
1777433530161 0.9828895203187674 218
1777433530537 0.986332490934261 219
1777433530867 0.9833647822523386 220
1777433531191 0.9826397297975012 221
1777433531510 0.9856004419815666 222
1777433531811 0.9831441832729002 223
1777433532128 0.9858386027686173 224
1777433532438 0.986147948436428 225
1777433532782 0.9852161106004851 226
1777433533110 0.9858965218110475 227
1777433533414 0.9853283463859359 228
1777433533721 0.9860511850770924 229
1777433534053 0.9866794359011531 230
1777433534353 0.9869144644099325 231
1777433534651 0.988510657390843 232
1777433534944 0.9878950863736676 233
1777433535241 0.987057832816873 234
1777433535552 0.9876879804692416 235
1777433535867 0.9866316755344148 236
1777433536219 0.9843479205633372 237
1777433536518 0.9865768014635306 238
1777433536834 0.9870434965741702 239
1777433537134 0.9869462428619935 240
1777433537462 0.9844972939986094 241
1777433537747 0.9834599741606557 242
1777433538044 0.9856718421391837 243
1777433538358 0.9834841257620227 244
1777433538674 0.9882317088152601 245
1777433538982 0.9885972608785041 246
1777433539305 0.9887431635724462 247
1777433539604 0.9868984872791853 248
1777433539959 0.9847913047782966 249
1777433540262 0.9866868569728117 250
1777433540580 0.9891045847119982 251
1777433540890 0.9887843173316355 252
1777433541191 0.9873499958035364 253
1777433541483 0.9860875812177391 254
1777433541810 0.9835526256619811 255
1777433542109 0.9840686251528179 256
1777433542407 0.9894339176400114 257
1777433542757 0.9868142111735463 258
1777433543050 0.9880479126105317 259
1777433543384 0.9873498008583825 260
1777433543717 0.9914029803033348 261
1777433544051 0.9903993542134407 262
1777433544403 0.9868208177810953 263
1777433544747 0.9870466288524415 264
1777433545080 0.9885998752963358 265
1777433545383 0.9889898804185855 266
1777433545702 0.9900116465736497 267
1777433546000 0.9894572835508886 268
1777433546308 0.9887063105664694 269
1777433546626 0.9880811501612912 270
1777433546932 0.9865859722576446 271
1777433547260 0.9883622263898121 272
1777433547584 0.9900758218007448 273
1777433547888 0.9852322611487004 274
1777433548212 0.9911088744430357 275
1777433548520 0.9910798551226937 276
1777433548817 0.9890894256333082 277
1777433549118 0.9895493251711576 278
1777433549403 0.9920677570321477 279
1777433549697 0.9906047636166344 280
1777433549992 0.9883005136907661 281
1777433550300 0.9878688190091494 282
1777433550621 0.9884566468193524 283
1777433550915 0.9898045741567347 284
1777433551233 0.9865837154385922 285
1777433551551 0.9906162785365261 286
1777433551876 0.9906249805054846 287
1777433552206 0.9882982413239408 288
1777433552500 0.9887523810098793 289
1777433552814 0.9908632154434527 290
1777433553128 0.9903476076368977 291
1777433553429 0.9890127045493722 292
1777433553731 0.990744163155517 293
1777433554048 0.9909198757142599 294
1777433554365 0.9898877308227165 295
1777433554657 0.9886545505065493 296
1777433554986 0.9902662156431531 297
1777433555318 0.9904796046418513 298
1777433555619 0.989452993561519 299
1777433555927 0.9878309063626424 300
