1777408853775 157.38055826822918 1
1777408854117 154.54747808547248 2
1777408858872 152.38091866629463 3
1777408863434 150.3007057553246 4
1777408863779 148.09882957821802 5
1777408872563 145.74553818475633 6
1777408874418 143.15183948335192 7
1777408874742 140.27526928129652 8
1777408881445 137.08382364908854 9
1777408883744 133.40174095517114 10
1777408885760 129.40035458519344 11
1777408887853 124.70394279843285 12
1777408893192 119.85607241675967 13
1777408893538 115.02220270066034 14
1777408893862 110.20988711402529 15
1777408898282 105.00018390473865 16
1777408900726 99.29083905901227 17
1777408902973 93.76709187825521 18
1777408903311 88.46068405877976 19
1777408907563 83.06351347423735 20
1777408910338 77.47789328438895 21
1777408912763 71.96708388555618 22
1777408913152 66.53292628696987 23
1777408913472 60.52970304943266 24
1777408917106 55.12218962169829 25
1777408922148 50.34204414004371 26
1777408923815 44.997088405064176 27
1777408926503 40.483144088018506 28
1777408931196 36.63484887622651 29
1777408933916 32.13050053914388 30
1777408936052 27.995626140776135 31
1777408943580 26.864878845214843 32
1777408946552 24.182193837847027 33
1777408946912 22.55847171601795 34
1777408950240 21.780672745477585 35
1777408955334 21.30605664934431 36
1777408960254 20.426915377662297 37
1777408965956 18.194084131150017 38
1777408970792 16.98969107128325 39
1777408973320 16.767235020228796 40
1777408982605 16.82719450451079 41
1777408982933 15.42828637985956 42
1777408984689 15.709016527448382 43
1777408985018 15.04292235601516 44
1777408987465 15.511922491164434 45
1777408992177 13.434632037934803 46
1777408996231 14.189529636928013 47
1777408996584 12.659464917864119 48
1777408999145 12.561298497517903 49
1777409003889 12.30143345424107 50
1777409004210 11.96406260899135 51
1777409004538 12.54923929486956 52
1777409011469 15.890041133335659 53
1777409014070 15.1682738894508 54
1777409022866 13.30853983561198 55
1777409033754 12.604122443426222 56
1777409040761 14.172429620651972 57
1777409045401 12.886880820138114 58
1777409049855 14.450855809166319 59
1777409050192 13.42265191759382 60
1777409050511 13.128508776710147 61
1777409050854 11.092678887503487 62
1777409055525 11.356902186075846 63
1777409058056 11.516313135056269 64
1777409058374 13.839191836402529 65
1777409062766 12.571441768464588 66
1777409065481 12.828969283331007 67
1777409067640 13.836751011439732 68
1777409067966 11.842571331205821 69
1777409068304 10.559927586146763 70
1777409076553 10.845764032999675 71
1777409078832 14.46139155796596 72
1777409083238 14.040492539178757 73
1777409085622 11.55081185840425 74
1777409085966 14.63528702145531 75
1777409088202 10.011085532960438 76
1777409088533 10.74386849176316 77
1777409088899 10.95383075532459 78
1777409091107 11.863656470889136 79
1777409093721 12.551527368454707 80
1777409096081 10.430137470790319 81
1777409098501 12.736301894414993 82
1777409106689 10.375180308024088 83
1777409107023 10.545278004237584 84
1777409111376 11.564148239862352 85
1777409114614 12.05806086403983 86
1777409117845 10.136116327558245 87
1777409118170 10.424264290219261 88
1777409120694 10.237104588463193 89
1777409122808 10.947251365298317 90
1777409123173 10.920474933442616 91
1777409123532 10.791859708513533 92
1777409126048 10.227031898498534 93
1777409130429 8.881919733683269 94
1777409132597 8.356974338349842 95
1777409132969 10.528451374598912 96
1777409133312 11.415915716262091 97
1777409133639 8.891704159691221 98
1777409133944 10.040082114083427 99
1777409134257 10.225247065226236 100
1777409136411 11.191581090291342 101
1777409138743 10.152279626755487 102
1777409141275 9.844071942283994 103
1777409143776 9.093917955671039 104
1777409147680 11.782236771356493 105
1777409153589 10.629701759701684 106
1777409153946 9.501955322992234 107
1777409156352 11.622487131754557 108
1777409166219 10.123914155505952 109
1777409171818 8.319026029677618 110
1777409179799 9.55515569959368 111
1777409180121 9.20461483001709 112
1777409180472 8.463561230614072 113
1777409184817 10.372961607433501 114
1777409186856 7.56201723189581 115
1777409191443 9.34969393412272 116
1777409193568 9.483586311340332 117
1777409195110 9.392329570225307 118
1777409197537 9.663042340959821 119
1777409197873 8.067528570265997 120
1777409198219 9.785392307099842 121
1777409203599 9.298465801420665 122
1777409205553 8.499117170061384 123
1777409210552 9.173441314697266 124
1777409218855 9.354858234950475 125
1777409221631 10.178780419485909 126
1777409221964 8.071526282174247 127
1777409224998 10.662137640090215 128
1777409228558 7.491595658801851 129
1777409228906 7.459026327587309 130
1777409244190 7.689002945309594 131
1777409256173 7.622425424484979 132
1777409267371 10.04707657950265 133
1777409280279 8.103704552423386 134
1777409296998 9.103420094081335 135
1777409315808 7.862129938034784 136
1777409326800 10.080498740786599 137
1777409333264 8.305790778568813 138
1777409340947 7.69087164742606 139
1777409343466 8.391777910505022 140
1777409353548 9.442394892374674 141
1777409356801 9.301283663795108 142
1777409357100 8.292613256545295 143
1777409359032 7.837760816301619 144
1777409365914 7.251554162161691 145
1777409369411 7.458652169363839 146
1777409372369 7.14973878406343 147
1777409372672 7.871025793892997 148
1777409381758 6.799384398687454 149
1777409388123 7.599548367091588 150
1777409398390 6.680945714314778 151
1777409404689 8.480839920043945 152
1777409420622 8.663286418006534 153
1777409429392 7.508059783208938 154
1777409443683 8.501167242867606 155
1777409452649 9.841969117664156 156
1777409455299 8.295313385554723 157
1777409469926 6.965185219900949 158
1777409478576 6.76502255939302 159
1777409485026 10.432466670445033 160
1777409495781 7.658082108270555 161
1777409496148 7.449605923607236 162
1777409500840 6.560143879481724 163
1777409501153 7.150686718168712 164
1777409504265 8.960366421654111 165
1777409510585 9.126036435081845 166
1777409513734 8.13103890191941 167
1777409519330 6.734129303977603 168
1777409519665 6.305568649655297 169
1777409519979 6.178158810025169 170
1777409523311 5.740526762462798 171
1777409526626 6.882538096110026 172
1777409526954 8.217745308648972 173
1777409532128 7.666622039249965 174
1777409534809 6.9523922602335615 175
1777409535142 6.170528993152437 176
1777409535447 5.442845694224039 177
1777409553777 5.470152972993397 178
1777409565359 7.552325366792225 179
1777409574119 7.531292715526763 180
1777409586642 5.84037588210333 181
1777409600700 5.9841089430309475 182
1777409619526 6.518387226831345 183
1777409634405 6.786730253128779 184
1777409647897 7.55837942759196 185
1777409657433 6.61717343103318 186
1777409670645 7.501100721813383 187
1777409673570 6.702743984404064 188
1777409677309 6.200362777709961 189
1777409686578 6.2378680092947825 190
1777409695071 6.032160995120094 191
1777409698828 5.194814899989537 192
1777409715267 6.540913164047968 193
1777409732602 6.049185462225051 194
1777409746690 6.254709781919207 195
1777409753693 6.448412613641648 196
1777409762036 7.144756571451823 197
1777409774622 6.731415448869978 198
1777409785056 6.3139263516380675 199
1777409789315 7.245951915922619 200
1777409790147 6.535010746547154 201
1777409791184 5.675176220848447 202
1777409791726 5.767609178452265 203
1777409792199 6.60663472811381 204
1777409792517 6.003908139183408 205
1777409803518 5.5317819322858535 206
1777409807190 5.612084633963448 207
1777409817524 6.102240898495629 208
1777409817865 5.720633797418504 209
1777409828235 4.986649567740304 210
1777409834447 5.482486890611194 211
1777409840378 5.375767762320383 212
1777409843403 4.973905218215216 213
1777409847002 5.848237375986009 214
1777409853956 5.449088995797293 215
1777409861455 5.525413495018369 216
1777409863345 5.302386165800549 217
1777409863904 5.033802804492769 218
1777409867455 5.271251069931757 219
1777409867808 4.812608346484956 220
1777409880932 6.505212520417713 221
1777409881328 5.796378526233491 222
1777409881644 6.073294857570104 223
1777409890547 5.075466637384324 224
1777409896847 5.074117733183361 225
1777409899187 5.539098176502046 226
1777409909579 5.5149604524884905 227
1777409924795 8.675853683834983 228
1777409933903 6.1739228838966005 229
1777409941758 6.190664636521112 230
1777409948882 5.391235633123489 231
1777409949204 5.714530940282913 232
1777409949511 7.083372016180129 233
1777409959080 5.070096470060802 234
1777409969124 4.715397078650338 235
1777409969475 5.956119219462077 236
1777409972897 6.112299528576079 237
1777409977679 4.727140853518532 238
1777409984736 5.299963551475888 239
1777409988258 5.029861550104051 240
1777409993569 5.817964908054897 241
1777409996641 5.314857124146961 242
1777409997018 5.234743045625232 243
1777410000483 5.555064346676781 244
1777410004100 5.6741704077947706 245
1777410007629 5.4595910117739725 246
1777410010970 6.187070083618164 247
1777410011315 6.216530027843657 248
1777410013913 5.208516266232445 249
