1777141899228 159.65711975097656 1
1777141900304 156.19583129882812 2
1777141901022 152.86004638671875 3
1777141910909 148.94696044921875 4
1777141911687 144.3030548095703 5
1777141912405 138.93321228027344 6
1777141913108 132.575927734375 7
1777141913886 125.6475601196289 8
1777141914742 118.56810760498047 9
1777141915514 111.28865814208984 10
1777141916446 103.44245147705078 11
1777141917250 94.73798370361328 12
1777141918015 85.68273162841797 13
1777141918777 75.62920379638672 14
1777141919811 65.6265640258789 15
1777141920618 56.184783935546875 16
1777141921346 47.20329284667969 17
1777141922071 39.50910568237305 18
1777141922826 33.904563903808594 19
1777141923492 28.79035186767578 20
1777141924186 25.062490463256836 21
1777141924889 22.558725357055664 22
1777141925682 22.257715225219727 23
1777141926398 19.845117568969727 24
1777141927197 21.072603225708008 25
1777141927902 20.053049087524414 26
1777141928798 18.052186965942383 27
1777141929593 17.619674682617188 28
1777141930271 17.8604793548584 29
1777141930954 17.41643714904785 30
1777141931632 18.307554244995117 31
1777141932304 15.969002723693848 32
1777141932976 16.903743743896484 33
1777141933643 16.140472412109375 34
1777141934314 16.608184814453125 35
1777141934981 16.181217193603516 36
1777141935643 16.026906967163086 37
1777141936305 16.810638427734375 38
1777141936976 15.509323120117188 39
1777141937643 15.227204322814941 40
1777141938299 15.906621932983398 41
1777141938958 14.635753631591797 42
1777141939620 15.869453430175781 43
1777141940281 14.276293754577637 44
1777141940937 15.744199752807617 45
1777141941595 15.697737693786621 46
1777141942257 14.035183906555176 47
1777141942920 14.18222713470459 48
1777141943572 13.0620698928833 49
1777141944216 13.159576416015625 50
1777141944861 14.031614303588867 51
1777141945503 12.422004699707031 52
1777141946146 14.177316665649414 53
1777141946805 14.377867698669434 54
1777141947453 13.470356941223145 55
1777141948099 14.14289665222168 56
1777141948745 13.15291976928711 57
1777141949388 12.977014541625977 58
1777141950034 13.086390495300293 59
1777141950691 12.412789344787598 60
1777141951343 12.56906509399414 61
1777141952000 12.738876342773438 62
1777141952658 12.51722240447998 63
1777141953319 11.39748477935791 64
1777141953978 13.610562324523926 65
1777141954640 12.39406967163086 66
1777141955312 12.276514053344727 67
1777141955984 12.370230674743652 68
1777141956712 11.895307540893555 69
1777141957407 12.483960151672363 70
1777141958094 12.176724433898926 71
1777141958816 12.288865089416504 72
1777141959511 11.917075157165527 73
1777141960216 10.733684539794922 74
1777141961071 10.950923919677734 75
1777141961818 11.343039512634277 76
1777141962533 11.756736755371094 77
1777141963240 11.706343650817871 78
1777141963932 11.342333793640137 79
1777141964588 10.736279487609863 80
1777141965241 10.193967819213867 81
1777141965964 11.788858413696289 82
1777141966669 10.162374496459961 83
1777141967329 10.344966888427734 84
1777141967984 10.470949172973633 85
1777141968637 10.333273887634277 86
1777141969283 11.454330444335938 87
1777141969927 10.48071002960205 88
1777141970569 9.918972969055176 89
1777141971216 9.926024436950684 90
1777141971861 10.416866302490234 91
1777141972509 10.511926651000977 92
1777141973155 10.101988792419434 93
1777141973804 9.185848236083984 94
1777141974450 9.514408111572266 95
1777141975097 10.846884727478027 96
1777141975740 9.265575408935547 97
1777141976386 9.95435619354248 98
1777141977080 9.343119621276855 99
1777141977754 9.857837677001953 100
1777141978406 9.449918746948242 101
1777141979079 11.286680221557617 102
1777141979732 9.876483917236328 103
1777141980387 8.71496295928955 104
1777141981042 9.385558128356934 105
1777141981698 9.663355827331543 106
1777141982428 9.018369674682617 107
1777141983091 9.200716972351074 108
1777141983757 9.437420845031738 109
1777141984421 9.150139808654785 110
1777141985091 9.25145435333252 111
1777141985760 9.393651008605957 112
1777141986430 9.134428024291992 113
1777141987121 9.337440490722656 114
1777141987795 9.492874145507812 115
1777141988542 8.452568054199219 116
1777141989234 8.699304580688477 117
1777141989885 9.32514762878418 118
1777141990534 9.103887557983398 119
1777141991183 9.992666244506836 120
1777141991828 8.624556541442871 121
1777141992476 8.74162483215332 122
1777141993121 8.565932273864746 123
1777141993761 8.469943046569824 124
1777141994419 8.35258674621582 125
1777141995099 7.75590705871582 126
1777141995768 8.52106761932373 127
1777141996415 8.375839233398438 128
1777141997083 8.27707576751709 129
1777141997728 9.135160446166992 130
1777141998383 8.553265571594238 131
1777141999047 8.394427299499512 132
1777142005005 8.433032035827637 133
1777142006143 8.99981689453125 134
1777142006960 9.053410530090332 135
1777142007666 8.66604232788086 136
1777142008371 8.075911521911621 137
1777142009071 7.440701007843018 138
1777142009756 8.301431655883789 139
