1777154912826 176.14226051745257 1
1777154913504 172.79934112709353 2
1777154914165 169.6990755974097 3
1777154914815 165.9900744207974 4
1777154915470 161.6863781089047 5
1777154916115 156.7206446582431 6
1777154916797 151.01425701522604 7
1777154917458 144.16208595619224 8
1777154918107 136.22283493211435 9
1777154918756 128.10239937011434 10
1777154919412 119.31146926032667 11
1777154920069 109.88605436841206 12
1777154920719 100.0664778664264 13
1777154921377 89.8440624752078 14
1777154922035 79.18639751012948 15
1777154922688 67.71390426876529 16
1777154923344 56.832106420270605 17
1777154923995 47.08585241285421 18
1777154924654 38.3267650760314 19
1777154925300 31.375513416783004 20
1777154925946 25.783948657527993 21
1777154926608 23.26556279880829 22
1777154927281 19.89648594346261 23
1777154927936 18.515877186938518 24
1777154928593 18.093759623136805 25
1777154929250 17.127975371342384 26
1777154929905 16.783756282857674 27
1777154930559 14.322276234139064 28
1777154931214 15.337541732364478 29
1777154931876 15.018805973157766 30
1777154932553 15.35928292890378 31
1777154933576 12.848770043502977 32
1777154937724 12.954871073443593 33
1777154973307 14.635708881358108 34
1777154973922 12.824199427922938 35
1777154974536 14.41915978666358 36
1777154975149 12.756521432320323 37
1777154975764 11.957990243377775 38
1777154976377 12.450675401403359 39
1777154976993 12.751884000054721 40
1777154977608 11.286484893339548 41
1777154978221 12.425998463120676 42
1777154978839 12.257553861964732 43
1777154979458 11.268056319374427 44
1777154980075 10.565295981914938 45
1777154980693 10.798780681514238 46
1777154981307 10.593983602272983 47
1777154981923 10.651821241819112 48
1777154982542 9.813195058297582 49
1777154983170 9.942944013884302 50
1777154983799 10.601980129645485 51
1777154984430 9.739357633384468 52
1777154985086 9.204470299476075 53
1777155066781 9.40157940706825 54
1777155093538 10.223054096616547 55
1777155109161 8.62160223314875 56
1777155261589 8.55666011094629 57
1777155262205 8.473846433317362 58
1777155262828 9.239383034786936 59
1777155263446 8.145997157227846 60
1777155264059 7.878767980601201 61
1777155264673 8.448952924013835 62
1777155265287 9.050140806696417 63
1777155265902 7.930762651299678 64
1777155266543 7.87412308294964 65
1777155268447 8.084210269288109 66
1777155269265 7.664130897009184 67
1777155376720 7.754770467324539 68
1777155377376 7.751591329613602 69
1777155378038 8.698511087985013 70
1777155378696 6.547842002346946 71
1777155379373 7.782595558656997 72
