1777154912826 48483.150390625 1
1777154913504 47275.556640625 2
1777154914165 46178.16015625 3
1777154914815 44800.5 4
1777154915470 42993.666015625 5
1777154916115 40692.927734375 6
1777154916797 38220.625 7
1777154917458 35506.55078125 8
1777154918107 32513.8720703125 9
1777154918756 29578.2724609375 10
1777154919412 26500.078125 11
1777154920069 23473.234375 12
1777154920719 20427.9169921875 13
1777154921377 17212.51171875 14
1777154922035 13993.5732421875 15
1777154922688 10735.5 16
1777154923344 8031.841552734375 17
1777154923995 5905.612548828125 18
1777154924654 4145.99267578125 19
1777154925300 2827.9569091796875 20
1777154925946 2074.9459838867188 21
1777154926608 1669.3707885742188 22
1777154927281 1214.6159057617188 23
1777154927936 1088.221435546875 24
1777154928593 1036.8627319335938 25
1777154929250 912.6689147949219 26
1777154929905 874.8857727050781 27
1777154930559 672.2416687011719 28
1777154931214 775.3607788085938 29
1777154931876 729.7702331542969 30
1777154932553 772.5463256835938 31
1777154933576 561.1572570800781 32
1777154937724 581.9091186523438 33
1777154973307 681.9765930175781 34
1777154973922 544.1766052246094 35
1777154974536 632.9617004394531 36
1777154975149 549.9869689941406 37
1777154975764 490.0507049560547 38
1777154976377 543.2073669433594 39
1777154976993 527.9373168945312 40
1777154977608 439.65943908691406 41
1777154978221 524.84765625 42
1777154978839 527.4657135009766 43
1777154979458 458.5404815673828 44
1777154980075 401.0916748046875 45
1777154980693 417.94549560546875 46
1777154981307 408.04603576660156 47
1777154981923 419.60765075683594 48
1777154982542 360.8319854736328 49
1777154983170 365.54412841796875 50
1777154983799 404.3269500732422 51
1777154984430 349.56568908691406 52
1777154985086 321.4661407470703 53
1777155066781 345.20811462402344 54
1777155093538 379.25099182128906 55
1777155109161 294.99378967285156 56
1777155261589 283.91798400878906 57
1777155262205 289.70896911621094 58
1777155262828 322.13710021972656 59
1777155263446 274.3638610839844 60
1777155264059 255.42417907714844 61
1777155264673 283.70558166503906 62
1777155265287 309.38780212402344 63
1777155265902 257.24017333984375 64
1777155266543 252.67916107177734 65
1777155268447 273.64195251464844 66
1777155269265 243.97376251220703 67
1777155376720 245.75476837158203 68
1777155377376 252.60707092285156 69
1777155378038 296.8769836425781 70
1777155378696 191.7916717529297 71
1777155379373 241.76356506347656 72
