1777307028367 37188.635546875 1
1777307030204 26026.627734375 2
1777307032019 11017.76640625 3
1777307033840 2665.7727294921874 4
1777307035666 1173.9681030273437 5
1777307037482 884.913330078125 6
1777307039296 738.6451782226562 7
1777307041113 700.7695678710937 8
1777307042931 634.8098449707031 9
1777307044751 600.2861755371093 10
1777307046567 588.0941528320312 11
1777307048371 506.2168853759766 12
1777307050182 493.07623596191405 13
1777307052033 478.88597412109374 14
1777307053846 496.1586578369141 15
1777307055656 458.7998382568359 16
1777307057469 454.14305725097654 17
1777307059279 437.7495574951172 18
1777307061092 432.9794525146484 19
1777307062925 389.0310974121094 20
1777307064752 363.75852966308594 21
1777307066561 377.7291534423828 22
1777307068380 362.6282653808594 23
1777307070192 368.4343505859375 24
1777307072015 345.4717987060547 25
1777307073836 305.1859130859375 26
1777307075665 287.6409622192383 27
1777307077490 300.59917602539065 28
1777307079297 251.90719451904297 29
1777307081119 255.23126831054688 30
1777307082926 239.42841796875 31
1777307084747 228.56415405273438 32
1777307086573 219.08448638916016 33
1777307088384 217.10924072265624 34
1777307090208 205.2802307128906 35
1777307092017 191.50021057128907 36
1777307093831 184.47360229492188 37
1777307095666 196.5046844482422 38
1777307097489 183.16564331054687 39
1777307099312 180.7242858886719 40
1777307101120 184.67160339355468 41
1777307102931 167.0386001586914 42
1777307104746 168.9720016479492 43
1777307106589 165.54473419189452 44
1777307108408 172.15865020751954 45
1777307110219 155.63641052246095 46
1777307112041 156.25091857910155 47
1777307113861 142.19102401733397 48
1777307115689 157.13445892333985 49
1777307117522 150.51474151611328 50
1777307119336 156.9625228881836 51
1777307121149 147.7006088256836 52
1777307122963 146.2164520263672 53
1777307124772 150.0404846191406 54
1777307126591 144.87836380004882 55
1777307128410 140.88373336791992 56
1777307130234 140.29151306152343 57
1777307132043 132.70292739868165 58
1777307133877 148.1328109741211 59
1777307155772 138.04699325561523 60
1777307157596 125.08298797607422 61
1777307159423 133.75925674438477 62
1777307161248 141.57039947509764 63
1777307163058 130.72821121215821 64
1777307164876 129.76182479858397 65
1777307166718 121.0608154296875 66
1777307168565 124.05498352050782 67
1777307188986 121.73815307617187 68
1777307190798 113.33817825317382 69
1777307192635 119.47908935546874 70
1777307194450 119.53400802612305 71
1777307196267 116.8088623046875 72
1777307198082 101.08428802490235 73
1777307199904 118.03323287963867 74
1777307201727 115.37396621704102 75
1777307203566 116.24078750610352 76
1777307205400 111.66306228637696 77
1777307207224 114.62645874023437 78
1777307209042 117.1711296081543 79
1777307210861 105.40398559570312 80
1777307212688 112.87698287963867 81
1777307214513 110.9786277770996 82
1777307216350 107.18188934326172 83
1777307218180 104.7838035583496 84
1777307219994 100.82748947143554 85
1777307221799 100.63557968139648 86
1777307223621 101.34909210205078 87
1777307225441 103.87959747314453 88
1777307227251 99.11415252685546 89
1777307229059 101.6597396850586 90
1777307230881 102.33959426879883 91
1777307232693 100.65017166137696 92
1777307234504 105.13967895507812 93
1777307236319 94.67401580810547 94
1777307238123 99.7489517211914 95
1777307239938 99.35957183837891 96
1777307241757 99.66285934448243 97
1777307243570 95.16322021484375 98
1777307245392 96.26699600219726 99
1777307247237 100.81560974121093 100
1777307249051 93.89399719238281 101
1777307250888 90.73493957519531 102
1777307252704 93.05192413330079 103
1777307254518 92.86574249267578 104
1777307256358 93.48906860351562 105
1777307258180 93.02077789306641 106
1777307259985 91.69518508911133 107
1777307261811 93.22201461791992 108
1777307263632 84.94167633056641 109
1777307265463 90.63482894897462 110
1777307267311 95.18080825805664 111
1777307269129 84.08125915527344 112
1777307270953 87.7544677734375 113
1777307272773 91.31305389404297 114
1777307274588 84.96507415771484 115
1777307276402 86.25078201293945 116
1777307278258 90.85543212890624 117
1777307280079 87.28197174072265 118
1777307281891 85.31248931884765 119
1777307283707 81.1779899597168 120
1777307285525 89.52341766357422 121
1777307287333 86.18535232543945 122
1777307289180 82.93330612182618 123
1777307291005 82.92171173095703 124
1777307292824 79.13846588134766 125
1777307294651 83.91869354248047 126
1777307296481 86.40175247192383 127
1777307298299 89.55990371704101 128
1777307300128 84.61298141479492 129
1777307301943 82.92683410644531 130
1777307303761 82.30083465576172 131
1777307305568 77.70511856079102 132
1777307307389 77.93668746948242 133
1777307309203 83.60815963745117 134
1777307311052 84.83356170654297 135
1777307312870 80.0103530883789 136
1777307314682 76.96371459960938 137
1777307316490 77.04535140991212 138
1777307318326 77.82775268554687 139
1777307320161 80.2513542175293 140
1777307322003 79.55563888549804 141
1777307323813 75.70709457397462 142
1777307325639 74.55876846313477 143
1777307327460 77.77839736938476 144
1777307329274 79.45459594726563 145
1777307331092 80.70880432128907 146
1777307332916 78.87140274047852 147
1777307334739 74.85639190673828 148
1777307336548 73.38277549743653 149
1777307338369 81.07802810668946 150
1777307340187 78.1612648010254 151
1777307342001 72.40961990356445 152
1777307343831 75.95359573364257 153
1777307345650 72.15364151000976 154
1777307347461 69.9545654296875 155
1777307349270 70.39019775390625 156
1777307351094 78.91511192321778 157
1777307352924 77.38569107055665 158
1777307354746 74.17477569580078 159
1777307356566 71.95211524963379 160
1777307358378 74.68538818359374 161
1777307360197 71.45717887878418 162
1777307362014 70.68072662353515 163
1777307363826 76.61755065917968 164
1777307365656 69.10424995422363 165
1777307367472 68.61046447753907 166
1777307369279 71.0079360961914 167
1777307371099 69.44028282165527 168
1777307372920 67.45898513793945 169
1777307374742 69.67703323364258 170
1777307376584 70.22681770324706 171
1777307378403 67.3372615814209 172
1777307380240 73.14935150146485 173
1777307382058 65.9467559814453 174
1777307383882 66.6140525817871 175
1777307385709 68.12398567199708 176
1777307387542 71.98324012756348 177
1777307389352 68.67052268981934 178
1777307391164 68.35011787414551 179
1777307392974 67.8211483001709 180
1777307394791 72.55277709960937 181
1777307396602 73.73493347167968 182
1777307398442 63.15020179748535 183
1777307400263 63.84695129394531 184
1777307402085 66.60052261352538 185
1777307403908 64.71895294189453 186
1777307405732 62.43124542236328 187
1777307407563 62.36836929321289 188
1777307409400 73.57703819274903 189
1777307411256 63.31156845092774 190
1777307413073 66.32834358215332 191
1777307414886 64.26847686767579 192
1777307416703 67.16372756958008 193
1777307418513 65.5603572845459 194
1777307420346 69.03403091430664 195
1777307422158 71.33822860717774 196
1777307423969 66.38929862976075 197
1777307425803 65.42514190673828 198
1777307427635 63.980996704101564 199
1777307429459 71.05447731018066 200
1777307431298 66.49732551574706 201
1777307433112 62.597907638549806 202
1777307434940 64.63360748291015 203
1777307436761 61.06883926391602 204
1777307438584 63.070750045776364 205
1777307440398 59.21725616455078 206
1777307442259 59.69747657775879 207
1777307444080 62.21928176879883 208
1777307445896 61.067538833618165 209
1777307447716 61.962396240234376 210
1777307449531 62.67301788330078 211
1777307451351 59.552025985717776 212
1777307453196 62.170678329467776 213
1777307455013 57.987617111206056 214
1777307456832 64.9896125793457 215
1777307458643 68.07278060913086 216
1777307460460 61.436632537841795 217
1777307462287 61.01593208312988 218
1777307464119 59.6520278930664 219
1777307465950 58.1024112701416 220
1777307467762 59.125633239746094 221
1777307469583 57.449463272094725 222
1777307471412 57.65940132141113 223
1777307473224 62.00046157836914 224
1777307475065 61.06393661499023 225
