1777208491946 226.76959500504032 1
1777208492417 226.2622320588436 2
1777208492806 225.5433197026682 3
1777208493182 224.64739732523054 4
1777208493556 223.6728568132486 5
1777208495594 222.62439465105794 6
1777208498142 221.53419247940033 7
1777208501179 220.3214714485404 8
1777208501589 219.0235700073168 9
1777208501997 217.61644691693226 10
1777208502408 216.1153211395481 11
1777208502820 214.6104119241422 12
1777208503626 213.02725947927416 13
1777208504034 211.33553187112196 14
1777208504447 209.50442827957121 15
1777208509261 207.64731216656767 16
1777208511362 205.73745974846196 17
1777208518893 203.80115347134324 18
1777208520126 201.79555325254321 19
1777208520907 199.7601491476716 20
1777208521507 197.66750215007525 21
1777208522105 195.37629957981085 22
1777208522690 193.197761374194 23
1777208523292 190.83907037409818 24
1777208523905 188.20587962388421 25
1777208525315 185.64369644900415 26
1777208526128 182.84297822858827 27
1777208526616 179.93611605060002 28
1777208528002 176.65965800268322 29
1777208528510 173.61551112479842 30
1777208529568 170.48987896096648 31
1777208530003 166.93300724018005 32
1777208530579 163.541100052097 33
1777208530999 160.34135339760294 34
1777208531418 156.8972344800889 35
1777208531834 153.3159969535958 36
1777208532257 149.6241188883831 37
1777208532678 145.02978546448657 38
1777208534567 141.98317049257986 39
1777208535723 137.12417388082963 40
1777208539472 132.22741714088647 41
1777208539887 127.80248279816398 42
1777208542062 123.3929033362535 43
1777208542490 118.30556635784303 44
1777208542907 112.32321178745735 45
1777208543324 107.95861023298465 46
1777208543740 101.13240180729666 47
1777208544703 96.33737409976203 48
1777208545089 91.71186089970861 49
1777208546336 88.03998004280498 50
1777208546742 82.80066837649169 51
1777208548193 79.21001554412169 52
1777208549363 73.87062764662454 53
1777208549759 70.10064959912104 54
1777208550173 66.15321276093664 55
1777208550625 61.12300490417356 56
1777208551019 57.32561233932111 57
1777208551780 53.3452786102013 58
1777208552936 51.170343488532254 59
1777208553427 47.27447747678577 60
1777208554589 44.48035605967327 61
1777208554977 41.997440805121535 62
1777208555362 42.583626364777814 63
1777208555749 38.69319172590315 64
1777208557565 37.54294090916926 65
1777208558856 38.97772519687928 66
1777208559798 36.241543329315114 67
1777208560185 35.42669416103749 68
1777208562050 33.11902400398542 69
1777208564070 33.19273550687993 70
1777208565029 31.624536804908306 71
1777208565416 30.836564948012104 72
1777208565807 30.118848243770046 73
1777208566200 32.07127643953289 74
1777208566593 28.31122591297156 75
1777208566983 29.353355972289396 76
1777208567379 30.047319858251292 77
1777208567771 30.398219648731075 78
1777208568160 27.048184949863664 79
1777208568562 26.201896261068228 80
1777208568967 30.8084389755368 81
1777208570114 29.579271265097432 82
1777208570499 25.17269454749034 83
1777208570881 25.95517446566231 84
1777208571754 26.69014139080079 85
1777208572158 26.29240784806935 86
1777208572566 25.060607686510465 87
1777208574101 26.312595104489645 88
1777208574492 27.46685347015164 89
1777208574916 24.69469461027067 90
1777208575684 26.102470941614175 91
1777208576074 24.735687741538033 92
1777208576468 27.43296383701208 93
1777208576859 26.411275640472788 94
1777208577249 24.61344832360769 95
1777208577640 26.590617012133013 96
1777208578038 24.824293432716143 97
1777208578435 25.415669139193813 98
1777208578828 25.209655558901186 99
1777208579217 22.440511772317397 100
