1777370774799 -1.783779546736901 1
1777370776252 -1.568120502122102 2
1777370777449 -1.2362672823312844 3
1777370778833 -0.7885739700526495 4
1777370780030 -0.29675502995794356 5
1777370781248 0.1596706871103969 6
1777370782511 0.5342336254310187 7
1777370783757 0.7873586660768772 8
1777370784988 0.8978345509922713 9
1777370786176 0.935480346856937 10
1777370787393 0.944266639016935 11
1777370788654 0.9504139532975147 12
1777370789923 0.9589448844460544 13
1777370791186 0.958791328282062 14
1777370792396 0.9652527476024843 15
1777370793623 0.9648224082240868 16
1777370794815 0.9628663752941321 17
1777370796004 0.9663285316924356 18
1777370797179 0.9661983642147892 19
1777370798403 0.964540114196302 20
1777370799586 0.9663876231360888 21
1777370800746 0.9717046877379402 22
1777370801927 0.972835146181787 23
1777370803095 0.9704948098044314 24
1777370804361 0.974135590641732 25
1777370805608 0.9719905791964338 26
1777370806866 0.9719808065773726 27
1777370808079 0.9725610923799648 28
1777370809295 0.9769839490421446 29
1777370810480 0.9766523138586579 30
1777370811652 0.97910598024171 31
1777370812873 0.9771446980356235 32
1777370814099 0.979727978778862 33
1777370815346 0.9775428754097534 34
1777370816616 0.9779071352956763 35
1777370817840 0.9810216091487789 36
1777370819306 0.9808192215724769 37
1777370820531 0.9822277258079851 38
1777370821773 0.9806317646218908 39
1777370823012 0.9832361552004771 40
1777370824455 0.9817044304100889 41
1777370825720 0.9819422299842792 42
1777370826944 0.9838581231633108 43
1777370828206 0.9845219815392697 44
1777370829423 0.9844639964452643 45
1777370830684 0.9832377306771172 46
1777370831920 0.9855117729398319 47
1777370833131 0.9869128347837502 48
1777370834394 0.9864886835599199 49
1777370835634 0.9872396619872751 50
1777370837107 0.9846580876136516 51
1777370838384 0.9874238336090442 52
1777370839883 0.988385332623261 53
1777370841359 0.9889228165505217 54
1777370843043 0.9886857351927929 55
1777370844864 0.988840523588931 56
1777370846328 0.9896237381942845 57
1777370847791 0.9891398303644735 58
