1777431700915 160.896728515625 1
1777431702086 154.35638427734375 2
1777431703324 146.2802734375 3
1777431704430 135.79966735839844 4
1777431705484 121.9309310913086 5
1777431706610 107.02176666259766 6
1777431707913 91.50519561767578 7
1777431709880 75.321533203125 8
1777431710764 59.64370346069336 9
1777431712495 45.37251663208008 10
1777431714229 34.19306182861328 11
1777431715517 27.223798751831055 12
1777431716562 24.21668815612793 13
1777431717609 22.797531127929688 14
1777431718486 21.672204971313477 15
1777431719888 19.577205657958984 16
1777431720838 19.28105354309082 17
1777431722520 18.98883056640625 18
1777431725833 18.456180572509766 19
1777431726933 17.941879272460938 20
1777431727828 17.309894561767578 21
1777431729568 16.457042694091797 22
1777431730715 17.027053833007812 23
1777431732232 16.51061248779297 24
1777431733554 16.249467849731445 25
1777431734520 16.504634857177734 26
1777431736530 15.736881256103516 27
1777431737455 15.20329475402832 28
1777431738354 15.60662841796875 29
1777431739603 15.599730491638184 30
1777431740972 15.560921669006348 31
1777431743234 15.263860702514648 32
1777431744821 16.47334098815918 33
1777431747402 13.916308403015137 34
1777431749615 15.89670181274414 35
1777431751203 15.733057022094727 36
1777431753393 16.529939651489258 37
1777431754272 13.273665428161621 38
1777431755333 14.417527198791504 39
1777431756626 14.679305076599121 40
1777431757625 14.3857421875 41
1777431759898 14.427637100219727 42
1777431760815 14.33723258972168 43
1777431761987 13.91191577911377 44
1777431763248 13.811053276062012 45
1777431766091 12.365620613098145 46
1777431767545 14.282855987548828 47
1777431768541 13.988343238830566 48
1777431770874 13.401651382446289 49
1777431772497 13.31021499633789 50
1777431773660 12.227582931518555 51
1777431775215 13.339561462402344 52
1777431776225 12.127049446105957 53
1777431778778 13.59846305847168 54
1777431780190 12.206457138061523 55
1777431781888 12.807596206665039 56
1777431783346 11.922523498535156 57
1777431784313 11.839132308959961 58
1777431785366 11.788009643554688 59
1777431786744 12.021993637084961 60
1777431788812 11.143160820007324 61
1777431790153 11.516704559326172 62
1777431792055 12.001458168029785 63
1777431794083 10.5987548828125 64
1777431797287 11.456535339355469 65
1777431799770 11.994410514831543 66
1777431800854 11.301534652709961 67
1777431801919 11.033727645874023 68
1777431804366 10.568079948425293 69
1777431805338 11.456937789916992 70
1777431806238 10.824833869934082 71
1777431807116 11.160301208496094 72
1777431808384 10.696941375732422 73
1777431809451 10.499845504760742 74
1777431810700 10.469067573547363 75
1777431812000 10.772029876708984 76
1777431813954 10.2872896194458 77
1777431815374 10.134378433227539 78
1777431817034 9.551584243774414 79
1777431818063 9.206805229187012 80
1777431819276 9.895926475524902 81
1777431820715 9.617205619812012 82
1777431822978 9.526453018188477 83
1777431824824 9.905694961547852 84
1777431826403 9.170805931091309 85
1777431828936 9.256383895874023 86
1777431831656 8.937700271606445 87
1777431833362 9.074260711669922 88
1777431835097 8.750398635864258 89
1777431836582 8.881856918334961 90
1777431838192 9.059284210205078 91
1777431839149 9.27547550201416 92
1777431841171 9.161515235900879 93
1777431842517 9.792326927185059 94
1777431843799 8.806808471679688 95
1777431845252 8.28231430053711 96
1777431846429 8.570751190185547 97
1777431848067 8.723189353942871 98
1777431848934 9.038776397705078 99
1777431850575 8.92070198059082 100
1777431852284 8.843521118164062 101
1777431854340 8.289924621582031 102
1777431855871 8.091272354125977 103
1777431858741 8.513367652893066 104
1777431859639 8.417458534240723 105
1777431861248 8.267812728881836 106
1777431862617 8.357544898986816 107
1777431864049 8.577729225158691 108
1777431865079 7.6625075340271 109
1777431866340 7.940761566162109 110
1777431867535 8.194856643676758 111
1777431870529 7.881915092468262 112
1777431871412 7.937767505645752 113
