1777431700915 -1.6870669777777643 1
1777431702086 -1.5508881066546483 2
1777431703324 -1.359039852204879 3
1777431704430 -1.0887564731040047 4
1777431705484 -0.7802674285847252 5
1777431706610 -0.471718782674243 6
1777431707913 -0.16729130761676192 7
1777431709880 0.1470688821646817 8
1777431710764 0.4296856669574276 9
1777431712495 0.657017237150976 10
1777431714229 0.8133050397670892 11
1777431715517 0.885928952233057 12
1777431716562 0.9173014336022641 13
1777431717609 0.9296344438225761 14
1777431718486 0.9362595795331069 15
1777431719888 0.9490040013684847 16
1777431720838 0.9503519645853432 17
1777431722520 0.9511974173997689 18
1777431725833 0.9553093536729204 19
1777431726933 0.9580318436761649 20
1777431727828 0.9620044798763149 21
1777431729568 0.9643642578761861 22
1777431730715 0.9625700624112804 23
1777431732232 0.963920641640614 24
1777431733554 0.9661489707941957 25
1777431734520 0.9638060225051603 26
1777431736530 0.9678990105837375 27
1777431737455 0.9697027053392947 28
1777431738354 0.9678169366806149 29
1777431739603 0.9680510542493597 30
1777431740972 0.9701628014169413 31
1777431743234 0.9705976048558397 32
1777431744821 0.9647636522586938 33
1777431747402 0.9749153561695962 34
1777431749615 0.9664818040288207 35
1777431751203 0.9675881069493385 36
1777431753393 0.9631707039784132 37
1777431754272 0.977107744453218 38
1777431755333 0.9728211317408638 39
1777431756626 0.972089496598128 40
1777431757625 0.9726378689443481 41
1777431759898 0.9727660599341997 42
1777431760815 0.973223730559256 43
1777431761987 0.9748842119869421 44
1777431763248 0.9756686609213068 45
1777431766091 0.9800725596547162 46
1777431767545 0.9741471486781198 47
1777431768541 0.9745794230126075 48
1777431770874 0.9757648466210757 49
1777431772497 0.9763229901446446 50
1777431773660 0.9801173288691228 51
1777431775215 0.9771858397210921 52
1777431776225 0.9812011256142541 53
1777431778778 0.9767005873467062 54
1777431780190 0.9811844387088736 55
1777431781888 0.9785950691368485 56
1777431783346 0.9820003674983254 57
1777431784313 0.9815471666586807 58
1777431785366 0.9826442968561593 59
1777431786744 0.9813249064594946 60
1777431788812 0.984498096086988 61
1777431790153 0.9825567844217681 62
1777431792055 0.9811548516954861 63
1777431794083 0.986374619817881 64
1777431797287 0.9831926066126263 65
1777431799770 0.9816585724322491 66
1777431800854 0.9838758822013713 67
1777431801919 0.9844636274734935 68
1777431804366 0.986118998483073 69
1777431805338 0.9832143711028829 70
1777431806238 0.9847434650780498 71
1777431807116 0.983908627804646 72
1777431808384 0.9854954574382536 73
1777431809451 0.9862564363469862 74
1777431810700 0.9855281488236532 75
1777431812000 0.9856465475071309 76
1777431813954 0.9869562671485168 77
1777431815374 0.9875864854043185 78
1777431817034 0.9885740305123147 79
1777431818063 0.9896877689206606 80
1777431819276 0.988099653605823 81
1777431820715 0.9885363323453434 82
1777431822978 0.9888214206966239 83
1777431824824 0.9871371172900524 84
1777431826403 0.9895547975885982 85
1777431828936 0.9893303896041014 86
1777431831656 0.99016254713528 87
1777431833362 0.9899219548597408 88
1777431835097 0.9905459258602832 89
1777431836582 0.9902459477635914 90
1777431838192 0.9898404245306825 91
1777431839149 0.9892733374496819 92
1777431841171 0.9896202784299657 93
1777431842517 0.9881372588016747 94
1777431843799 0.9905395666217895 95
1777431845252 0.9916558018430174 96
1777431846429 0.9907551350993358 97
1777431848067 0.9907064358863038 98
1777431848934 0.9897989669919279 99
1777431850575 0.9901420628883467 100
1777431852284 0.9905188199126743 101
1777431854340 0.9915978626682146 102
1777431855871 0.9918736101965299 103
1777431858741 0.9910720254522717 104
1777431859639 0.9913051477356088 105
1777431861248 0.9916410765073284 106
1777431862617 0.9913357581113896 107
1777431864049 0.991133531217734 108
1777431865079 0.9927040454568661 109
1777431866340 0.9924542718802005 110
1777431867535 0.9917996125641672 111
1777431870529 0.9926263605969691 112
1777431871412 0.9925473771260934 113
