1777378156388 -2.099786304147995 1
1777378158413 -2.0264139134372146 2
1777378161085 -1.951792750336141 3
1777378162253 -1.8646798844492625 4
1777378163718 -1.755903194973318 5
1777378165650 -1.604106823853761 6
1777378167473 -1.4058370603857089 7
1777378170551 -1.1760771059754567 8
1777378171425 -0.9441422538163207 9
1777378172830 -0.730174644111308 10
1777378173994 -0.5205641577889508 11
1777378174843 -0.31701659781044067 12
1777378175689 -0.10755309421836423 13
1777378176525 0.09539202590093598 14
1777378177716 0.28501195604567875 15
1777378179048 0.4667420565574384 16
1777378180204 0.5950439979894705 17
1777378181060 0.7100720137939898 18
1777378182953 0.7933192044860313 19
1777378183812 0.8604352509491127 20
1777378185052 0.8920379619246772 21
1777378185894 0.9092592847720011 22
1777378186769 0.9302378610997851 23
1777378187971 0.9305618361110244 24
1777378189173 0.9391498624350982 25
1777378190873 0.9416959433697537 26
1777378191752 0.9439344317901601 27
1777378192590 0.9456266382428538 28
1777378193446 0.9521235353856478 29
1777378194929 0.9520086575766434 30
1777378196349 0.9520458398189131 31
1777378197453 0.9533470807038723 32
1777378199229 0.9581734236884583 33
1777378200819 0.9586232498388055 34
1777378202427 0.9527187840753982 35
1777378203994 0.9596156133055037 36
1777378205960 0.9626710782862116 37
1777378208137 0.961114179478834 38
1777378210409 0.9648031374141158 39
1777378212715 0.964969809480146 40
1777378214819 0.9650310839064915 41
1777378215887 0.9665760070004459 42
1777378217416 0.9627609388691398 43
1777378219945 0.9714236321073169 44
1777378223702 0.9683864762048381 45
1777378225967 0.9671651019956885 46
1777378227979 0.9679315345485371 47
1777378233022 0.9708376794339403 48
1777378234792 0.9700400688426315 49
1777378236697 0.9743620433274482 50
1777378238325 0.9754429177401776 51
1777378239891 0.9702507629755834 52
1777378240947 0.9733950317977399 53
1777378242605 0.9704370836409921 54
1777378243912 0.9724233291727485 55
1777378245107 0.9713216949931628 56
1777378246299 0.9775330078176097 57
1777378247736 0.9760613224497303 58
1777378249365 0.9756351941466057 59
1777378251188 0.973151319442455 60
1777378255555 0.9751916755138776 61
1777378256454 0.9752150645255436 62
1777378257356 0.9763013500895348 63
1777378258264 0.9783184601048396 64
