1777121187265 188.5481873364989 1
1777121187964 184.93696295872058 2
1777121188617 181.39244754273824 3
1777121189270 177.1742408649402 4
1777121189922 172.18994180048765 5
1777121190584 166.5406764999811 6
1777121191242 160.2301332447995 7
1777121191892 153.25044427895224 8
1777121192546 145.64597864873397 9
1777121193200 137.29063619814127 10
1777121193883 128.1223650745833 11
1777121194537 118.53198188875818 12
1777121195191 108.1758618402397 13
1777121195842 97.50141411253234 14
1777121196494 86.1378728224821 15
1777121197134 74.4456338104051 16
1777121197772 62.63979784012961 17
1777121198406 52.879038176253765 18
1777121199043 43.76900828255672 19
1777121199722 36.83153363024565 20
1777121200370 30.355860726383945 21
1777121201021 25.235215700589695 22
1777121201668 24.568716854469535 23
1777121202314 21.364564565231852 24
1777121202961 21.124262369036046 25
1777121203607 18.91900603181813 26
1777121204279 17.46197331238689 27
1777121204923 16.74673526425678 28
1777121205573 17.087774911769614 29
1777121206214 17.769300295056418 30
1777121206855 15.457821830328394 31
1777121207498 16.658215047328948 32
1777121208138 14.92542506972272 33
1777121208773 14.108551046670499 34
1777121209412 14.598473613848773 35
1777121210048 14.489926544834569 36
1777121210674 13.628652605111643 37
1777121211295 13.548471154007434 38
1777121211917 13.863600998014403 39
1777121212543 13.280883412744743 40
1777121213179 13.382377619471749 41
1777121213815 12.970744723232087 42
1777121214469 12.524682501940188 43
1777121215107 12.262252677697962 44
1777121215739 12.718973841865974 45
1777121216376 11.416648118830539 46
1777121217009 13.025356464083588 47
1777121217639 12.342262207586767 48
1777121218271 12.336550040309456 49
1777121218908 11.751443559396847 50
1777121219542 11.038485276720065 51
1777121220176 10.765039442009739 52
1777121220821 11.962271434730177 53
1777121221453 10.771197703748468 54
1777121222084 12.151516898127772 55
1777121222713 10.462172466239997 56
1777121223339 11.507107364522382 57
1777121223967 11.496576538802733 58
1777121224623 10.689589786585541 59
1777121225250 10.471629729077737 60
1777121225875 11.010303864672263 61
1777121226504 9.63127248761798 62
1777121227136 10.211770279996898 63
1777121227767 11.663960482887989 64
1777121228394 10.87374903689534 65
1777121229024 9.453435118871791 66
1777121229649 10.154530696006502 67
