1777121187265 225.5949252809114 1
1777121187964 222.50526679159753 2
1777121188617 219.4686142851638 3
1777121189270 215.6035405988269 4
1777121189922 210.73468027059522 5
1777121190584 205.24570831384025 6
1777121191242 199.08491828237518 7
1777121191892 192.3800458240147 8
1777121192546 184.99124768147817 9
1777121193200 176.83760647130464 10
1777121193883 167.40369199557696 11
1777121194537 157.85470970167472 12
1777121195191 147.14102238583908 13
1777121195842 135.89293091207873 14
1777121196494 122.4557397720703 15
1777121197134 109.44123440944232 16
1777121197772 95.90257405793392 17
1777121198406 83.4737251652803 18
1777121199043 70.96177310487316 19
1777121199722 60.867866865833854 20
1777121200370 50.544916403321416 21
1777121201021 42.13372150998829 22
1777121201668 40.34113566277603 23
1777121202314 35.580223024986964 24
1777121202961 34.73387243788475 25
1777121203607 31.634186266168697 26
1777121204279 30.375852973170254 27
1777121204923 28.543538350088426 28
1777121205573 29.149289722197242 29
1777121206214 29.467970189509895 30
1777121206855 26.545903592806816 31
1777121207498 28.188938823103225 32
1777121208138 25.634822098152082 33
1777121208773 24.49809537996972 34
1777121209412 25.25627556799312 35
1777121210048 25.27593810079064 36
1777121210674 23.88910358342337 37
1777121211295 23.536237332535492 38
1777121211917 24.526060607561526 39
1777121212543 23.638569804915758 40
1777121213179 23.140589392697116 41
1777121213815 22.92122661191 42
1777121214469 22.322748816982504 43
1777121215107 22.110068590048304 44
1777121215739 22.42691444892094 45
1777121216376 20.567753917739854 46
1777121217009 23.105702199264442 47
1777121217639 22.18715269864628 48
1777121218271 21.846565643595376 49
1777121218908 21.28907611811491 50
1777121219542 20.63453629560804 51
1777121220176 19.614102393311615 52
1777121220821 21.767629910352262 53
1777121221453 20.0771924941528 54
1777121222084 21.627812373571356 55
1777121222713 19.4296050397828 56
1777121223339 20.9894855153066 57
1777121223967 20.974476153228327 58
1777121224623 19.91747960090191 59
1777121225250 19.573635259338644 60
1777121225875 20.180981980354826 61
1777121226504 18.395430851727912 62
1777121227136 18.987102748992044 63
1777121227767 20.947211629446723 64
1777121228394 20.069228330487697 65
1777121229024 17.905708025174892 66
1777121229649 19.092671914889475 67
