1777433000037 -1.7374734789159063 1
1777433000977 -1.5901280405413998 2
1777433002439 -1.388646270987789 3
1777433003993 -1.1060052635888595 4
1777433004903 -0.7742631560348009 5
1777433006256 -0.4441216555891441 6
1777433007319 -0.11627946123354531 7
1777433008503 0.20446941799188423 8
1777433009558 0.4735041764472821 9
1777433011712 0.6878890439603135 10
1777433013549 0.820666215956514 11
1777433015630 0.8930533998042528 12
1777433016871 0.9250005628464922 13
1777433018411 0.935983705401834 14
1777433019784 0.94450271010586 15
1777433020999 0.9547288588818308 16
1777433022364 0.9494881330582096 17
1777433025889 0.9588061472186156 18
1777433027635 0.9572279392122777 19
1777433028762 0.9582004082044184 20
1777433029663 0.9604310779101373 21
1777433031201 0.9618607783844975 22
1777433032959 0.9630445259065522 23
1777433034050 0.9649723081217072 24
1777433034944 0.9653419754184996 25
1777433035977 0.9717724509927125 26
1777433036871 0.9685309101425318 27
1777433038760 0.9724352864539573 28
1777433040973 0.9651404931817912 29
1777433042808 0.9674527606050968 30
1777433044056 0.9720882682523135 31
1777433044960 0.971153481365208 32
1777433046077 0.9715730057969942 33
1777433046963 0.9742265259661381 34
1777433048429 0.9693236121264007 35
1777433051082 0.9744863546863263 36
1777433051990 0.9724146931194224 37
1777433053790 0.9716700960990314 38
1777433054886 0.9723497204263 39
1777433055759 0.9716959484196014 40
1777433056632 0.9769570851487183 41
1777433057930 0.9770194910154816 42
1777433060020 0.9761180580259015 43
1777433060916 0.9771903476150755 44
1777433061830 0.9763863479053208 45
1777433062719 0.9792004015172339 46
1777433064035 0.9779030407754682 47
1777433064963 0.9791829312394253 48
1777433066278 0.9778864175237493 49
1777433067489 0.9800853867218127 50
1777433068388 0.9801996036030269 51
1777433070702 0.9806531023097435 52
1777433072686 0.9833442535362048 53
1777433074376 0.9836987622640327 54
1777433075314 0.9842071823629941 55
1777433076219 0.9849891153301957 56
1777433077581 0.9857866356612665 57
1777433079007 0.9832288070064051 58
1777433080493 0.9847858428544985 59
1777433081395 0.9867915078501466 60
1777433083657 0.986752649281908 61
1777433084553 0.9859629767972237 62
1777433085859 0.986152064338279 63
1777433087845 0.9876726835340945 64
1777433088741 0.9874221355659613 65
1777433089623 0.9882899910763752 66
1777433091783 0.9860484611776904 67
1777433093289 0.9877875295724419 68
1777433094178 0.9870679168867316 69
1777433095071 0.9881507301523852 70
1777433095955 0.9877675648424865 71
1777433097352 0.9880810329621307 72
1777433098246 0.9880187043116712 73
1777433100480 0.9883102415412427 74
1777433102292 0.9894377033570465 75
1777433103203 0.9879523219941143 76
1777433104131 0.9884247139713169 77
1777433105033 0.9895980571049844 78
1777433105951 0.9884088195887303 79
1777433107210 0.9886557426957002 80
1777433108612 0.9900135124001711 81
1777433110675 0.9890890364024757 82
1777433111563 0.990536001729537 83
1777433112457 0.9908562682311066 84
1777433113594 0.9894857740498354 85
1777433114496 0.989155422860887 86
1777433115761 0.9894963191767429 87
1777433116656 0.9914615599421772 88
1777433117970 0.991544202440635 89
1777433118857 0.9896515698028825 90
1777433120319 0.9898004731847753 91
1777433121888 0.9896501853070602 92
1777433122801 0.9906482116675696 93
1777433124292 0.9906898382923086 94
1777433125942 0.990535633608821 95
1777433126949 0.9909230157646315 96
1777433128251 0.9892822096620063 97
1777433129353 0.9917258077346472 98
1777433130958 0.9901847999845783 99
