1777371805568 39974.1546875 1
1777371806845 36607.11328125 2
1777371808017 31457.414453125 3
1777371809250 25421.387890625 4
1777371810455 18991.419921875 5
1777371811676 12700.448828125 6
1777371812929 7098.77109375 7
1777371814218 3227.212841796875 8
1777371815462 1529.3739013671875 9
1777371816626 1048.5509643554688 10
1777371817816 798.86533203125 11
1777371819028 662.4968017578125 12
1777371820349 625.3669677734375 13
1777371821556 606.2864868164063 14
1777371822793 559.6465454101562 15
1777371823994 522.6861938476562 16
1777371825191 547.3541381835937 17
1777371826569 524.858447265625 18
1777371827779 555.3435668945312 19
1777371828996 500.70172119140625 20
1777371830255 480.1576843261719 21
1777371831509 454.09076538085935 22
1777371832748 442.22736206054685 23
1777371833911 444.99848022460935 24
1777371835169 405.52490234375 25
1777371836434 399.29201049804686 26
1777371837809 448.59153442382814 27
1777371839019 363.64031982421875 28
1777371840259 376.80848999023436 29
1777371841529 365.6678161621094 30
1777371842775 394.3152282714844 31
1777371844008 312.0445556640625 32
1777371845708 331.8732666015625 33
1777371846881 296.4390441894531 34
1777371848107 301.8234069824219 35
1777371849355 293.94310302734374 36
1777371850546 309.7506469726562 37
1777371851769 286.3075866699219 38
1777371853048 279.777099609375 39
1777371854263 284.3035400390625 40
1777371855450 292.51939086914064 41
1777371856632 270.31898193359376 42
1777371857816 290.494189453125 43
1777371858984 234.3994567871094 44
1777371860156 233.77479248046876 45
1777371861347 202.85020141601564 46
1777371862581 215.4834777832031 47
1777371863751 243.3075439453125 48
1777371865396 220.3032196044922 49
1777371866569 210.4820098876953 50
1777371867798 208.4199462890625 51
1777371869031 190.42261352539063 52
1777371870242 205.8342742919922 53
1777371872285 197.47706604003906 54
1777371873487 180.451318359375 55
1777371874659 198.0256805419922 56
1777371875833 183.73079833984374 57
1777371876992 182.62805786132813 58
1777371878202 170.31090393066407 59
1777371879402 153.4344970703125 60
1777371880587 162.99990844726562 61
1777371881787 166.65786743164062 62
1777371883051 173.94971923828126 63
1777371884317 177.4153564453125 64
1777371886086 161.22825317382814 65
1777371887333 151.8668182373047 66
1777371888596 146.39618530273438 67
1777371889875 162.21074523925782 68
1777371891118 140.85845184326172 69
1777371892947 145.4983703613281 70
1777371894118 140.1730743408203 71
1777371895382 138.09332122802735 72
1777371896566 141.6902328491211 73
1777371897750 134.62523651123047 74
1777371898926 139.0841796875 75
1777371900112 138.3771240234375 76
1777371901315 130.823046875 77
1777371902481 124.07298889160157 78
1777371903749 134.0345657348633 79
1777371905007 134.22398834228517 80
1777371906293 136.58869323730468 81
1777371907561 122.06318664550781 82
1777371908833 128.0069564819336 83
1777371910046 127.72219848632812 84
1777371911210 122.45601806640624 85
1777371912428 105.14596405029297 86
1777371913642 111.89373474121093 87
1777371914829 114.52773590087891 88
1777371916067 119.37185821533203 89
1777371917580 108.74724884033203 90
1777371918814 110.53610382080078 91
1777371920035 114.4595718383789 92
1777371921202 127.49478302001953 93
1777371922396 112.90171508789062 94
1777371923571 101.44620666503906 95
1777371924762 100.7594497680664 96
1777371926011 103.36347198486328 97
1777371928300 114.8714599609375 98
1777371929574 126.44000244140625 99
1777371930831 111.95059356689453 100
1777371932037 99.73715209960938 101
1777371933216 105.11685180664062 102
1777371934751 103.66385498046876 103
1777371935920 96.7030517578125 104
1777371937070 102.43974609375 105
1777371938312 94.64482727050782 106
1777371939541 103.60668334960937 107
1777371940727 101.50692596435547 108
1777371941962 91.93462982177735 109
1777371943176 96.95446319580078 110
1777371944375 93.49089965820312 111
1777371945632 96.88809356689453 112
