1777385133495 189.39811584687695 1
1777385133871 186.7289476467453 2
1777385134231 184.6504146376569 3
1777385134574 182.5937215073698 4
1777385134925 180.33197914791052 5
1777385135287 177.74359353962046 6
1777385135626 174.85150958255537 7
1777385135973 171.6965980193787 8
1777385136326 168.24306173990982 9
1777385136685 164.42902961592077 10
1777385137034 160.3894758778884 11
1777385137390 156.01356005486642 12
1777385137747 151.49962804573673 13
1777385138116 146.8420282297812 14
1777385138493 142.0898003390587 15
1777385139003 137.11277312246827 16
1777385139623 131.97597356718984 17
1777385139992 126.52723963094051 18
1777385140334 120.86130747232308 19
1777385140681 115.07881774723145 20
1777385141039 108.81092150828731 21
1777385141385 102.66501636695526 22
1777385141743 96.16894588593658 23
1777385142083 90.11533800574239 24
1777385142421 83.84607800468584 25
1777385142765 77.8457355756866 26
1777385143108 70.90379807925267 27
1777385143453 64.72165952538016 28
1777385143805 57.98268856557061 29
1777385144159 52.61898042115477 30
1777385144526 47.15181634962314 31
1777385144875 42.53573060609702 32
1777385145225 38.385186789529996 33
1777385145571 34.408804686854886 34
1777385145920 30.89615933053716 35
1777385146352 28.811769099075935 36
1777385146687 25.212180977069274 37
1777385147032 25.030025482177734 38
1777385147383 23.012677580765676 39
1777385147725 21.107991998642245 40
1777385148096 20.3363072008367 41
1777385148471 20.941928413288075 42
1777385148826 18.401282971841898 43
1777385149175 18.49911351632316 44
1777385149523 17.059405887399922 45
1777385149860 18.480927399586594 46
1777385150195 17.3443542946386 47
1777385150539 14.762209100997666 48
1777385151009 16.62828030197045 49
1777385151364 15.656972315055233 50
1777385151711 15.524276638199005 51
1777385152049 15.105617416233997 52
1777385152472 17.01345964354483 53
1777385152832 14.283496605810948 54
1777385153186 15.728945576997624 55
1777385153550 16.316788744520455 56
1777385153909 13.067741487002415 57
1777385154255 14.269691151447038 58
1777385154653 14.174630677497044 59
1777385155009 15.131164044544267 60
1777385155356 14.044438148762854 61
1777385155706 13.537467566785292 62
1777385156058 13.317104071641205 63
1777385156404 12.291076855035088 64
1777385156758 11.313779272055948 65
1777385157125 12.610593230179738 66
1777385157479 13.137270586391232 67
1777385157834 14.839935867211011 68
1777385158191 13.444122854849905 69
1777385158552 15.721094615306843 70
1777385158925 12.462893785621164 71
1777385159708 10.92144176530194 72
1777385160065 13.06537459054836 73
1777385160427 11.008318267705786 74
1777385160782 14.433200627862883 75
1777385161307 11.851414980639168 76
1777385162053 12.499220851443477 77
1777385162415 11.724099830116725 78
1777385162780 11.494424075710725 79
1777385163134 12.138163049712436 80
1777385163500 12.912682857502228 81
1777385163877 12.919264388518409 82
1777385164246 12.423319476111384 83
1777385164770 10.474466958888755 84
1777385165287 10.918214609254758 85
1777385165640 10.40776205594863 86
1777385166011 11.17864729835927 87
1777385166367 10.08731725673709 88
1777385166733 11.79919927734805 89
