1777422678831 -1.793140748912599 1
1777422692165 -1.64612549642472 2
1777422699881 -1.4407899540701794 3
1777422709675 -1.1248386821900138 4
1777422720353 -0.7349586713398826 5
1777422737205 -0.3307684837436495 6
1777422744340 0.04678694500619002 7
1777422753901 0.3804695636689903 8
1777422765149 0.6201388720796425 9
1777422772855 0.786847083502864 10
1777422780419 0.8798889255736283 11
1777422783581 0.9150434415337895 12
1777422794044 0.9319417517685602 13
1777422808664 0.9444022064226931 14
1777422820696 0.9438436213708776 15
1777422826818 0.950968861706313 16
1777422829907 0.9466737063286321 17
1777422845922 0.953895582143023 18
1777422848147 0.9574205224575633 19
1777422852364 0.9564711944036784 20
1777422865772 0.9581794552783713 21
1777422869134 0.9618744083029792 22
1777422876223 0.9637204695988351 23
1777422884791 0.9597776319163398 24
1777422891145 0.9612547304765888 25
1777422900747 0.9632108205076972 26
1777422904161 0.9697195835278198 27
1777422907391 0.9638452711006673 28
1777422919790 0.9698253628632094 29
1777422927804 0.9713638451960606 30
1777422935008 0.9690741574644606 31
1777422945404 0.9672670179580959 32
1777422948386 0.9693081555644463 33
1777422956059 0.9744453515075477 34
1777422963598 0.9753466089106682 35
1777422968799 0.973795777234671 36
1777422977156 0.9745642236738596 37
1777422981387 0.9745407460930569 38
1777422993154 0.9769062085507332 39
1777423005530 0.9726437830363047 40
1777423015618 0.9766475026345244 41
1777423027823 0.9748870410511503 42
1777423031237 0.9760741178072845 43
1777423034266 0.9800693610797846 44
1777423040057 0.978846443001224 45
1777423055060 0.9794479979846129 46
1777423061760 0.977097076386634 47
1777423065176 0.9788855871171193 48
1777423068396 0.9788533229878232 49
1777423077025 0.9792970985466047 50
1777423086444 0.9819556299865365 51
1777423089806 0.9797765121000948 52
1777423099648 0.9800923067546115 53
1777423119235 0.9807960129133318 54
1777423125915 0.9801527512014547 55
1777423133010 0.9785213544531136 56
1777423142419 0.9835540610305697 57
1777423149076 0.9821551943722671 58
1777423157466 0.9822201670294078 59
1777423167222 0.984152422923538 60
1777423177276 0.9829793374873306 61
