1777231998402 41687.51328125 1
1777231999753 40099.4515625 2
1777232001071 38204.37265625 3
1777232002413 35619.06796875 4
1777232003679 31841.1015625 5
1777232004830 26926.723828125 6
1777232006010 21563.16484375 7
1777232007279 16501.28203125 8
1777232008556 11897.163671875 9
1777232009912 8041.7859375 10
1777232011274 4965.59609375 11
1777232012592 2916.48740234375 12
1777232013966 1881.0175048828125 13
1777232015237 1334.7175537109374 14
1777232016544 1143.3850830078125 15
1777232017902 1005.6440063476563 16
1777232019299 946.6424072265625 17
1777232020636 964.7983764648437 18
1777232022001 859.1250732421875 19
1777232023281 838.3416259765625 20
1777232024623 742.4572875976562 21
1777232025939 734.4130126953125 22
1777232027251 734.9833618164063 23
1777232028630 690.984130859375 24
1777232029973 781.931591796875 25
1777232031334 747.7454833984375 26
1777232032622 660.3237182617188 27
1777232033910 683.144580078125 28
1777232035269 729.6632202148437 29
1777232036645 684.1848876953125 30
1777232037989 622.1059448242188 31
1777232039234 671.4699462890625 32
1777232040591 599.6567016601563 33
1777232041950 575.5449829101562 34
1777232043330 617.4581176757813 35
1777232044669 623.4931762695312 36
1777232046018 548.4783935546875 37
1777232047432 652.0756469726563 38
1777232048817 546.6013793945312 39
1777232050200 609.039599609375 40
1777232051591 605.8013671875 41
1777232052950 575.591357421875 42
1777232054348 601.2245971679688 43
1777232055771 546.1444152832031 44
1777232057206 526.8484497070312 45
1777232058564 564.0319213867188 46
1777232059959 542.6138671875 47
1777232061184 526.0791931152344 48
1777232062606 545.6583251953125 49
1777232094575 503.50806884765626 50
1777232095876 544.4202819824219 51
1777232097158 476.1383483886719 52
1777232098449 543.0625610351562 53
1777232099864 551.5476684570312 54
1777232101654 489.6514404296875 55
1777232104259 492.14202270507815 56
1777232200502 487.78416748046874 57
1777232201981 527.7178405761719 58
1777232203397 481.2591857910156 59
1777232205309 530.6442504882813 60
1777232211151 484.98251953125 61
1777232221365 484.23784790039065 62
1777232236809 544.3386108398438 63
1777232308253 453.4709838867187 64
1777232315451 469.1748107910156 65
1777232325806 443.9532897949219 66
1777232331847 397.58154296875 67
1777232343327 463.9618713378906 68
1777232348308 435.9351745605469 69
1777232359228 430.1315124511719 70
1777232406510 473.92144165039065 71
1777232434268 438.7251770019531 72
1777232435667 449.23216552734374 73
1777232436996 450.28928833007814 74
1777232438370 391.8684020996094 75
1777232439726 417.7668395996094 76
1777232441019 374.5247375488281 77
1777232442429 408.7322021484375 78
1777232443718 523.1764709472657 79
1777232444962 419.7116455078125 80
1777232446499 366.3343933105469 81
1777232449854 358.7068237304687 82
1777232457399 382.92714233398436 83
1777232460566 387.2815673828125 84
1777232461976 361.5802856445313 85
1777232463314 358.32021484375 86
1777232464692 328.41912841796875 87
1777232465911 364.4461181640625 88
1777232467083 332.21075439453125 89
1777232468362 336.84862060546874 90
1777232469678 343.4090637207031 91
1777232470979 371.89149169921876 92
1777232472306 334.8604248046875 93
1777232473713 301.9735595703125 94
1777232475063 295.7971618652344 95
1777232476413 324.4931274414063 96
1777232477726 353.8573059082031 97
1777232479044 333.5402526855469 98
1777232480319 301.2753112792969 99
1777232481497 297.35780029296876 100
1777232482691 284.0927490234375 101
1777232483932 269.1452392578125 102
1777232485218 290.05462646484375 103
1777232486590 275.430859375 104
1777232487965 282.507080078125 105
1777232489382 290.366943359375 106
1777232490725 288.4695739746094 107
1777232492376 269.21153869628904 108
1777232493868 294.4520202636719 109
1777232495415 241.00116271972655 110
1777232497081 283.34893188476565 111
1777232499362 289.1636962890625 112
1777232501503 290.75419921875 113
1777232504683 275.97910766601564 114
1777232513921 244.8786407470703 115
1777232515220 290.28388671875 116
1777232516550 309.71148071289065 117
1777232519350 279.83977661132815 118
1777232520649 247.7616424560547 119
1777232521906 246.077197265625 120
1777232523199 225.35457763671874 121
1777232524541 238.20630798339843 122
1777232525863 253.52562255859374 123
1777232527191 236.30572204589845 124
1777232528491 278.0380126953125 125
1777232529817 242.0841491699219 126
1777232531136 248.63060913085937 127
1777232532388 257.33746948242185 128
1777232533743 279.849755859375 129
1777232535818 258.2743225097656 130
1777232537206 243.88465576171876 131
1777232538591 243.54444580078126 132
1777232539916 234.55970458984376 133
1777232541079 226.84197692871095 134
1777232542234 264.68598022460935 135
1777232543566 235.3169921875 136
1777232544949 219.15326843261718 137
1777232546369 214.6123046875 138
1777232547737 210.57842102050782 139
1777232549195 214.58475341796876 140
1777232550618 229.43573303222655 141
1777232555706 212.6783416748047 142
1777232558281 256.125048828125 143
1777232560228 309.20872802734374 144
1777232564893 219.36428527832032 145
1777232630933 224.19202270507813 146
1777232632239 226.9863250732422 147
1777232633546 223.78844604492187 148
1777232634856 218.69120178222656 149
1777232636153 196.44029235839844 150
1777232637344 324.3758911132812 151
1777232638436 237.23772888183595 152
1777232639558 237.03709716796874 153
1777232640674 249.03365478515624 154
1777232641977 291.7377136230469 155
1777232643317 244.0339141845703 156
1777232644700 239.48616638183594 157
1777232646111 206.74398803710938 158
1777232647503 321.36265869140624 159
1777232648815 224.36250915527344 160
1777232650151 202.02981567382812 161
1777232651447 214.5051025390625 162
1777232652902 226.10628662109374 163
1777232654281 193.61480407714845 164
1777232655653 202.3380859375 165
1777232657035 204.40675659179686 166
1777232658341 185.08372192382814 167
1777232660209 376.52516479492186 168
1777232661463 234.46654052734374 169
1777232662811 215.81097412109375 170
1777232664174 205.51595153808594 171
1777232665556 220.80472717285156 172
1777232666924 194.2318115234375 173
1777232668291 181.76426391601564 174
1777232669612 197.68063049316407 175
1777232670958 234.67314453125 176
1777232672436 197.05293884277344 177
1777232673847 199.2331787109375 178
1777232675284 195.3052215576172 179
1777232678756 208.99588317871093 180
1777232681526 189.5196075439453 181
1777232682907 180.4519256591797 182
1777232684259 188.242724609375 183
1777232811641 270.70498046875 184
1777232813430 216.8548156738281 185
1777232815815 214.84730529785156 186
1777232817177 198.56651611328124 187
1777232818388 195.94212036132814 188
1777232819678 194.21756896972656 189
1777232821100 212.07410888671876 190
1777232822470 208.19485168457032 191
1777232823884 189.7427490234375 192
1777232825192 188.17978210449218 193
1777232826509 204.635009765625 194
1777232827861 189.42554321289063 195
1777232829140 314.40520629882815 196
1777232830458 192.3477569580078 197
1777232831830 192.68157958984375 198
1777232833235 186.781201171875 199
1777232834596 200.13953857421876 200
1777232835922 197.29681091308595 201
1777232837269 179.93325500488282 202
1777232838667 199.36408081054688 203
1777232840088 236.04893188476564 204
1777232841356 220.93820495605468 205
1777232842754 184.5359344482422 206
1777232844173 186.15655822753905 207
1777232845466 249.87435607910157 208
1777232846797 204.0676513671875 209
1777232848179 188.3719696044922 210
1777232849566 264.76612548828126 211
1777232850870 204.84887084960937 212
1777232852034 174.60364990234376 213
1777232853340 197.94828186035156 214
1777232854761 202.3439208984375 215
1777232856335 180.4727020263672 216
1777232857685 235.6961181640625 217
1777232858895 181.49497680664064 218
1777232860272 167.394775390625 219
1777232861667 177.90135192871094 220
1777232863064 182.38762512207032 221
1777232864509 284.1913635253906 222
1777232865931 212.0261993408203 223
1777232867414 181.82250366210937 224
1777232868867 183.92369079589844 225
1777232871759 187.8511474609375 226
1777232923214 205.99323425292968 227
1777232926465 214.25057373046874 228
1777232927951 194.20492553710938 229
1777232929413 191.40966796875 230
1777232930902 183.00945739746095 231
1777232932342 185.24631042480468 232
1777232933766 173.7317138671875 233
1777232947891 161.23979797363282 234
1777232950934 179.94730224609376 235
1777232952329 199.02608642578124 236
1777232953704 171.14705505371094 237
1777232954879 178.84000549316406 238
1777232966310 337.02283935546876 239
1777233028807 179.4479217529297 240
1777233029978 166.52414245605468 241
1777233031109 186.75998229980468 242
1777233032225 182.12999572753907 243
1777233033498 233.9733459472656 244
1777233034799 199.88519287109375 245
1777233035910 183.22230224609376 246
1777233037257 178.21237182617188 247
1777233038539 165.3745880126953 248
1777233039768 161.6053253173828 249
1777233040856 166.16885681152343 250
