1777430443443 -1.8033290972459648 1
1777430444475 -1.6677204375251757 2
1777430445546 -1.4837364233812949 3
1777430446584 -1.1985470258333815 4
1777430447634 -0.8249223924253479 5
1777430448677 -0.43547831575076607 6
1777430449709 -0.06636769214037108 7
1777430450742 0.2715414192071998 8
1777430451779 0.5526992627272795 9
1777430452833 0.7542466379939506 10
1777430453874 0.8562275080045867 11
1777430454926 0.9069695901487049 12
1777430456204 0.9314568812070347 13
1777430457261 0.9344016257109419 14
1777430458328 0.9425960856944244 15
1777430459388 0.9477246501179559 16
1777430460459 0.9488919415100336 17
1777430461525 0.9548206466267718 18
1777430462605 0.9547645590554813 19
1777430463683 0.9614439832618193 20
1777430464769 0.9587135680190173 21
1777430465844 0.9612713743689979 22
1777430466959 0.9608694238062797 23
1777430468363 0.9635411234497663 24
1777430469398 0.9597960125151116 25
1777430470445 0.9648467368973757 26
1777430471480 0.969599202855439 27
1777430472513 0.9688606689349913 28
1777430473565 0.9685291611999584 29
1777430474608 0.969010956301096 30
1777430475656 0.9719627073352262 31
1777430476699 0.9747734901691064 32
1777430477791 0.9709350285020355 33
1777430478852 0.9722246537967306 34
1777430479905 0.9733982630593814 35
1777430480954 0.9766978121557017 36
1777430482018 0.9747028620215165 37
1777430483057 0.9756424468078793 38
1777430484105 0.9769942309947127 39
1777430485152 0.9785472570443786 40
1777430486209 0.9772972052899238 41
1777430487270 0.9738106865877153 42
1777430488352 0.9801828173205217 43
1777430489455 0.9778516187702134 44
1777430490578 0.9790595557169264 45
1777430491669 0.9809784624617501 46
1777430492720 0.982462494889937 47
1777430493781 0.980704980690507 48
1777430494863 0.9796046379757859 49
1777430495934 0.9797795730792814 50
1777430496975 0.9808351525729622 51
1777430498008 0.980199987037765 52
1777430499069 0.9809935989291435 53
1777430500155 0.9829405066239036 54
1777430501213 0.9821217399401592 55
1777430502275 0.9837837612419073 56
1777430503393 0.9842671712675265 57
1777430504554 0.9828921767510115 58
1777430548829 0.9824928881746191 59
1777430550233 0.9786158416265403 60
1777430567965 0.9847548100372612 61
1777430569340 0.9854218958680967 62
1777430570402 0.9839265489301101 63
