1777428828139 -2.8102614037554448 1
1777428828449 -2.753210623475483 2
1777428828760 -2.7002247558848897 3
1777428829074 -2.654885345118852 4
1777428829381 -2.6078992634750353 5
1777428829685 -2.557461048958729 6
1777428830027 -2.5026141075064827 7
1777428830477 -2.4410052526982247 8
1777428830806 -2.3728866616161297 9
1777428831112 -2.294936661930914 10
1777428831414 -2.208368921430575 11
1777428831719 -2.1154876601114614 12
1777428832018 -2.019392102835086 13
1777428832327 -1.9176524657042666 14
1777428832643 -1.8126306791433113 15
1777428832948 -1.6995728029290316 16
1777428833243 -1.5879760498226365 17
1777428833550 -1.4825144398485959 18
1777428833861 -1.3752653805285715 19
1777428834167 -1.25391434093642 20
1777428834469 -1.1453444123364607 21
1777428834768 -1.0256353218598009 22
1777428835069 -0.9035081644516356 23
1777428835372 -0.7889571620739659 24
1777428835678 -0.67104790866572 25
1777428835992 -0.5547486588446302 26
1777428836288 -0.44033895957541924 27
1777428836591 -0.31543488130189123 28
1777428836897 -0.19272869593319863 29
1777428837205 -0.07364287807850167 30
1777428837536 0.02823753752052216 31
1777428837829 0.12167928951118223 32
1777428838138 0.21341840899695075 33
1777428838429 0.31827117395601834 34
1777428838730 0.41059740178886606 35
1777428839030 0.48630514056511454 36
1777428839349 0.5638224869207185 37
1777428839641 0.6243727051360881 38
1777428839949 0.6581246926482511 39
1777428840275 0.7243429274296616 40
1777428840573 0.7546849937497857 41
1777428840873 0.7999617974454916 42
1777428841170 0.8260290403245495 43
1777428841475 0.8519325735842933 44
1777428841776 0.8655925881622971 45
1777428842081 0.8725265835216792 46
1777428842388 0.8837459279172272 47
1777428842686 0.8897963853685528 48
1777428842984 0.8973574242017248 49
1777428843281 0.8980181539518353 50
1777428843577 0.9112291311222894 51
1777428843875 0.921934284348722 52
1777428844167 0.9133951849216992 53
1777428844460 0.9233926913502911 54
1777428844762 0.9307320806060784 55
1777428845060 0.9351348397591271 56
1777428845348 0.9264972008693639 57
1777428845629 0.9395644377206932 58
1777428845926 0.9314542752409672 59
1777428846208 0.9331611649829212 60
1777428846484 0.9387288167753371 61
1777428846764 0.9387318881068252 62
1777428847041 0.9443693006580388 63
1777428847316 0.9515392639017426 64
1777428847612 0.9400296185655496 65
1777428847889 0.9437334530649834 66
1777428848166 0.9337829893791827 67
1777428848444 0.9343196198491694 68
1777428848721 0.9490964896932673 69
1777428849002 0.9457264356955436 70
1777428849286 0.94900167189733 71
1777428849566 0.9469613678088434 72
1777428849841 0.9533362004923224 73
1777428850116 0.9537042356306281 74
1777428850392 0.9556882064718223 75
1777428850667 0.9573127304263717 76
1777428850943 0.9440297764385461 77
1777428851218 0.9563158948159247 78
1777428851497 0.9546815092640976 79
1777428851771 0.9548988059668735 80
1777428852046 0.9538138745137459 81
1777428852381 0.9459001134796869 82
1777428852663 0.9593268817446876 83
1777428852945 0.9524248129307734 84
1777428853220 0.9562328431706879 85
1777428853495 0.9631634611584337 86
