1777428828139 226.21942127611413 1
1777428828449 224.51944340913997 2
1777428828760 222.9289930392635 3
1777428829074 221.55899150959775 4
1777428829381 220.13023488948537 5
1777428829685 218.5861171826793 6
1777428830027 216.89455063175285 7
1777428830477 214.97856906270914 8
1777428830806 212.84005878828356 9
1777428831112 210.36623570573298 10
1777428831414 207.5843672612415 11
1777428831719 204.55754462375617 12
1777428832018 201.37810363840455 13
1777428832327 197.95627673807164 14
1777428832643 194.36087167302992 15
1777428832948 190.41450468320423 16
1777428833243 186.43721714695272 17
1777428833550 182.59899926135958 18
1777428833861 178.61115127386364 19
1777428834167 173.98876355601243 20
1777428834469 169.746571209848 21
1777428834768 164.94271022464133 22
1777428835069 159.8931528005499 23
1777428835372 155.0074090971138 24
1777428835678 149.8121088855971 25
1777428835992 144.5049063829668 26
1777428836288 139.08645861028313 27
1777428836591 132.91903080447133 28
1777428836897 126.56782781995787 29
1777428837205 120.08324749158393 30
1777428837536 114.24377718282952 31
1777428837829 108.61230956508797 32
1777428838138 102.78372982718373 33
1777428838429 95.68818888550196 34
1777428838730 88.9730526708087 35
1777428839030 83.06252057467766 36
1777428839349 76.53923753743892 37
1777428839641 71.02824248472399 38
1777428839949 67.76202398490803 39
1777428840275 60.84670519595227 40
1777428840573 57.40035098297527 41
1777428840873 51.83331344620465 42
1777428841170 48.33824508088807 43
1777428841475 44.59459858162477 44
1777428841776 42.48778690556632 45
1777428842081 41.377314476900416 46
1777428842388 39.514508250827156 47
1777428842686 38.472500578741304 48
1777428842984 37.129257831383796 49
1777428843281 37.00955983973938 50
1777428843577 34.52929681976144 51
1777428843875 32.38043473628694 52
1777428844167 34.10542915507094 53
1777428844460 32.0765457173345 54
1777428844762 30.501314728963937 55
1777428845060 29.516049948965797 56
1777428845348 31.419873250199366 57
1777428845629 28.490413726662627 58
1777428845926 30.341893368147982 59
1777428846208 29.96173299954356 60
1777428846484 28.686702143725277 61
1777428846764 28.685982990254796 62
1777428847041 27.334413584630365 63
1777428847316 25.512175402148678 64
1777428847612 28.380555537501156 65
1777428847889 27.490182684787104 66
1777428848166 29.822034802568805 67
1777428848444 29.700948845191586 68
1777428848721 26.147270384022043 69
1777428849002 26.99893751526391 70
1777428849286 26.171611472553852 71
1777428849566 26.690005325539815 72
1777428849841 25.034708572315783 73
1777428850116 24.935789121292363 74
1777428850392 24.395636796906174 75
1777428850667 23.944275059092284 76
1777428850943 27.41770022530211 77
1777428851218 24.22223513230535 78
1777428851497 24.671197148699534 79
1777428851771 24.611977788946458 80
1777428852046 24.90624509880755 81
1777428852381 26.955703001710162 82
1777428852663 23.372557160538857 83
1777428852945 25.278002630591434 84
1777428853220 24.24525011874104 85
1777428853495 22.242924969114124 86
