1777308275335 150.77973480224608 1
1777308277171 115.91111297607422 2
1777308279052 64.30301361083984 3
1777308280895 31.453283309936523 4
1777308282738 23.39136486053467 5
1777308284569 21.126614379882813 6
1777308286401 19.972512435913085 7
1777308288233 18.91958065032959 8
1777308290099 18.10088939666748 9
1777308291956 18.172349166870116 10
1777308293814 16.816070365905762 11
1777308295653 17.389787483215333 12
1777308297481 16.633342361450197 13
1777308299323 16.36779613494873 14
1777308301183 15.517181015014648 15
1777308303028 15.13845386505127 16
1777308304893 15.359893703460694 17
1777308306736 14.848042392730713 18
1777308308570 14.181850051879882 19
1777308310405 13.559624671936035 20
1777308312263 13.165997982025146 21
1777308314095 13.989790153503417 22
1777308315933 12.506956100463867 23
1777308317771 12.286099910736084 24
1777308319613 11.890510654449463 25
1777308321458 11.839999103546143 26
1777308323312 11.203797817230225 27
1777308325170 11.294147396087647 28
1777308327010 11.216617679595947 29
1777308328843 10.765698337554932 30
1777308330697 10.854436111450195 31
1777308332564 10.649047470092773 32
1777308334404 10.743213367462157 33
1777308336239 10.355664825439453 34
1777308338096 9.922823715209962 35
1777308339932 9.884314250946044 36
1777308341766 9.65439863204956 37
1777308343610 9.614726352691651 38
1777308345440 9.862990474700927 39
1777308347296 9.338031768798828 40
1777308349163 9.725336074829102 41
1777308350998 10.583992099761963 42
1777308352830 9.213036155700683 43
1777308354687 9.426963138580323 44
1777308356519 9.215227603912354 45
1777308358358 8.934039306640624 46
1777308360207 8.656524753570556 47
1777308362049 9.691120052337647 48
1777308363889 8.975789642333984 49
1777308365741 11.4842848777771 50
1777308367576 8.999971961975097 51
1777308369403 8.692959880828857 52
1777308371250 8.663078784942627 53
1777308373088 8.4326828956604 54
1777308374927 8.692389392852784 55
1777308376788 8.380871295928955 56
1777308378628 8.573565101623535 57
1777308380462 8.457132148742676 58
1777308382291 8.224483633041382 59
1777308384125 8.336094188690186 60
1777308385967 8.462166690826416 61
1777308387817 8.196362495422363 62
1777308389661 8.868449497222901 63
1777308391499 8.287866449356079 64
1777308393342 8.18117618560791 65
1777308395167 7.865223503112793 66
1777308396999 8.10633659362793 67
1777308398850 7.99322738647461 68
1777308400697 7.877969121932983 69
1777308402528 7.879880332946778 70
1777308404363 7.993905544281006 71
1777308406207 8.317682313919068 72
1777308408045 7.778690338134766 73
1777308409901 7.788051557540894 74
1777308411740 7.613554763793945 75
1777308413586 8.013292407989502 76
1777308415424 8.046061182022095 77
1777308417258 7.562449550628662 78
1777308419120 7.781455087661743 79
1777308420958 7.799805641174316 80
1777308422796 7.5851281642913815 81
1777308424642 7.9541408061981205 82
1777308426472 7.427980232238769 83
1777308428299 7.520979881286621 84
1777308430149 7.480594348907471 85
1777308432011 7.285714149475098 86
1777308433846 7.739414930343628 87
1777308435691 7.2430901527404785 88
1777308437529 7.322431135177612 89
