1777433418692 167.3835607458044 1
1777433419298 164.66406136971932 2
1777433419617 162.4623777601454 3
1777433420232 160.27189749258537 4
1777433420530 157.97004869249133 5
1777433420838 155.5522619176794 6
1777433421153 152.99121828432436 7
1777433421453 150.17362891303168 8
1777433421743 147.06046916820384 9
1777433422039 143.4846033166956 10
1777433422336 139.54130243372035 11
1777433422638 135.30377875434027 12
1777433422933 130.37470980043764 13
1777433423223 124.76815343786168 14
1777433423520 119.22783350061488 15
1777433423834 113.67389961525247 16
1777433424133 107.78713056776259 17
1777433424423 101.95395886456525 18
1777433424717 95.92991864239728 19
1777433425018 89.71949344211154 20
1777433425331 83.06419768156829 21
1777433425627 76.68559787891529 22
1777433425925 70.0439409326624 23
1777433426216 63.514905011212385 24
1777433426512 57.3791820384838 25
1777433426822 52.75122183340567 26
1777433427118 47.45708960073966 27
1777433427422 43.61208548369231 28
1777433427721 37.358361844663264 29
1777433428039 34.78696787798846 30
1777433428354 31.481660701610423 31
1777433428662 28.100056047792787 32
1777433429001 27.17719805682147 33
1777433429317 25.51047932660138 34
1777433429619 23.679402068809228 35
1777433429951 21.397413006535285 36
1777433430288 19.41405960365578 37
1777433430727 19.67047761987757 38
1777433431069 20.178860946937842 39
1777433431407 18.687402619255913 40
1777433431716 19.709702279832626 41
1777433432045 16.723417317425763 42
1777433432393 17.06593827848081 43
1777433432732 16.484157880147297 44
1777433433106 15.349627706739637 45
1777433433406 15.556515870270905 46
1777433433718 16.31861464182536 47
1777433434013 14.722229498404044 48
1777433434305 15.44453744535093 49
1777433434611 13.363103319097448 50
1777433434948 14.007848209804958 51
1777433435245 15.47945322813811 52
1777433435553 14.43288732458044 53
1777433435844 14.078313756872106 54
1777433436151 13.29075269345884 55
1777433436460 13.796270900302464 56
1777433436767 14.030306745458532 57
1777433437067 14.815740532345242 58
1777433437373 13.895664356372974 59
1777433437678 13.515014365867332 60
1777433437996 12.614014448942962 61
1777433438302 14.831559110570836 62
1777433438584 12.309069244949907 63
1777433439131 12.683402856191 64
1777433439425 13.664849016401503 65
1777433439748 13.332454434147587 66
1777433440054 12.575280419102421 67
1777433440351 11.908818827735054 68
1777433440649 13.360118141880742 69
1777433440945 13.928907482712358 70
1777433441259 12.122646473072193 71
1777433441567 13.662785194538257 72
1777433441873 11.191000761809173 73
1777433442163 13.964505548830386 74
1777433442456 10.945625764352304 75
1777433442754 14.422164758046469 76
1777433443046 13.418371235882795 77
1777433443350 12.44444861235442 78
1777433443651 9.869811022723162 79
1777433443946 11.95715148360641 80
1777433444274 10.810387364140263 81
1777433444587 11.87785835619326 82
1777433444908 11.231265474248815 83
1777433445234 10.482461805696841 84
1777433445551 11.464901208877563 85
1777433445878 12.116293412667734 86
1777433446193 12.700939231448704 87
1777433446544 10.610101611525923 88
1777433446871 14.02523065496374 89
1777433447159 10.718813101450602 90
1777433447466 11.656347204137731 91
1777433447820 10.834993291784215 92
1777433448139 11.04602015459979 93
1777433448470 11.282450940873888 94
1777433448812 13.078253887317798 95
1777433449131 10.157513441862884 96
1777433449469 11.923710222597476 97
1777433449786 15.313727431827122 98
1777433450100 9.570251500165021 99
1777433450422 12.040327584301984 100
1777433450749 8.483671153033221 101
1777433451087 11.4496655287566 102
1777433451412 13.037436909145779 103
1777433451793 12.323670740480777 104
1777433452137 11.077214470616093 105
1777433452485 10.875612152947319 106
1777433452843 11.480558466028285 107
1777433453163 11.716512503447357 108
1777433453502 10.452151068934688 109
1777433453828 11.576904279214364 110
1777433454150 11.602456092834473 111
1777433454477 8.567710611555311 112
1777433454840 12.658837759936297 113
1777433455160 11.359801786917227 114
1777433455482 10.166553850527164 115
1777433455784 10.813066376580132 116
1777433456080 10.517310778299967 117
1777433456376 9.966233200497097 118
