1777181429645 36500.605859375 1
1777181431523 29324.5435546875 2
1777181433360 18056.823046875 3
1777181435190 6317.690185546875 4
1777181437025 1873.5550048828125 5
1777181438858 1042.9206665039062 6
1777181440689 828.9584350585938 7
1777181442546 698.0196350097656 8
1777181444374 611.5858459472656 9
1777181446207 626.592626953125 10
1777181448039 557.9810821533204 11
1777181449872 498.8493316650391 12
1777181451705 528.9480407714843 13
1777181453561 476.05092468261716 14
1777181455395 469.80674743652344 15
1777181457218 469.70770263671875 16
1777181459044 481.3362762451172 17
1777181460866 419.29443359375 18
1777181462712 438.185205078125 19
1777181464537 388.41973571777345 20
1777181466358 417.3272735595703 21
1777181468179 385.0611572265625 22
1777181470000 321.7683563232422 23
1777181471820 348.41103210449216 24
1777181473662 332.560888671875 25
1777181475488 341.1721496582031 26
1777181477308 308.1160034179687 27
1777181479130 321.4068237304688 28
1777181480953 283.68964233398435 29
1777181482788 287.76983947753905 30
1777181484626 266.7453277587891 31
1777181486456 258.2233062744141 32
1777181488279 265.60698852539065 33
1777181490107 237.74883270263672 34
1777181491958 223.93348693847656 35
1777181493783 233.19605865478516 36
1777181495637 210.81537017822265 37
1777181497462 208.95211486816407 38
1777181499285 200.99583129882814 39
1777181501107 201.28282165527344 40
1777181502932 190.9352294921875 41
1777181504751 196.56800231933593 42
1777181506597 194.38765411376954 43
1777181508425 185.7753448486328 44
1777181510257 176.62046661376954 45
1777181512080 182.0639175415039 46
1777181513908 176.21778411865233 47
1777181515732 178.9450927734375 48
1777181517584 168.92591705322266 49
1777181519410 161.188330078125 50
1777181521233 161.8151840209961 51
1777181523056 171.79938354492188 52
1777181524881 171.94788208007813 53
1777181526701 160.13511962890624 54
1777181528552 155.24239044189454 55
1777181530379 156.8969512939453 56
1777181532202 157.0437438964844 57
1777181534026 151.57947692871093 58
1777181535862 151.65826110839845 59
1777181537684 146.8871307373047 60
1777181539534 154.87791290283204 61
1777181541354 152.34609832763672 62
1777181543185 139.08982467651367 63
1777181545003 145.3413299560547 64
1777181546821 129.8952507019043 65
1777181548639 140.9044158935547 66
1777181550480 169.5906555175781 67
1777181552310 140.85549087524413 68
1777181554133 133.8761329650879 69
1777181555957 132.18325958251953 70
1777181557777 129.17835083007813 71
1777181559601 127.10764694213867 72
1777181561449 131.24592514038085 73
1777181563272 128.5126190185547 74
1777181565095 131.08302612304686 75
1777181566916 132.95678024291993 76
1777181568740 132.7137794494629 77
1777181570566 124.89206008911133 78
1777181572416 127.1893699645996 79
1777181574243 126.70553894042969 80
1777181576066 119.83511734008789 81
1777181577912 124.69409484863282 82
1777181579733 129.15033264160155 83
1777181581554 125.11559524536133 84
1777181583405 121.74381866455079 85
1777181585244 115.13639755249024 86
1777181587066 117.25550155639648 87
1777181588886 119.75784606933594 88
1777181590706 113.88828582763672 89
1777181592532 132.28014068603517 90
1777181594376 114.6483642578125 91
1777181596204 117.58326034545898 92
1777181598030 121.64655227661133 93
1777181599851 110.3767921447754 94
1777181601673 116.09317779541016 95
1777181603501 110.9085464477539 96
1777181605352 108.42005233764648 97
1777181607178 110.35642013549804 98
1777181609002 113.64178161621093 99
1777181610823 112.30709304809571 100
1777181612648 105.40703430175782 101
1777181614478 108.24125518798829 102
1777181616325 114.67352600097657 103
1777181618144 109.72241897583008 104
1777181619970 104.13491134643554 105
1777181621796 106.5095588684082 106
1777181623634 104.8404052734375 107
1777181625457 104.8536247253418 108
1777181627301 108.49016494750977 109
1777181629126 103.48508987426757 110
1777181630948 106.63114318847656 111
1777181632782 110.63752517700195 112
1777181634609 103.77982635498047 113
1777181636431 102.14926681518554 114
1777181638278 105.2913719177246 115
1777181640105 99.46750335693359 116
1777181641932 108.37107772827149 117
1777181643753 108.52603149414062 118
1777181645576 98.43216400146484 119
1777181647397 97.90981979370117 120
1777181649245 102.71838607788087 121
1777181651068 104.0610137939453 122
1777181652892 93.82407836914062 123
1777181654724 95.21934967041015 124
1777181656545 95.70232620239258 125
1777181658367 93.91826477050782 126
1777181660222 94.28628540039062 127
1777181662048 96.56575393676758 128
1777181663879 94.48528747558593 129
1777181665705 96.67339553833008 130
1777181667528 93.80066146850587 131
1777181669347 89.946484375 132
1777181671200 90.2000503540039 133
1777181673026 91.76355590820313 134
1777181674846 92.40528793334961 135
1777181676666 92.99034271240234 136
1777181678495 96.99222717285156 137
1777181680321 92.0099967956543 138
1777181682175 87.2898162841797 139
1777181684010 88.23633270263672 140
1777181685843 87.89900283813476 141
1777181687676 91.72703399658204 142
1777181689504 93.84009017944337 143
1777181691330 85.95239791870117 144
1777181693182 91.01802520751953 145
1777181695009 88.43943710327149 146
1777181696833 88.94020614624023 147
1777181698657 90.85297622680665 148
1777181700479 87.44081954956054 149
1777181702304 86.64646530151367 150
1777181704147 87.76283645629883 151
1777181705968 89.11812820434571 152
1777181707798 92.90969314575196 153
1777181709624 88.17177505493164 154
1777181711452 84.06208801269531 155
1777181713288 84.1146858215332 156
1777181715127 83.38537826538087 157
1777181716958 86.14856414794922 158
1777181718781 85.07904357910157 159
1777181720605 80.65688934326172 160
1777181722431 80.91995697021484 161
1777181724280 79.11982040405273 162
1777181726105 83.4185577392578 163
1777181727931 82.31062698364258 164
1777181729755 84.62016525268555 165
1777181731578 82.94674301147461 166
1777181733407 84.01483383178712 167
1777181735251 83.14747695922851 168
1777181737080 78.5529052734375 169
1777181738907 78.23359603881836 170
1777181740729 80.80930786132812 171
1777181742556 79.880712890625 172
1777181744379 84.18270645141601 173
1777181746218 78.18838272094726 174
1777181748048 75.69547271728516 175
1777181749871 79.79472427368164 176
1777181751694 77.16129455566406 177
1777181753527 78.3790298461914 178
1777181755348 79.57920608520507 179
1777181757194 80.54665069580078 180
1777181759024 80.71145553588867 181
1777181760850 79.47031097412109 182
1777181762673 83.74372329711915 183
1777181764501 77.92765960693359 184
1777181766328 80.2731834411621 185
1777181768169 77.72844848632812 186
1777181769995 74.00510025024414 187
1777181771818 75.48700408935547 188
1777181773644 77.5209228515625 189
1777181775481 77.63361129760742 190
1777181777305 78.36782913208008 191
1777181779156 74.92762985229493 192
1777181780985 74.74700698852538 193
1777181782825 73.87292556762695 194
1777181784668 73.05742568969727 195
1777181786495 72.35410385131836 196
1777181788316 72.45129699707032 197
1777181790162 74.51924896240234 198
1777181791985 74.16266326904297 199
1777181793812 72.21215896606445 200
1777181795637 73.22334594726563 201
1777181797461 74.56249389648437 202
1777181799284 72.64295883178711 203
1777181801125 70.58432388305664 204
1777181802953 70.84357948303223 205
1777181804773 70.45585708618164 206
1777181806597 73.2329948425293 207
1777181808420 73.8556739807129 208
1777181810241 71.55984191894531 209
1777181812091 74.46150398254395 210
1777181813929 72.59067230224609 211
1777181815758 72.07989044189453 212
1777181817589 69.90555343627929 213
1777181819410 68.00030097961425 214
1777181821231 71.03443450927735 215
1777181823083 70.22413635253906 216
1777181824903 70.12511367797852 217
1777181826723 73.14854507446289 218
1777181828549 68.44263343811035 219
1777181830372 69.38067588806152 220
1777181832191 70.11862335205078 221
1777181834049 70.09977874755859 222
1777181835869 68.46123352050782 223
1777181837696 70.8580535888672 224
1777181839517 68.68444747924805 225
1777181841339 68.52337989807128 226
1777181843177 67.44236068725586 227
1777181845025 66.4412296295166 228
1777181846856 67.86247520446777 229
1777181848676 67.34546966552735 230
1777181850499 69.00629959106445 231
1777181852320 69.24002647399902 232
1777181854153 66.75595397949219 233
1777181856000 67.99612350463867 234
1777181857826 68.77073745727539 235
1777181859651 66.98333129882812 236
1777181861474 66.97761306762695 237
1777181863297 65.59172706604004 238
1777181865118 65.89909057617187 239
1777181866957 66.84445915222167 240
1777181868779 64.49083137512207 241
