1777201716591 176.4026961201189 1
1777201716997 173.66269498788287 2
1777201717390 171.2931998881034 3
1777201717778 168.76253372629367 4
1777201718167 166.03619299152314 5
1777201721189 163.0413351499289 6
1777201721576 159.79124776192538 7
1777201721964 156.32759054998846 8
1777201722356 152.69330180896645 9
1777201722749 148.9525172257549 10
1777201723141 145.06608014354785 11
1777201723527 140.874363759329 12
1777201723915 136.5540005869506 13
1777201724302 132.1213030834633 14
1777201724692 127.383542910854 15
1777201725080 122.54350433706331 16
1777201725467 117.47381603836247 17
1777201725854 111.97275086608566 18
1777201726240 106.00039351355744 19
1777201726633 99.01320464927366 20
1777201727020 91.40799338130627 21
1777201727525 84.17500180323036 22
1777201728392 77.37454688263385 23
1777201728768 70.10324992721085 24
1777201729748 64.41320584964362 25
1777201730137 57.95451506810325 26
1777201730523 51.3864019539954 27
1777201730908 44.54578502215815 28
1777201731296 39.452099620076666 29
1777201731684 35.64873264520089 30
1777201732073 30.65539939050992 31
1777201732460 27.802431708535977 32
1777201732846 25.867093362144946 33
1777201733235 23.25242594680474 34
1777201733624 20.047443645171853 35
1777201734202 19.92693616241687 36
1777201734582 19.764101424180996 37
1777201734968 19.272639374367888 38
1777201735351 18.763762758880382 39
1777201735731 17.422158968650688 40
1777201736113 18.29974141391239 41
1777201736495 17.966994130074944 42
1777201736929 17.06768125069204 43
1777201737315 16.888420437177952 44
1777201737698 14.638644900118518 45
1777201738462 13.380349024912546 46
1777201739873 16.081752762607774 47
1777201740254 15.038598969134583 48
1777201740634 13.302506035493174 49
1777201741017 15.823603957246995 50
1777201741402 15.52620006095311 51
1777201741786 14.066414558281332 52
1777201742175 12.446545148299911 53
1777201742556 13.476371055036731 54
1777201742943 13.422222733288603 55
1777201743328 13.280595180794624 56
1777201743712 13.299825923614234 57
1777201744093 13.891943709185638 58
1777201744481 12.211762642874348 59
1777201744863 11.766831786502948 60
1777201745247 13.154834560592715 61
1777201745945 13.981537237563098 62
1777201746330 11.908452741309679 63
1777201746726 13.657308784721192 64
1777201747110 10.884205031158073 65
1777201747503 11.639935220353859 66
1777201747888 11.466535457319019 67
1777201748270 12.705354443633158 68
1777201748657 11.160839535631261 69
1777201749043 10.72072490845975 70
1777201749428 11.828626661674102 71
1777201749812 12.30875042626065 72
1777201750262 11.372283898202527 73
1777201750883 11.128116672321902 74
1777201751274 10.224557007076726 75
1777201751669 9.957204753651666 76
1777201752063 8.945069923657273 77
1777201752464 11.051300918338313 78
1777201752857 12.634720336896226 79
1777201753250 10.901614294492452 80
1777201753646 9.469402744921936 81
1777201754043 9.305271785765068 82
1777201754437 9.265158532308181 83
1777201754832 8.903605542497841 84
1777201755226 9.618576777183403 85
1777201755619 8.425864969896754 86
1777201756012 8.512429043676754 87
1777201756406 7.956547464006202 88
1777201756829 8.9854582129411 89
1777201757233 9.085312149108049 90
1777201757637 8.35714193340772 91
1777201758035 8.69438949319649 92
1777201758445 8.989146749294688 93
1777201758844 9.375121559196575 94
1777201759240 7.706168223792945 95
1777201759637 7.760669163414639 96
1777201760036 9.98778471955077 97
1777201760437 8.926644654945628 98
1777201760834 7.498833329129957 99
1777201761235 7.85103999962241 100
1777201761645 8.569236485042605 101
1777201762045 8.264743480816144 102
1777201762690 8.06210970753191 103
1777201763110 7.636866159288595 104
1777201763515 7.683908102458015 105
1777201764312 8.003674217304384 106
1777201764729 8.74021258791729 107
1777201767252 7.453343302237925 108
1777201777838 6.802115275942046 109
1777201778240 7.610393862498566 110
1777201778641 7.113288212212675 111
1777201779042 7.304274060446083 112
1777201779446 6.5978808026784765 113
