1777121763505 201.3635549199507 1
1777121764156 198.381625992051 2
1777121764793 195.6239716426645 3
1777121765427 192.18948169710018 4
1777121766054 187.58803141791856 5
1777121766681 181.68042641889082 6
1777121767313 175.19365958668425 7
1777121767941 168.208459767932 8
1777121768567 159.91995067845662 9
1777121769197 151.3762321894524 10
1777121769828 141.30878892738767 11
1777121770459 130.94508480418423 12
1777121771093 119.25941311773884 13
1777121771739 107.22168733225102 14
1777121772376 95.00457431421394 15
1777121773005 81.81029170052506 16
1777121773641 71.08580656172687 17
1777121774274 60.844753137596015 18
1777121774907 50.338078222560554 19
1777121775534 44.86616654440877 20
1777121776162 37.74437787967153 21
1777121776796 33.582481758421125 22
1777121777425 32.30490949893491 23
1777121778057 30.840711326064714 24
1777121778682 29.201213612876497 25
1777121779312 28.07859887607909 26
1777121779940 27.141349119585968 27
1777121780573 24.902429227794475 28
1777121781204 24.98964629351524 29
1777121781836 26.645903069526938 30
1777121782504 26.048079418764257 31
1777121783133 24.59985430914683 32
1777121783764 25.766976399141328 33
1777121784396 24.237491488442934 34
1777121785033 23.732374216194636 35
1777121785660 25.13828453990795 36
1777121786286 20.903085785628114 37
1777121786916 21.642059124411688 38
1777121787546 23.21164484785533 39
1777121788174 20.31013507867593 40
1777121788805 21.819924389002747 41
1777121789434 22.362500327522355 42
1777121790065 22.16302360867117 43
1777121790706 20.92003410963848 44
1777121791336 20.551156576239055 45
1777121791981 20.51263559355893 46
1777121792631 19.33257072961651 47
1777121793265 19.296257423062883 48
1777121793892 19.946623720609022 49
1777121794518 21.754821242990097 50
1777121795149 20.18979312875769 51
1777121795779 21.132014627960302 52
1777121796409 20.05635751592598 53
1777121797041 18.919857254618922 54
1777121797667 20.67776453800223 55
1777121798296 20.964894333947733 56
1777121798924 20.08862505114057 57
1777121799556 20.81487821903932 58
1777121800184 19.3728837364905 59
1777121800820 20.879369221363735 60
1777121801452 19.216399754669187 61
1777121802087 19.248571565812846 62
1777121802725 17.359969189875812 63
1777121803378 17.948533124146767 64
1777121804016 16.9723222600913 65
1777121804650 16.590561612529594 66
1777121805284 16.903497891466042 67
1777121805919 15.92604760477534 68
1777121806549 16.143622475481127 69
1777121807176 18.91266839657763 70
1777121807805 17.19832489373284 71
1777121808438 16.498408385297257 72
1777121809071 15.650164306558114 73
1777121809705 17.489188205904885 74
1777121810336 14.675519236748118 75
1777121810969 15.431420986484342 76
1777121811603 16.090538400730743 77
1777121812236 15.407324082266088 78
1777121812865 15.22947938165741 79
1777121813532 14.881808734195312 80
1777121814171 15.605773815854231 81
1777121814803 14.64167187509171 82
1777121815438 15.185862260591469 83
1777121816075 15.509105837913467 84
1777121816707 14.457589576492504 85
1777121817342 13.500567388973648 86
1777121817976 14.589974480672668 87
1777121818607 13.524104885864617 88
1777121819238 13.9999280655239 89
1777121819871 13.81287228181844 90
1777121820505 14.025232192784669 91
1777121821137 13.611081354709892 92
1777121821771 13.517958387811726 93
1777121822403 14.291445775822726 94
1777121823033 13.860300886843262 95
1777121823685 12.963973965249995 96
1777121824320 12.742207258759972 97
1777121824948 12.779032246658305 98
1777121825576 14.258623157604871 99
1777121826208 12.319208321834557 100
1777121826835 12.255664994723485 101
1777121827467 12.67276001648997 102
1777121828098 14.512320184374001 103
1777121828733 13.300626375750305 104
1777121829363 12.21142795820048 105
1777121829989 12.004091836752805 106
1777121830615 13.502646857856009 107
1777121831239 13.676568390836158 108
1777121831868 12.543899962512905 109
1777121832499 12.421571586310169 110
1777121833130 12.615383602664757 111
1777121833758 11.357434470382096 112
1777121834410 12.692253838271483 113
1777121835042 11.688496103524583 114
1777121835672 11.617727978979138 115
1777121836304 11.716790200708633 116
1777121836932 11.830564219675212 117
1777121837565 13.561770371178902 118
1777121838204 11.545201243500681 119
1777121838834 12.675839031070154 120
1777121839465 12.063147018552453 121
1777121840097 11.271626348796122 122
1777121840726 11.870951072686518 123
1777121841355 11.45172535253115 124
1777121841990 12.730709667097498 125
1777121842623 12.143497161667627 126
1777121843254 11.64299538051373 127
1777121843883 12.14616387486189 128
1777121844529 11.91741115849844 129
1777121845159 11.599361901984226 130
1777121845789 11.8755043324237 131
1777121846421 12.21738435962544 132
1777121847051 11.987407434959351 133
1777121847684 12.06822203276964 134
1777121848315 10.800493398628074 135
1777121848940 11.172885662327236 136
