1777387384778 -2.7650433597682067 1
1777387385610 -2.6283807526512404 2
1777387386419 -2.4653902985389586 3
1777387387241 -2.238195652574363 4
1777387402194 -1.9639443899984448 5
1777387484885 -1.6703619411502864 6
1777387485692 -1.3531486563393098 7
1777387486511 -1.023666988212849 8
1777387487349 -0.6887787377528563 9
1777387488183 -0.36551351321732023 10
1777387489009 -0.05407268902380302 11
1777387489829 0.2553330556237588 12
1777387490657 0.5195345577114129 13
1777387491476 0.7021380516651057 14
1777387492307 0.8228378103217957 15
1777387493137 0.8857587177548144 16
1777387493965 0.8993101097244286 17
1777387494821 0.923860648597007 18
1777387495642 0.9271599417404485 19
1777387496464 0.9345874159089113 20
1777387497296 0.9430306737628342 21
1777387498131 0.9466600913212143 22
1777387498949 0.9499472375854378 23
1777387499769 0.9498333341785871 24
1777387500596 0.9518380337748239 25
1777387501426 0.9578430570158042 26
1777387502251 0.9514744781170218 27
1777387503104 0.9590649842444702 28
1777387503951 0.9608030308773524 29
1777387504796 0.9633005999348746 30
1777387505646 0.9634952988517025 31
1777387506498 0.9622610462203983 32
1777387507339 0.9631230419988515 33
1777387508200 0.9615409082481726 34
1777387509072 0.9632991444225029 35
1777387509935 0.9655831220490443 36
1777387510822 0.9626224186096427 37
1777387511750 0.9668276361336532 38
1777387512793 0.9711828534070022 39
1777387525418 0.969556409414856 40
1777387526259 0.9650355023695668 41
1777387527091 0.9643478492839127 42
1777387527913 0.966664335478704 43
1777387528744 0.9687119253265536 44
1777387529572 0.9705110916382136 45
1777387530403 0.9727659035648104 46
1777387531221 0.9680948955592816 47
1777387532047 0.9721360710096504 48
1777387532868 0.9680896400484021 49
1777387533701 0.9716874881081542 50
1777387534511 0.9693294524540942 51
1777387535337 0.9706230640774621 52
1777387536154 0.9726649457300462 53
1777387536988 0.9726766927532374 54
1777387537804 0.9744962234864304 55
1777387538626 0.9762385296334596 56
1777387539454 0.9754805369541439 57
1777387540275 0.9751697076418866 58
