1777387384778 50567.904947916664 1
1777387385610 48732.40625 2
1777387386419 46543.295572916664 3
1777387387241 43491.868489583336 4
1777387402194 39808.428385416664 5
1777387484885 35865.354166666664 6
1777387485692 31604.89453125 7
1777387486511 27179.660807291668 8
1777387487349 22681.811848958332 9
1777387488183 18340.0703125 10
1777387489009 14157.140625 11
1777387489829 10001.544596354166 12
1777387490657 6453.081217447917 13
1777387491476 4000.5528157552085 14
1777387492307 2379.4469401041665 15
1777387493137 1534.3627522786458 16
1777387493965 1352.3554280598958 17
1777387494821 1022.6196899414062 18
1777387495642 978.3072509765625 19
1777387496464 878.5496215820312 20
1777387497296 765.1491088867188 21
1777387498131 716.4027913411459 22
1777387498949 672.2534383138021 23
1777387499769 673.7832845052084 24
1777387500596 646.8583577473959 25
1777387501426 566.2055257161459 26
1777387502251 651.7412312825521 27
1777387503104 549.7939453125 28
1777387503951 526.450439453125 29
1777387504796 492.9058329264323 30
1777387505646 490.2908426920573 31
1777387506498 506.8679504394531 32
1777387507339 495.29058837890625 33
1777387508200 516.5400695800781 34
1777387509072 492.9253641764323 35
1777387509935 462.24951171875 36
1777387510822 502.01441446940106 37
1777387511750 445.5345764160156 38
1777387512793 387.04010009765625 39
1777387525418 408.88470458984375 40
1777387526259 469.6045328776042 41
1777387527091 478.84032185872394 42
1777387527913 447.72784423828125 43
1777387528744 420.2268778483073 44
1777387529572 396.0624694824219 45
1777387530403 365.77831013997394 46
1777387531221 428.51413981119794 47
1777387532047 374.23753865559894 48
1777387532868 428.58472696940106 49
1777387533701 380.2624003092448 50
1777387534511 411.93292236328125 51
1777387535337 394.55857340494794 52
1777387536154 367.13426717122394 53
1777387536988 366.9764912923177 54
1777387537804 342.53856404622394 55
1777387538626 319.13783772786456 56
1777387539454 329.318359375 57
1777387540275 333.4930725097656 58
