1777433887089 205.06042364081372 1
1777433887400 202.87888936505936 2
1777433887723 201.23214206483019 3
1777433888026 199.564956530449 4
1777433888350 197.79497355216083 5
1777433888652 195.83311613463133 6
1777433888978 193.64462860482342 7
1777433889293 191.02802682132798 8
1777433889604 187.8796261073829 9
1777433889902 184.16027750983653 10
1777433890190 180.05039984508505 11
1777433890518 175.7829749915361 12
1777433890818 170.52793140897768 13
1777433891122 165.18880060025256 14
1777433891432 159.31106560750888 15
1777433891746 153.69096300490475 16
1777433892079 147.64909704896607 17
1777433892394 142.59583537265385 18
1777433892725 136.15980386112489 19
1777433893068 129.1649336241265 20
1777433893398 123.87492116546431 21
1777433894082 115.99166945437288 22
1777433894404 109.13728184750846 23
1777433894712 100.70314318269813 24
1777433895010 93.22408738491356 25
1777433895312 84.41140996815834 26
1777433895630 77.51800131159052 27
1777433895930 70.49188921650845 28
1777433896257 63.20566859838404 29
1777433896579 59.27026535682753 30
1777433896907 53.524832693281255 31
1777433897245 48.48689014182081 32
1777433897550 45.57032522393959 33
1777433897861 40.96703222705042 34
1777433898178 37.51563801540799 35
1777433898470 37.362921660906856 36
1777433898772 34.14631138285199 37
1777433899093 34.3764630370476 38
1777433899407 31.122817365113132 39
1777433899691 33.55852804709259 40
1777433900012 32.32682603721907 41
1777433900314 30.007421974157598 42
1777433900615 29.419231990952788 43
1777433900935 29.35308565884194 44
1777433901232 27.448187829740576 45
1777433901543 28.18081700848336 46
1777433901847 26.939881257133216 47
1777433902163 27.435945019291072 48
1777433902464 28.510793683187995 49
1777433902787 27.422094238795953 50
1777433903438 27.109792639074055 51
1777433903752 26.11636487262644 52
1777433904064 23.27053287304166 53
1777433904369 27.269761505706736 54
1777433904660 24.986694457297542 55
1777433904964 24.02134899458253 56
1777433905284 25.60727759867544 57
1777433905592 24.29477231657178 58
1777433905881 23.64219725852353 59
1777433906173 24.385813657018783 60
1777433906471 22.701827808347144 61
1777433906784 24.197356982962777 62
1777433907106 22.444045278359052 63
1777433907419 25.25413675697199 64
1777433907727 24.682808345729853 65
1777433908059 24.332180187475622 66
1777433908411 20.975264013581643 67
1777433908739 23.32022089596749 68
1777433909229 21.596301489771562 69
1777433909531 20.16389374808309 70
1777433909843 22.715309606680332 71
1777433910147 20.34934008978777 72
1777433910452 22.987133905628873 73
1777433910750 21.154107079664 74
1777433911066 24.660964031697063 75
1777433911374 22.5353536268224 76
1777433911672 20.957465556427096 77
1777433911969 25.85620259996864 78
1777433912267 22.26191169693977 79
1777433912567 22.26594846256274 80
1777433912901 21.721655605998937 81
1777433913185 26.19169958122468 82
1777433913491 23.77571592967812 83
1777433913806 21.479376549224128 84
1777433914112 21.287882708134983 85
1777433914421 22.606054983650466 86
1777433914768 22.769648859384887 87
1777433915111 21.999655287382843 88
1777433915447 24.099807472567985 89
1777433915809 21.153012815480327 90
1777433916726 22.4075874557244 91
1777433917062 21.010804802696903 92
1777433917389 18.732024260878916 93
1777433917711 21.55364047497799 94
1777433918027 21.451767158184996 95
1777433918324 22.564540274138164 96
1777433918628 21.27231135699057 97
1777433918935 20.491656582666838 98
1777433919266 22.864033722988108 99
1777433919582 22.35728187813795 100
1777433919895 20.444538549307993 101
1777433920212 21.207712980039833 102
1777433920536 21.886751168434852 103
1777433920896 23.41789284026479 104
1777433921252 20.876148306506025 105
1777433921595 21.598272664268272 106
1777433921920 22.21235060247135 107
1777433922231 22.304114895233248 108
1777433922521 22.32872295713493 109
1777433922824 19.747354450976466 110
1777433923135 17.543694579033854 111
1777433923443 23.590411342836283 112
1777433923730 20.45039357597084 113
1777433924027 21.809259474547158 114
1777433924325 18.895583089778796 115
1777433924626 18.976215935750584 116
1777433924933 23.666039400339837 117
1777433925257 18.8292141801145 118
1777433925566 18.261137607731772 119
1777433925896 17.974034549002905 120
1777433926237 21.43584077603187 121
1777433926558 19.40908276803632 122
1777433926888 20.359641060953393 123
1777433927197 21.764628084222604 124
1777433927489 22.493572758227792 125
1777433927793 19.93885765116933 126
1777433928100 21.09080057504893 127
1777433928413 20.070824913174658 128
1777433928753 22.455290050888483 129
1777433929092 20.63933347232029 130
1777433929411 18.07326010195423 131
1777433929709 20.474750134407167 132
1777433930023 19.726417078671908 133
1777433930339 17.419135154514706 134
1777433930689 19.73951152966272 135
1777433931033 21.159035255635327 136
1777433931400 19.39485657141556 137
1777433931758 17.332578398085534 138
1777433932060 18.860892777575177 139
1777433932377 18.82366551181733 140
1777433932694 18.40751169540322 141
1777433933002 22.332082153497172 142
1777433933321 19.754494457452747 143
1777433933603 18.62803512523404 144
1777433933919 18.060788400197783 145
1777433934226 18.547037074112826 146
1777433934536 19.634352089702933 147
1777433934827 17.058626398955475 148
1777433935190 19.496461204837118 149
1777433935498 18.033818159560926 150
1777433935832 18.285996145392158 151
1777433936137 18.28442396992887 152
1777433936442 18.779644534125907 153
1777433936738 14.968468139798022 154
1777433937056 17.279574045653405 155
1777433937389 18.43770855284592 156
1777433937707 17.355505236429124 157
1777433937996 16.106542625033818 158
1777433938290 17.007245483198663 159
1777433938604 19.51884058901689 160
1777433938912 19.179870480288052 161
1777433939217 17.749760156005014 162
1777433939533 19.99301559563794 163
1777433939848 16.937621619431898 164
1777433940149 18.630760991622246 165
1777433940450 18.61105008597673 166
1777433940785 16.834340484000258 167
1777433941097 17.818066393136892 168
1777433941435 17.45266687514225 169
1777433941769 19.274959879832192 170
1777433942107 19.60344703102102 171
1777433942419 19.540957743698634 172
1777433942750 16.28815007936176 173
1777433943101 19.66124473876805 174
1777433943433 17.08657334779362 175
1777433943782 17.665952464128384 176
1777433944115 15.903287900306625 177
1777433944417 16.592983996856077 178
1777433944739 18.521491686602214 179
1777433945040 17.38452589870245 180
1777433945341 17.83015503889233 181
1777433945661 16.554830366006943 182
1777433945990 14.70274931440864 183
1777433946302 18.52644478830573 184
1777433946606 16.140168382033398 185
1777433946925 16.231392403772215 186
1777433947238 17.906949600480274 187
1777433947561 18.106524291642174 188
1777433947848 18.462345878355524 189
1777433948478 16.69511508423291 190
1777433948768 17.43720422856238 191
1777433949065 16.547747335952746 192
1777433949367 16.75418357415031 193
1777433949690 17.39775428749489 194
1777433950023 16.974720728154207 195
1777433950359 17.52550544390812 196
1777433950711 16.481417277604365 197
1777433951000 17.60039994912447 198
1777433951352 17.224604834908405 199
1777433951668 18.450812030900142 200
1777433951990 16.709149550798134 201
1777433952292 18.94340357650916 202
1777433952581 18.020400460690986 203
1777433952894 16.350227079068638 204
1777433953220 17.281324169144636 205
1777433953598 16.367125969454747 206
1777433953926 15.94037868456775 207
1777433954231 17.984051738786768 208
1777433954526 14.99698659509949 209
1777433954851 15.370022596095692 210
1777433955172 17.54590623717093 211
1777433955467 15.72831710980057 212
1777433955780 17.818265925334526 213
1777433956082 15.929050015597731 214
1777433956381 17.762420177347472 215
1777433956705 15.76408458855252 216
1777433957026 16.59076763012009 217
1777433957349 15.045014548632205 218
1777433957676 17.0693962497236 219
1777433958002 15.310032486136746 220
1777433958543 16.334250495747042 221
1777433958870 17.377150587735265 222
1777433959204 16.30477734163077 223
1777433959526 16.981176389240527 224
1777433959856 17.855700764873035 225
1777433960163 15.90286956420056 226
1777433960488 16.552028123760714 227
1777433960787 16.868066790420702 228
1777433961090 14.867274738643154 229
1777433961400 17.493937286868128 230
1777433961693 15.239448273851854 231
1777433962065 15.020357178201262 232
1777433962365 14.605485465689819 233
1777433962699 14.205746651092968 234
1777433963017 16.185407230791647 235
1777433963340 14.918783424829021 236
1777433963647 15.198513982311159 237
1777433963959 16.862746021011542 238
1777433964268 15.306793519756035 239
1777433964584 15.857820601935313 240
1777433964900 15.941634535703102 241
1777433965237 17.078066924363743 242
1777433965553 15.620151591523928 243
1777433965868 15.735953228165856 244
1777433966204 15.335631543846924 245
1777433966518 16.837933103885923 246
1777433966814 15.846115146444411 247
1777433967108 14.247692791393618 248
1777433967409 14.556513656908031 249
1777433967750 15.69154968272135 250
1777433968062 16.084691018364325 251
1777433968367 13.067904435783628 252
1777433968795 14.591726681542116 253
1777433969161 13.840316174374074 254
1777433969500 14.687803874017435 255
1777433969902 15.220053364363165 256
1777433970246 15.299376551074312 257
1777433970580 14.622781177673321 258
1777433970915 15.880352409545804 259
1777433971253 14.747355595845395 260
1777433971604 14.440364404872469 261
1777433971955 14.951724888735663 262
1777433972258 13.320278706885286 263
1777433972570 15.183943971874225 264
1777433972894 15.134012862982312 265
1777433973219 13.533917241270345 266
1777433973537 14.354087412282716 267
1777433973851 18.245982942957266 268
1777433974149 16.96472637321241 269
1777433974471 16.116128062913695 270
1777433974769 15.527488698222824 271
1777433975080 14.51446863666347 272
1777433975398 16.772193894571735 273
1777433975704 15.300678532333286 274
1777433976003 13.92375346824739 275
1777433976318 15.623322175541963 276
1777433976678 16.06189486183789 277
1777433976987 14.748678374483095 278
1777433977279 14.598311109709211 279
1777433977627 14.988258852928276 280
1777433977978 14.992918759035515 281
1777433978290 14.391308895597913 282
1777433978641 14.197264953269004 283
1777433978959 14.726340246167696 284
1777433979274 14.461069923590056 285
1777433979585 15.553485266353135 286
1777433979889 14.233085364535007 287
1777433980189 13.84413191223344 288
1777433980503 13.136888333353824 289
1777433980819 14.201004659009 290
1777433981125 15.532315929531102 291
1777433981420 15.615086210405577 292
1777433981731 13.369010368476115 293
1777433982051 13.05478860392477 294
1777433982373 13.537306489556462 295
1777433982663 13.131217719015236 296
1777433982977 14.221988921106298 297
1777433983308 13.339174580580725 298
1777433983628 14.556825506381609 299
1777433983962 13.184054390100673 300
