1777386714703 189.68314358436285 1
1777386715889 187.90931047584056 2
1777386716497 186.23537554827706 3
1777386716827 184.81079160698147 4
1777386717139 183.31227313415204 5
1777386717460 181.6606392448815 6
1777386717790 179.88340193904713 7
1777386718110 177.92136365584744 8
1777386718435 175.79748678515395 9
1777386718750 173.4795594229393 10
1777386719076 170.91330491859495 11
1777386719400 168.13768046586847 12
1777386719730 165.13629577780077 13
1777386720057 161.84097517621706 14
1777386720416 158.25560750194109 15
1777386720749 154.28897419076628 16
1777386721070 150.3555507514313 17
1777386721427 146.3970211116412 18
1777386721757 142.3391748720663 19
1777386722087 138.32620442648602 20
1777386722407 134.15641949530988 21
1777386722731 129.82401582960935 22
1777386723068 125.66149245131666 23
1777386723399 120.91393195357801 24
1777386723732 116.48526526029433 25
1777386724059 111.95071489084349 26
1777386724495 106.12056482195224 27
1777386724815 100.8469023152932 28
1777386725487 95.83106558279506 29
1777386725836 90.30870742036257 30
1777386726178 85.50188096607005 31
1777386726515 79.86681492078046 32
1777386726855 74.58537293600462 33
1777386727196 69.82450080687903 34
1777386727523 64.66321679304015 35
1777386727876 60.27220880236264 36
1777386728219 54.462994094463355 37
1777386728567 50.98712975350255 38
1777386728924 45.99171853639487 39
1777386729274 42.54225603776754 40
1777386729642 39.31731591753867 41
1777386730040 37.36125920509074 42
1777386739036 33.79382442938042 43
1777386808221 30.458522339673582 44
1777386808554 28.883855937301448 45
1777386808879 26.443533481322383 46
1777386809213 24.531946595528513 47
1777386809543 24.442626747046226 48
1777386809860 25.021063967585494 49
1777386810178 22.758100396524227 50
1777386810504 22.832454810195717 51
1777386810832 20.192805027583734 52
1777386811152 20.04833427962316 53
1777386811474 21.031769591783398 54
1777386811798 19.82206850393478 55
1777386812111 20.775789785021136 56
1777386812433 20.036457973442143 57
1777386812751 18.338275281107574 58
1777386813080 17.963516354070855 59
1777386813401 17.97421212008751 60
1777386813742 17.916725945486718 61
1777386814057 17.16913734767553 62
1777386814416 17.85188521151674 63
1777386814777 17.56927411050847 64
1777386815140 19.153951830816354 65
1777386815481 18.63866390624749 66
1777386815861 16.072615232036455 67
1777386816254 17.4119523866556 68
1777386817031 13.743161933392688 69
1777386818282 15.483409830072103 70
1777386818638 16.196004849633816 71
1777386818972 15.38302440385712 72
1777386819308 15.654540070350633 73
1777386819658 14.776831775291205 74
1777386820015 16.77372972529843 75
1777386820349 14.422809206032431 76
1777386820707 15.388085570254189 77
1777386821108 14.304293235469691 78
1777386821454 15.185720062927855 79
1777386821790 17.19814748982437 80
1777386822144 15.803469274300236 81
1777386822493 15.677026517938602 82
1777386822822 14.17385679122916 83
1777386823181 14.26506332726739 84
1777386823544 13.789132977819975 85
1777386823941 14.677728524154869 86
