1777386714703 -2.822124918943081 1
1777386715889 -2.7709819376853293 2
1777386716497 -2.7226646688365785 3
1777386716827 -2.6821243173555893 4
1777386717139 -2.639851603755305 5
1777386717460 -2.593707744599528 6
1777386717790 -2.541396214615638 7
1777386718110 -2.4820429631401746 8
1777386718435 -2.416872500526389 9
1777386718750 -2.3409066902824733 10
1777386719076 -2.2585713975926707 11
1777386719400 -2.1683283772317323 12
1777386719730 -2.0727466176442815 13
1777386720057 -1.9729992144386594 14
1777386720416 -1.8724725455754987 15
1777386720749 -1.7686924076160975 16
1777386721070 -1.661772822375697 17
1777386721427 -1.5526317354190233 18
1777386721757 -1.4661367450339302 19
1777386722087 -1.3726226252703317 20
1777386722407 -1.2577408920703075 21
1777386722731 -1.1602328283496006 22
1777386723068 -1.0655380605518796 23
1777386723399 -0.9449603406943858 24
1777386723732 -0.831265726091619 25
1777386724059 -0.7120781280276114 26
1777386724495 -0.5642469208863483 27
1777386724815 -0.4489972725701987 28
1777386725487 -0.3631480268979561 29
1777386725836 -0.22796930644656954 30
1777386726178 -0.13624986097033265 31
1777386726515 -0.012727422806181776 32
1777386726855 0.09438015852529924 33
1777386727196 0.19638421434422415 34
1777386727523 0.2828616730008233 35
1777386727876 0.3628053930919568 36
1777386728219 0.4438156193797913 37
1777386728567 0.5126276537178457 38
1777386728924 0.5835564803214436 39
1777386729274 0.6380101164631412 40
1777386729642 0.6764629243727576 41
1777386730040 0.7131281736363375 42
1777386739036 0.7613943566366604 43
1777386808221 0.7982521697372111 44
1777386808554 0.8289111843508906 45
1777386808879 0.8501526878019742 46
1777386809213 0.8663271828881935 47
1777386809543 0.8721349832919567 48
1777386809860 0.8700773114250558 49
1777386810178 0.8903176810411101 50
1777386810504 0.8910005768419594 51
1777386810832 0.9113451203384839 52
1777386811152 0.9144934646437938 53
1777386811474 0.911267003590638 54
1777386811798 0.9182152407469198 55
1777386812111 0.911073602611939 56
1777386812433 0.9178936362711089 57
1777386812751 0.9280003279875989 58
1777386813080 0.9336627593209337 59
1777386813401 0.9312346258545515 60
1777386813742 0.9323560935828802 61
1777386814057 0.9401154245721209 62
1777386814416 0.9343793086080874 63
1777386814777 0.9369756548559652 64
1777386815140 0.9262266996333114 65
1777386815481 0.9273839904539957 66
1777386815861 0.9448431710376195 67
1777386816254 0.9350007340591556 68
1777386817031 0.9575345849413557 69
1777386818282 0.947910720743786 70
1777386818638 0.9447743666542852 71
1777386818972 0.9484926178307035 72
1777386819308 0.9474361071238452 73
1777386819658 0.9514170008625086 74
1777386820015 0.9424420784043381 75
1777386820349 0.9541472396752547 76
1777386820707 0.9475466422673973 77
1777386821108 0.9531965040946423 78
1777386821454 0.9491646819963051 79
1777386821790 0.9398859217859314 80
1777386822144 0.9457569741303389 81
1777386822493 0.9466254723511088 82
1777386822822 0.9552442569817376 83
1777386823181 0.9566347503954039 84
1777386823544 0.9573814664971729 85
1777386823941 0.9528803099714526 86
