1777169792438 155.77436623072106 1
1777169794215 147.2119720691943 2
1777169795430 135.83261656209572 3
1777169796674 118.97339391344376 4
1777169797879 97.47544846862327 5
1777169799091 74.2350604233711 6
1777169800274 52.08088853245823 7
1777169801449 34.77069492933684 8
1777169802621 23.939950355892663 9
1777169803785 19.34097225885845 10
1777169804951 17.552971477530946 11
1777169806107 16.66142027625881 12
1777169807269 15.558117103688659 13
1777169808442 15.700982619423902 14
1777169809602 15.20773423397044 15
1777169810772 13.64290947995323 16
1777169811940 14.348989712708988 17
1777169813106 12.752463220135997 18
1777169814278 13.775993882076781 19
1777169815448 13.053613164322696 20
1777169816609 12.942592552306017 21
1777169817768 13.43963929925046 22
1777169818937 12.514566479524444 23
1777169820093 13.904212666621856 24
1777169821274 12.165535531013207 25
1777169822455 12.734589071044205 26
1777169823615 11.894055052133988 27
1777169824790 13.026994666000428 28
1777169825956 12.228480312058453 29
1777169827145 12.269986139321006 30
1777169828358 11.545884541518815 31
1777169829558 12.142722111341888 32
1777169830765 11.864053110423958 33
1777169831991 12.34854441366683 34
1777169833200 11.036022077415947 35
1777169834385 10.286004014611594 36
1777169835627 10.779162287642098 37
1777169836834 10.964802642772986 38
1777169838158 10.75786947630044 39
1777169839752 9.789759986147205 40
1777169841009 10.468030581359505 41
1777169842244 10.907877507548577 42
1777169843423 10.777088988702296 43
1777169844579 10.535435832589778 44
1777169845728 10.165539909627112 45
1777169846872 9.516350316861343 46
1777169848012 10.000015256997074 47
1777169849161 9.132920657307418 48
1777169850299 9.670782054513605 49
1777169851432 9.592595150690533 50
1777169852584 9.166765129237195 51
1777169853738 9.492623589561045 52
1777169854876 10.490702913903657 53
1777169856012 8.917002739181115 54
1777169857153 9.816203580711845 55
1777169858279 8.5043221617613 56
1777169859411 8.035800385937156 57
1777169860552 8.33464616561594 58
1777169861683 8.400644260480414 59
1777169862809 9.083578384587573 60
1777169863933 9.854169906284692 61
1777169865097 8.282067509111908 62
1777169866226 8.477678990882072 63
1777169867358 7.701474554540127 64
1777169868500 7.675815329156899 65
1777169869630 7.1295572474642634 66
1777169870760 7.638349942326616 67
1777169871888 7.14438108577493 68
1777169873030 7.78097951399601 69
1777169874163 6.90099661217251 70
1777169875324 8.351090819291066 71
1777169876478 7.025098495348999 72
1777169877612 6.774071031840353 73
1777169878744 6.933458797860272 74
1777169879882 6.862458592502775 75
1777169881018 6.6577227672547785 76
1777169882151 7.210739104382374 77
1777169883285 6.658599720012421 78
1777169884433 8.629094526477932 79
1777169885566 7.513099680266097 80
1777169886728 6.787048344771721 81
1777169887888 6.2354495843158215 82
1777169889025 6.1893479101390465 83
1777169890164 6.629182440353994 84
1777169891307 6.638124112976486 85
1777169892452 6.735138457786036 86
1777169893587 7.006537072209142 87
1777169894727 6.4940855750880795 88
1777169895881 6.589234229920544 89
1777169897029 7.002129528652691 90
1777169898190 6.21052416735933 91
1777169899350 6.1496190607022765 92
1777169900487 5.814361065132648 93
1777169901615 5.710550337123367 94
1777169902756 6.1858611164552215 95
1777169903891 6.215107998985161 96
1777169905015 7.428433670608422 97
1777169906137 5.942107242174311 98
1777169907279 5.9561599950964 99
1777169908429 5.9211504460781095 100
1777169909567 5.612694948278171 101
1777169910701 6.290588468673715 102
1777169911835 5.778571738849579 103
1777169912963 5.471579493793122 104
1777169914098 6.10185939679059 105
1777169915243 5.633810032023028 106
1777169916372 5.968440161462539 107
1777169917499 5.355525699868597 108
1777169918630 6.019058305210599 109
1777169919797 5.758923213284504 110
1777169920923 5.7102585815501365 111
1777169922052 5.333052116075965 112
1777169923196 5.548069289202418 113
1777169924323 5.265614873916348 114
1777169925459 5.499960339244366 115
1777169926612 5.32018390415839 116
1777169927753 5.414131186950648 117
1777169928890 5.406754202067117 118
1777169930047 5.7110160995635715 119
1777169931197 5.3470875281414 120
1777169932337 5.567385040614721 121
1777169933480 5.748145802274425 122
1777169934626 5.468594133664913 123
1777169935755 6.571772217876549 124
1777169936885 5.440759789852696 125
1777169938015 5.273080307472753 126
1777169939166 4.819554507193395 127
1777169940303 5.2986455677679825 128
1777169941465 4.882746404041911 129
1777169942626 5.0948612382673755 130
1777169943764 4.987335525844213 131
1777169944904 10.707298732965887 132
1777169946467 5.977572888762406 133
1777169947655 5.4970910429044535 134
1777169948850 4.842272104295786 135
1777169950017 4.735250781468623 136
1777169951211 5.220879446893178 137
1777169952451 4.915335654652406 138
1777169953644 5.0059263018811375 139
1777169954889 4.890068044119279 140
1777169956111 4.9240584388594035 141
1777169957321 4.788960531887697 142
1777169958569 5.157767933001605 143
1777169959801 4.62004733306831 144
1777169961067 4.593187326105356 145
1777169962445 5.117604781821134 146
1777169963678 4.582053748425917 147
1777169964856 4.953659818764652 148
1777169966065 4.661511512203071 149
1777169971309 4.7750431511028335 150
1777169972597 4.751368850914087 151
1777169973851 6.320888036793985 152
1777169975088 4.943315052384149 153
1777169976292 4.803224848244937 154
1777169977487 4.506267943413063 155
1777169978687 7.489462478736255 156
1777169979868 4.957218863217885 157
1777169981046 5.065243768608017 158
1777169982263 4.717200382835222 159
1777169983428 4.505839123728691 160
1777169984627 4.45257109106112 161
1777169985824 4.717429783228069 162
1777169990817 5.64523610659928 163
1777169992051 4.518380679961029 164
1777170005691 4.716291947513207 165
1777170218503 5.081063008154412 166
1777170219605 6.1278646315677126 167
1777170220726 5.121035933256569 168
1777170221827 4.951319202505975 169
1777170222924 5.262205861192973 170
1777170224021 4.733523214724368 171
1777170225123 4.675012518235396 172
1777170226225 4.2104016871292735 173
1777170227322 4.243687525932326 174
1777170228428 4.596250404656389 175
1777170229592 4.10162749500465 176
1777170230726 4.583692618208777 177
1777170231874 4.292953388171552 178
1777170233014 4.415017604547883 179
1777170234165 4.753432234776979 180
1777170235293 5.314162318061117 181
1777170236424 4.530560821851282 182
1777170237563 4.195632487244978 183
1777170238699 4.036882583967602 184
1777170239828 4.903197147506024 185
1777170240957 4.666993569823762 186
1777170242122 4.2222105665761305 187
1777170243260 6.915022142536838 188
1777170244386 4.480414612210644 189
1777170245539 4.343073772670098 190
1777170246675 4.355526866229646 191
1777170247808 3.840918194764653 192
1777170248941 4.047905799744763 193
1777170250080 4.362216174203511 194
1777170251209 4.1369421351326965 195
1777170252339 4.122401006209171 196
1777170253508 4.112628346867094 197
1777170254643 3.9524314631732578 198
1777170255776 3.999379223203631 199
1777170256926 5.308297486005639 200
1777170258055 4.096473439609172 201
1777170259189 4.073358118457088 202
1777170260328 4.910303543010181 203
1777170261468 4.114246748533938 204
1777170262606 4.263009204517304 205
1777170263776 4.228768276902276 206
1777170264926 4.215986257431021 207
1777170266056 4.107555505883603 208
1777170267185 4.535732086504199 209
1777170268336 4.083100555339282 210
1777170269469 3.9701171077564754 211
1777170270603 4.325598205682885 212
1777170271739 4.926743447017613 213
1777170272892 4.7131751776721575 214
1777170274021 3.8238847393185966 215
1777170275173 3.9495864169288226 216
1777170276327 3.7776593693270097 217
1777170277458 4.0363476585795866 218
1777170278592 4.16700037420321 219
1777170279742 4.065747669284931 220
1777170280872 4.17085134939663 221
1777170282010 3.8101653013380568 222
1777170283144 4.4207455610990944 223
1777170284292 4.9796010365152945 224
1777170285428 4.156513495005654 225
1777170286582 4.181840364609616 226
1777170287733 9.39757482760525 227
1777170288870 4.643394175712599 228
1777170290008 4.281484415498959 229
1777170291146 4.016732787469941 230
1777170292287 4.201858332796931 231
1777170293423 4.540730794569498 232
1777170294553 3.713372526880019 233
1777170295724 3.964532873228726 234
1777170296855 4.167091814826253 235
1777170297995 3.934308870918108 236
1777170299144 3.622933443868013 237
1777170300276 4.035844773960617 238
1777170301432 3.689189456171382 239
1777170302564 3.566266468113055 240
1777170303709 4.621747488311929 241
1777170304840 3.8193588606273856 242
1777170305968 6.910534504785723 243
1777170307143 4.07754975938825 244
1777170308278 4.109407557757966 245
1777170309414 3.785546210171962 246
1777170310554 4.025652831145336 247
1777170311688 3.676309080678298 248
1777170312815 3.8954491200337884 249
1777170313947 3.6259441552691367 250
1777170315097 3.9320277903406184 251
1777170316227 3.7405974447482206 252
1777170317384 3.7548752953182998 253
1777170318540 3.7782058043824316 254
1777170319670 6.550986827014826 255
1777170320804 4.4417242792726475 256
1777170321942 3.955208079169515 257
1777170323080 4.293187888790003 258
1777170324210 4.103571897944631 259
1777170325346 3.5434019593862107 260
1777170326492 3.9478865229796467 261
1777170327627 3.7635399052904974 262
1777170328788 3.7407609707736578 263
