1777302841065 -1.7452347695697348 1
1777302842237 -1.4547204495182884 2
1777302843396 -0.9584018053983675 3
1777302844565 -0.341564735870616 4
1777302845718 0.248576700895147 5
1777302846898 0.6418151589507957 6
1777302848059 0.8445964333893651 7
1777302849208 0.9230164452066841 8
1777302850368 0.9365423260163878 9
1777302851533 0.9470632356180502 10
1777302852694 0.9488526786288908 11
1777302853859 0.9541076295152917 12
1777302855019 0.9566037488494643 13
1777302856173 0.962237385036065 14
1777302857347 0.9617162223918397 15
1777302858504 0.9627006186901778 16
1777302859652 0.9656489830801721 17
1777302860805 0.9621816940643342 18
1777302861952 0.9679295394924555 19
1777302863096 0.9689007137860758 20
1777302864240 0.9678810244058237 21
1777302865397 0.9721356165053658 22
1777302866540 0.9720733026332484 23
1777302867702 0.9719129357813795 24
1777302868867 0.9746908076078624 25
1777302870025 0.9740789028630743 26
1777302871175 0.9754992852368021 27
1777302872327 0.9755073384617322 28
1777302873473 0.9767797920646689 29
1777302874632 0.9767753096489942 30
1777302875778 0.9802096759518542 31
1777302876919 0.9806147303370689 32
1777302878064 0.9811357440217326 33
1777302879270 0.9782689906413049 34
1777302880440 0.9817138560643512 35
1777302881623 0.9834132389251391 36
1777302882779 0.9824793693908154 37
1777302883942 0.9830364451107622 38
1777302885098 0.9844890579100462 39
1777302886264 0.9856083626020509 40
1777302887416 0.9849981707080955 41
1777302888584 0.9851297578249534 42
1777302889808 0.9871986591117041 43
1777302891001 0.9860802178281507 44
1777302892170 0.9860827434138422 45
1777302893327 0.9866998641727627 46
1777302894502 0.9857493884686619 47
1777302895661 0.9882013407018639 48
1777302896817 0.9885889059430226 49
1777302897961 0.9884192830411982 50
1777302899132 0.9888633794489617 51
1777302900317 0.9869928447990144 52
1777302901475 0.9884012817278753 53
1777302902627 0.9884297729036744 54
1777302903785 0.9895311607278217 55
1777302904945 0.9888041473440392 56
1777302906098 0.9883079783055425 57
1777302907246 0.9893649722978687 58
