1777378826253 167.88957496925636 1
1777378826716 166.2156524658203 2
1777378827364 164.38592529296875 3
1777378827998 162.70116113733363 4
1777378828686 160.943440190068 5
1777378829034 159.0253914727105 6
1777378829393 156.89830780029297 7
1777378829764 154.62273124412255 8
1777378830814 152.17303014684606 9
1777378832495 149.5160457469799 10
1777378833589 146.5850717050058 11
1777378834189 143.45089467366537 12
1777378834576 139.97342314543548 13
1777378834934 136.26716839825664 14
1777378840434 132.52048633716726 15
1777378840997 128.73131900363498 16
1777378842301 124.90847326208043 17
1777378843829 120.93011474609375 18
1777378844219 116.76721106635199 19
1777378844834 112.6314555980541 20
1777378847340 108.32222606517651 21
1777378847929 103.78125254313152 22
1777378849049 99.11366314358182 23
1777378850035 94.05440521240234 24
1777378850397 89.05718739827473 25
1777378851863 84.01680543687608 26
1777378852223 78.83615988272207 27
1777378852844 73.8147799173991 28
1777378853753 69.34476470947266 29
1777378854563 63.70451905992296 30
1777378855229 58.43385088885272 31
1777378855663 53.08645898324472 32
1777378857513 48.26561850088614 33
1777378859030 44.9465468371356 34
1777378859518 38.98134605972855 35
1777378860767 36.46580872712312 36
1777378861514 31.658492547494394 37
1777378863466 28.967171280472368 38
1777378864861 25.844620810614693 39
1777378866810 22.839076148139107 40
1777378867455 22.408229686595774 41
1777378868982 19.63477247732657 42
1777378870780 19.745162716618292 43
1777378871697 20.15730278580277 44
1777378872706 18.252841737535263 45
1777378874432 16.469972221939653 46
1777378875010 16.291690508524578 47
1777378875375 15.06908819410536 48
1777378875947 16.835203771237975 49
1777378876576 19.081511214927392 50
1777378877480 14.82782413341381 51
1777378878648 17.15127581137198 52
1777378879683 14.299796669571489 53
1777378881182 16.877118004692925 54
1777378881902 13.360096260353371 55
1777378882571 15.024273695769134 56
1777378884097 13.957318941752115 57
1777378885287 13.632614665561253 58
1777378885704 13.616581545935738 59
1777378886290 12.730303711361355 60
1777378887231 14.88272453237463 61
1777378888391 13.208549676118073 62
1777378889396 12.867457743044254 63
1777378890105 13.049282904024478 64
1777378891418 14.303850120968288 65
1777378892623 11.071039906254521 66
1777378893870 11.757604634320295 67
1777378894653 14.257919240880895 68
1777378895360 15.089742130703396 69
1777378895719 12.810247032730668 70
1777378896132 12.536247430024323 71
1777378896774 13.970287570246944 72
1777378897816 12.955949853967738 73
1777378898524 13.097598535043222 74
1777378899340 12.133725943388763 75
1777378901165 11.820317162407768 76
1777378901709 12.590371855983028 77
1777378902874 13.225151309260616 78
1777378903252 13.137410428788927 79
1777378904767 12.732600459346065 80
1777378905586 11.190217265376338 81
1777378906071 12.856569396124947 82
1777378907614 12.07074244817098 83
1777378908297 11.054247485266792 84
1777378908701 11.334171012595847 85
1777378909544 13.099145465426975 86
1777378910994 13.033453499829328 87
1777378912159 10.570971877486617 88
1777378913702 14.005631888354266 89
1777378914061 14.311403663070113 90
1777378914413 12.200171452981454 91
1777378919768 11.149723635779488 92
1777378920701 12.576508522033691 93
1777378923302 11.97936005062527 94
1777378928327 11.32112185160319 95
1777378937699 11.739759586475513 96
1777378938334 11.36911623566239 97
1777378939286 9.822656295917652 98
1777378940279 10.365704854329428 99
1777378944511 10.932496106183088 100
1777378947284 10.869648880428738 101
1777378948403 9.896768110769766 102
1777378949105 9.80796985273008 103
1777378950446 10.721350705182111 104
1777378951008 11.35833247502645 105
1777378952527 12.418329751050031 106
1777378953518 10.517342955977828 107
1777378954428 10.198772571705005 108
1777378955769 10.00371030524925 109
1777378957600 9.627823176207366 110
1777378958419 10.093022328835946 111
1777378958967 8.743810953917327 112
1777378960248 9.910830073886448 113
1777378961534 11.41403705102426 114
1777378962062 10.821322741331878 115
1777378963967 10.315200258184362 116
1777378965215 11.041812737782797 117
1777378965570 11.795365775073016 118
1777378966572 10.567229023686162 119
1777378966920 10.168714805885598 120
1777378967821 9.682950019836426 121
1777378968671 9.35637346903483 122
1777378969017 9.60263603704947 123
1777378969618 10.15495400958591 124
