1777378826253 172.8895721435547 1
1777378826716 171.2156524658203 2
1777378827364 169.38592529296875 3
1777378827998 167.70057678222656 4
1777378828686 165.93800354003906 5
1777378829034 164.0016326904297 6
1777378829393 161.83712768554688 7
1777378829764 159.50672912597656 8
1777378830814 156.9960174560547 9
1777378832495 154.3049774169922 10
1777378833589 151.40248107910156 11
1777378834189 148.2882843017578 12
1777378834576 144.81614685058594 13
1777378834934 141.06105041503906 14
1777378840434 137.27337646484375 15
1777378840997 133.44332885742188 16
1777378842301 129.57876586914062 17
1777378843829 125.62570190429688 18
1777378844219 121.4356918334961 19
1777378844834 117.33019256591797 20
1777378847340 113.01270294189453 21
1777378847929 108.46350860595703 22
1777378849049 103.78724670410156 23
1777378850035 98.72650909423828 24
1777378850397 93.70641326904297 25
1777378851863 88.64557647705078 26
1777378852223 83.4300308227539 27
1777378852844 78.443359375 28
1777378853753 73.94546508789062 29
1777378854563 68.27721405029297 30
1777378855229 63.000823974609375 31
1777378855663 57.67337417602539 32
1777378857513 52.75739669799805 33
1777378859030 49.46684265136719 34
1777378859518 43.475948333740234 35
1777378860767 40.9453125 36
1777378861514 36.046817779541016 37
1777378863466 33.36967849731445 38
1777378864861 30.221532821655273 39
1777378866810 27.14263153076172 40
1777378867455 26.697423934936523 41
1777378868982 23.86892318725586 42
1777378870780 24.042348861694336 43
1777378871697 24.424787521362305 44
1777378872706 22.534238815307617 45
1777378874432 20.68946647644043 46
1777378875010 20.524389266967773 47
1777378875375 19.257062911987305 48
1777378875947 21.103342056274414 49
1777378876576 23.41520881652832 50
1777378877480 19.00747299194336 51
1777378878648 21.37523078918457 52
1777378879683 18.492856979370117 53
1777378881182 21.18989372253418 54
1777378881902 17.464157104492188 55
1777378882571 19.192983627319336 56
1777378884097 18.115921020507812 57
1777378885287 17.766075134277344 58
1777378885704 17.78020668029785 59
1777378886290 16.83011245727539 60
1777378887231 19.072891235351562 61
1777378888391 17.375062942504883 62
1777378889396 16.974613189697266 63
1777378890105 17.115312576293945 64
1777378891418 18.514724731445312 65
1777378892623 15.156940460205078 66
1777378893870 15.836301803588867 67
1777378894653 18.42427635192871 68
1777378895360 19.32596206665039 69
1777378895719 16.943296432495117 70
1777378896132 16.64101791381836 71
1777378896774 18.093183517456055 72
1777378897816 17.09486198425293 73
1777378898524 17.225109100341797 74
1777378899340 16.176136016845703 75
1777378901165 15.911487579345703 76
1777378901709 16.708887100219727 77
1777378902874 17.348756790161133 78
1777378903252 17.267568588256836 79
1777378904767 16.841493606567383 80
1777378905586 15.236149787902832 81
1777378906071 16.995210647583008 82
1777378907614 16.123807907104492 83
1777378908297 15.120501518249512 84
1777378908701 15.447906494140625 85
1777378909544 17.14980125427246 86
1777378910994 17.160879135131836 87
1777378912159 14.617429733276367 88
1777378913702 18.18320655822754 89
1777378914061 18.47151756286621 90
1777378914413 16.395090103149414 91
1777378919768 15.197037696838379 92
1777378920701 16.664112091064453 93
1777378923302 16.10639762878418 94
1777378928327 15.402741432189941 95
1777378937699 15.773385047912598 96
1777378938334 15.450109481811523 97
1777378939286 13.814539909362793 98
1777378940279 14.418703079223633 99
1777378944511 15.031511306762695 100
1777378947284 14.888429641723633 101
1777378948403 14.030623435974121 102
1777378949105 13.875598907470703 103
1777378950446 14.795891761779785 104
1777378951008 15.379532814025879 105
1777378952527 16.51663589477539 106
1777378953518 14.576396942138672 107
1777378954428 14.200737953186035 108
1777378955769 14.03729248046875 109
1777378957600 13.58085823059082 110
1777378958419 14.107758522033691 111
1777378958967 12.81333065032959 112
1777378960248 13.968745231628418 113
1777378961534 15.576107025146484 114
1777378962062 14.942689895629883 115
1777378963967 14.352721214294434 116
1777378965215 15.128324508666992 117
1777378965570 15.943065643310547 118
1777378966572 14.676568031311035 119
1777378966920 14.194060325622559 120
1777378967821 13.684226989746094 121
1777378968671 13.320439338684082 122
1777378969017 13.606610298156738 123
1777378969618 14.208443641662598 124
