1777378826253 -1.8577896967271954 1
1777378826716 -1.8219385484968047 2
1777378827364 -1.7832108861840408 3
1777378827998 -1.7481953058708806 4
1777378828686 -1.711552740160375 5
1777378829034 -1.6709385344685876 6
1777378829393 -1.6239048279795427 7
1777378829764 -1.5720233472692278 8
1777378830814 -1.5106706890480273 9
1777378832495 -1.4420680726727766 10
1777378833589 -1.3644944849688025 11
1777378834189 -1.2834924217054642 12
1777378834576 -1.2028419874488456 13
1777378834934 -1.1208485560468628 14
1777378840434 -1.0332121966919883 15
1777378840997 -0.9450086705171123 16
1777378842301 -0.8562713503165882 17
1777378843829 -0.7645594726253735 18
1777378844219 -0.6731972212620287 19
1777378844834 -0.579026880581387 20
1777378847340 -0.4863668393096534 21
1777378847929 -0.40043616963495343 22
1777378849049 -0.3001385915886092 23
1777378850035 -0.20774458286018072 24
1777378850397 -0.10715463467792219 25
1777378851863 -0.01977007392870278 26
1777378852223 0.08683818739611471 27
1777378852844 0.17059528706553706 28
1777378853753 0.25758870778900556 29
1777378854563 0.3636042589666384 30
1777378855229 0.44367476694275876 31
1777378855663 0.5231984262498872 32
1777378857513 0.6028903162499627 33
1777378859030 0.6567811860749445 34
1777378859518 0.7241490519010969 35
1777378860767 0.7617140826391464 36
1777378861514 0.8123223497191299 37
1777378863466 0.8467999659006421 38
1777378864861 0.8733033769733206 39
1777378866810 0.9018274540117284 40
1777378867455 0.9034413014444387 41
1777378868982 0.9229554413474857 42
1777378870780 0.9279748227678679 43
1777378871697 0.9228246247847928 44
1777378872706 0.9344019714969634 45
1777378874432 0.9445860929653528 46
1777378875010 0.9448523587833465 47
1777378875375 0.9528380431572696 48
1777378875947 0.9454825583955059 49
1777378876576 0.9345509315994937 50
1777378877480 0.9542211444075435 51
1777378878648 0.9440539743955528 52
1777378879683 0.958605145002833 53
1777378881182 0.9471176780351576 54
1777378881902 0.9608624215004364 55
1777378882571 0.9556067217742945 56
1777378884097 0.9592663566310842 57
1777378885287 0.9614268189291723 58
1777378885704 0.9609319437915927 59
1777378886290 0.9640198557913591 60
1777378887231 0.9561007366252643 61
1777378888391 0.9638634325212194 62
1777378889396 0.964036341195466 63
1777378890105 0.9633666942614881 64
1777378891418 0.9579654238625724 65
1777378892623 0.9728331890345385 66
1777378893870 0.9698007404956666 67
1777378894653 0.9589485096098681 68
1777378895360 0.9560388564369449 69
1777378895719 0.9664176380907094 70
1777378896132 0.9670403380476535 71
1777378896774 0.9601651578059407 72
1777378897816 0.9648680619227074 73
1777378898524 0.9639891652535337 74
1777378899340 0.9674818154742743 75
1777378901165 0.9702326993418608 76
1777378901709 0.965751810575059 77
1777378902874 0.9640442725340299 78
1777378903252 0.9649213264326496 79
1777378904767 0.965984042543625 80
1777378905586 0.9712370857683679 81
1777378906071 0.9654787030086209 82
1777378907614 0.9686336220028625 83
1777378908297 0.9736019263259632 84
1777378908701 0.9710520596120082 85
1777378909544 0.9615011415011847 86
1777378910994 0.9655014966129051 87
1777378912159 0.9756280139981451 88
1777378913702 0.9601130073502095 89
1777378914061 0.9585726313498009 90
1777378914413 0.9702746176321737 91
1777378919768 0.9723729126374513 92
1777378920701 0.9644256136229371 93
1777378923302 0.9682677417928811 94
1777378928327 0.9720536205787194 95
1777378937699 0.9685070488192737 96
1777378938334 0.9717470993064665 97
1777378939286 0.9772387595315439 98
1777378940279 0.9744647830608202 99
1777378944511 0.9739972297868682 100
1777378947284 0.9713916797848489 101
1777378948403 0.9780469190405046 102
1777378949105 0.9771816440063005 103
1777378950446 0.9746846214054044 104
1777378951008 0.9713217251037818 105
1777378952527 0.9688485796899059 106
1777378953518 0.9727133059461794 107
1777378954428 0.976219992293113 108
1777378955769 0.976814302558423 109
1777378957600 0.9779948338749664 110
1777378958419 0.9767188634734368 111
1777378958967 0.9821280101316099 112
1777378960248 0.9773814876456371 113
1777378961534 0.9728696309248084 114
1777378962062 0.9732942568332169 115
1777378963967 0.9754454875761804 116
1777378965215 0.9732711590816943 117
1777378965570 0.9699413260837427 118
1777378966572 0.9748371508484984 119
1777378966920 0.9756990620661594 120
1777378967821 0.9774530967468565 121
1777378968671 0.9783205081559693 122
1777378969017 0.9779133279210794 123
1777378969618 0.9765449338173907 124
