1777308721655 143.44564426773027 1
1777308723503 111.78133283575494 2
1777308725338 62.3152933777263 3
1777308727161 25.76975953235117 4
1777308728998 17.750441804653814 5
1777308730833 15.023948394367887 6
1777308732668 14.820700623939581 7
1777308734520 13.571227163207283 8
1777308736363 12.534447432611392 9
1777308738188 12.29270486939201 10
1777308740024 11.466767873565946 11
1777308741867 11.371220619812917 12
1777308743699 11.006775216348801 13
1777308745569 10.62879410888038 14
1777308747398 10.275721653448722 15
1777308749233 9.626474976921648 16
1777308751068 9.68184062465362 17
1777308752900 9.214367795202781 18
1777308754747 8.476993728094355 19
1777308756611 8.245744630038208 20
1777308758450 7.914775736890844 21
1777308760305 8.02030735100766 22
1777308762158 7.49573153645773 23
1777308764003 7.5217395309312405 24
1777308765832 6.816619770038729 25
1777308767680 6.665534636500327 26
1777308769510 6.718066298261241 27
1777308771354 6.294453198464051 28
1777308773190 6.287793789532489 29
1777308775053 6.1762988638948615 30
1777308776876 5.893382060902763 31
1777308778734 5.8762649355019585 32
1777308780572 5.6926601266153485 33
1777308782414 5.46409627693697 34
1777308784244 5.6542066385059755 35
1777308786071 5.332985527649831 36
1777308787930 5.420520568191121 37
1777308789764 5.12486682937124 38
1777308791609 5.3142970314365465 39
1777308793443 5.261868260550569 40
1777308795282 5.033478369896772 41
1777308797123 4.955049615288346 42
1777308798979 4.941250767750273 43
1777308800816 4.907281982297359 44
1777308802654 4.972694458890739 45
1777308804491 4.548276509927359 46
1777308806343 4.59128880379108 47
1777308808165 4.657672717153849 48
1777308810015 4.361682142206752 49
1777308811849 4.446508511846073 50
1777308813672 4.483676671613925 51
1777308815513 4.5202393800922245 52
1777308817343 4.327706777136828 53
1777308819180 4.323340105600102 54
1777308821060 4.169913724225777 55
1777308822898 4.192880275115061 56
1777308824726 4.2452368894175185 57
1777308826567 4.186836005587252 58
1777308828419 4.1500175289867185 59
1777308830255 4.066225705868413 60
1777308832101 4.1346825944351515 61
1777308833936 4.121385774244541 62
1777308835762 4.050496046309655 63
1777308837597 4.000506439944757 64
1777308839425 3.984118282533187 65
1777308841274 3.83681244066278 66
1777308843127 3.9916562837379974 67
1777308844979 3.9732077022971315 68
1777308846824 3.8096989114914166 69
1777308848652 3.871463700359582 70
1777308850493 3.711422848121349 71
1777308852345 3.7226678447553594 72
1777308854203 3.5221353757841296 73
1777308856045 3.7514695443739168 74
1777308857871 3.593911227925241 75
1777308859710 3.50653127192036 76
1777308861555 3.655048918370323 77
1777308863405 3.512355170660274 78
1777308865262 3.4857019730067043 79
1777308867120 3.4285338131822534 80
1777308868955 3.6233727314776414 81
1777308870791 3.5165190084610214 82
1777308872626 3.6120606216974003 83
1777308874471 3.4460824851253973 84
1777308876327 3.3865277194127836 85
1777308878163 3.448747982540187 86
1777308880004 3.544524890209164 87
1777308881854 3.2587885997557144 88
1777308883687 3.3430019625994856 89
1777308885532 3.468597684288591 90
1777308887371 3.405593995963077 91
1777308889203 3.2195489323669797 92
1777308891055 3.2110853244996567 93
1777308892903 3.220002189489076 94
1777308894738 3.144618454092688 95
1777308896573 3.2621525643911844 96
1777308898429 3.184709870256373 97
1777308900262 3.353257552806277 98
1777308902094 3.230608009655327 99
1777308903934 3.2035412061674307 100
1777308905769 3.1395858920858593 101
1777308907611 3.03303353131348 102
1777308909465 3.181450984145484 103
1777308911316 3.100442518126717 104
1777308913181 3.302929256733518 105
1777308915005 3.040494276012794 106
1777308916837 3.1314248563840055 107
1777308918681 3.0558480024196273 108
1777308920517 3.176115134491057 109
1777308922349 3.087850622635567 110
1777308924190 2.767353930034694 111
1777308926036 2.9519365663556743 112
1777308927871 2.979486844688212 113
1777308929718 2.8590045603517256 114
1777308931570 3.005604882961918 115
1777308933399 3.041214049647753 116
1777308935245 2.976988509543218 117
1777308937074 2.8405416760883275 118
1777308938912 2.8512240014797854 119
1777308940764 3.113184800558345 120
