1777436201628 -2.024093676426418 1
1777436202679 -1.8171056344112078 2
1777436203731 -1.4811267778799273 3
1777436204775 -1.0215583323846187 4
1777436205801 -0.5423578669747118 5
1777436206836 -0.08324006583658217 6
1777436207870 0.350444468549842 7
1777436208898 0.6956002332719615 8
1777436209938 0.8611492545041076 9
1777436210973 0.9145935071498283 10
1777436212024 0.9359572580681862 11
1777436213069 0.9435376083148309 12
1777436214113 0.9530161934817392 13
1777436215153 0.9512552896136689 14
1777436216178 0.9569839527807094 15
1777436217196 0.9628991796948962 16
1777436218234 0.9603673443748322 17
1777436219290 0.9650760163048644 18
1777436220306 0.9699917937409888 19
1777436222094 0.9666701090218827 20
1777436223126 0.9697551939899276 21
1777436224173 0.971948602024545 22
1777436225207 0.9708893783826409 23
1777436226252 0.9703230030845791 24
1777436227298 0.971682037090448 25
1777436228340 0.9742055517275389 26
1777436229410 0.9728868505363062 27
1777436230446 0.9759130641176351 28
1777436231502 0.9763487675560116 29
1777436232545 0.978446750016301 30
1777436233586 0.9776587633871373 31
1777436234631 0.9778127834487632 32
1777436235827 0.9808324511559823 33
1777436236860 0.9817887746373366 34
1777436237888 0.9820604930996097 35
1777436238915 0.9812560678742477 36
1777436239949 0.9797357471386735 37
1777436240995 0.9812730437939982 38
1777436242295 0.9819154443476913 39
1777436243346 0.9811473210468917 40
1777436244387 0.9811641022954324 41
1777436245425 0.9820964862294352 42
1777436246483 0.9835872324614631 43
1777436247512 0.9842177859524751 44
1777436248570 0.984026877685093 45
1777436249987 0.9820354612820646 46
1777436251029 0.9833910681643778 47
1777436252058 0.9841955947446072 48
1777436253103 0.9850538374573088 49
1777436254145 0.9859220362123583 50
1777436255182 0.9838764164697991 51
1777436256227 0.9844499234487841 52
1777436257261 0.9844588549524182 53
1777436258270 0.9853779838449406 54
1777436259310 0.9853538948965458 55
