1777436201628 -2.0240939566732528 1
1777436202679 -1.8171057615416282 2
1777436203731 -1.4811267046838958 3
1777436204775 -1.0215584081409295 4
1777436205801 -0.542357821222086 5
1777436206836 -0.08324003006865582 6
1777436207870 0.3504444442213904 7
1777436208898 0.6956002502915618 8
1777436209938 0.861149251864674 9
1777436210973 0.9145935048184518 10
1777436212024 0.9359572616803459 11
1777436213069 0.9435376126753435 12
1777436214113 0.9530161938124722 13
1777436215153 0.9512552912358399 14
1777436216178 0.9569839519915755 15
1777436217196 0.9628991766544706 16
1777436218234 0.960367343209144 17
1777436219290 0.9650760157220202 18
1777436220306 0.9699917920245098 19
1777436222094 0.9666701072779094 20
1777436223126 0.9697551910465068 21
1777436224173 0.9719486020245449 22
1777436225207 0.970889379586949 23
1777436226252 0.9703230036674232 24
1777436227298 0.9716820376732922 25
1777436228340 0.9742055506715624 26
1777436229410 0.972886849953462 27
1777436230446 0.9759130660386903 28
1777436231502 0.9763487659439929 29
1777436232545 0.9784467488506128 30
1777436233586 0.9776587639699814 31
1777436234631 0.9778127817002307 32
1777436235827 0.9808324511559823 33
1777436236860 0.9817887753805622 34
1777436237888 0.9820604934367586 35
1777436238915 0.9812560689811989 36
1777436239949 0.9797357471386736 37
1777436240995 0.9812730451911049 38
1777436242295 0.981915443473425 39
1777436243346 0.9811473208390034 40
1777436244387 0.9811641019017581 41
1777436245425 0.9820964862294352 42
1777436246483 0.9835872333944999 43
1777436247512 0.984217785661053 44
1777436248570 0.984026877685093 45
1777436249987 0.9820354618048092 46
1777436251029 0.9833910666769036 47
1777436252058 0.9841955947446073 48
1777436253103 0.9850538397625315 49
1777436254145 0.9859220359672101 50
1777436255182 0.983876416469799 51
1777436256227 0.9844499231484417 52
1777436257261 0.984458853802284 53
1777436258270 0.9853779835535184 54
1777436259310 0.9853538948965458 55
