1777418481915 220.5711956347655 1
1777418482272 218.25402702470348 2
1777418485159 216.5113756393645 3
1777418492026 214.73825819180428 4
1777418495021 212.78920577357772 5
1777418499155 210.5701801805042 6
1777418506072 207.87264167333325 7
1777418511913 204.47633191276685 8
1777418514264 200.42141149961998 9
1777418517444 195.8717792492068 10
1777418524513 191.49706264065776 11
1777418524853 186.6142620822428 12
1777418529686 181.62245137578668 13
1777418539269 176.107694101862 14
1777418542211 170.57489534475758 15
1777418550179 165.1433562847746 16
1777418552811 159.29585044422845 17
1777418553183 153.50342906389747 18
1777418556114 147.53045898432296 19
1777418556460 141.5896566115442 20
1777418560001 134.69592491051836 21
1777418560344 127.7469192999385 22
1777418560696 120.15628250974852 23
1777418563451 112.11472221568405 24
1777418569532 103.65555754215497 25
1777418572880 94.23758103690639 26
1777418576060 85.21189695583887 27
1777418585342 76.93181335604926 28
1777418591711 67.88827491617201 29
1777418603818 63.00006781680378 30
1777418610412 55.11834745855957 31
1777418613354 50.637568366560856 32
1777418616692 45.87295103564572 33
1777418623520 42.46377563536876 34
1777418623983 40.07926716208768 35
1777418624361 36.72830992572351 36
1777418629922 33.815853721156074 37
1777418636332 29.22718273199144 38
1777418639616 32.13566631960021 39
1777418642864 31.299433557424408 40
1777418646182 29.59705486595383 41
1777418649353 30.795245866346804 42
1777418664574 28.749057389438875 43
1777418676452 32.56976811280478 44
1777418682009 27.733656460762504 45
1777418690327 30.951728893300533 46
1777418693705 25.221020072860355 47
1777418699862 27.078945457852953 48
1777418706107 28.097130288852455 49
1777418709420 26.29987356641425 50
1777418732282 24.083147340824116 51
1777418736287 24.501537041230954 52
1777418742431 26.067142356701304 53
1777418745853 24.14857903953991 54
1777418749630 21.95575217820919 55
1777418755588 24.100169631550962 56
1777418763372 21.573895879011687 57
1777418763786 23.689040805758154 58
1777418767207 24.303050109583083 59
1777418767541 21.417243840892187 60
1777418770826 24.679452555070355 61
1777418771173 27.425808790133587 62
1777418774008 21.849747561604904 63
1777418776984 22.334763817974157 64
1777418779978 23.743762030300978 65
1777418780320 20.146478978580227 66
1777418784488 20.080817396085298 67
1777418788961 22.425855755080033 68
1777418794415 22.825989964754953 69
1777418799863 19.98156117187129 70
1777418800198 23.196572885931744 71
1777418803248 19.83278717229337 72
1777418809434 20.97655449836905 73
1777418826264 21.938987051184274 74
1777418838946 21.02976696572771 75
1777418849407 22.155331268416667 76
1777418856242 21.336332984480002 77
1777418856623 20.40489802182922 78
1777418875562 21.667601501642594 79
1777418888721 22.74314156578308 80
1777418902565 19.212766630845444 81
1777418915649 20.03933890525747 82
1777418941721 18.944813943182364 83
1777418955301 15.981515220258421 84
1777418975109 21.878339588827632 85
1777418998736 18.519726932234484 86
1777418999200 18.560634737670863 87
1777419009430 18.425761789130068 88
1777419030607 17.60264002333217 89
1777419037165 17.66742767038488 90
1777419041784 19.134303005692992 91
1777419058693 20.077640892753298 92
1777419062322 20.910230317564505 93
1777419063300 15.961174110305675 94
1777419074223 19.212016890935168 95
1777419085123 20.189705459539738 96
1777419088589 18.73964964971706 97
1777419092029 20.730502240527876 98
1777419092353 18.67541889093664 99
1777419099418 16.898400478172576 100
1777419104288 17.31794427314213 101
1777419117295 17.192758428559756 102
