1777379794616 197.30743183228046 1
1777379795995 195.87010403900337 2
1777379796585 194.29975432627288 3
1777379796924 192.94465689673814 4
1777379797760 191.49170796342594 5
1777379798177 189.9055686387316 6
1777379798564 188.10191926519516 7
1777379799109 185.99166227952261 8
1777379799671 183.6363062380367 9
1777379800057 180.84183027752456 10
1777379801581 177.84012307406897 11
1777379804194 174.3702396303624 12
1777379804781 170.66931086717085 13
1777379805142 166.95415374624557 14
1777379805583 163.14529926380044 15
1777379806667 159.2072217367196 16
1777379807032 154.7785338192929 17
1777379807423 150.69597005436145 18
1777379807793 146.1918086688683 19
1777379808149 141.3457570883364 20
1777379809049 136.5843017494141 21
1777379809393 131.80111229851212 22
1777379809729 126.43444138663325 23
1777379810400 120.52758777169026 24
1777379811337 115.58262737107164 25
1777379811779 109.00073017960706 26
1777379812125 103.98765608084211 27
1777379812473 96.7515846930943 28
1777379813215 90.66757620560946 29
1777379813562 84.4798422702126 30
1777379813919 77.10610903671154 31
1777379814955 70.09724342052439 32
1777379816110 65.51289159275257 33
1777379816462 59.43011011500189 34
1777379817144 54.60821261280784 35
1777379817480 50.24135109026229 36
1777379817831 46.914740966159826 37
1777379818460 42.11918513974288 38
1777379818792 39.64777785781317 39
1777379819716 37.441393005018526 40
1777379820099 34.69433526404653 41
1777379820535 33.74639375988011 42
1777379820907 33.47648683626222 43
1777379821302 32.71162134316239 44
1777379822410 31.67930602421368 45
1777379822760 30.306764921383476 46
1777379823117 27.642479799271356 47
1777379825192 30.45119887123186 48
1777379825558 27.579187302486364 49
1777379826156 26.32946375490951 50
1777379826901 26.494144584523294 51
1777379827548 27.244809837580764 52
1777379828393 27.60534686942459 53
1777379828752 26.07132152677236 54
1777379829108 24.813402750422753 55
1777379829640 26.222696691556035 56
1777379829998 24.164619446782368 57
1777379830348 25.119096204693054 58
1777379830823 22.159594715144344 59
1777379831474 22.17160109282889 60
1777379831990 21.725013148190786 61
1777379832342 23.973282247509413 62
1777379832711 25.006411531360936 63
1777379833712 22.407126437487403 64
1777379834764 21.03454582157461 65
1777379836008 24.0831118598795 66
1777379836380 22.488288374477765 67
1777379837888 21.085564818168184 68
1777379838320 20.52121437093362 69
1777379839037 20.092203843118792 70
1777379839661 20.32081785823923 71
1777379841245 21.10116912350845 72
1777379841941 21.362201629215694 73
1777379843309 22.32612258122128 74
1777379843991 24.072054464717873 75
1777379844333 21.189127541655946 76
1777379845517 21.704112086084344 77
1777379847440 19.186765973592074 78
1777379850145 21.33301011476441 79
1777379851121 21.263147213979387 80
1777379851478 17.774742397153222 81
1777379852846 21.314594065241206 82
1777379855445 22.65530439837021 83
1777379856537 24.598997067731872 84
1777379857558 22.379205915802174 85
1777379858209 19.28795419431395 86
1777379858596 24.279002671096787 87
1777379859838 18.935598347177333 88
1777379860285 16.97526276375236 89
1777379861661 20.574053733081353 90
1777379862172 18.918919276528374 91
1777379862935 21.05984688640699 92
1777379864867 18.044854121158924 93
1777379866224 18.829221473518977 94
1777379868012 18.057366403917058 95
1777379868887 20.428659002552717 96
1777379870579 20.636702113494145 97
1777379871217 19.225269632222084 98
1777379871575 18.86378236611762 99
1777379872026 18.587402901719738 100
1777379873312 17.18443775987585 101
1777379874955 17.122983493559268 102
1777379880083 17.70422909316311 103
1777379890373 17.514390532714003 104
1777379890786 16.933583387395906 105
1777379891434 18.06771996912761 106
1777379891821 18.097317727650882 107
1777379892192 17.967023524395238 108
1777379892722 19.016477166094507 109
1777379893600 20.293779684831616 110
1777379893985 18.402801864256382 111
1777379894657 17.058823185856877 112
1777379895593 17.636542686690415 113
1777379896363 16.94658842159269 114
1777379897024 17.7682401398117 115
1777379897431 19.96883634688882 116
1777379897785 17.2976962810329 117
1777379898738 15.053436211458862 118
1777379899104 16.989186157349106 119
1777379899793 17.636621417920793 120
1777379900428 16.94577983881837 121
1777379900780 16.527220496320137 122
1777379901113 17.549641853873222 123
1777379901462 17.013493287900104 124
1777379902640 18.671035709432154 125
1777379903560 17.242113162504 126
1777379904192 17.739417991681513 127
1777379904802 16.743166312381373 128
1777379905476 17.412257364941766 129
1777379905834 16.95936575081515 130
1777379906176 15.78575653090246 131
1777379907380 18.516797661968898 132
1777379907744 15.730606976515858 133
1777379908084 17.359348630155488 134
1777379908415 15.010270735035478 135
1777379909068 14.733285517780395 136
1777379909621 14.952639772201648 137
1777379910793 16.65515980543361 138
1777379911437 14.509093491507748 139
1777379912044 17.273830593955466 140
1777379912810 18.032737630899078 141
1777379913385 17.36095975411453 142
1777379914003 14.403941865328589 143
1777379914354 14.442291653612587 144
1777379914722 16.246774206566073 145
1777379916440 16.150241228788097 146
1777379916796 16.67565360325355 147
1777379917170 15.554459911695142 148
1777379917667 14.981675208100583 149
1777379918020 14.49346881970408 150
1777379918600 17.412081222810947 151
1777379919726 16.251508906807604 152
1777379920814 14.864262656495582 153
1777379921227 14.417640667833203 154
1777379921838 15.863069631991598 155
1777379922391 14.688961134935065 156
1777379922740 15.538506207834086 157
1777379923086 13.700663886030076 158
1777379923434 15.535732305607109 159
1777379924243 14.432027464914515 160
1777379924644 14.43359375 161
1777379925470 15.376703431582843 162
