1777427213321 220.56211037086584 1
1777427222280 218.37200377166025 2
1777427225621 216.72557892989929 3
1777427233189 215.1205421531147 4
1777427233536 213.37652862662753 5
1777427239590 211.44735603691052 6
1777427242772 209.26283376115788 7
1777427259818 206.6424485978135 8
1777427263191 203.43805683487543 9
1777427269557 199.59554807785668 10
1777427270005 195.45987439881364 11
1777427281419 190.996870884054 12
1777427281758 186.0016695993614 13
1777427285227 180.66102581907367 14
1777427285561 175.0478394432505 15
1777427285917 169.25014424846142 16
1777427286247 163.10342888984584 17
1777427316020 156.93480558220665 18
1777427316394 150.77422587266034 19
1777427316749 144.28689140476345 20
1777427317228 137.75007089381117 21
1777427317845 130.36505984398198 22
1777427318321 122.78293616811132 23
1777427331524 115.87392124632703 24
1777427331861 107.30615699075706 25
1777427332185 98.919825292696 26
1777427334718 90.2326176776932 27
1777427338044 81.46602292136888 28
1777427338367 74.07408598723138 29
1777427341086 68.5411565172251 30
1777427344071 60.56422130551791 31
1777427348890 56.14331245307071 32
1777427349188 48.64596521440011 33
1777427355443 46.690679275954 34
1777427355756 43.63772143939089 35
1777427364110 38.0441236813215 36
1777427369995 36.44030897459656 37
1777427373104 34.225744861553046 38
1777427376731 32.55678820166099 39
1777427377097 31.46004992384687 40
1777427380682 31.890335044308976 41
1777427381004 29.813415129429362 42
1777427381325 32.79807718735201 43
1777427381657 29.117926397587322 44
1777427389496 28.222320770064915 45
1777427389813 28.675485126944672 46
1777427399038 28.546767027368332 47
1777427399359 27.320802871278325 48
1777427401906 28.230759271457238 49
1777427408542 25.935395010592547 50
1777427408844 27.024846830119245 51
1777427409147 27.1782031069218 52
1777427414117 22.808320464731178 53
1777427416910 27.771261781867803 54
1777427417231 23.205869734546017 55
1777427426411 22.32162776138803 56
1777427445622 25.248739381046953 57
1777427449760 23.272460589181367 58
1777427450139 23.62237501951275 59
1777427450490 24.019671960984006 60
1777427454254 26.01644142863076 61
1777427454571 22.504257138494236 62
1777427454896 23.846230314146354 63
1777427455232 22.46478499655419 64
1777427455537 23.284575318306885 65
1777427458162 22.14582697909226 66
1777427464208 22.18787067802157 67
1777427467068 21.70584078468102 68
1777427472876 23.003488027379266 69
1777427476162 21.27477731733857 70
1777427476516 23.18172677033977 71
1777427477131 22.52756422479678 72
1777427492888 21.201473343233204 73
1777427496676 22.87488393285103 74
1777427496992 24.20871137716687 75
1777427497335 20.0343417014912 76
1777427497657 21.374376789845755 77
1777427497980 20.359306048425065 78
1777427498294 23.866713119262727 79
1777427510738 21.02253603836547 80
1777427511055 21.766442408825533 81
1777427513724 22.41344503441064 82
1777427514025 19.527556682050704 83
1777427516963 22.046895763190083 84
1777427517260 24.427748663869053 85
1777427530447 19.35308898400088 86
1777427533986 21.11677562722645 87
1777427534290 21.026569814964915 88
1777427537710 20.173164686938144 89
1777427542710 21.05256178392586 90
1777427543007 22.794338072085605 91
1777427543305 21.129316080906996 92
1777427543624 21.744992436074146 93
1777427543952 20.757283966031885 94
1777427549877 22.78778894924456 95
1777427555542 23.033277238629385 96
1777427557992 18.77636005133433 97
1777427558346 19.2672026422169 98
