1777435519687 47350.0888671875 1
1777435520727 44019.767578125 2
1777435521780 38550.984375 3
1777435522829 31032.35498046875 4
1777435523865 23242.0341796875 5
1777435524907 15741.060546875 6
1777435525952 9015.679931640625 7
1777435526987 4175.510009765625 8
1777435528034 1906.126953125 9
1777435529085 1261.5690307617188 10
1777435530476 1007.6494140625 11
1777435531522 787.46875 12
1777435532578 763.2779083251953 13
1777435533616 706.4606170654297 14
1777435534652 687.3944702148438 15
1777435535705 533.5233459472656 16
1777435536745 524.6989135742188 17
1777435537774 564.6434936523438 18
1777435538798 525.6877059936523 19
1777435539841 489.2947311401367 20
1777435540896 460.9432144165039 21
1777435541941 421.2200393676758 22
1777435543038 419.12403106689453 23
1777435544073 457.8397750854492 24
1777435545111 415.9813537597656 25
1777435546149 378.5234909057617 26
1777435547174 396.3485641479492 27
1777435548170 323.2914505004883 28
1777435549162 354.1940612792969 29
1777435550172 303.2364807128906 30
1777435551171 301.32167053222656 31
1777435552180 290.0715866088867 32
1777435553203 284.17183685302734 33
1777435554268 282.8875198364258 34
1777435555294 269.7076950073242 35
1777435556332 263.3840866088867 36
1777435557383 272.8447799682617 37
1777435558418 282.26261138916016 38
1777435559460 276.33473205566406 39
1777435560510 276.08939361572266 40
1777435561539 239.84127044677734 41
1777435562565 240.38916397094727 42
1777435563610 234.42919540405273 43
1777435564642 244.5554962158203 44
1777435565687 210.90437698364258 45
1777435566708 225.16676712036133 46
1777435567741 244.92084884643555 47
1777435568756 234.35740661621094 48
1777435569775 208.2907485961914 49
1777435570768 220.66629028320312 50
1777435571763 205.0487174987793 51
1777435572777 222.9892349243164 52
1777435573804 193.7992706298828 53
1777435575002 229.39326095581055 54
