1777435519687 217.60074294735546 1
1777435520727 209.8088763190293 2
1777435521780 196.3440040715226 3
1777435522829 176.1596824743785 4
1777435523865 152.45329426511358 5
1777435524907 125.46220283773322 6
1777435525952 94.94931054533224 7
1777435526987 64.6157564701959 8
1777435528034 43.653902132395814 9
1777435529085 35.50867153943885 10
1777435530476 31.74180148753927 11
1777435531522 28.058059652011607 12
1777435532578 27.621942165439343 13
1777435533616 26.567712975544143 14
1777435534652 26.211965484685987 15
1777435535705 23.096819033264836 16
1777435536745 22.904070212980585 17
1777435537774 23.756319112250473 18
1777435538798 22.915349645905252 19
1777435539841 22.11603520826899 20
1777435540896 21.464684533902894 21
1777435541941 20.520027830529173 22
1777435543038 20.471170425111346 23
1777435544073 21.394677513410464 24
1777435545111 20.391993119209197 25
1777435546149 19.45135764393012 26
1777435547174 19.905831000919235 27
1777435548170 17.972369928920386 28
1777435549162 18.814502456285954 29
1777435550172 17.411434499793337 30
1777435551171 17.35446561460933 31
1777435552180 17.030439349996524 32
1777435553203 16.85319131646746 33
1777435554268 16.81609849164459 34
1777435555294 16.41433840221179 35
1777435556332 16.214313151470026 36
1777435557383 16.504526267653453 37
1777435558418 16.7982662309349 38
1777435559460 16.621244111517335 39
1777435560510 16.61509520717507 40
1777435561539 15.479280747674647 41
1777435562565 15.499524498308828 42
1777435563610 15.306818748634857 43
1777435564642 15.6354332613996 44
1777435565687 14.515287351579142 45
1777435566708 14.99900587362282 46
1777435567741 15.649352296016042 47
1777435568756 15.305531332701406 48
1777435569775 14.421253250321822 49
1777435570768 14.848724985093105 50
1777435571763 14.3186108246429 51
1777435572777 14.927255709296155 52
1777435573804 13.920405441657824 53
1777435575002 15.144569805159652 54
