1777430072605 167.52015629521122 1
1777430072949 164.83464813232422 2
1777430073277 162.8322070086444 3
1777430073604 160.83088458025898 4
1777430073919 158.7191916571723 5
1777430074241 156.46188693576389 6
1777430074546 154.09301729555483 7
1777430074846 151.44794266312212 8
1777430075167 148.49401883725767 9
1777430075480 145.15575352421513 10
1777430075787 141.4314781471535 11
1777430076381 137.26116378219038 12
1777430076693 132.38105943467883 13
1777430077089 127.0940995392976 14
1777430077418 121.92454302752459 15
1777430077751 116.67618589048033 16
1777430078072 111.41265586570456 17
1777430078391 106.27906318947122 18
1777430078741 100.5100264372649 19
1777430079087 94.97593971535012 20
1777430079438 89.44871662281177 21
1777430079795 83.80115636189778 22
1777430080153 78.1962634898998 23
1777430080487 72.380613538954 24
1777430080856 66.48444733796296 25
1777430081224 61.223168267144096 26
1777430081574 55.744135256166814 27
1777430081914 51.24247988948115 28
1777430082289 46.81740697224935 29
1777430082634 41.98579618665907 30
1777430082958 36.66944779290093 31
1777430083273 33.13963374385127 32
1777430083579 30.334000340214484 33
1777430083905 27.107421875 34
1777430084243 26.3524268468221 35
1777430084564 25.50462139977349 36
1777430084876 23.67928589714898 37
1777430085204 21.97620349460178 38
1777430085546 20.7222116611622 39
1777430085908 19.18595865037706 40
1777430086217 17.679564193443017 41
1777430086547 15.796211348639595 42
1777430086855 16.41340086195204 43
1777430087174 16.270843929714626 44
1777430087504 19.063549430282027 45
1777430087843 17.94811722084328 46
1777430088173 14.30695735083686 47
1777430088500 15.055240701746058 48
1777430088842 14.915080035174334 49
1777430089149 15.332039444534868 50
1777430089472 16.36387206889965 51
1777430089803 17.001508677447283 52
1777430090120 15.914346977516457 53
1777430090437 14.639170999880191 54
1777430090768 14.61499058758771 55
1777430091127 15.622494432661268 56
1777430091459 13.307219134436714 57
1777430091793 12.89595980114407 58
1777430092108 14.013205422295464 59
1777430092437 14.33274601123951 60
1777430092897 14.462988217671713 61
1777430093223 15.433748757397687 62
1777430093543 12.059570047590467 63
1777430093867 13.881386333041721 64
1777430094203 12.064509533069751 65
1777430094503 12.0956258420591 66
1777430094826 14.16036895469383 67
1777430095150 13.403019198664913 68
1777430095490 14.259584974359583 69
1777430095815 12.835407786899143 70
1777430096153 12.883261645281756 71
1777430096503 13.865328753436053 72
1777430096836 10.16660162254616 73
1777430097168 12.449083451871518 74
1777430097498 11.239007631937662 75
1777430097835 11.32481069918032 76
1777430098169 12.118089852509675 77
1777430098822 10.889808177947998 78
1777430099158 11.474810988814742 79
1777430099467 12.758051165827998 80
1777430099793 10.65560422120271 81
1777430100112 11.606573634677464 82
1777430100439 11.948032290847213 83
1777430100751 10.857411031369809 84
1777430101082 11.015729250731292 85
1777430101410 11.509866785120082 86
1777430101725 10.635621547698975 87
1777430102065 13.808500360559535 88
1777430102399 10.962641309808802 89
1777430102751 11.736445250334564 90
1777430103138 14.280716701790139 91
1777430103505 10.990929780183015 92
1777430103817 11.702498895150644 93
1777430104155 11.55793285369873 94
1777430104516 10.899626007786503 95
1777430104833 12.853454218970406 96
1777430105168 11.329817754250985 97
1777430105565 12.275429142846 98
1777430105912 9.203144091146964 99
1777430106236 12.129567552495885 100
1777430106597 10.05710580613878 101
1777430106943 10.623731524856002 102
1777430107295 11.386046003412318 103
1777430107647 12.3923787717466 104
1777430107998 10.263692096427635 105
1777430108348 10.212407800886366 106
1777430108750 10.751291469291404 107
1777430109175 11.765598385422319 108
1777430109535 9.685578240288628 109
1777430109904 8.50881701928598 110
1777430110232 10.438756695500127 111
1777430110552 11.215969845100686 112
1777430110891 9.792459046399152 113
1777430111207 9.416792551676432 114
1777430111526 12.11279943254259 115
1777430111828 9.93529565246017 116
1777430112144 9.546271483103434 117
1777430112461 9.928858227199978 118
1777430112755 10.16133525636461 119
1777430113053 9.626350862008554 120
1777430113382 9.275386033234772 121
1777430113691 10.252010469083432 122
1777430114036 9.537517724213776 123
1777430114386 9.506061642258256 124
