1777171029873 -2.7175320083019074 1
1777171031007 -2.463175780367402 2
1777171032140 -2.086668471429141 3
1777171033286 -1.594158865266087 4
1777171034419 -1.0343607212586834 5
1777171035572 -0.47680089762449884 6
1777171036723 0.04309087258866595 7
1777171037857 0.46825821534174017 8
1777171038990 0.7577450891923408 9
1777171040141 0.8691562770408331 10
1777171041276 0.9081470598110876 11
1777171042414 0.9191941735551932 12
1777171043552 0.9317473458449541 13
1777171044703 0.938960939483796 14
1777171045835 0.9463712032659206 15
1777171046995 0.9438383275587929 16
1777171048145 0.9536556145950722 17
1777171049277 0.9528183761894469 18
1777171050429 0.955719208338842 19
1777171051575 0.9559693305800213 20
1777171052712 0.9586050751249868 21
1777171053840 0.9604766374197213 22
1777171054970 0.9630319738877433 23
1777171056125 0.9643043886681902 24
1777171057270 0.9657192035296397 25
1777171058403 0.9630828840663956 26
1777171059545 0.9663845369979804 27
1777171060676 0.9581136577149049 28
1777171061807 0.9634373485101266 29
1777171062950 0.9672449338988256 30
1777171064084 0.9652445658636872 31
1777171065219 0.9657079390661824 32
1777171066348 0.9651533899455144 33
1777171067493 0.9687602698329756 34
1777171068662 0.9636256222233415 35
1777171069802 0.966518180358728 36
1777171070963 0.9666962148429822 37
1777171072109 0.9676978602022593 38
1777171073267 0.9718183716425647 39
1777171074437 0.9648063928814012 40
1777171075598 0.9689211529529201 41
1777171076749 0.9697173426306581 42
1777171077925 0.9703906200268476 43
1777171079134 0.9720211604028118 44
1777171080302 0.9703299737994657 45
1777171081483 0.9706958316807165 46
1777171088872 0.9728026164334116 47
1777171090412 0.9721840305977192 48
1777171091637 0.9700919860501654 49
