1777171029873 191.00653381347655 1
1777171031007 182.02724609375 2
1777171032140 169.58217163085936 3
1777171033286 151.93064880371094 4
1777171034419 129.38131713867188 5
1777171035572 105.09996795654297 6
1777171036723 80.47349395751954 7
1777171037857 57.404143524169925 8
1777171038990 38.583987426757815 9
1777171040141 29.799369049072265 10
1777171041276 25.72664909362793 11
1777171042414 24.499046325683594 12
1777171043552 22.49158706665039 13
1777171044703 21.677966690063478 14
1777171045835 20.344100952148438 15
1777171046995 20.880002593994142 16
1777171048145 18.855197143554687 17
1777171049277 19.057697677612303 18
1777171050429 18.49876174926758 19
1777171051575 18.37922592163086 20
1777171052712 17.933718490600587 21
1777171053840 17.605616760253906 22
1777171054970 17.143954849243165 23
1777171056125 16.640204429626465 24
1777171057270 16.286987113952637 25
1777171058403 16.780112075805665 26
1777171059545 16.074286651611327 27
1777171060676 17.922914886474608 28
1777171061807 16.71493263244629 29
1777171062950 15.990984916687012 30
1777171064084 16.275143241882326 31
1777171065219 16.159076499938966 32
1777171066348 16.367315101623536 33
1777171067493 15.42748203277588 34
1777171068662 16.650276374816894 35
1777171069802 15.884461784362793 36
1777171070963 15.999131393432616 37
1777171072109 15.664996337890624 38
1777171073267 14.747744178771972 39
1777171074437 16.312129974365234 40
1777171075598 15.305014610290527 41
1777171076749 14.998598861694337 42
1777171077925 14.884046363830567 43
1777171079134 14.58504810333252 44
1777171080302 14.879570770263673 45
1777171081483 14.946439743041992 46
1777171088872 14.537582778930664 47
1777171090412 14.62469539642334 48
1777171091637 14.977245903015136 49
