1777382211788 201.92773111623376 1
1777382213112 199.77309394035024 2
1777382213769 198.01098848927552 3
1777382214772 196.20731024543912 4
1777382215529 194.15378287906213 5
1777382216372 191.76066422431373 6
1777382217681 188.81036907106028 7
1777382218285 185.24855557803951 8
1777382220000 181.25947173527237 9
1777382221597 176.97326113356786 10
1777382222282 172.57186003227756 11
1777382223657 167.79735732424393 12
1777382224795 162.74435354068356 13
1777382225760 157.49448775076226 14
1777382227374 152.03254431617594 15
1777382228102 146.17712527315962 16
1777382228900 140.43414131497724 17
1777382229884 134.53547830172903 18
1777382231513 127.30335632358639 19
1777382233072 119.9868034736008 20
1777382233450 112.15749947061052 21
1777382234505 104.66813253684236 22
1777382235086 96.29487590209564 23
1777382237408 88.82500131930762 24
1777382239894 81.08002352518005 25
1777382240434 73.29560427112085 26
1777382249148 66.57932592498214 27
1777382250484 58.02255547077684 28
1777382266815 53.567447536231136 29
1777382267702 47.49227167803858 30
1777382270203 42.320104098849995 31
1777382271336 41.519088583407935 32
1777382271927 37.36841660507323 33
1777382272929 36.35554073036014 34
1777382273426 35.81806239524969 35
1777382290435 29.78368771994527 36
1777382291551 32.16076331907601 37
1777382292466 29.7991865008641 38
1777382294034 28.19605715627907 39
1777382298278 26.991957985637825 40
1777382298933 30.23181008984731 41
1777382299811 29.499228257251705 42
1777382301023 26.78927666508152 43
1777382303428 25.749972741566275 44
1777382304485 26.802576607351927 45
1777382305676 24.687474040730024 46
1777382307931 24.210311029729667 47
1777382309182 22.152950929013524 48
1777382310166 22.727033823318212 49
1777382310553 25.054076037128546 50
1777382312357 21.227828363294357 51
1777382313545 22.45688482460091 52
1777382316203 21.33734991091216 53
1777382316819 23.070561186434787 54
1777382317747 23.310510136256134 55
1777382318477 22.5377578966023 56
1777382319341 22.832524120535684 57
1777382320060 23.786345288168352 58
1777382320565 21.716677340399734 59
1777382321643 20.802105664995942 60
1777382323832 21.957104565902327 61
1777382328115 22.150670908116698 62
1777382330873 21.96607991864246 63
1777382335340 21.55659735784935 64
1777382336346 20.947589686450204 65
1777382337524 18.288260708343156 66
1777382338527 21.90529500972061 67
1777382339033 21.991302851878668 68
1777382344748 20.378963529606104 69
1777382345868 21.006176721365048 70
1777382346241 20.786643889983402 71
1777382347976 23.015155608757297 72
1777382348640 20.481993419668882 73
1777382349018 20.307515163582682 74
1777382351883 19.610955333481254 75
1777382354710 22.847109608886388 76
1777382361056 22.05302212650478 77
1777382363189 20.488403762145627 78
1777382366028 22.050481272870993 79
1777382367326 19.5125949972163 80
1777382368354 20.73657601236995 81
1777382369041 20.707813443182655 82
1777382370544 20.012321491386484 83
1777382371037 21.065914794123735 84
1777382372271 23.099714321995684 85
1777382373318 22.80258774377373 86
1777382375172 20.244858830874353 87
1777382380857 20.964232002091084 88
1777382384229 20.203357621437274 89
1777382386016 20.289942402464145 90
1777382389327 20.616249771446597 91
1777382399377 20.93867257094401 92
1777382400285 20.28722134984622 93
1777382416974 20.315352113466815 94
1777382418819 20.817224647897127 95
1777382420845 20.294315026925876 96
1777382422581 17.93486444869235 97
1777382423248 19.38710638024221 98
1777382424626 19.79669772266719 99
1777382425339 19.53988402911066 100
1777382426299 20.031192106975624 101
1777382427236 17.25161868254596 102
1777382429623 19.375241776465252 103
1777382430245 19.344337663983307 104
1777382430983 17.4402107128048 105
1777382432570 18.22592205127468 106
1777382432929 20.8408655003742 107
1777382433466 18.043638948231607 108
1777382434185 20.032052105869376 109
1777382435678 16.207873392648075 110
1777382436619 20.226352023093767 111
1777382438237 16.27251763932876 112
1777382438579 19.26308878024157 113
1777382439381 16.720080627539037 114
1777382440593 16.037824743704043 115
1777382442399 17.921150438982444 116
1777382443817 15.252160591534595 117
1777382445511 16.434752956352224 118
1777382446343 15.506465916819737 119
1777382448072 16.622243552327426 120
1777382448861 16.608259678569013 121
1777382449791 16.326874578316996 122
1777382450349 17.16185764741557 123
1777382451360 17.294222110525904 124
1777382452320 15.575091679825224 125
1777382453576 15.452664853487853 126
1777382454836 17.020198715251258 127
1777382455185 20.15884340147411 128
1777382457042 17.55996023256148 129
1777382457735 17.49238551557193 130
1777382458482 15.12939288447274 131
1777382460330 14.981010624163146 132
1777382461479 13.777580758877184 133
1777382463717 15.25358114250219 134
1777382464709 15.27503787970958 135
1777382465559 16.82500097946459 136
1777382466286 14.821645754143773 137
1777382466669 16.00429000561988 138
1777382467433 14.02720451232761 139
1777382467902 16.91241782563878 140
1777382468327 15.176968160631692 141
1777382468680 13.692595347792851 142
1777382469546 12.480600180254754 143
1777382470452 12.963473724313888 144
1777382471297 14.291632619804258 145
1777382472063 14.492453880638084 146
1777382472791 14.003466040849549 147
1777382473522 13.686531206796314 148
1777382473882 15.14243289322364 149
1777382474908 14.375091817811384 150
1777382476931 13.199884032693715 151
