1777382211788 161.22479248046875 1
1777382213112 158.53219604492188 2
1777382213769 156.2666778564453 3
1777382214772 153.97349548339844 4
1777382215529 151.4326629638672 5
1777382216372 148.62828063964844 6
1777382217681 145.52723693847656 7
1777382218285 142.1928253173828 8
1777382220000 138.531982421875 9
1777382221597 134.53402709960938 10
1777382222282 130.12303161621094 11
1777382223657 125.34488677978516 12
1777382224795 120.42799377441406 13
1777382225760 115.3121109008789 14
1777382227374 110.24395751953125 15
1777382228102 104.7639389038086 16
1777382228900 99.1468505859375 17
1777382229884 93.73702239990234 18
1777382231513 87.59191131591797 19
1777382233072 81.39363098144531 20
1777382233450 75.4034423828125 21
1777382234505 70.42254638671875 22
1777382235086 64.3189697265625 23
1777382237408 57.78820037841797 24
1777382239894 51.51103210449219 25
1777382240434 45.45106506347656 26
1777382249148 41.621734619140625 27
1777382250484 36.72993087768555 28
1777382266815 34.21092987060547 29
1777382267702 30.737707138061523 30
1777382270203 27.157119750976562 31
1777382271336 26.97428321838379 32
1777382271927 24.623451232910156 33
1777382272929 23.987178802490234 34
1777382273426 23.838306427001953 35
1777382290435 20.100961685180664 36
1777382291551 21.902894973754883 37
1777382292466 20.76270866394043 38
1777382294034 19.701473236083984 39
1777382298278 18.714672088623047 40
1777382298933 21.070554733276367 41
1777382299811 20.73301887512207 42
1777382301023 18.76964569091797 43
1777382303428 18.30609893798828 44
1777382304485 18.50887680053711 45
1777382305676 16.923330307006836 46
1777382307931 17.083215713500977 47
1777382309182 15.586446762084961 48
1777382310166 16.035675048828125 49
1777382310553 17.396833419799805 50
1777382312357 14.700871467590332 51
1777382313545 15.997581481933594 52
1777382316203 15.460923194885254 53
1777382316819 16.365903854370117 54
1777382317747 16.66196632385254 55
1777382318477 15.939847946166992 56
1777382319341 16.36545753479004 57
1777382320060 16.877605438232422 58
1777382320565 15.348133087158203 59
1777382321643 14.911763191223145 60
1777382323832 15.686989784240723 61
1777382328115 16.133487701416016 62
1777382330873 15.568055152893066 63
1777382335340 15.754863739013672 64
1777382336346 14.588337898254395 65
1777382337524 13.115081787109375 66
1777382338527 15.524515151977539 67
1777382339033 15.752492904663086 68
1777382344748 14.395479202270508 69
1777382345868 15.135087966918945 70
1777382346241 14.83121395111084 71
1777382347976 16.180755615234375 72
1777382348640 14.413208961486816 73
1777382349018 14.449464797973633 74
1777382351883 14.220049858093262 75
1777382354710 16.77730941772461 76
1777382361056 15.49669361114502 77
1777382363189 14.672383308410645 78
1777382366028 15.422447204589844 79
1777382367326 13.921149253845215 80
1777382368354 14.947734832763672 81
1777382369041 14.716471672058105 82
1777382370544 13.99563217163086 83
1777382371037 14.625182151794434 84
1777382372271 16.002941131591797 85
1777382373318 15.98678970336914 86
1777382375172 14.401808738708496 87
1777382380857 14.948702812194824 88
1777382384229 14.50248908996582 89
1777382386016 14.564455032348633 90
1777382389327 14.534460067749023 91
1777382399377 14.953989028930664 92
1777382400285 14.82070541381836 93
1777382416974 14.497135162353516 94
1777382418819 14.756611824035645 95
1777382420845 14.645451545715332 96
1777382422581 12.356554985046387 97
1777382423248 13.880934715270996 98
1777382424626 14.318634033203125 99
1777382425339 14.053184509277344 100
1777382426299 13.899499893188477 101
1777382427236 12.255620002746582 102
1777382429623 13.705475807189941 103
1777382430245 14.020662307739258 104
1777382430983 12.585830688476562 105
1777382432570 13.005284309387207 106
1777382432929 15.084301948547363 107
1777382433466 13.123069763183594 108
1777382434185 13.97791576385498 109
1777382435678 11.672943115234375 110
1777382436619 14.517045974731445 111
1777382438237 11.508198738098145 112
1777382438579 13.868842124938965 113
1777382439381 11.843480110168457 114
1777382440593 11.660927772521973 115
1777382442399 12.571035385131836 116
1777382443817 11.114041328430176 117
1777382445511 11.892674446105957 118
1777382446343 11.289706230163574 119
1777382448072 12.211138725280762 120
1777382448861 11.9457426071167 121
1777382449791 11.885140419006348 122
1777382450349 12.651460647583008 123
1777382451360 12.363983154296875 124
1777382452320 11.685515403747559 125
1777382453576 11.04317569732666 126
1777382454836 12.174783706665039 127
1777382455185 14.529664993286133 128
1777382457042 12.772034645080566 129
1777382457735 12.202207565307617 130
1777382458482 10.97602653503418 131
1777382460330 10.798828125 132
1777382461479 10.025470733642578 133
1777382463717 10.961920738220215 134
1777382464709 11.07190990447998 135
1777382465559 11.871782302856445 136
1777382466286 10.717307090759277 137
1777382466669 11.337015151977539 138
1777382467433 10.469280242919922 139
1777382467902 12.244160652160645 140
1777382468327 10.681713104248047 141
1777382468680 10.235763549804688 142
1777382469546 9.258082389831543 143
1777382470452 9.483312606811523 144
1777382471297 10.510037422180176 145
1777382472063 10.475181579589844 146
1777382472791 10.023707389831543 147
1777382473522 10.086915969848633 148
1777382473882 11.153480529785156 149
1777382474908 10.455228805541992 150
1777382476931 9.814631462097168 151
