1777406689407 160.9921417236328 1
1777406690295 156.1060028076172 2
1777406693415 150.81504821777344 3
1777406700049 144.14791870117188 4
1777406705973 135.59170532226562 5
1777406711666 124.4970474243164 6
1777406718724 112.81331634521484 7
1777406728094 100.50450134277344 8
1777406731265 87.35389709472656 9
1777406735065 73.38013458251953 10
1777406741650 59.572669982910156 11
1777406754438 46.88813400268555 12
1777406757091 37.22853088378906 13
1777406763090 29.607376098632812 14
1777406768353 24.519193649291992 15
1777406773549 23.92186164855957 16
1777406776209 20.095823287963867 17
1777406783860 20.4854793548584 18
1777406788609 19.73342514038086 19
1777406798308 18.811994552612305 20
1777406799160 19.26384735107422 21
1777406801520 19.398561477661133 22
1777406802383 18.566268920898438 23
1777406805398 17.847091674804688 24
1777406810606 19.146099090576172 25
1777406816352 16.401302337646484 26
1777406826849 17.046859741210938 27
1777406833245 16.584857940673828 28
1777406839910 16.785259246826172 29
1777406843342 16.221900939941406 30
1777406844239 15.535998344421387 31
1777406845089 14.602678298950195 32
1777406854358 15.811148643493652 33
1777406857045 16.714393615722656 34
1777406859583 16.76064109802246 35
1777406871258 14.828042984008789 36
1777406877868 16.715574264526367 37
1777406878775 14.79072380065918 38
1777406881699 14.199013710021973 39
1777406884479 14.432280540466309 40
1777406889901 14.391861915588379 41
1777406892503 16.632709503173828 42
1777406895237 14.661945343017578 43
1777406902049 13.798651695251465 44
1777406904448 14.687487602233887 45
1777406911911 14.162972450256348 46
1777406917238 14.475725173950195 47
1777406918065 13.677067756652832 48
1777406924979 14.822830200195312 49
1777406930140 15.035540580749512 50
1777406951338 13.836084365844727 51
1777406959371 13.497481346130371 52
1777406964213 14.189918518066406 53
1777406967028 13.166474342346191 54
1777406967887 12.732183456420898 55
1777406972632 12.91734790802002 56
1777406980469 13.955377578735352 57
1777406982935 12.836709022521973 58
1777406988074 12.080695152282715 59
1777406990577 11.533805847167969 60
1777406997526 12.315301895141602 61
1777407006477 12.809536933898926 62
1777407008959 13.938444137573242 63
1777407014259 12.642605781555176 64
1777407015088 11.5756254196167 65
1777407017325 11.435314178466797 66
1777407022246 11.111495971679688 67
1777407029169 11.268458366394043 68
1777407035870 11.5829496383667 69
1777407047544 11.57703685760498 70
1777407055209 11.179484367370605 71
1777407057552 10.568413734436035 72
1777407058390 11.27369499206543 73
1777407061117 11.061335563659668 74
1777407069521 10.597784996032715 75
1777407071733 11.893070220947266 76
1777407074263 11.73487377166748 77
1777407076818 10.937535285949707 78
1777407086035 10.439562797546387 79
1777407093694 10.415705680847168 80
1777407100354 10.382881164550781 81
1777407104960 10.737451553344727 82
1777407109709 9.838907241821289 83
1777407114277 10.581603050231934 84
1777407123443 10.80566120147705 85
1777407131116 10.002288818359375 86
1777407141386 10.020977973937988 87
1777407148213 10.29796314239502 88
1777407154302 10.220755577087402 89
1777407156781 10.276572227478027 90
1777407166814 10.371383666992188 91
1777407172151 10.321220397949219 92
1777407177708 10.430803298950195 93
1777407180739 9.251505851745605 94
1777407183582 9.620972633361816 95
1777407186786 9.298567771911621 96
1777407187641 9.877277374267578 97
1777407192397 10.392131805419922 98
1777407196705 9.246376991271973 99
1777407199461 9.48365592956543 100
1777407206051 9.194700241088867 101
1777407211563 9.416890144348145 102
1777407214211 10.046005249023438 103
1777407223407 9.59194278717041 104
1777407227178 9.17351245880127 105
1777407238451 9.785536766052246 106
1777407239316 9.963170051574707 107
1777407244305 9.139569282531738 108
1777407252927 9.449370384216309 109
1777407256320 8.911656379699707 110
1777407268857 8.401129722595215 111
1777407269765 8.688913345336914 112
1777407272943 9.20191478729248 113
1777407285297 8.856240272521973 114
1777407296920 8.715985298156738 115
1777407299406 9.157400131225586 116
1777407305789 8.908981323242188 117
1777407307210 8.548800468444824 118
1777407310870 8.431414604187012 119
1777407319384 9.089385986328125 120
1777407324522 8.507790565490723 121
1777407328664 9.144224166870117 122
1777407333792 8.799324035644531 123
1777407339485 8.969261169433594 124
1777407342557 8.807356834411621 125
1777407348754 8.255682945251465 126
1777407360924 8.549890518188477 127
1777407371959 8.469521522521973 128
1777407391070 8.954485893249512 129
1777407407003 8.165157318115234 130
1777407410274 8.70915699005127 131
1777407413934 8.851690292358398 132
1777407424718 8.574126243591309 133
1777407429614 8.822110176086426 134
1777407430599 8.391329765319824 135
1777407443598 9.005867958068848 136
1777407451197 8.799471855163574 137
1777407454466 8.06145191192627 138
1777407460270 7.759133338928223 139
1777407467601 8.219339370727539 140
1777407470349 8.150169372558594 141
1777407478079 8.100627899169922 142
1777407483198 8.174005508422852 143
1777407490579 7.949758052825928 144
1777407497712 8.206029891967773 145
1777407507096 8.31640338897705 146
1777407510351 8.084648132324219 147
1777407514571 7.8543171882629395 148
1777407517705 8.062827110290527 149
1777407519882 7.835832118988037 150
1777407531386 8.432387351989746 151
1777407537373 8.27396011352539 152
1777407541011 7.441222667694092 153
1777407550097 8.069072723388672 154
1777407555832 8.869841575622559 155
1777407560980 7.956177234649658 156
1777407563480 7.937325477600098 157
1777407569213 7.950786113739014 158
1777407579008 7.974451065063477 159
1777407593088 7.673943042755127 160
1777407593938 7.796361923217773 161
1777407601262 7.864023685455322 162
