1777253012542 -1.839962115400893 1
1777253014619 -1.5110032035034593 2
1777253016558 -1.0070708912821313 3
1777253018994 -0.3431584128769124 4
1777253022375 0.2882330344566665 5
1777253037714 0.6749751307847374 6
1777253042010 0.8340009342315815 7
1777253045593 0.8868868723851072 8
1777253049212 0.9075119554247705 9
1777253054698 0.9197988545456809 10
1777253086704 0.9260572993530574 11
1777253090111 0.9307678342233086 12
1777253093235 0.9363850448889238 13
1777253097064 0.9394921141886465 14
1777253102466 0.9395727988442664 15
1777253108700 0.9414577138638671 16
1777253115408 0.945794148728903 17
1777253124380 0.9477313632791283 18
1777253130987 0.947750213600907 19
1777253133859 0.9482865717556391 20
1777253139895 0.9500086841443507 21
1777253147941 0.954554469003616 22
1777253151481 0.9496560379027115 23
1777253157058 0.9555061103523496 24
1777253162546 0.954284394385897 25
1777253166515 0.954188620016453 26
1777253169163 0.9567281291720698 27
1777253173351 0.9565306202449981 28
1777253202096 0.9590380236463224 29
1777253205154 0.9559314272364157 30
1777253208065 0.9591820515716835 31
1777253211485 0.9599138729432767 32
1777253214670 0.9591264598039541 33
1777253220548 0.9612919980577196 34
1777253225802 0.9639415901090331 35
1777253233994 0.9634319963938784 36
1777253240630 0.964282538284164 37
1777253247684 0.9657522572058006 38
1777253257714 0.9656053935392311 39
1777253262516 0.9659351319135133 40
1777253267101 0.9654691659005297 41
1777253271645 0.9652101966677753 42
1777253276027 0.968847198653503 43
1777253279660 0.9678180827479057 44
1777253284322 0.9693811553064474 45
1777253287981 0.9710049410727214 46
1777253393143 0.971482431386453 47
1777253405906 0.9704057504701502 48
1777253411362 0.9718826694997453 49
1777253414220 0.972233208513269 50
1777253418541 0.9722758063385216 51
1777253422970 0.9728543351322099 52
1777253426937 0.9751109628510205 53
1777253433177 0.9746189538672286 54
1777253439460 0.9742829162912132 55
1777253443454 0.9755001389217004 56
1777253446671 0.9761632007091411 57
1777253450984 0.9761659227728059 58
1777253457088 0.9761500434949966 59
1777253477460 0.9767691342815772 60
1777253479440 0.9766414062508174 61
1777253481558 0.9768170058054721 62
1777253483792 0.9777782914818788 63
1777253487347 0.9773594397014636 64
1777253503320 0.9769131728165297 65
1777253506636 0.9774611464242042 66
1777253510013 0.9785045251858981 67
1777253512743 0.9793798679722979 68
1777253515462 0.9780903482588409 69
1777253518507 0.9784866138274328 70
1777253521490 0.9790429368429849 71
1777253523764 0.9795607985769893 72
1777253526224 0.9797946268001774 73
1777253528873 0.9795960756234315 74
1777253531726 0.9802853099757968 75
1777253535608 0.9810865607924958 76
1777253579435 0.9807053737434137 77
1777253581876 0.9806117585974107 78
1777253583805 0.9811549449417758 79
1777253592915 0.9811518791120621 80
1777253596301 0.9808809325485631 81
1777253599562 0.9818111435753126 82
1777253602694 0.9810392853220599 83
1777253607181 0.981771982331088 84
1777253610991 0.9825939754397945 85
1777253616130 0.9821909826650478 86
1777253621948 0.9820925612505542 87
1777253625512 0.9826221699772081 88
1777253630559 0.9836319147054349 89
1777253633579 0.9829601627419331 90
1777253636132 0.9825633746803344 91
1777253742663 0.9834065519459945 92
1777253747254 0.982742500083084 93
1777253753560 0.982682883360174 94
1777253757021 0.9828900000069185 95
1777253760159 0.9835293024698271 96
1777253762164 0.9836300285257324 97
1777253764374 0.9834230553033532 98
1777253766735 0.9834941425828916 99
1777253768761 0.9831638084585146 100
1777253773732 0.9841312409440384 101
1777253789122 0.9841909183809937 102
1777253796585 0.9839321245587087 103
1777253866283 0.9841656947173825 104
1777253871388 0.9841314881744472 105
1777253873739 0.9847438696278636 106
1777253878006 0.9849783983755891 107
1777253884572 0.984955033379846 108
1777253891133 0.9850085448928041 109
1777253894236 0.9847818234029226 110
1777253896962 0.984446774794449 111
1777253899995 0.9855579582385495 112
1777253905103 0.9845409031350408 113
1777253909581 0.985039182783743 114
1777253912275 0.984738387405425 115
1777253914938 0.9856529687620224 116
1777253920858 0.9857783156494102 117
1777253926479 0.9848630638612411 118
1777253934601 0.9858439266129168 119
1777253982096 0.9851665988012203 120
1777253984357 0.9851394452043035 121
1777253998036 0.9859482388869664 122
1777254003889 0.9853294579952415 123
1777254012320 0.9857391692540063 124
1777254016545 0.9857869007317006 125
1777254020825 0.9863789084967071 126
1777254026216 0.9862771411190192 127
1777254037163 0.9860898962787374 128
1777254042659 0.9862898322541136 129
1777254065573 0.9862743688167528 130
1777254070270 0.9867980213539557 131
