1777410883170 171.04991149902344 1
1777410894309 165.7469482421875 2
1777410902206 159.8385772705078 3
1777410912663 152.26910400390625 4
1777410925112 142.68275451660156 5
1777410940517 130.45704650878906 6
1777410953479 116.34418487548828 7
1777410955226 101.66246032714844 8
1777410974764 86.72991180419922 9
1777410983063 71.46156311035156 10
1777410999564 57.99749755859375 11
1777411003085 45.46508026123047 12
1777411008286 35.44998550415039 13
1777411009598 28.635025024414062 14
1777411011087 25.055452346801758 15
1777411014662 23.01906967163086 16
1777411023248 21.60007095336914 17
1777411031916 21.272903442382812 18
1777411035225 20.22411346435547 19
1777411039230 19.877777099609375 20
1777411055741 18.869964599609375 21
1777411062872 18.960609436035156 22
1777411068333 19.230730056762695 23
1777411077086 17.96794891357422 24
1777411089795 18.882112503051758 25
1777411094271 17.35276985168457 26
1777411100414 16.564908981323242 27
1777411103364 16.67528533935547 28
1777411115738 16.596162796020508 29
1777411126235 16.18079376220703 30
1777411135754 16.9937686920166 31
1777411150527 16.089797973632812 32
1777411160075 15.514111518859863 33
1777411175364 14.607608795166016 34
1777411188859 16.383506774902344 35
1777411202974 15.965283393859863 36
1777411208581 15.442569732666016 37
1777411218356 14.849226951599121 38
1777411221933 15.220573425292969 39
1777411234228 15.957740783691406 40
1777411240072 14.340339660644531 41
1777411257855 15.60571575164795 42
1777411271968 14.857686042785645 43
1777411278384 13.705530166625977 44
1777411296926 15.209586143493652 45
1777411307237 14.198558807373047 46
1777411333560 14.421745300292969 47
1777411335593 14.118247985839844 48
1777411354403 13.680069923400879 49
1777411367108 13.951560974121094 50
1777411378202 14.452799797058105 51
1777411389029 13.278392791748047 52
1777411399320 14.709249496459961 53
1777411423094 13.577699661254883 54
1777411438895 12.689857482910156 55
1777411452235 13.388673782348633 56
1777411456804 12.947346687316895 57
1777411467740 12.677779197692871 58
1777411471869 13.349835395812988 59
1777411476464 14.038737297058105 60
1777411477325 13.165410041809082 61
1777411481603 12.440184593200684 62
1777411482631 13.409148216247559 63
1777411497309 12.296496391296387 64
1777411507001 12.208423614501953 65
1777411508291 12.442209243774414 66
