1777376787992 45910.375 1
1777376788935 45300.359375 2
1777376789533 44625.8046875 3
1777376790088 44039.48046875 4
1777376791088 43430.48046875 5
1777376792022 42682.87109375 6
1777376793535 41645.8671875 7
1777376797038 40754.01953125 8
1777376799987 39866.28125 9
1777376802117 38971.3984375 10
1777376804432 38008.16015625 11
1777376808337 36873.74609375 12
1777376809113 35541.16015625 13
1777376810287 34166.859375 14
1777376811033 32743.013671875 15
1777376812276 31417.962890625 16
1777376812884 30009.044921875 17
1777376814571 28658.044921875 18
1777376816733 27305.662109375 19
1777376817956 25861.060546875 20
1777376820281 24364.17578125 21
1777376821445 22674.43359375 22
1777376821931 20438.587890625 23
1777376822366 18204.037109375 24
1777376822879 16501.1328125 25
1777376823732 14760.47265625 26
1777376824187 13245.56640625 27
1777376826549 11815.814453125 28
1777376826977 10659.763671875 29
1777376827453 9325.318359375 30
1777376828042 8056.716796875 31
1777376828978 7205.205078125 32
1777376830607 5928.7939453125 33
1777376831797 5218.900390625 34
1777376833574 4409.5146484375 35
1777376835241 3602.404541015625 36
1777376836814 3140.817138671875 37
1777376837900 2648.112548828125 38
1777376839465 2231.622802734375 39
1777376840842 2023.1885986328125 40
1777376841901 1944.0450439453125 41
1777376842910 1547.7459716796875 42
1777376843763 1681.6712646484375 43
1777376844221 1420.881103515625 44
1777376845740 1512.0374755859375 45
1777376846866 1413.5313720703125 46
1777376847662 1323.7041015625 47
1777376849073 1348.635009765625 48
1777376849894 1164.4322509765625 49
1777376851311 1245.2508544921875 50
1777376852709 1297.4227294921875 51
1777376853172 1152.1751708984375 52
1777376853644 1226.4901123046875 53
1777376854253 1118.56689453125 54
1777376854979 992.0836791992188 55
1777376855974 1050.81591796875 56
1777376857516 1053.82763671875 57
1777376858414 1159.8487548828125 58
1777376859268 964.7615966796875 59
1777376859890 989.3222045898438 60
1777376860666 951.5294189453125 61
1777376861707 864.3929443359375 62
1777376862146 897.3167724609375 63
1777376863375 961.0594482421875 64
1777376864055 1016.4456176757812 65
1777376865029 929.4544067382812 66
1777376865959 979.579833984375 67
1777376867187 882.395263671875 68
1777376868558 927.0401000976562 69
1777376869720 1113.1663818359375 70
1777376870499 798.743408203125 71
1777376871051 1075.32763671875 72
1777376871516 951.0690307617188 73
1777376872000 845.3432006835938 74
1777376872848 1091.9085693359375 75
1777376873326 853.6742553710938 76
1777376874711 871.1488647460938 77
1777376875202 712.8731079101562 78
1777376876780 692.8130493164062 79
1777376877242 777.6784057617188 80
1777376877810 802.9710693359375 81
1777376878249 738.8628540039062 82
1777376878857 747.8745727539062 83
1777376879985 797.0377807617188 84
1777376880488 711.5909423828125 85
1777376880944 725.8295288085938 86
1777376881679 614.8175659179688 87
1777376882106 691.7474975585938 88
1777376882937 709.0401611328125 89
1777376883382 675.2975463867188 90
1777376884633 823.2536010742188 91
1777376885097 661.7913818359375 92
1777376885542 643.209228515625 93
1777376886593 694.902099609375 94
1777376887028 588.6677856445312 95
1777376887821 675.503173828125 96
1777376888253 692.7924194335938 97
1777376888688 649.9597778320312 98
1777376889109 751.3240966796875 99
1777376889929 559.80029296875 100
1777376891188 640.0408935546875 101
1777376891999 594.41552734375 102
1777376893520 607.0093994140625 103
1777376894541 484.08514404296875 104
1777376896055 581.1887817382812 105
1777376897878 536.3370971679688 106
1777376899207 600.731201171875 107
1777376900441 550.2210693359375 108
1777376901580 688.9569702148438 109
1777376902348 626.8939819335938 110
1777376903260 653.4165649414062 111
1777376904698 549.1417846679688 112
1777376905863 589.8148803710938 113
1777376906509 612.8302001953125 114
1777376907227 551.8389282226562 115
1777376908688 528.80859375 116
1777376910409 458.846435546875 117
1777376913068 489.2886962890625 118
1777376913557 505.8217468261719 119
1777376913999 476.4523620605469 120
1777376915017 494.13519287109375 121
1777376915600 499.02435302734375 122
1777376916534 484.2546081542969 123
1777376917606 466.015380859375 124
1777376918591 449.7242431640625 125
1777376919701 437.97650146484375 126
1777376921777 496.96282958984375 127
1777376922324 440.6575927734375 128
1777376923739 454.7962951660156 129
1777376924545 493.61907958984375 130
1777376925684 487.99725341796875 131
1777376926106 541.9419555664062 132
1777376926524 518.0711059570312 133
1777376929046 526.8013916015625 134
1777376930188 456.157958984375 135
1777376930822 407.4526062011719 136
