1777217977968 168.1506709346065 1
1777217979212 166.50875515407986 2
1777217979984 164.37456484194155 3
1777217981734 162.21764119466147 4
1777217982714 159.8698959350586 5
1777217985344 157.16346316867404 6
1777217988265 154.01805029975043 7
1777218023116 150.50382345694084 8
1777218024112 146.57064324838143 9
1777218024754 142.26445388793945 10
1777218025425 137.41995324028863 11
1777218026311 131.6212112991898 12
1777218027570 126.00503596553096 13
1777218028398 120.22755601671007 14
1777218029280 114.1184794108073 15
1777218030055 107.85673226250543 16
1777218030776 101.21141221788194 17
1777218031635 94.45371500651042 18
1777218032493 87.41939897890444 19
1777218045250 80.47626862702546 20
1777218047942 72.7558066756637 21
1777218048895 65.77207706592701 22
1777218049986 58.786147082293475 23
1777218051590 52.47656331238923 24
1777218052547 46.48947528556541 25
1777218053260 40.24771351284451 26
1777218053941 34.82155128761574 27
1777218054632 30.591347129256636 28
1777218056711 26.30722060026946 29
1777218057797 24.55503665076362 30
1777218058496 22.363040447235107 31
1777218059508 20.98211747628671 32
1777218060244 19.227127728638827 33
1777218061062 18.34009811613295 34
1777218061770 17.306742191314697 35
1777218062475 17.3016895364832 36
1777218063249 17.231758311942773 37
1777218063965 15.725547225387007 38
1777218064628 16.229313073334872 39
1777218065297 16.58162796938861 40
1777218066747 14.60504189244023 41
1777218068316 15.758827792273628 42
1777218069809 15.389719998395002 43
1777218070885 15.643517794432464 44
1777218096944 15.23305090268453 45
1777218099101 15.125186381516633 46
1777218099801 14.021470211170337 47
1777218100551 13.20917237246478 48
1777218101267 13.689074675242106 49
1777218101953 13.720605611801147 50
1777218102666 12.396543829529374 51
1777218103331 13.809921114533037 52
1777218104811 13.378168618237531 53
1777218105532 14.468554364310371 54
1777218106256 11.881026612387764 55
1777218107004 13.243885172737969 56
1777218107743 13.440344987092194 57
1777218108453 13.324008932820073 58
1777218110821 12.509066449271309 59
1777218111466 11.97635476677506 60
1777218112221 12.587196208812573 61
1777218112840 12.41496111728527 62
1777218113485 13.031347363083452 63
1777218114955 11.687123687179 64
1777218116094 13.379975663291084 65
1777218119036 12.411347265596744 66
1777218119663 12.137658295808015 67
1777218120262 12.047994843235722 68
1777218120863 11.416474465970639 69
1777218121459 12.220121092266506 70
1777218122860 11.580781406826443 71
1777218123505 11.758016762910065 72
1777218124378 12.514743469379566 73
1777218125690 11.561209113509566 74
1777218126989 11.65575189060635 75
1777218127588 11.451410284748784 76
1777218128181 11.877376529905531 77
1777218129222 10.88790132381298 78
1777218129950 10.408647184018735 79
1777218130951 10.579273736035383 80
1777218131540 12.00029703422829 81
1777218132658 12.129921595255533 82
1777218133591 10.614119017565692 83
1777218134278 12.237916116361264 84
1777218134965 11.080488160804466 85
1777218136686 9.813388842123526 86
1777218139614 10.786735331570661 87
