1777217977968 -1.8634511355841545 1
1777217979212 -1.8282574328866725 2
1777217979984 -1.782719882962938 3
1777217981734 -1.737687720935439 4
1777217982714 -1.6874690974569 5
1777217985344 -1.6263505756677037 6
1777217988265 -1.5502152971589984 7
1777218023116 -1.458362561782605 8
1777218024112 -1.354557235632479 9
1777218024754 -1.2423196771639695 10
1777218025425 -1.1178417611496978 11
1777218026311 -0.987441797292137 12
1777218027570 -0.8566766681850713 13
1777218028398 -0.727915468123395 14
1777218029280 -0.5932467444645195 15
1777218030055 -0.461527543324709 16
1777218030776 -0.32748052146119355 17
1777218031635 -0.19100553898747208 18
1777218032493 -0.061912420043660044 19
1777218045250 0.07531907898641454 20
1777218047942 0.2023561649157174 21
1777218048895 0.3155544508834359 22
1777218049986 0.4355573572422108 23
1777218051590 0.5374847622990593 24
1777218052547 0.6309171562514703 25
1777218053260 0.7090265460623695 26
1777218053941 0.7830166853050112 27
1777218054632 0.8312574929562165 28
1777218056711 0.870264676822999 29
1777218057797 0.8861908113603514 30
1777218058496 0.9060002977578738 31
1777218059508 0.9169778952694979 32
1777218060244 0.9268297875516481 33
1777218061062 0.9351663027123738 34
1777218061770 0.942615002234443 35
1777218062475 0.9429107952588371 36
1777218063249 0.9434954755403651 37
1777218063965 0.9502179804894135 38
1777218064628 0.9481890823287932 39
1777218065297 0.9472481494443927 40
1777218066747 0.9558247912277453 41
1777218068316 0.951770518335419 42
1777218069809 0.9526201561736204 43
1777218070885 0.9529859902726193 44
1777218096944 0.9533373757378752 45
1777218099101 0.9530349721262948 46
1777218099801 0.9607661770171174 47
1777218100551 0.9634318108161868 48
1777218101267 0.9623304406730523 49
1777218101953 0.9603440564063809 50
1777218102666 0.9677672492920427 51
1777218103331 0.9614111091247796 52
1777218104811 0.9636544094753345 53
1777218105532 0.9573023463953528 54
1777218106256 0.9699465147254912 55
1777218107004 0.9622295791427034 56
1777218107743 0.9627193864741372 57
1777218108453 0.9630678010698134 58
1777218110821 0.9666272677601722 59
1777218111466 0.96949977896566 60
1777218112221 0.9653354218590553 61
1777218112840 0.9675049417990864 62
1777218113485 0.9655219162112592 63
1777218114955 0.9707135050928898 64
1777218116094 0.963775538456879 65
1777218119036 0.9672256949650071 66
1777218119663 0.9685160345384746 67
1777218120262 0.9693250849102727 68
1777218120863 0.9709151181373693 69
1777218121459 0.9680015699013457 70
1777218122860 0.9705705950230045 71
1777218123505 0.9703036969567043 72
1777218124378 0.9666184596586251 73
1777218125690 0.9698930321487164 74
1777218126989 0.9712116644775453 75
1777218127588 0.971747061088568 76
1777218128181 0.970174684571947 77
1777218129222 0.9740139111541886 78
1777218129950 0.9759731912881758 79
1777218130951 0.9742476064804607 80
1777218131540 0.9694560598871009 81
1777218132658 0.9689010303905132 82
1777218133591 0.9740994559210046 83
1777218134278 0.9691106510675294 84
1777218134965 0.9727483790215571 85
1777218136686 0.9772923859874659 86
1777218139614 0.9746323388970916 87
