1777217977968 -1.8634512385817028 1
1777217979212 -1.828257475034714 2
1777217979984 -1.782719538883423 3
1777217981734 -1.7376875239873515 4
1777217982714 -1.6874692413360473 5
1777217985344 -1.6263500045349406 6
1777217988265 -1.5502152971589984 7
1777218023116 -1.4583627611041197 8
1777218024112 -1.3545569095584349 9
1777218024754 -1.242319533284822 10
1777218025425 -1.1178419854459047 11
1777218026311 -0.9874419402678526 12
1777218027570 -0.8566768017535991 13
1777218028398 -0.7279153961838214 14
1777218029280 -0.593246672524946 15
1777218030055 -0.4615277396731444 16
1777218030776 -0.32748052148082507 17
1777218031635 -0.1910054740346424 18
1777218032493 -0.061912420043660044 19
1777218045250 0.0753191123323233 20
1777218047942 0.20235613617149661 21
1777218048895 0.31555448685322274 22
1777218049986 0.43555735516483274 23
1777218051590 0.5374847624999932 24
1777218052547 0.6309172141457792 25
1777218053260 0.7090265759873202 26
1777218053941 0.7830166853050112 27
1777218054632 0.8312574749713231 28
1777218056711 0.8702646719861185 29
1777218057797 0.8861908031729668 30
1777218058496 0.9060002942940466 31
1777218059508 0.9169779132886882 32
1777218060244 0.9268297853035364 33
1777218061062 0.935166307376482 34
1777218061770 0.9426149983402143 35
1777218062475 0.9429107956480874 36
1777218063249 0.9434954777884768 37
1777218063965 0.9502179728327209 38
1777218064628 0.9481890786015379 39
1777218065297 0.9472481536016568 40
1777218066747 0.9558247921575793 41
1777218068316 0.9517705160873073 42
1777218069809 0.9526201561736204 43
1777218070885 0.9529859891385631 44
1777218096944 0.9533373740163524 45
1777218099101 0.9530349704516964 46
1777218099801 0.9607661798395819 47
1777218100551 0.9634318108161868 48
1777218101267 0.9623304414794067 49
1777218101953 0.960344060039301 50
1777218102666 0.9677672458491765 51
1777218103331 0.9614111124969471 52
1777218104811 0.9636544132140767 53
1777218105532 0.9573023471400706 54
1777218106256 0.9699465159496008 55
1777218107004 0.962229581390815 56
1777218107743 0.962719387840467 57
1777218108453 0.963067799727987 58
1777218110821 0.9666272688030422 59
1777218111466 0.9694997767978223 60
1777218112221 0.9653354196109436 61
1777218112840 0.9675049429788288 62
1777218113485 0.96552191522448 63
1777218114955 0.9707135063087828 64
1777218116094 0.9637755380990184 65
1777218119036 0.9672256892350701 66
1777218119663 0.9685160311249108 67
1777218120262 0.9693250827035323 68
1777218120863 0.9709151181373694 69
1777218121459 0.9680015710033476 70
1777218122860 0.9705705950230045 71
1777218123505 0.9703036958326484 72
1777218124378 0.9666184608130521 73
1777218125690 0.9698930321304012 74
1777218126989 0.97121166542451 75
1777218127588 0.9717470619970165 76
1777218128181 0.9701746867491136 77
1777218129222 0.9740139130236167 78
1777218129950 0.9759731906837532 79
1777218130951 0.9742476053564049 80
1777218131540 0.9694560577002096 81
1777218132658 0.968901030414222 82
1777218133591 0.9740994545644861 83
1777218134278 0.9691106510675294 84
1777218134965 0.9727483769044656 85
1777218136686 0.9772923868293188 86
1777218139614 0.9746323359480971 87
