1777387629847 159.7853546142578 1
1777387630675 154.82298787434897 2
1777387631513 149.4264933268229 3
1777387632328 142.5449473063151 4
1777387633154 133.98116556803384 5
1777387633969 123.42651875813802 6
1777387634791 111.25404866536458 7
1777387635607 98.08104705810547 8
1777387636421 84.44283548990886 9
1777387637237 70.60977935791016 10
1777387638058 57.09272893269857 11
1777387638870 45.08569844563802 12
1777387639684 35.670491536458336 13
1777387640509 28.961069107055664 14
1777387641330 25.680234909057617 15
1777387642170 22.859166463216145 16
1777387642994 21.392155329386394 17
1777387643812 21.171967188517254 18
1777387644636 20.656410853068035 19
1777387645462 18.948798497517902 20
1777387646277 18.000800450642902 21
1777387647106 16.924184799194336 22
1777387647922 17.43710454305013 23
1777387648741 17.353823979695637 24
1777387649567 15.300251642862955 25
1777387650397 16.95627276102702 26
1777387651217 16.979149500528973 27
1777387652039 16.09687328338623 28
1777387652863 16.44678529103597 29
1777387653688 16.25691286722819 30
1777387654503 15.621182759602865 31
1777387655319 16.041168848673504 32
1777387656409 14.736042340596518 33
1777387657464 15.705183347066244 34
1777387658527 14.783380508422852 35
1777387659593 15.64958127339681 36
1777387660466 14.398441632588705 37
1777387662164 15.089171091715494 38
1777387663347 14.286200205485025 39
1777387664486 14.81722100575765 40
1777387665984 14.127931912740072 41
1777387667663 14.419225374857584 42
1777387669721 14.447897593180338 43
1777387671795 14.525137265523275 44
1777387674885 13.378265698750814 45
1777387679894 14.161627769470215 46
1777387682773 15.14468765258789 47
1777387687947 13.62595272064209 48
1777387690734 12.610127449035645 49
1777387691852 12.383051236470541 50
1777387692788 12.33971087137858 51
1777387694091 12.732659339904785 52
1777387695014 13.046337445576986 53
1777387696007 13.54801114400228 54
1777387697171 13.066313107808432 55
1777387698247 11.952844619750977 56
1777387700080 12.213793754577637 57
1777387701718 12.396803538004557 58
1777387702597 11.571906407674154 59
1777387703548 12.090438524881998 60
1777387705068 10.865659713745117 61
1777387706171 11.390028317769369 62
1777387708227 12.402454058329264 63
1777387710574 10.980179150899252 64
1777387712045 11.91169802347819 65
1777387714182 11.264017422993978 66
1777387715052 10.457245190938314 67
1777387716286 11.324904759724935 68
1777387717373 11.333985010782877 69
1777387719990 10.95760726928711 70
1777387722611 10.983272870381674 71
1777387724419 10.718500455220541 72
1777387725556 10.529264132181803 73
1777387726900 10.222006797790527 74
1777387727934 11.313616434733072 75
1777387731037 11.501076380411783 76
1777387734267 11.106441497802734 77
1777387735137 10.519319852193197 78
1777387736639 10.59892495473226 79
1777387738855 10.319926897684732 80
1777387739885 10.46927801767985 81
1777387741603 10.08186403910319 82
1777387745226 9.954067548116049 83
1777387746581 9.88748550415039 84
1777387747434 9.851816813151041 85
1777387748866 9.919387817382812 86
1777387750249 10.90753205617269 87
1777387751144 10.308706919352213 88
1777387753911 10.36405340830485 89
1777387756751 9.728070259094238 90
1777387765211 9.923667271931967 91
1777387766148 9.685832977294922 92
1777387768280 9.454036076863607 93
1777387771766 9.626053810119629 94
1777387773222 9.544955571492514 95
1777387774086 9.869959195454916 96
1777387775938 9.510481198628744 97
1777387779681 9.579873085021973 98
1777387780545 9.297978401184082 99
1777387782521 9.427122433980307 100
1777387784584 9.226717313130697 101
1777387785487 9.256849924723307 102
1777387787499 9.558219909667969 103
1777387791177 9.297255516052246 104
1777387792537 8.75777498881022 105
1777387795300 9.675950686136881 106
1777387797984 8.941839536031088 107
1777387799698 9.135452588399252 108
1777387801624 9.201831181844076 109
1777387803261 9.958261807759603 110
1777387805285 8.871689160664877 111
1777387807943 8.85685125986735 112
1777387811341 9.216721216837565 113
1777387813557 8.855167388916016 114
1777387816216 8.768269856770834 115
