1777387629847 40319.838541666664 1
1777387630675 38734.92578125 2
1777387631513 36973.643229166664 3
1777387632328 34367.97265625 4
1777387633154 31003.972005208332 5
1777387633969 27261.768880208332 6
1777387634791 23085.55859375 7
1777387635607 19062.733723958332 8
1777387636421 15117.2197265625 9
1777387637237 11262.5732421875 10
1777387638058 7855.164713541667 11
1777387638870 5171.734700520833 12
1777387639684 3273.8971354166665 13
1777387640509 2037.6682942708333 14
1777387641330 1468.5072428385417 15
1777387642170 1128.2191569010417 16
1777387642994 973.3515421549479 17
1777387643812 912.9036458333334 18
1777387644636 886.3236897786459 19
1777387645462 719.7387084960938 20
1777387646277 641.7001953125 21
1777387647106 548.6781209309896 22
1777387647922 610.7394612630209 23
1777387648741 595.7840983072916 24
1777387649567 466.8295593261719 25
1777387650397 568.1562093098959 26
1777387651217 588.9567667643229 27
1777387652039 505.1734619140625 28
1777387652863 546.0118509928385 29
1777387653688 532.9967854817709 30
1777387654503 485.8489990234375 31
1777387655319 503.80438232421875 32
1777387656409 431.43703206380206 33
1777387657464 483.6887613932292 34
1777387658527 421.6585998535156 35
1777387659593 479.2630208333333 36
1777387660466 397.35545857747394 37
1777387662164 454.8547058105469 38
1777387663347 402.3018086751302 39
1777387664486 432.0135904947917 40
1777387665984 403.94871012369794 41
1777387667663 398.98244222005206 42
1777387669721 407.482177734375 43
1777387671795 409.8013102213542 44
1777387674885 341.2824198404948 45
1777387679894 394.16881306966144 46
1777387682773 443.3975524902344 47
1777387687947 356.00355021158856 48
1777387690734 304.90293375651044 49
1777387691852 306.5921223958333 50
1777387692788 285.68845621744794 51
1777387694091 312.19964599609375 52
1777387695014 330.00254313151044 53
1777387696007 363.15175374348956 54
1777387697171 328.3212585449219 55
1777387698247 280.47698465983075 56
1777387700080 288.6493835449219 57
1777387701718 286.5032653808594 58
1777387702597 259.5039978027344 59
1777387703548 279.9256083170573 60
1777387705068 223.9232940673828 61
1777387706171 253.45318094889322 62
1777387708227 290.43605550130206 63
1777387710574 224.5896250406901 64
1777387712045 266.34759521484375 65
1777387714182 235.5503692626953 66
1777387715052 208.76532999674478 67
1777387716286 247.6775105794271 68
1777387717373 245.51683553059897 69
1777387719990 223.28657023111978 70
1777387722611 224.46099853515625 71
1777387724419 220.11710103352866 72
1777387725556 215.3414510091146 73
1777387726900 190.4018809000651 74
1777387727934 244.35516866048178 75
1777387731037 249.11199951171875 76
1777387734267 248.20730590820312 77
1777387735137 209.26055908203125 78
1777387736639 214.67618306477866 79
1777387738855 199.84580993652344 80
1777387739885 206.55271911621094 81
1777387741603 202.10169474283853 82
1777387745226 183.08496602376303 83
1777387746581 184.90870666503906 84
1777387747434 189.6642608642578 85
1777387748866 184.57948303222656 86
1777387750249 227.85545349121094 87
1777387751144 194.81343587239584 88
1777387753911 202.18121337890625 89
1777387756751 185.21090189615884 90
1777387765211 184.3988240559896 91
1777387766148 177.06703186035156 92
1777387768280 168.33697509765625 93
1777387771766 171.9953358968099 94
1777387773222 175.5870157877604 95
1777387774086 189.24041748046875 96
1777387775938 168.0675048828125 97
1777387779681 175.57725524902344 98
1777387780545 158.11813354492188 99
1777387782521 166.8176472981771 100
1777387784584 157.8256581624349 101
1777387785487 158.29720560709634 102
1777387787499 169.21308390299478 103
1777387791177 158.55319213867188 104
1777387792537 139.0641835530599 105
1777387795300 179.03668212890625 106
1777387797984 146.6935272216797 107
1777387799698 152.38427734375 108
1777387801624 156.4852498372396 109
1777387803261 195.92088826497397 110
1777387805285 143.53065490722656 111
1777387807943 144.92804972330728 112
1777387811341 154.73562622070312 113
1777387813557 145.27733357747397 114
1777387816216 142.03277587890625 115
