1777177427103 152.05963897705078 1
1777177428929 128.92212524414063 2
1777177430754 92.02673873901367 3
1777177432577 48.41494598388672 4
1777177434407 27.96690216064453 5
1777177436253 22.716079330444337 6
1777177438078 20.61340751647949 7
1777177439904 19.146200370788574 8
1777177441726 17.784001541137695 9
1777177443557 18.081617736816405 10
1777177445393 17.350244331359864 11
1777177447254 16.461651706695555 12
1777177449080 16.574299621582032 13
1777177450916 15.965230369567871 14
1777177452745 15.43056125640869 15
1777177454584 15.100751972198486 16
1777177456417 15.538188648223876 17
1777177458289 14.649960327148438 18
1777177460134 14.261356830596924 19
1777177461980 13.767693328857423 20
1777177463829 13.783017349243163 21
1777177465668 13.689717102050782 22
1777177467502 13.664310646057128 23
1777177469352 13.277386093139649 24
1777177471181 12.990612983703613 25
1777177473013 12.476179313659667 26
1777177474845 12.141816806793212 27
1777177476730 12.050775623321533 28
1777177478559 11.65335988998413 29
1777177480423 11.637891864776611 30
1777177482271 11.422715854644775 31
1777177484132 11.654244995117187 32
1777177486004 11.192817401885986 33
1777177487940 11.075702571868897 34
1777177489842 10.73607292175293 35
1777177492034 10.380763721466064 36
1777177494286 10.594982528686524 37
1777177496635 10.204299831390381 38
1777177508077 10.426204681396484 39
1777177509983 10.097123622894287 40
1777177511896 10.030358505249023 41
1777177513813 9.93016242980957 42
1777177515672 9.919854068756104 43
1777177517537 9.82120485305786 44
1777177519402 9.78237009048462 45
1777177521266 9.443803119659425 46
1777177523127 9.617619514465332 47
1777177524996 9.54675521850586 48
1777177526838 9.171210956573486 49
1777177528673 9.26675205230713 50
1777177530502 9.17573652267456 51
1777177532332 9.176371192932129 52
1777177534169 9.419767379760742 53
1777177536021 9.206330871582031 54
1777177537856 8.762630462646484 55
1777177539684 8.760674953460693 56
1777177541509 8.988208961486816 57
1777177543334 8.853723621368408 58
1777177545193 8.864607429504394 59
1777177547022 8.74880084991455 60
1777177548855 8.56053581237793 61
1777177550685 8.890889739990234 62
1777177552520 8.522853755950928 63
1777177554355 8.351841974258424 64
1777177556206 8.72522497177124 65
1777177558038 8.411004829406739 66
1777177560111 8.523012161254883 67
1777177561957 8.23606367111206 68
1777177563804 8.312547779083252 69
1777177565670 8.004958868026733 70
1777177567524 8.376830339431763 71
1777177569426 8.281501865386963 72
1777177571290 8.071169662475587 73
1777177573206 8.076393222808838 74
1777177575086 7.939860868453979 75
1777177576975 8.267954063415527 76
1777177579007 8.003760147094727 77
1777177580924 7.960439157485962 78
1777177582861 8.098547077178955 79
1777177584842 7.912688541412353 80
1777177587192 7.904802894592285 81
1777177589072 7.703831720352173 82
1777177590927 7.754237651824951 83
1777177592787 7.824319076538086 84
1777177594630 7.714109802246094 85
1777177596469 7.732709980010986 86
1777177598313 7.658788967132568 87
1777177600175 7.587275218963623 88
1777177602009 7.353063774108887 89
1777177603843 7.796416139602661 90
1777177605673 7.871448755264282 91
1777177607504 7.777994680404663 92
1777177609333 7.556144666671753 93
1777177611192 7.337591934204101 94
1777177613030 7.379359245300293 95
1777177614871 7.373046398162842 96
1777177616795 7.848884630203247 97
1777177618632 7.507760953903198 98
1777177620473 7.601515626907348 99
1777177622333 7.297163724899292 100
1777177624169 7.413267707824707 101
1777177626001 7.406517267227173 102
1777177627834 7.375139951705933 103
1777177629661 7.376203823089599 104
1777177631492 7.382752275466919 105
1777177633345 7.269700050354004 106
1777177635169 7.197948360443116 107
1777177636995 7.299250316619873 108
1777177638824 7.169658184051514 109
1777177640664 7.105044841766357 110
1777177642503 7.275629568099975 111
1777177644344 7.175823640823364 112
1777177646177 7.080738735198975 113
1777177648017 7.108242225646973 114
1777177649887 7.0351776599884035 115
1777177651748 7.186156749725342 116
1777177653647 7.067909383773804 117
1777177655514 7.049540042877197 118
1777177657396 7.090112209320068 119
1777177659268 7.10548243522644 120
1777177661173 6.935302972793579 121
1777177663063 7.102339839935302 122
1777177665016 7.015604066848755 123
1777177666928 6.933639717102051 124
1777177669213 6.768137407302857 125
1777177671423 6.804286956787109 126
1777177685347 6.88153715133667 127
1777177712228 6.933017063140869 128
1777177772856 6.739935445785522 129
1777177851545 6.983200931549073 130
1777177853416 6.879525518417358 131
1777177855239 6.923761081695557 132
1777177857063 6.835126972198486 133
1777177858885 6.846395015716553 134
1777177860716 6.811655902862549 135
1777177862544 6.765581178665161 136
1777177864394 6.698060131072998 137
1777177866226 6.73251256942749 138
1777177868057 6.583448219299316 139
1777177869892 6.744872903823852 140
1777177871725 6.63509168624878 141
1777177873559 6.713272428512573 142
1777177875421 6.53446397781372 143
1777177877265 6.786708879470825 144
1777177879107 6.694256401062011 145
1777177880959 6.585053586959839 146
1777177882809 6.574860525131226 147
1777177886231 6.6369561672210695 148
1777177888150 6.618010520935059 149
1777177890031 6.613960075378418 150
1777177891902 6.418343114852905 151
1777177893777 6.434394359588623 152
1777177895648 6.563260459899903 153
1777177897496 6.5391019821167 154
1777177899334 6.4586762428283695 155
1777177901172 6.6188126564025875 156
1777177903016 6.55833854675293 157
1777177904853 6.456922388076782 158
1777177906707 6.530242443084717 159
1777177908542 6.506198978424072 160
1777177910379 6.463038635253906 161
1777177912210 6.273227548599243 162
1777177914057 6.4145129203796385 163
1777177915889 6.498198413848877 164
1777177917755 6.213786363601685 165
