1777177427103 190.66184663423297 1
1777177428929 169.24714261188498 2
1777177430754 130.14439639515197 3
1777177432577 75.04132497657879 4
1777177434407 42.01742567278415 5
1777177436253 32.48443582457453 6
1777177438078 28.851905726641014 7
1777177439904 26.770107927860657 8
1777177441726 24.68604172551604 9
1777177443557 25.112043754024977 10
1777177445393 24.10111678354535 11
1777177447254 22.90001982369822 12
1777177449080 23.1442230718533 13
1777177450916 22.26998503650171 14
1777177452745 21.410338105770332 15
1777177454584 21.08725766249577 16
1777177456417 21.79888778875189 17
1777177458289 20.61257080064194 18
1777177460134 20.117358751189794 19
1777177461980 19.36007301261933 20
1777177463829 19.186783593722218 21
1777177465668 19.20122097791168 22
1777177467502 19.182568745429553 23
1777177469352 18.675707209290188 24
1777177471181 18.20267818107747 25
1777177473013 17.49428193616531 26
1777177474845 17.00357386194298 27
1777177476730 16.884691727371745 28
1777177478559 16.229309520805355 29
1777177480423 16.136750128183046 30
1777177482271 15.885404885964451 31
1777177484132 16.166492929817498 32
1777177486004 15.580374162614959 33
1777177487940 15.305076984759186 34
1777177489842 14.87018533634296 35
1777177492034 14.342463714120502 36
1777177494286 14.571251647286285 37
1777177496635 13.997126560020273 38
1777177508077 14.384973887642744 39
1777177509983 13.836633516523083 40
1777177511896 13.634007449770717 41
1777177513813 13.619996503941143 42
1777177515672 13.569533867420896 43
1777177517537 13.470646291922566 44
1777177519402 13.317419201420659 45
1777177521266 12.829066005787771 46
1777177523127 13.074285552630352 47
1777177524996 13.090342373036288 48
1777177526838 12.542916167299827 49
1777177528673 12.631020706851322 50
1777177530502 12.461728920488444 51
1777177532332 12.526435729825476 52
1777177534169 12.893038629369395 53
1777177536021 12.529568127439447 54
1777177537856 11.89763280742009 55
1777177539684 11.915917380264299 56
1777177541509 12.23772343560174 57
1777177543334 12.042148185344082 58
1777177545193 12.156566718584212 59
1777177547022 11.909155986354225 60
1777177548855 11.621904367020234 61
1777177550685 12.075265522125402 62
1777177552520 11.54792913039418 63
1777177554355 11.422309943215096 64
1777177556206 12.032216796575788 65
1777177558038 11.467210747926005 66
1777177560111 11.67256242872697 67
1777177561957 11.198921509258673 68
1777177563804 11.373559746800604 69
1777177565670 10.970569483927049 70
1777177567524 11.455899652414853 71
1777177569426 11.277027258066337 72
1777177571290 11.018036335726904 73
1777177573206 10.95649648485482 74
1777177575086 10.872894129491737 75
1777177576975 11.319388131917474 76
1777177579007 11.041348978516577 77
1777177580924 10.925852570667733 78
1777177582861 11.059642836734918 79
1777177584842 10.848301443308129 80
1777177587192 10.81974509405532 81
1777177589072 10.57108524037634 82
1777177590927 10.638559564631144 83
1777177592787 10.680781857782453 84
1777177594630 10.53462747781366 85
1777177596469 10.648060954833497 86
1777177598313 10.488091461919065 87
1777177600175 10.49534495687619 88
1777177602009 9.99764780020521 89
1777177603843 10.744203262358948 90
1777177605673 10.867389825536938 91
1777177607504 10.672244282806169 92
1777177609333 10.302044823493086 93
1777177611192 10.076320629640731 94
1777177613030 10.141057950796796 95
1777177614871 10.063130510358947 96
1777177616795 10.844777094722351 97
1777177618632 10.332456854578565 98
1777177620473 10.432491910179863 99
1777177622333 10.02861322623871 100
1777177624169 10.221984848326196 101
1777177626001 10.18900795323525 102
1777177627834 10.148718734638909 103
1777177629661 10.196377257210347 104
1777177631492 10.139883930578629 105
1777177633345 9.996932169549883 106
1777177635169 10.010352404860603 107
1777177636995 10.117032506813686 108
1777177638824 9.85704937325976 109
1777177640664 9.823853675649383 110
1777177642503 10.012776316585896 111
1777177644344 9.880059417182817 112
1777177646177 9.737066197905436 113
1777177648017 9.765875175706437 114
1777177649887 9.736990488856081 115
1777177651748 9.895784699906754 116
1777177653647 9.756437888695412 117
1777177655514 9.668493931878057 118
1777177657396 9.789380261165336 119
1777177659268 9.84585706959806 120
1777177661173 9.515463559901939 121
1777177663063 9.889868162294018 122
1777177665016 9.692843433501412 123
1777177666928 9.599177697962585 124
1777177669213 9.29504285900511 125
1777177671423 9.380378728105308 126
1777177685347 9.477761802478344 127
1777177712228 9.666974562293777 128
1777177772856 9.308157494495083 129
1777177851545 9.628535724923655 130
1777177853416 9.564015397852511 131
1777177855239 9.613659099384302 132
1777177857063 9.389764075797846 133
1777177858885 9.467106594870966 134
1777177860716 9.444916308245572 135
1777177862544 9.277776607320774 136
1777177864394 9.18101800231724 137
1777177866226 9.361215067388605 138
1777177868057 9.081853424611435 139
1777177869892 9.392832928650993 140
1777177871725 9.18540330162512 141
1777177873559 9.3480352487438 142
1777177875421 9.041513305354549 143
1777177877265 9.372274167846905 144
1777177879107 9.310073381065983 145
1777177880959 9.124280001861473 146
1777177882809 9.149742285882807 147
1777177886231 9.15353311131187 148
1777177888150 9.185562369530045 149
1777177890031 9.18854724610262 150
1777177891902 8.891027989526922 151
1777177893777 8.847072703069918 152
1777177895648 9.15869601142513 153
1777177897496 9.117859104864388 154
1777177899334 8.93897866589806 155
1777177901172 9.212398233913015 156
1777177903016 9.12136485464568 157
1777177904853 8.999750088138056 158
1777177906707 9.11649605476393 159
1777177908542 8.937894465328743 160
1777177910379 9.04199323247408 161
1777177912210 8.637564864810958 162
1777177914057 8.859387038216692 163
1777177915889 9.100391282552224 164
1777177917755 8.608022552716406 165
