1777229574379 161.54527282714844 1
1777229575830 156.60299682617188 2
1777229577126 150.3232421875 3
1777229578441 142.5418243408203 4
1777229579725 132.2661895751953 5
1777229581019 118.42605590820312 6
1777229582328 101.99264526367188 7
1777229583558 85.08786010742188 8
1777229584906 68.65980529785156 9
1777229586213 54.118629455566406 10
1777229587564 41.46393966674805 11
1777229588951 32.405967712402344 12
1777229590309 27.291162490844727 13
1777229591562 24.389305114746094 14
1777229592773 22.585294723510742 15
1777229594092 21.326507568359375 16
1777229595410 21.523603439331055 17
1777229596722 19.57404327392578 18
1777229598038 19.7801456451416 19
1777229599385 18.7666072845459 20
1777229600712 19.280942916870117 21
1777229602061 18.13726234436035 22
1777229603373 19.368497848510742 23
1777229604724 19.361454010009766 24
1777229606041 17.473735809326172 25
1777229607320 17.827959060668945 26
1777229608515 17.21196937561035 27
1777229609720 17.413009643554688 28
1777229611085 17.713680267333984 29
1777229612545 17.10486602783203 30
1777229613861 17.38191795349121 31
1777229615148 16.828920364379883 32
1777229616490 17.963359832763672 33
1777229617796 17.226741790771484 34
1777229618914 16.915456771850586 35
1777229620179 16.51106071472168 36
1777229621460 16.680944442749023 37
1777229622639 15.883121490478516 38
1777229623954 16.004770278930664 39
1777229625305 15.960309028625488 40
1777229626500 16.407068252563477 41
1777229627740 16.143312454223633 42
1777229629025 16.181560516357422 43
1777229630364 16.024761199951172 44
1777229631657 15.839713096618652 45
1777229633028 16.460792541503906 46
1777229634311 15.766331672668457 47
1777229635594 15.397395133972168 48
1777229636934 16.01115608215332 49
1777229638252 14.842000961303711 50
1777229639552 16.152236938476562 51
1777229640748 14.563041687011719 52
1777229642002 15.281464576721191 53
1777229643317 15.095005989074707 54
1777229644733 15.164834976196289 55
1777229646039 14.845046043395996 56
1777229647305 15.74295425415039 57
1777229648462 14.181978225708008 58
1777229649703 15.207845687866211 59
1777229651065 14.77968978881836 60
1777229652355 13.93346881866455 61
1777229653698 14.930524826049805 62
1777229655038 13.671066284179688 63
1777229656361 14.217082977294922 64
1777229657688 14.297714233398438 65
1777229679026 14.357077598571777 66
1777229718862 14.27399730682373 67
1777229721315 13.858719825744629 68
1777229733282 15.045969009399414 69
1777229735726 14.077842712402344 70
1777229738534 14.455957412719727 71
1777229749601 13.711052894592285 72
1777229764300 14.117324829101562 73
1777229765596 13.799114227294922 74
1777229766917 13.857253074645996 75
1777229779300 13.522340774536133 76
1777229780743 13.215503692626953 77
1777229782089 13.010647773742676 78
1777229783424 13.463566780090332 79
1777229784708 13.510591506958008 80
1777229785918 13.659173011779785 81
1777229787277 13.435219764709473 82
1777229788618 12.716873168945312 83
1777229789904 12.987643241882324 84
1777229791217 12.918497085571289 85
1777229792566 13.213457107543945 86
1777229793863 13.107388496398926 87
1777229795226 12.680505752563477 88
1777229796385 12.34467601776123 89
1777229797508 12.346426963806152 90
1777229798724 12.68898868560791 91
1777229800028 12.687912940979004 92
1777229801319 12.579910278320312 93
1777229802774 12.266672134399414 94
1777229804217 12.983499526977539 95
1777229805635 12.440444946289062 96
1777229806876 12.22120189666748 97
1777229808128 11.876620292663574 98
1777229809483 12.031238555908203 99
1777229810827 12.206426620483398 100
1777229812042 11.82280158996582 101
1777229813430 12.1072359085083 102
1777229814743 11.67463493347168 103
1777229816110 11.86433219909668 104
1777229817456 12.03962230682373 105
1777229818776 12.013659477233887 106
1777229820072 11.84695053100586 107
1777229821378 11.772873878479004 108
1777229822709 11.645879745483398 109
1777229824048 11.418193817138672 110
1777229825417 11.778764724731445 111
1777229826738 11.511276245117188 112
1777229828064 11.489849090576172 113
1777229829393 11.273606300354004 114
1777229830718 11.286674499511719 115
1777229831999 11.377802848815918 116
1777229833306 11.051041603088379 117
1777229834632 11.126486778259277 118
1777229835969 11.4262056350708 119
1777229837272 10.96689510345459 120
1777229838618 11.465179443359375 121
1777229839964 11.241289138793945 122
1777229841279 11.283137321472168 123
1777229842616 10.76001262664795 124
1777229843866 10.556836128234863 125
1777229845120 10.636702537536621 126
1777229846433 10.777929306030273 127
1777229847851 10.858980178833008 128
1777229849217 10.48991870880127 129
1777229850532 11.017219543457031 130
1777229851865 10.736824989318848 131
1777229853234 10.465126991271973 132
1777229854537 10.415046691894531 133
1777229855827 10.99779224395752 134
1777229857182 11.164458274841309 135
1777229858501 10.833640098571777 136
1777229859820 10.555876731872559 137
1777229861134 10.59740161895752 138
1777229862476 10.492538452148438 139
1777229863815 10.551836013793945 140
1777229865097 10.181734085083008 141
1777229866384 10.142172813415527 142
1777229867652 10.59548282623291 143
1777229868987 10.42621898651123 144
1777229870214 10.368369102478027 145
