1777221633461 -1.8573828886688337 1
1777221634563 -1.8179582332191164 2
1777221635164 -1.7726820979418987 3
1777221635764 -1.7255660916489768 4
1777221638293 -1.6719950390470022 5
1777221638896 -1.6075813018804326 6
1777221639508 -1.5234111875389147 7
1777221640105 -1.4227809041919328 8
1777221640704 -1.3048011283341117 9
1777221641307 -1.182834066697337 10
1777221642054 -1.0379792749282313 11
1777221642699 -0.8795897716297126 12
1777221643356 -0.7404849757219324 13
1777221644006 -0.5933096196647513 14
1777221644650 -0.4580098944619512 15
1777221645287 -0.3226233540586434 16
1777221645975 -0.16746562161635048 17
1777221646632 -0.021573742088318748 18
1777221647283 0.09878875689033217 19
1777221647922 0.2381610028760685 20
1777221648579 0.3629568747434905 21
1777221652213 0.469827390616115 22
1777221654011 0.5662480946496163 23
1777221654654 0.653769489493046 24
1777221657264 0.7334477748715937 25
1777221659103 0.793580768897357 26
1777221665469 0.8419865970729332 27
1777221666359 0.8722369135810107 28
1777221667167 0.8969720498570022 29
1777221668236 0.9145452960331439 30
1777221669510 0.9171731047789099 31
1777221670396 0.9241577134869794 32
1777221672363 0.9338182406003701 33
1777221672991 0.9396490598380794 34
1777221673621 0.9397733512259043 35
1777221674251 0.9416259975770751 36
1777221674871 0.9445973040773894 37
1777221675551 0.9504745197792548 38
1777221676733 0.9486638209727386 39
1777221677352 0.9554563378944223 40
1777221677975 0.9546064437714896 41
1777221678607 0.9574816189893137 42
1777221679629 0.9603571322421307 43
1777221680282 0.954413090430562 44
1777221680958 0.9573833113074081 45
1777221682559 0.9612011040206667 46
1777221683341 0.9581949050688767 47
1777221684066 0.9595693661152378 48
1777221685284 0.9644244983456149 49
1777221685990 0.9613476629170562 50
1777221686733 0.9614677924887023 51
1777221687512 0.9595541958576475 52
1777221688250 0.9647790119711047 53
1777221688985 0.9654537749643345 54
1777221689719 0.9657807805994187 55
1777221690941 0.9646875576640646 56
1777221695745 0.9698923914011853 57
1777221698679 0.9612592739102863 58
1777221744980 0.9641931485413302 59
1777221748875 0.966365485271991 60
1777221749655 0.9678890384852232 61
1777221750459 0.9655987478615617 62
1777221753041 0.96329260549309 63
1777221754213 0.9632814865180114 64
1777221754872 0.968347707159894 65
1777221755523 0.9684467780287012 66
1777221756575 0.9684703461480495 67
1777221758552 0.9659321325209677 68
1777221759507 0.9769109946552137 69
1777221760108 0.9677984587465749 70
1777221760704 0.9701622784708418 71
1777221761954 0.9612493859318789 72
1777221763027 0.9669073307159848 73
1777221765423 0.9762656711368719 74
1777221766025 0.9727753146037754 75
1777221766637 0.969337468674812 76
1777221767247 0.9768787963861875 77
1777221767860 0.9696055132504555 78
