1777221633461 172.85342407226562 1
1777221634563 171.03591918945312 2
1777221635164 168.85874938964844 3
1777221635764 166.60667419433594 4
1777221638293 164.04893493652344 5
1777221638896 161.08343505859375 6
1777221639508 157.66168212890625 7
1777221640105 153.85574340820312 8
1777221640704 149.63882446289062 9
1777221641307 144.99693298339844 10
1777221642054 139.86766052246094 11
1777221642699 133.17234802246094 12
1777221643356 126.49130249023438 13
1777221644006 119.8965835571289 14
1777221644650 113.17115783691406 15
1777221645287 106.44989013671875 16
1777221645975 98.89784240722656 17
1777221646632 91.28362274169922 18
1777221647283 84.49640655517578 19
1777221647922 76.82274627685547 20
1777221648579 69.26068878173828 21
1777221652213 62.472782135009766 22
1777221654011 55.57493591308594 23
1777221654654 49.57121658325195 24
1777221657264 42.903621673583984 25
1777221659103 37.97586441040039 26
1777221665469 33.796321868896484 27
1777221666359 30.712316513061523 28
1777221667167 28.07666015625 29
1777221668236 25.575801849365234 30
1777221669510 25.298660278320312 31
1777221670396 24.142927169799805 32
1777221672363 23.29134178161621 33
1777221672991 22.390869140625 34
1777221673621 22.17652702331543 35
1777221674251 21.998403549194336 36
1777221674871 21.262319564819336 37
1777221675551 20.08147430419922 38
1777221676733 20.511722564697266 39
1777221677352 19.244094848632812 40
1777221677975 19.43716812133789 41
1777221678607 19.06548309326172 42
1777221679629 18.570058822631836 43
1777221680282 19.52555274963379 44
1777221680958 18.765615463256836 45
1777221682559 17.904451370239258 46
1777221683341 18.704845428466797 47
1777221684066 18.42894172668457 48
1777221685284 17.504873275756836 49
1777221685990 17.91016960144043 50
1777221686733 18.03384780883789 51
1777221687512 18.70575714111328 52
1777221688250 17.183382034301758 53
1777221688985 17.259634017944336 54
1777221689719 17.41211700439453 55
1777221690941 17.36665916442871 56
1777221695745 16.193925857543945 57
1777221698679 18.041662216186523 58
1777221744980 17.432661056518555 59
1777221748875 17.136634826660156 60
1777221749655 16.55892562866211 61
1777221750459 17.125661849975586 62
1777221753041 17.487613677978516 63
1777221754213 17.777259826660156 64
1777221754872 16.731569290161133 65
1777221755523 16.371854782104492 66
1777221756575 16.528059005737305 67
1777221758552 16.997604370117188 68
1777221759507 14.37366771697998 69
1777221760108 16.866270065307617 70
1777221760704 15.809673309326172 71
1777221761954 18.184242248535156 72
1777221763027 16.74820899963379 73
1777221765423 14.472037315368652 74
1777221766025 15.26971435546875 75
1777221766637 16.16419792175293 76
1777221767247 14.374163627624512 77
1777221767860 16.311161041259766 78
