1777221633461 214.40920370828232 1
1777221634563 212.92490835841465 2
1777221635164 211.2074522546501 3
1777221635764 209.4052389232885 4
1777221638293 207.33710174031307 5
1777221638896 204.82271772806334 6
1777221639508 201.48986519011126 7
1777221640105 197.43141478699368 8
1777221640704 192.56435759386812 9
1777221641307 187.39998320434057 10
1777221642054 181.07523688343898 11
1777221642699 173.89643117021097 12
1777221643356 167.33780748531717 13
1777221644006 160.10662010684194 14
1777221644650 153.15789908099373 15
1777221645287 145.87380487604045 16
1777221645975 137.05069226210338 17
1777221646632 128.2017480408556 18
1777221647283 120.41269983832342 19
1777221647922 110.71099725329748 20
1777221648579 101.23788692031401 21
1777221652213 92.35636311086131 22
1777221654011 83.537187397454 23
1777221654654 74.63365157226514 24
1777221657264 65.48586617288814 25
1777221659103 57.62808491616696 26
1777221665469 50.41949846237958 27
1777221666359 45.33114415956591 28
1777221667167 40.71298646567114 29
1777221668236 37.078928631465935 30
1777221669510 36.50424948086074 31
1777221670396 34.930083462282994 32
1777221672363 32.62801423800687 33
1777221672991 31.158967321303656 34
1777221673621 31.12184315939455 35
1777221674251 30.64419027616854 36
1777221674871 29.85440924245289 37
1777221675551 28.221497550697997 38
1777221676733 28.737460159147272 39
1777221677352 26.768112620911605 40
1777221677975 27.021955348047108 41
1777221678607 26.15347535119816 42
1777221679629 25.25464756344483 43
1777221680282 27.07575136326696 44
1777221680958 26.184772571334538 45
1777221682559 24.983194252250087 46
1777221683341 25.93263293422076 47
1777221684066 25.496538882552677 48
1777221685284 23.919738311523695 49
1777221685990 24.920746827666342 50
1777221686733 24.898183449173697 51
1777221687512 25.502778065815768 52
1777221688250 23.804256005279832 53
1777221688985 23.574372232466718 54
1777221689719 23.45756008674877 55
1777221690941 23.835112116873205 56
1777221695745 22.008781252404138 57
1777221698679 24.960680348402654 58
1777221744980 23.992689293970336 59
1777221748875 23.259610725083338 60
1777221749655 22.728047623376153 61
1777221750459 23.515852027385073 62
1777221753041 24.30097453178215 63
1777221754213 24.30511539243007 64
1777221754872 22.56408155618761 65
1777221755523 22.525228671782642 66
1777221756575 22.515458226522377 67
1777221758552 23.41060887034743 68
1777221759507 19.272556275137283 69
1777221760108 22.754321362365385 70
1777221760704 21.903453448631396 71
1777221761954 24.960741903142754 72
1777221763027 23.07372858356758 73
1777221765423 19.535545809984896 74
1777221766025 20.927174013419823 75
1777221766637 22.21053437838802 76
1777221767247 19.28694656138526 77
1777221767860 22.11343271477502 78
