1777177926030 187.230712890625 1
1777177927879 164.23443603515625 2
1777177929742 127.56730651855469 3
1777177931574 77.50131225585938 4
1777177933405 42.19375228881836 5
1777177935238 29.62187385559082 6
1777177937079 24.765687942504883 7
1777177938916 22.248361587524414 8
1777177940775 21.82890510559082 9
1777177942625 20.71590232849121 10
1777177944461 20.168779373168945 11
1777177946300 19.214609146118164 12
1777177948138 18.360055923461914 13
1777177949980 18.089496612548828 14
1777177951848 17.455198287963867 15
1777177953697 17.380033493041992 16
1777177955540 16.496601104736328 17
1777177957391 16.23139762878418 18
1777177959244 16.17060661315918 19
1777177961126 15.721272468566895 20
1777177962975 16.020381927490234 21
1777177964819 15.55783462524414 22
1777177967087 15.227956771850586 23
1777177968951 14.964472770690918 24
1777177970813 15.043478012084961 25
1777177972703 14.836861610412598 26
1777177974579 13.838423728942871 27
1777177976443 13.696226119995117 28
1777177980405 13.666581153869629 29
1777177982344 13.624822616577148 30
1777177984618 13.495098114013672 31
1777177986586 13.235590934753418 32
1777177988636 12.82365608215332 33
1777177990569 12.70386791229248 34
1777177992479 11.990499496459961 35
1777177994531 12.12462043762207 36
1777177996469 12.0421781539917 37
1777177998607 11.830056190490723 38
1777178000525 11.689407348632812 39
1777178002513 11.607604026794434 40
1777178004513 11.407727241516113 41
1777178006441 11.554842948913574 42
1777178008320 11.074339866638184 43
1777178010187 11.128917694091797 44
1777178012045 11.184687614440918 45
1777178013902 11.081768035888672 46
1777178015772 10.810667991638184 47
