1777177926030 182.26608455499954 1
1777177927879 159.46754371417344 2
1777177929742 122.7647891063803 3
1777177931574 72.80679138905903 4
1777177933405 37.638990684373844 5
1777177935238 25.125837106196837 6
1777177937079 20.333870029788045 7
1777177938916 17.870872501734446 8
1777177940775 17.44691593147594 9
1777177942625 16.37816739054121 10
1777177944461 15.846600711980514 11
1777177946300 14.919481923481417 12
1777177948138 14.09863052097298 13
1777177949980 13.82960324078622 14
1777177951848 13.216742972876194 15
1777177953697 13.169148459349863 16
1777177955540 12.288175722381773 17
1777177957391 12.045032410029124 18
1777177959244 11.989377437794703 19
1777177961126 11.552800192296857 20
1777177962975 11.826143684612928 21
1777177964819 11.413210407685952 22
1777177967087 11.07410094853689 23
1777177968951 10.823443989048343 24
1777177970813 10.898426253866162 25
1777177972703 10.697575280003294 26
1777177974579 9.759334184319309 27
1777177976443 9.635961789464105 28
1777177980405 9.580823002200155 29
1777177982344 9.545726239582491 30
1777177984618 9.435677516361665 31
1777177986586 9.19315194936899 32
1777177988636 8.793528471275193 33
1777177990569 8.677462835594042 34
1777177992479 8.009848329442493 35
1777177994531 8.129506226037382 36
1777177996469 8.06096500464445 37
1777177998607 7.871227453446247 38
1777178000525 7.732306207510141 39
1777178002513 7.635480992130979 40
1777178004513 7.477249596048389 41
1777178006441 7.590565694323658 42
1777178008320 7.169360118617673 43
1777178010187 7.216377391025159 44
1777178012045 7.251958173492251 45
1777178013902 7.16921775411572 46
1777178015772 6.923728358251808 47
