1777373112919 178.3955535888672 1
1777373114115 168.56393432617188 2
1777373115353 154.89132690429688 3
1777373116847 135.06907653808594 4
1777373118098 110.17484283447266 5
1777373119386 84.22787475585938 6
1777373120666 59.152549743652344 7
1777373121939 38.79552459716797 8
1777373123190 28.26793098449707 9
1777373124408 24.102766036987305 10
1777373125617 20.3507022857666 11
1777373126831 19.914655685424805 12
1777373128107 18.634668350219727 13
1777373129305 18.056575775146484 14
1777373130479 17.642650604248047 15
1777373131654 17.148283004760742 16
1777373133317 15.786720275878906 17
1777373134528 15.566770553588867 18
1777373135711 16.076778411865234 19
1777373136892 15.867138862609863 20
1777373138117 15.898524284362793 21
1777373139304 14.294499397277832 22
1777373140478 14.093276977539062 23
1777373142140 13.873852729797363 24
1777373143346 13.555265426635742 25
1777373144601 13.955177307128906 26
1777373145870 12.772211074829102 27
1777373147060 12.857157707214355 28
1777373148321 12.297036170959473 29
1777373149510 12.05224323272705 30
1777373150668 11.876666069030762 31
1777373151856 11.576677322387695 32
1777373153036 11.799731254577637 33
1777373154241 12.148774147033691 34
1777373155480 12.148184776306152 35
1777373156748 11.95650863647461 36
1777373157991 11.391013145446777 37
1777373159150 11.810548782348633 38
1777373160342 11.173257827758789 39
1777373162052 10.755375862121582 40
1777373163218 10.791064262390137 41
1777373164357 10.254195213317871 42
1777373165499 10.300801277160645 43
1777373166636 10.45555591583252 44
1777373167810 10.524662017822266 45
1777373169044 10.146424293518066 46
1777373170259 10.36966609954834 47
1777373171415 10.215916633605957 48
1777373172551 10.234428405761719 49
1777373173685 10.692224502563477 50
1777373174823 9.663873672485352 51
1777373175970 9.476637840270996 52
