1777199488851 -2.836371422353577 1
1777199489283 -2.817281515230226 2
1777199491548 -2.7911121512639654 3
1777199492265 -2.7625727463547847 4
1777199492633 -2.7352601318385084 5
1777199493007 -2.7079404971673675 6
1777199493383 -2.6771430777762957 7
1777199493754 -2.643009680793558 8
1777199494304 -2.605292494752434 9
1777199494701 -2.563450967728348 10
1777199495480 -2.5197069787359507 11
1777199495891 -2.4743357178459355 12
1777199496942 -2.4277597983811523 13
1777199497708 -2.381679852857554 14
1777199498328 -2.334750117587594 15
1777199499125 -2.2859024760086206 16
1777199500040 -2.2317598826230105 17
1777199501193 -2.170764214058562 18
1777199501910 -2.1133393472660007 19
1777199502329 -2.0523608780809703 20
1777199502719 -1.9902184672193868 21
1777199503111 -1.9240993141308698 22
1777199503888 -1.8557646001670798 23
1777199504417 -1.7854170322997325 24
1777199505694 -1.71658230780571 25
1777199506191 -1.6462870400921044 26
1777199506866 -1.5695521843211862 27
1777199507769 -1.4987196992565655 28
1777199508366 -1.4217193061278932 29
1777199508804 -1.3488783241417575 30
1777199509812 -1.26707880825851 31
1777199510406 -1.1973839392897005 32
1777199510853 -1.1124242700793978 33
1777199511792 -1.0389007807376798 34
1777199512497 -0.9670433564764438 35
1777199513240 -0.8815906968907734 36
1777199513979 -0.8005012390573336 37
1777199514746 -0.7144645025869272 38
1777199516507 -0.6298644408095642 39
1777199519923 -0.551133052995149 40
1777199523845 -0.4525241844335086 41
1777199566621 -0.3912079580475545 42
1777199567355 -0.3064082606162293 43
1777199570948 -0.21407172492225168 44
1777199571994 -0.14232670747716702 45
1777199573362 -0.07378296840228304 46
1777199574072 0.018530576284512823 47
1777199575144 0.09345414434842436 48
1777199576740 0.1770398814997859 49
1777199577101 0.231291550541605 50
1777199577463 0.30103512183478764 51
1777199577828 0.36139318483365745 52
1777199578194 0.420792996693507 53
1777199578558 0.48106962589594726 54
1777199579659 0.5305409643586738 55
1777199580789 0.5921946408137764 56
1777199581163 0.6392380367785913 57
1777199581735 0.6896216224279907 58
1777199584070 0.7272386835103583 59
1777199585719 0.7555161963747921 60
1777199586102 0.7978359056350783 61
1777199587547 0.81004764052595 62
1777199588174 0.8301141170049211 63
1777199589017 0.850611049636005 64
1777199589638 0.8582937988959227 65
1777199590125 0.8750196564336209 66
1777199590489 0.8892157026634728 67
1777199590854 0.8922700197266351 68
1777199591218 0.8999546870941473 69
1777199591711 0.90084056482411 70
1777199592887 0.9111832767187094 71
1777199593273 0.9178014948103506 72
1777199593777 0.9188431612860256 73
1777199594817 0.9212271877873875 74
1777199595204 0.912294177834563 75
1777199595589 0.919660409880517 76
1777199596512 0.9070861991653036 77
1777199597644 0.9351539903876529 78
1777199598747 0.9285867287482362 79
1777199599124 0.9384196622252486 80
1777199599504 0.9341715251988458 81
1777199600638 0.9288646062219632 82
1777199601024 0.9358175431037509 83
1777199601417 0.9365892939566997 84
1777199602259 0.9379537817135496 85
1777199602675 0.9409673532085617 86
1777199603047 0.9384972788124706 87
1777199603413 0.9479384218340856 88
1777199603913 0.9405505205444832 89
1777199605129 0.940812065189158 90
1777199606400 0.9506359108563185 91
1777199607078 0.9409423658448406 92
1777199609678 0.9424327995675584 93
1777199610954 0.9447027282515602 94
1777199611625 0.9423386307714449 95
1777199612021 0.9500331757162312 96
1777199612413 0.9469202470919008 97
1777199612808 0.9352964282329568 98
1777199614560 0.9577555599626528 99
1777199615559 0.9570311632764148 100
1777199616977 0.9547528121204729 101
1777199617572 0.9543818051626218 102
1777199618002 0.9510939595077468 103
1777199618895 0.9653588977391592 104
1777199620387 0.9560400178443561 105
1777199621810 0.954922516137581 106
