1777432911432 204.994216762937 1
1777432912767 202.78248044394763 2
1777432913064 201.06714324759776 3
1777432913629 199.32994200884622 4
1777432914329 197.48947756779347 5
1777432915023 195.5067533999785 6
1777432915676 193.25825701959025 7
1777432915971 190.58546721221953 8
1777432916305 187.31034157915573 9
1777432916849 183.36346461672784 10
1777432917136 179.17750451716867 11
1777432917763 174.64791590869328 12
1777432918803 169.7654689656439 13
1777432919118 164.3054867274675 14
1777432919409 157.8754515531943 15
1777432919700 151.8133877083968 16
1777432920262 145.62141224121197 17
1777432920559 139.26624119828898 18
1777432920848 131.9260194555077 19
1777432921555 123.39206442271724 20
1777432921852 117.42564552329486 21
1777432922498 109.49357411938611 22
1777432922787 102.27525379612851 23
1777432923417 95.25454693051402 24
1777432923747 87.22678606386486 25
1777432924072 79.69186875279372 26
1777432925605 73.38805183641101 27
1777432926797 66.41252911490045 28
1777432927103 62.14607995607004 29
1777432928381 56.525140890884785 30
1777432929268 51.50872432550262 31
1777432930056 49.578019126108195 32
1777432930811 43.25854972168435 33
1777432931649 41.35957569841747 34
1777432931967 39.832628656216784 35
1777432932274 34.460987977462466 36
1777432934054 36.43726716531527 37
1777432934583 34.16198380795987 38
1777432935228 29.91870087603028 39
1777432935999 32.61635571544206 40
1777432936324 30.72517298377362 41
1777432938482 27.520869433841135 42
1777432939374 30.22339513160707 43
1777432940193 29.477147448145104 44
1777432941025 28.632976636637324 45
1777432941644 27.95802212204151 46
1777432941937 28.956975130206647 47
1777432942222 25.916769765503666 48
1777432942836 23.801372020507426 49
1777432943698 26.139107285588388 50
1777432944015 27.641587744680567 51
1777432944334 26.462251083796236 52
1777432944659 27.59250576717741 53
1777432945606 26.402986114855455 54
1777432946188 28.041022631054535 55
1777432946944 26.84425476097027 56
1777432947258 26.534168024528416 57
1777432948862 26.405050361063743 58
1777432949191 24.175394661333865 59
1777432950637 29.032915049130015 60
1777432951837 26.815059655283378 61
1777432952348 25.654633446712044 62
1777432952668 25.546214393217223 63
1777432953939 24.359281039347326 64
1777432954377 26.490192253823512 65
1777432955108 21.63921546063889 66
1777432955647 24.36770724237305 67
1777432956435 21.32705969752504 68
1777432956729 26.39168190971234 69
1777432957075 21.182874506621648 70
1777432958210 25.534844022968766 71
1777432959133 23.35643271603671 72
1777432959429 23.717260019900326 73
1777432959744 23.261239565278572 74
1777432960837 22.894953462345555 75
1777432961507 23.531537909095263 76
1777432961833 25.315494614526596 77
1777432962573 24.333603670194947 78
1777432962882 26.818994833638317 79
1777432963171 21.696936409561303 80
1777432963474 21.688418146316092 81
1777432964294 23.142866830975155 82
1777432964594 24.308607245798118 83
1777432965389 19.34857226089709 84
1777432966989 20.90557267213697 85
1777432967277 20.569494292738078 86
1777432967627 24.936461003966535 87
1777432968424 23.89115383244 88
1777432968735 24.52866228389759 89
1777432969637 21.481978559528248 90
1777432971282 21.49545523935852 91
1777432972076 20.09231699910635 92
1777432972697 20.74472236158814 93
1777432972992 23.156330391645202 94
1777432973285 23.022560001940896 95
1777432973977 18.22867958798674 96
1777432974521 23.558068787158017 97
1777432975205 24.83562784880888 98
1777432975896 19.909916754126574 99
1777432976573 24.189860541709283 100
1777432976856 23.601808174821983 101
1777432977147 20.717845592062957 102
1777432977465 21.474857977329776 103
1777432977769 26.044912427936982 104
1777432978746 21.421728978121944 105
1777432980626 20.131558883651746 106
1777432981343 24.56365668992442 107
1777432982222 19.663252367102036 108
1777432983359 22.01029519298689 109
1777432985476 20.471117468048124 110
1777432986283 23.504608351757987 111
1777432987862 21.36374943775232 112
1777432988792 22.174419146889804 113
1777432989910 23.78749609990772 114
1777432990213 21.826447233302193 115
1777432990528 23.792088528805117 116
1777432990818 21.090014136767724 117
1777432992076 20.610220497725 118
1777432992975 23.39893702513535 119
1777432993272 21.032639342807393 120
1777432994124 17.976716983799488 121
1777432994917 21.32464772477936 122
1777432995628 17.89656356132896 123
1777432995968 19.307451396892326 124
1777432996486 19.287295984065604 125
1777432997158 17.91112618352373 126
1777432997461 20.695017575286236 127
1777432998080 19.137380943202086 128
1777432999036 19.34077117613204 129
1777432999549 22.348985946829053 130
1777432999864 18.579431691589004 131
1777433000339 18.906839963677413 132
1777433000663 20.57889244369056 133
1777433001818 21.399698187580388 134
1777433002115 20.030934633340408 135
1777433002406 21.306180044894692 136
1777433002937 18.75931083926226 137
1777433003506 21.393355491359635 138
1777433004101 16.728059433541876 139
1777433004977 18.717639718220184 140
1777433005740 18.962258851259982 141
1777433006713 17.908954515980792 142
1777433007018 20.583006492006945 143
1777433007337 17.911784703094217 144
1777433007920 16.05960805070247 145
1777433008236 20.931649281659357 146
1777433008968 17.923735225221 147
1777433009671 18.01636862895014 148
1777433011131 18.172201637487838 149
1777433012942 20.731166887504866 150
1777433013632 19.399279929099897 151
1777433015042 18.862746954148804 152
1777433015361 18.203723501427017 153
1777433016192 18.568448022462476 154
1777433016489 18.343580306923794 155
1777433017780 17.970724246163275 156
1777433018068 16.33776068855234 157
1777433018659 16.920872257917143 158
1777433019259 16.065045700506893 159
1777433019582 16.99433176125848 160
1777433020346 19.09788356059751 161
1777433020658 18.693156021155175 162
1777433020971 17.3251448632111 163
1777433021804 16.84296184670414 164
1777433024315 16.016436717234814 165
1777433026074 18.087185263383386 166
1777433027554 17.038877126742666 167
1777433028175 17.36555674417484 168
1777433029000 17.28169059536666 169
1777433029838 18.272583248790642 170
1777433030708 16.66646596151939 171
1777433031512 16.47312356685362 172
1777433032400 15.801353415938479 173
1777433032699 16.92888351805779 174
1777433033439 16.441284208236766 175
1777433033714 16.802719731664258 176
1777433034057 16.506453668044887 177
1777433034372 16.791240879210562 178
1777433034685 19.081997265194914 179
1777433035401 16.64957945696377 180
1777433036188 14.942223221128744 181
1777433036510 18.21569777713202 182
1777433036832 18.250204842867944 183
1777433037838 15.113748195649032 184
1777433038249 18.093852041217016 185
1777433038615 16.600787665741855 186
1777433038917 16.11106566207146 187
1777433040060 15.665167608305028 188
1777433040468 16.165656828392695 189
1777433040780 16.444447720730658 190
1777433041117 16.904542283205643 191
1777433042258 17.23314252166084 192
1777433042559 18.8945260007487 193
1777433043455 18.047484601446627 194
1777433044108 16.565492064642992 195
1777433044415 16.56046844114726 196
1777433044974 18.053438335735038 197
1777433045465 16.045201348943085 198
1777433045803 17.086470649260686 199
1777433046149 15.028374854961863 200
1777433047039 16.10549385685043 201
1777433047897 15.832913095351751 202
1777433048214 14.186409929385599 203
1777433048514 14.140921202871484 204
1777433050206 15.81993826717866 205
1777433051314 15.768135407786213 206
1777433051636 16.111206779342098 207
1777433052807 16.230640323250785 208
1777433053236 14.221703526522028 209
1777433054285 15.428851342058863 210
1777433054579 15.335643483713694 211
1777433054910 16.314446461038084 212
1777433055199 15.822261164708975 213
1777433055885 14.53775738449737 214
1777433056189 16.264811646631223 215
1777433056501 15.126097079756263 216
1777433057266 14.998489812486904 217
1777433057584 14.611314940551798 218
1777433059006 16.12149932476864 219
1777433059512 13.366304512223136 220
1777433059809 17.375815832071833 221
1777433060144 14.983282819131658 222
1777433060436 15.175719916220974 223
1777433061215 13.50131049683089 224
1777433062064 13.474103036444346 225
1777433062911 15.461011519213923 226
1777433063469 15.188051566951918 227
1777433063770 16.68565832826671 228
1777433064079 15.665207057623054 229
1777433064426 15.461876530825494 230
1777433064767 14.76898523273307 231
1777433065080 14.189903022160522 232
1777433066135 13.99523626751595 233
1777433066876 12.181180753555102 234
1777433067190 13.741735575641796 235
1777433067744 14.976638403726538 236
1777433068043 16.44785275808251 237
1777433069626 13.474657360809251 238
1777433070187 12.798687295358654 239
1777433070692 14.486016732909459 240
1777433071863 12.706445238946712 241
1777433072173 13.736026391227844 242
1777433072743 15.130842105200227 243
1777433073850 13.805976259169432 244
1777433074173 12.688970170555915 245
1777433074536 13.602731968858372 246
1777433075232 13.447571284879439 247
1777433075527 13.717513113375361 248
1777433075835 14.94205829868067 249
1777433076154 14.379172076291784 250
1777433076475 13.312092519622022 251
1777433077088 13.801000166322016 252
1777433077398 13.491891191737633 253
1777433078361 12.8068644713642 254
1777433078679 14.009122328784612 255
1777433079462 14.641908961842203 256
1777433080012 11.840053817008116 257
1777433080326 13.123136842274208 258
1777433080625 12.831421812963187 259
1777433080940 12.714439317684676 260
1777433081626 13.614552263118876 261
1777433082682 13.170396171989225 262
1777433083160 13.266189760872727 263
1777433083482 13.250358144850157 264
1777433083779 12.85205047515826 265
1777433084078 14.251519373153144 266
1777433084387 12.014566481536395 267
1777433084683 14.890514841702975 268
1777433085400 13.307249941328093 269
1777433087227 13.052400471984251 270
1777433087513 13.375175688828586 271
1777433088151 13.027493088536835 272
1777433088434 13.572404892300659 273
1777433089023 13.202472016027317 274
1777433089649 14.988863562118013 275
1777433091236 13.548213624209893 276
1777433092227 12.223174950043667 277
1777433092797 13.006959666111808 278
1777433093430 13.173816976690983 279
1777433094162 13.894477438748766 280
1777433094457 13.218869472531905 281
1777433094769 13.597954181058128 282
1777433095293 12.914319487574575 283
1777433095615 11.825947852182464 284
1777433096770 11.667549608516241 285
1777433097069 11.880656932816192 286
1777433097377 12.751746562932995 287
1777433097672 11.584088929778112 288
1777433099820 11.826440729035207 289
1777433100101 11.795762571721996 290
