1777432911432 158.342952806671 1
1777432912767 155.55341960035628 2
1777432913064 153.3969517168548 3
1777432913629 151.20717514226246 4
1777432914329 148.92442846830215 5
1777432915023 146.5254344032991 6
1777432915676 143.98403841064595 7
1777432915971 141.1940162555652 8
1777432916305 138.0979982959615 9
1777432916849 134.53894555477694 10
1777432917136 130.7704866356662 11
1777432917763 126.58745911397166 12
1777432918803 121.984588434888 13
1777432919118 116.67307096471244 14
1777432919409 111.08666352447312 15
1777432919700 105.55169359208273 16
1777432920262 99.61573011540554 17
1777432920559 93.60317028177813 18
1777432920848 87.46065044123078 19
1777432921555 81.02771633145953 20
1777432921852 74.64038583214537 21
1777432922498 68.49727579767537 22
1777432922787 63.141823820695414 23
1777432923417 57.83507266579414 24
1777432923747 52.4667267029382 25
1777432924072 46.611846101753024 26
1777432925605 42.24558215496894 27
1777432926797 38.19503956210662 28
1777432927103 35.28720849216929 29
1777432928381 32.12815836101718 30
1777432929268 29.45361826970027 31
1777432930056 27.941298762000596 32
1777432930811 23.94223720888775 33
1777432931649 23.081916433884267 34
1777432931967 22.267375137969736 35
1777432932274 18.883670704965372 36
1777432934054 21.051495661262337 37
1777432934583 18.997507675493456 38
1777432935228 16.79836636575194 39
1777432935999 18.33664679513283 40
1777432936324 17.60219619390339 41
1777432938482 15.149781151512267 42
1777432939374 16.999421362168498 43
1777432940193 16.571885493665462 44
1777432941025 15.903821469193266 45
1777432941644 14.893238802342575 46
1777432941937 16.10594405052736 47
1777432942222 14.288455702176321 48
1777432942836 12.781146035499596 49
1777432943698 14.432980675733726 50
1777432944015 15.243168954630844 51
1777432944334 14.357890493647183 52
1777432944659 14.919354089343821 53
1777432945606 14.579136315892882 54
1777432946188 14.985420928166603 55
1777432946944 14.55054401077387 56
1777432947258 14.481357505023304 57
1777432948862 14.57875400337134 58
1777432949191 13.014775432423152 59
1777432950637 16.083312633243366 60
1777432951837 14.718458606576611 61
1777432952348 14.094292318687954 62
1777432952668 14.136521462055773 63
1777432953939 13.064108527693689 64
1777432954377 13.821621202120554 65
1777432955108 11.060902036083354 66
1777432955647 12.912249356245757 67
1777432956435 11.28004490342199 68
1777432956729 14.481966346834803 69
1777432957075 11.023667607668632 70
1777432958210 13.759763171094624 71
1777432959133 12.024143818470568 72
1777432959429 12.912946777209351 73
1777432959744 12.336644552346193 74
1777432960837 11.748025895285032 75
1777432961507 12.345571955301729 76
1777432961833 13.618212930048765 77
1777432962573 13.204131934478992 78
1777432962882 13.806562556985261 79
1777432963171 11.354245823688249 80
1777432963474 11.415493485231785 81
1777432964294 11.94405006312372 82
1777432964594 12.96338342990304 83
1777432965389 9.886154060565369 84
1777432966989 10.621018089130915 85
1777432967277 10.688698721016006 86
1777432967627 13.196272319719782 87
1777432968424 12.523902608588102 88
1777432968735 13.165215024651323 89
1777432969637 11.041050998869183 90
1777432971282 11.422849683711197 91
1777432972076 10.119309918711064 92
1777432972697 10.345571573384005 93
1777432972992 12.54694932443705 94
1777432973285 11.481457973464545 95
1777432973977 9.208337263016581 96
1777432974521 12.260835199585678 97
1777432975205 12.498811326444114 98
1777432975896 9.828749209239913 99
1777432976573 12.572253484272355 100
1777432976856 12.310987954691306 101
1777432977147 10.618382418638667 102
1777432977465 10.798435713498646 103
1777432977769 14.132700739226058 104
1777432978746 11.02283817589178 105
1777432980626 10.227001393744334 106
1777432981343 12.849569280918947 107
1777432982222 10.001970836574445 108
1777432983359 11.100514909763303 109
1777432985476 10.222869539288864 110
1777432986283 12.56900878408973 111
1777432987862 10.716710353275642 112
1777432988792 11.52301618371091 113
1777432989910 12.502980313438286 114
1777432990213 10.84365196306427 115
1777432990528 12.609007036832942 116
1777432990818 11.079947863616317 117
1777432992076 10.420698452611846 118
1777432992975 12.346868997731772 119
1777432993272 10.81430226637907 120
1777432994124 8.916293090466395 121
1777432994917 11.09796831878017 122
1777432995628 8.682496141421396 123
1777432995968 9.634953709399078 124
1777432996486 9.120183131026998 125
1777432997158 8.769498296436392 126
1777432997461 10.208705288343268 127
1777432998080 9.48687887415771 128
1777432999036 9.5702570608904 129
1777432999549 11.742839887151982 130
1777432999864 9.474512608696696 131
1777433000339 9.443180784224344 132
1777433000663 10.488537492712876 133
1777433001818 10.316600373963084 134
1777433002115 9.873128272754895 135
1777433002406 11.202963776960837 136
1777433002937 9.331970931639479 137
1777433003506 10.746252511293834 138
1777433004101 8.083219100360791 139
1777433004977 9.436385211283785 140
1777433005740 9.489034504310846 141
1777433006713 8.981740193862601 142
1777433007018 10.542269122649556 143
1777433007337 8.976518909859783 144
1777433007920 7.728847392222773 145
1777433008236 10.66755896628218 146
1777433008968 8.542046885174019 147
1777433009671 8.983014096670548 148
1777433011131 8.773255289405917 149
1777433012942 10.293596912256353 150
1777433013632 9.30829184795924 151
1777433015042 9.063331670083512 152
1777433015361 8.81488665313631 153
1777433016192 8.998344153988313 154
1777433016489 8.740424092909342 155
1777433017780 8.542543159256384 156
1777433018068 7.945307359790634 157
1777433018659 8.204277087853924 158
1777433019259 7.652920224004399 159
1777433019582 8.213024663561173 160
1777433020346 9.389779662917938 161
1777433020658 9.325888098371218 162
1777433020971 8.674020450253803 163
1777433021804 8.399343258761968 164
1777433024315 7.683389368438049 165
1777433026074 8.64637161575201 166
1777433027554 8.069109335970472 167
1777433028175 8.474634889567941 168
1777433029000 8.573340641073248 169
1777433029838 8.946995799008077 170
1777433030708 8.033016035714992 171
1777433031512 8.061441889666 172
1777433032400 7.441347856068009 173
1777433032699 8.358136620020348 174
1777433033439 7.741982111144051 175
1777433033714 8.08898516031692 176
1777433034057 7.891564679719809 177
1777433034372 7.970094528187042 178
1777433034685 9.79709858426751 179
1777433035401 8.02164394044904 180
1777433036188 7.046986659974542 181
1777433036510 8.791239680784699 182
1777433036832 9.126815257741645 183
1777433037838 7.243203665463979 184
1777433038249 9.24070750946027 185
1777433038615 7.809102653687097 186
1777433038917 7.659967824562956 187
1777433040060 7.428265015517552 188
1777433040468 7.528572934834452 189
1777433040780 7.981705914506896 190
1777433041117 8.33799953035096 191
1777433042258 8.158726227402477 192
1777433042559 9.084517497142762 193
1777433043455 8.395068434638551 194
1777433044108 7.724235904545765 195
1777433044415 8.043288172096346 196
1777433044974 8.818004020717797 197
1777433045465 7.774132857375893 198
1777433045803 8.169861295681033 199
1777433046149 6.915678768247559 200
1777433047039 7.671378703517768 201
1777433047897 7.634981471793622 202
1777433048214 6.720597757427957 203
1777433048514 6.472566660053928 204
1777433050206 7.351707305897003 205
1777433051314 7.52188986494341 206
1777433051636 7.748410008195842 207
1777433052807 7.6280126823653776 208
1777433053236 6.480364671820273 209
1777433054285 7.335263982493949 210
1777433054579 7.217511207302808 211
1777433054910 7.669301234058821 212
1777433055199 7.225648414647656 213
1777433055885 6.471981255782749 214
1777433056189 7.567292987075331 215
1777433056501 7.18367352936454 216
1777433057266 6.998331308364868 217
1777433057584 6.739825035639532 218
1777433059006 7.616099674563092 219
1777433059512 6.100158694206233 220
1777433059809 8.494502726121993 221
1777433060144 6.97874009350224 222
1777433060436 7.061585204011891 223
1777433061215 6.002617928397984 224
1777433062064 6.118951159369154 225
1777433062911 7.20754385470504 226
1777433063469 7.10898403441003 227
1777433063770 7.982273627363509 228
1777433064079 7.3370742811851475 229
1777433064426 7.04907967886082 230
1777433064767 6.570289850934981 231
1777433065080 6.55139817564332 232
1777433066135 6.405374773376071 233
1777433066876 5.290810704301262 234
1777433067190 6.186207631862101 235
1777433067744 7.084484351780298 236
1777433068043 7.841706706017378 237
1777433069626 6.094337728817324 238
1777433070187 5.569655742074067 239
1777433070692 6.590323171542801 240
1777433071863 5.50841809131087 241
1777433072173 6.192544010899309 242
1777433072743 6.7471354395518635 243
1777433073850 6.194110976760694 244
1777433074173 5.60225899052914 245
1777433074536 6.193225349878746 246
1777433075232 6.203839621821083 247
1777433075527 6.126741445141544 248
1777433075835 7.297850518106224 249
1777433076154 6.592067243908688 250
1777433076475 5.818872567701535 251
1777433077088 6.487799422711537 252
1777433077398 6.107716036486892 253
1777433078361 5.706475977189248 254
1777433078679 6.467712279144484 255
1777433079462 6.6781520009110835 256
1777433080012 5.170518891641972 257
1777433080326 5.923226064468088 258
1777433080625 5.599636091600778 259
1777433080940 5.6030974620521175 260
1777433081626 6.099912730792097 261
1777433082682 5.937366541595369 262
1777433083160 5.9490134051037895 263
1777433083482 5.914748614350978 264
1777433083779 5.8517733334235 265
1777433084078 6.147260758573002 266
1777433084387 5.146202448320193 267
1777433084683 6.358470046513233 268
1777433085400 5.908334198938841 269
1777433087227 5.747943818814182 270
1777433087513 5.8749953733075735 271
1777433088151 5.679830386508442 272
1777433088434 6.177943977550836 273
1777433089023 5.843101693543699 274
1777433089649 6.735258477614756 275
1777433091236 6.223760255700479 276
1777433092227 5.3784445414316355 277
1777433092797 5.887768271385188 278
1777433093430 5.906148882522627 279
1777433094162 6.3164736696782 280
1777433094457 5.560040765976248 281
1777433094769 5.966447826000221 282
1777433095293 5.578321385089608 283
1777433095615 5.094905405554153 284
1777433096770 5.0119618087114475 285
1777433097069 5.15314690729344 286
1777433097377 5.541927240207065 287
1777433097672 4.916213592220179 288
1777433099820 4.918967937765161 289
1777433100101 4.984720753839418 290
