1777430932448 -2.8112090812723327 1
1777430932753 -2.730570668388945 2
1777430933684 -2.6628268759608837 3
1777430934925 -2.5985226084087416 4
1777430935771 -2.531222138760381 5
1777430936709 -2.4588246856725657 6
1777430937256 -2.381087000779237 7
1777430937573 -2.2977837371092407 8
1777430938691 -2.2047740563156824 9
1777430939184 -2.1006887561085215 10
1777430940041 -1.9847588927811746 11
1777430940350 -1.8581023117369968 12
1777430941794 -1.7204444460044788 13
1777430942629 -1.5803872668431067 14
1777430944137 -1.4367564778479012 15
1777430944920 -1.2920835468630436 16
1777430945314 -1.1520595379334067 17
1777430945873 -1.012050973344472 18
1777430946217 -0.8716533166721658 19
1777430947155 -0.737455685272417 20
1777430947928 -0.5830115762353718 21
1777430948704 -0.44812737368986366 22
1777430950033 -0.29673510147633864 23
1777430950334 -0.1492158487016224 24
1777430951058 -0.03926039158423844 25
1777430951361 0.09531369562012537 26
1777430952405 0.21530270907776228 27
1777430952792 0.34859482825191124 28
1777430953404 0.4357474622140164 29
1777430953964 0.5401354977640807 30
1777430954826 0.6085662562216123 31
1777430955724 0.6835643037410406 32
1777430956451 0.727251977928633 33
1777430957200 0.7829151149199352 34
1777430958080 0.8000997739510134 35
1777430958783 0.8400449267973351 36
1777430959898 0.8647892395943755 37
1777430960458 0.8712856579991155 38
1777430960763 0.8872252157820102 39
1777430961226 0.8873198891517546 40
1777430962119 0.9075572816067308 41
1777430962941 0.9091114480297935 42
1777430963453 0.9213502872998378 43
1777430963787 0.9219001244761209 44
1777430964882 0.919898574118795 45
1777430965856 0.9283964441599332 46
1777430966386 0.9389185210113236 47
1777430967119 0.9321303712959907 48
1777430967679 0.914661670217695 49
1777430968068 0.939912701083561 50
1777430968366 0.94497021260539 51
1777430968691 0.9445694495145562 52
1777430969323 0.940257215183542 53
1777430970712 0.9427551453347561 54
1777430971059 0.9575481911693472 55
1777430971361 0.9500591327336542 56
1777430973052 0.9552245144246632 57
1777430973877 0.9471835294720554 58
1777430974388 0.9507686356592276 59
1777430974976 0.9411153249103175 60
1777430976522 0.948693549179695 61
1777430976829 0.9601358915508926 62
1777430977341 0.9518231013113649 63
1777430977646 0.9447605238702815 64
1777430978360 0.9581685644485317 65
1777430980124 0.9530680051176929 66
1777430980798 0.96492038486244 67
1777430981548 0.9487321326089704 68
1777430982179 0.9623711834602358 69
1777430982647 0.9540427755586288 70
1777430983361 0.9658578991221296 71
1777430984212 0.9604285991017711 72
1777430984542 0.9620680389400936 73
1777430985218 0.9624117407483134 74
1777430985861 0.9576146879409535 75
1777430986174 0.9671576040123695 76
1777430986490 0.9628434665612473 77
1777430986795 0.9569342073279886 78
1777430987099 0.9568795114911589 79
1777430987455 0.9583075964218271 80
1777430988380 0.9702301201280126 81
1777430989041 0.9646104176026873 82
1777430989347 0.9594053402318055 83
1777430989650 0.9637273013164546 84
