1777243456118 -1.6596922425013236 1
1777243459663 -1.3709711196986096 2
1777243462630 -0.926693590984448 3
1777243468257 -0.34370405704832896 4
1777243501290 0.20551917047110302 5
1777243504398 0.577914648690235 6
1777243506821 0.7733104598720595 7
1777243509115 0.8570342296708993 8
1777243511518 0.8898735153282337 9
1777243533350 0.9047532382846213 10
1777243551538 0.9107095334950409 11
1777243555726 0.9196255568111991 12
1777243558847 0.9217243138635195 13
1777243642704 0.9285784027214975 14
1777243658031 0.9322260426303415 15
1777243659909 0.9320601394366382 16
1777243661787 0.934777155181335 17
1777243663951 0.9361999038315224 18
1777243666249 0.9406619367247545 19
1777243668348 0.9378747998786336 20
1777243672014 0.9416845690274167 21
1777243677378 0.9444835663645815 22
1777243680824 0.9445905843681676 23
1777243688637 0.945650844895646 24
1777243693732 0.9443278891952985 25
1777243697609 0.94515439111794 26
1777243704970 0.9470218618719388 27
1777243838901 0.9478212987000263 28
1777243840781 0.9511248925031823 29
1777243842737 0.9494668680744761 30
1777243844811 0.9525369267381696 31
1777243847120 0.9480659558956264 32
1777243849675 0.9541417096031442 33
1777243852802 0.9553884046105758 34
1777243856451 0.9554205706596086 35
1777243902895 0.95627208070804 36
1777243905161 0.9546886217358749 37
1777243907445 0.9567398216036578 38
1777243909819 0.9595522633545277 39
1777243912404 0.9591604148991639 40
1777243915546 0.958161183277106 41
1777243919027 0.9630590347697575 42
1777243922306 0.9632106684728337 43
1777243929259 0.9629627996714902 44
1777243936839 0.9639332999198137 45
1777243939435 0.9649118492416376 46
1777243945340 0.9664220381655059 47
1777243950357 0.9678641749611085 48
1777243953926 0.9673127906524607 49
1777244002650 0.965404867453752 50
1777244010303 0.968631339396346 51
1777244014005 0.9716296410095725 52
1777244018098 0.9717526569107756 53
1777244022943 0.9710927669980912 54
1777244027165 0.9715122948535934 55
1777244033356 0.9721097866811098 56
1777244040073 0.9736324542434303 57
1777244047014 0.9731209159782094 58
1777244053029 0.9747413501184731 59
1777244061279 0.9745605573876859 60
1777244065362 0.9745182544058849 61
1777244128571 0.9755103841136166 62
1777244130827 0.9756222209192923 63
1777244133079 0.9765991305554674 64
1777244135341 0.9771053579099261 65
1777244137641 0.9759784897660635 66
1777244139940 0.976637391465261 67
1777244142268 0.9777279156179016 68
1777244144785 0.9780778289206671 69
1777244148051 0.9765742569860378 70
1777244151666 0.9778645211422451 71
1777244159597 0.9776007956541275 72
1777244164726 0.9774654150957006 73
1777244171798 0.9783097582530832 74
1777244181628 0.9787195056983115 75
1777244205583 0.9778929204634996 76
1777244224783 0.9793359418892559 77
1777244228591 0.9785216474893079 78
1777244234537 0.9794175117256042 79
1777244243708 0.9799970638150258 80
1777244247960 0.9802085594537655 81
1777244255553 0.9796521060927216 82
1777244260907 0.9805633414550434 83
1777244269172 0.979997031973005 84
1777244306842 0.9810622242466283 85
1777244310548 0.9807231239891747 86
1777244319911 0.9803270643491687 87
1777244347436 0.9798213615417328 88
1777244349691 0.9807465257951045 89
1777244351564 0.9812642580254447 90
1777244353912 0.9794517608383956 91
1777244356838 0.9813819293123418 92
1777244363060 0.9815115221531941 93
1777244385505 0.9817504002120911 94
1777244389781 0.9819817893318333 95
1777244392853 0.9817007246773947 96
1777244395337 0.982491799195565 97
1777244400671 0.9822184645620231 98
1777244404288 0.981351260492881 99
1777244408186 0.9824992842475492 100
1777244411253 0.9822076490527206 101
1777244414219 0.9823055091280449 102
1777244418222 0.9826509107990679 103
1777244425752 0.9832440128922708 104
1777244456749 0.983428629483071 105
1777244460285 0.9801124610825391 106
1777244463223 0.9825044642868077 107
1777244467340 0.9827508566679414 108
1777244470394 0.9709934546650284 109
1777244473094 0.9819165067175565 110
1777244476242 0.9830317212075528 111
1777244479617 0.9835298048799456 112
1777244483365 0.9835827113203556 113
1777244486642 0.9835447719346782 114
