1777371183562 157.02867126464844 1
1777371185426 148.4943420410156 2
1777371187036 136.40591125488282 3
1777371188200 119.01518859863282 4
1777371189364 99.0569564819336 5
1777371191265 77.7129623413086 6
1777371192957 56.12602844238281 7
1777371194589 37.03778228759766 8
1777371196493 26.00684585571289 9
1777371198178 20.080973052978514 10
1777371200003 17.606640243530272 11
1777371201661 16.92606544494629 12
1777371203252 16.149995613098145 13
1777371204982 15.292231559753418 14
1777371206563 15.522325134277343 15
1777371208206 15.384781837463379 16
1777371209357 14.619644355773925 17
1777371210966 14.082853507995605 18
1777371212586 14.428764343261719 19
1777371213752 14.222986221313477 20
1777371214951 13.326535415649413 21
1777371216144 13.044010543823243 22
1777371217309 13.062574768066407 23
1777371218474 13.83008975982666 24
1777371219624 13.499949836730957 25
1777371220790 13.713119316101075 26
1777371222001 13.16893196105957 27
1777371223204 12.170759963989259 28
1777371224367 12.818387985229492 29
1777371225581 11.665852546691895 30
1777371226864 12.480174827575684 31
1777371228100 11.907788276672363 32
1777371229309 11.963091850280762 33
1777371230504 11.153400421142578 34
1777371231746 11.293808364868164 35
1777371232975 11.09222469329834 36
1777371234182 10.84998893737793 37
1777371235414 11.62741928100586 38
1777371236629 11.767102241516113 39
1777371237874 10.848036575317384 40
1777371239927 10.88964023590088 41
1777371241141 10.59573745727539 42
1777371242345 10.757609748840332 43
1777371243621 10.361348724365234 44
1777371244797 10.322267532348633 45
1777371245974 10.603028678894043 46
1777371247186 9.236545181274414 47
1777371248680 10.146146202087403 48
1777371249945 10.08896255493164 49
1777371251205 10.034741973876953 50
1777371252451 10.068110466003418 51
1777371253623 9.485272407531738 52
1777371254823 9.29833984375 53
1777371256050 9.182481956481933 54
1777371257222 9.084167861938477 55
1777371258392 8.787731742858886 56
1777371259782 8.918919563293457 57
1777371260968 9.141952514648438 58
1777371262141 9.23332347869873 59
1777371263304 8.695364189147949 60
1777371264486 8.650181007385253 61
1777371265663 8.593201065063477 62
1777371266904 8.955161094665527 63
1777371268153 8.358144950866699 64
1777371269418 8.016116523742676 65
1777371270681 8.717604637145996 66
1777371271876 8.206696796417237 67
1777371273051 8.142246627807618 68
1777371274233 8.571957397460938 69
