1777434563310 199.89059409582512 1
1777434564150 194.38739986760132 2
1777434564973 186.6895982746333 3
1777434565817 174.73193889342255 4
1777434566633 160.59639451792816 5
1777434567449 144.10615449770546 6
1777434568268 126.37736232735934 7
1777434569092 106.5853000520098 8
1777434569915 84.6448041284232 9
1777434570735 63.78108727942557 10
1777434571550 48.17469834282624 11
1777434572390 36.434121610911006 12
1777434573232 32.06845853744079 13
1777434574070 29.519761197754082 14
1777434574925 25.349549104115237 15
1777434575752 24.681225663789714 16
1777434576601 25.952648746432015 17
1777434577441 25.64414465678459 18
1777434578273 25.500110062288318 19
1777434579096 24.547435923998837 20
1777434579937 26.149964336262844 21
1777434580789 22.787584748846257 22
1777434581637 22.264712800055076 23
1777434582484 22.61539734415957 24
1777434583322 22.99746575769082 25
1777434584175 24.79161572084436 26
1777434585002 21.709393950065884 27
1777434585819 23.089400612148598 28
1777434586674 18.948935716103065 29
1777434587503 20.905415844162896 30
1777434588342 19.68994637468454 31
1777434589174 20.564775840934377 32
1777434590001 18.71237176431377 33
1777434590832 20.368946589954692 34
1777434591648 18.701524563747736 35
1777434592480 20.84458780673331 36
1777434593292 18.408382767968927 37
1777434594114 17.961096309413588 38
1777434594945 17.880843914827096 39
1777434595757 17.559907368093295 40
1777434596585 17.3960619519188 41
1777434597421 17.65683597259648 42
1777434598244 18.90015732817987 43
1777434599060 17.911892239496705 44
1777434599877 17.59576818368875 45
1777434600694 17.202747159088158 46
1777434601514 16.04659353325117 47
1777434602329 16.1992195087749 48
1777434603154 15.9767453929706 49
1777434603973 16.559108417383353 50
1777434604793 16.596711606256154 51
1777434605614 15.99979730677571 52
1777434606448 16.075856343039884 53
1777434607279 14.748912817686834 54
1777434608113 15.817450892364562 55
1777434608952 14.55079069965313 56
1777434609777 15.296726046808338 57
1777434610598 16.208913667101246 58
1777434611416 14.491437314224838 59
1777434612235 13.978991322739722 60
1777434613050 14.30880237195903 61
1777434613876 14.943445325650487 62
1777434614701 14.552451130146965 63
1777434615527 13.973674046908968 64
1777434616347 14.219501222074726 65
1777434617185 13.632721575176186 66
1777434618007 14.079570080194872 67
1777434618830 13.94085336383734 68
1777434619651 14.867355913877695 69
1777434620464 13.10713236535751 70
1777434621283 13.727881906542294 71
1777434622116 12.999095114850496 72
1777434622942 13.432487149891914 73
1777434623777 12.240707262421894 74
1777434624606 13.419490471743662 75
1777434625425 13.81302588156631 76
1777434626248 13.174967596756675 77
1777434627087 11.62121511355368 78
1777434627908 12.544285742280858 79
1777434628745 12.672660092568558 80
1777434629573 13.36655788921042 81
1777434630395 12.449313687053163 82
1777434631216 12.743418507766174 83
1777434632040 11.403984106403954 84
1777434632848 12.287582122601975 85
1777434633668 12.189634389041496 86
1777434634502 11.617249206101983 87
1777434635360 11.676439309786758 88
1777434636187 12.408027597551765 89
1777434637004 11.374824755390454 90
1777434637828 12.644973248082735 91
1777434638657 11.306231973237075 92
1777434639465 12.559251490721797 93
1777434640279 11.848259961991344 94
1777434641096 11.723361028649705 95
1777434641916 11.81755134935032 96
1777434642739 11.144776654677633 97
1777434643564 11.948537229257582 98
1777434644392 12.107747922566466 99
