1777217786564 -2.1115391725724475 1
1777217787276 -2.067460712388107 2
1777217789526 -2.0174533191267328 3
1777217790168 -1.9671982404187136 4
1777217790834 -1.9087877453596653 5
1777217791841 -1.8396882804049928 6
1777217792488 -1.7549765750742794 7
1777217793122 -1.6486425270838811 8
1777217794137 -1.5226359878896738 9
1777217794814 -1.395220327395398 10
1777217795703 -1.2539596472660826 11
1777217796368 -1.0987360731024198 12
1777217797026 -0.9426461967079023 13
1777217797688 -0.7866753883774946 14
1777217798431 -0.6221085521756107 15
1777217799113 -0.4698925656914774 16
1777217800189 -0.30685506080715474 17
1777217801288 -0.1689909435898591 18
1777217804644 -0.030165923883874957 19
1777217808904 0.11587903938034472 20
1777217809573 0.25130404149536956 21
1777217810943 0.37069902055326664 22
1777217811610 0.4771815662032287 23
1777217812288 0.5866907269702146 24
1777217812962 0.6771813125494393 25
1777217814387 0.7411352856417492 26
1777217814992 0.7999254780142611 27
1777217819131 0.8395563804442492 28
1777217819770 0.8649393267640986 29
1777217820410 0.8920910791610148 30
1777217821053 0.8992778365243226 31
1777217821701 0.9104966443844263 32
1777217822335 0.9177708003925367 33
1777217827274 0.9276870215362496 34
1777217828413 0.9276524985120222 35
1777217829069 0.9309410217308169 36
1777217829724 0.937329851462579 37
1777217830710 0.9429046717653065 38
1777217831360 0.9476323350888661 39
1777217832008 0.9485575651938684 40
1777217832647 0.9456019305142301 41
1777217834431 0.9509726578373762 42
1777217835064 0.9461617260631786 43
1777217835705 0.9517660942198423 44
1777217836353 0.9428074020721126 45
1777217838056 0.9515986231672301 46
1777217841054 0.9618121170853868 47
1777217841724 0.9572718451476556 48
1777217842805 0.9591450595929693 49
1777217845434 0.9601978486355441 50
1777217851779 0.96371536898641 51
1777217856292 0.9630246007601556 52
1777217938071 0.9579539313275687 53
1777217946390 0.9640152885718448 54
1777217948329 0.9630797471415085 55
1777217949286 0.965461094435448 56
1777217950096 0.9643033794590281 57
1777217950890 0.9666978757168143 58
1777217951825 0.963983668464674 59
1777217954502 0.9612971509720385 60
1777217955877 0.960186723306559 61
1777217957883 0.9644857184336998 62
1777217958864 0.968359417489338 63
1777217959609 0.9629237239927464 64
1777217960342 0.9653922838560267 65
1777217962029 0.9725567162413103 66
1777217962842 0.9697150361005296 67
1777217963654 0.9714994809796228 68
1777217964412 0.9671574599797763 69
1777217967405 0.9656014689500181 70
1777217968064 0.9730020415211825 71
1777217968861 0.9696933239889267 72
1777217969528 0.9655572404051358 73
1777217970188 0.9725721683212104 74
1777217970873 0.9726522441122111 75
1777217972669 0.9700003498929954 76
