1777229284642 210.77844588214225 1
1777229286539 178.72009366002402 2
1777229288383 120.72543210682133 3
1777229290223 55.65570753103583 4
1777229292063 34.23048487697197 5
1777229293891 28.86077270764572 6
1777229295756 26.88181186166297 7
1777229297626 25.936981348847404 8
1777229299509 23.784678159288376 9
1777229321915 23.34146152118079 10
1777229325356 22.139845555517148 11
1777229327394 22.966521603142837 12
1777229329783 22.059758535858144 13
1777229331898 21.399525801557328 14
1777229334398 19.94377653671548 15
1777229336857 20.09886418722455 16
1777229339348 19.155664484392656 17
1777229341909 17.69870336341796 18
1777229344384 18.13272684451703 19
1777229346622 18.73419173360643 20
1777229348789 17.097620451923753 21
1777229350737 21.045375074868595 22
1777229353181 17.40108577144022 23
1777229355630 16.742734886602136 24
1777229358159 16.993632513577726 25
1777229360599 15.670381422988068 26
1777229363058 15.646954356938725 27
1777229365016 15.30288681833808 28
1777229366897 14.922274208135525 29
1777229368829 14.25103740719147 30
1777229370719 14.993442802487436 31
1777229372663 14.430375196426848 32
1777229374653 13.96307987219171 33
1777229376666 14.523406097199365 34
1777229378887 13.74750684419206 35
1777229381531 13.772392962562467 36
1777229384687 13.48291339130746 37
1777229388275 13.69169354881107 38
1777229394406 13.594334807177356 39
1777229409873 12.950258879292715 40
1777229411698 13.531807004195361 41
1777229413519 13.22895226691956 42
1777229415356 12.711776026170408 43
1777229417206 13.135775492297167 44
1777229419399 12.751533386048155 45
1777229421352 13.71995062724326 46
1777229423175 12.835086393858564 47
1777229424983 12.267925839790873 48
