1777229284642 169.77647399902344 1
1777229286539 136.90499877929688 2
1777229288383 83.07061004638672 3
1777229290223 35.92068099975586 4
1777229292063 23.970624923706055 5
1777229293891 20.636112213134766 6
1777229295756 19.478954315185547 7
1777229297626 18.667755126953125 8
1777229299509 17.16319465637207 9
1777229321915 16.946125030517578 10
1777229325356 15.984504699707031 11
1777229327394 16.312152862548828 12
1777229329783 15.638936996459961 13
1777229331898 14.946600914001465 14
1777229334398 14.138463973999023 15
1777229336857 14.269901275634766 16
1777229339348 13.542089462280273 17
1777229341909 12.71804141998291 18
1777229344384 13.006041526794434 19
1777229346622 12.907066345214844 20
1777229348789 12.370306015014648 21
1777229350737 13.918936729431152 22
1777229353181 11.985660552978516 23
1777229355630 11.65650463104248 24
1777229358159 11.65976619720459 25
1777229360599 11.14230728149414 26
1777229363058 11.223210334777832 27
1777229365016 11.092201232910156 28
1777229366897 10.745302200317383 29
1777229368829 10.443136215209961 30
1777229370719 10.703814506530762 31
1777229372663 10.520586013793945 32
1777229374653 10.162945747375488 33
1777229376666 10.463963508605957 34
1777229378887 9.990983009338379 35
1777229381531 10.082435607910156 36
1777229384687 9.772054672241211 37
1777229388275 9.70622444152832 38
1777229394406 9.890436172485352 39
1777229409873 9.544447898864746 40
1777229411698 9.73221206665039 41
1777229413519 9.559175491333008 42
1777229415356 9.358746528625488 43
1777229417206 9.425945281982422 44
1777229419399 9.257144927978516 45
1777229421352 9.486344337463379 46
1777229423175 9.176000595092773 47
1777229424983 8.917064666748047 48
