1777432301204 204.99339737842777 1
1777432302126 202.6902559171259 2
1777432302880 200.91558978523793 3
1777432304646 199.1332390009262 4
1777432305631 197.1914916394721 5
1777432306858 195.08659936038663 6
1777432307149 192.75337424089363 7
1777432307971 189.91130742401833 8
1777432308263 186.46730192583362 9
1777432309066 182.64891185002992 10
1777432310275 178.3538058975053 11
1777432310961 173.4619633648109 12
1777432311351 167.90857352291454 13
1777432311690 162.25055373557282 14
1777432311983 157.22808869600877 15
1777432313367 150.8009410717486 16
1777432314599 145.10027513326776 17
1777432314891 139.61983120468597 18
1777432315224 133.15573295487505 19
1777432316275 126.78314485889874 20
1777432316561 119.40795520242779 21
1777432317101 111.33589117648675 22
1777432317391 103.56940230468649 23
1777432317683 96.18733248036095 24
1777432317965 88.88130966086881 25
1777432318243 81.30069332038319 26
1777432319038 74.83741165749755 27
1777432319976 67.27914534562326 28
1777432320641 60.94615323176681 29
1777432320948 56.65117143192517 30
1777432321242 51.20576644849802 31
1777432321898 47.577327066379524 32
1777432322217 42.22879055754646 33
1777432322519 38.15508706509936 34
1777432323249 38.8530289852429 35
1777432323558 36.73423044686574 36
1777432323861 34.565136441602 37
1777432325179 32.75877111493863 38
1777432326773 30.891914213423732 39
1777432327108 29.963423747884896 40
1777432327679 28.23077224350839 41
1777432328327 28.896196520300794 42
1777432328659 28.556064005809805 43
1777432328967 29.925269063378945 44
1777432330414 27.172888045376453 45
1777432331440 31.143962675498 46
1777432332181 30.615892698763293 47
1777432332515 26.870390456798003 48
1777432333487 28.18107041068858 49
1777432333814 25.21300856266959 50
1777432334708 28.56799236887817 51
1777432335396 26.712887697525794 52
1777432336761 28.088667939251987 53
1777432338384 24.706347878395164 54
1777432339117 24.96683224604883 55
1777432339826 23.75911240689099 56
1777432341399 25.007526943074435 57
1777432341713 27.69795253637047 58
1777432342397 24.482729683072005 59
1777432342716 26.64353333648418 60
1777432343014 23.490375252264222 61
1777432343836 24.959134080000403 62
1777432344285 22.070063604791248 63
1777432345132 27.411657863332643 64
1777432345485 22.01917748795567 65
1777432346423 23.868656613950595 66
1777432347027 24.410059671856473 67
1777432347844 22.831608542387293 68
1777432348764 22.928415105241818 69
1777432349087 22.617484346065794 70
1777432349783 20.64785295828865 71
1777432350734 24.655082800715885 72
1777432351680 24.662215097505435 73
1777432352481 25.331081624933873 74
1777432352795 20.155245402533012 75
1777432353826 21.56539623325446 76
1777432354164 22.113345077522265 77
1777432354459 23.598276676684996 78
1777432354736 22.568566856602516 79
1777432355465 23.68852163240472 80
1777432355784 23.524410474730153 81
1777432357049 22.088343022076995 82
1777432357360 22.09441783710417 83
1777432358774 21.902765581924097 84
1777432359840 19.33976366815878 85
1777432360575 23.222757109221682 86
1777432360842 22.65443688865798 87
1777432361135 20.255308609237943 88
1777432362065 20.2295775864493 89
1777432362411 23.044556292257642 90
1777432362704 22.597776104371007 91
1777432363001 21.733963590193202 92
1777432363338 22.759508765740364 93
1777432363634 20.402979076002143 94
1777432364860 22.676320581979756 95
1777432365173 21.140778015891172 96
1777432365657 21.721993490946062 97
1777432366575 20.825050762430628 98
1777432366898 22.357253895722803 99
1777432367671 21.280654159472594 100
1777432367973 23.66213057482026 101
1777432368798 23.806762965397564 102
1777432369105 21.459646990913186 103
1777432370187 22.35980970598566 104
1777432371233 20.97470531233879 105
1777432371582 17.781875572530392 106
1777432372830 22.709781854842447 107
1777432373711 21.239640886104997 108
1777432374042 20.905744195815164 109
1777432375216 18.18342885599241 110
1777432375752 22.582745796621893 111
1777432376447 22.460452440414574 112
1777432377399 21.950034535582883 113
1777432378080 22.203265195722057 114
1777432379100 19.73249214716404 115
1777432381414 18.24646881639234 116
1777432381711 22.669388701110385 117
1777432382452 20.24692540316307 118
1777432383999 19.25791708896548 119
1777432384314 21.155138535935173 120
1777432384847 19.08634522947623 121
1777432386472 20.581440744636904 122
1777432387016 20.137921657208697 123
1777432387492 18.92978503508715 124
1777432387801 20.71330380672875 125
1777432388091 19.60144884632256 126
1777432389273 17.253994244313763 127
1777432389924 22.523111638078078 128
1777432390214 21.09639595673349 129
1777432390513 19.498258855309924 130
1777432390803 19.315514782892144 131
1777432391130 20.901665930539483 132
1777432391445 22.12351717532796 133
1777432392562 19.11290882339489 134
1777432393708 18.332323821045915 135
1777432394467 19.982165204740234 136
1777432395104 20.296814105711192 137
1777432395683 19.605274565062444 138
1777432396261 20.06696552717301 139
1777432396759 20.317817813513464 140
1777432397072 18.25533770534876 141
1777432397781 17.26044004442945 142
1777432398069 19.535009794367024 143
1777432399295 18.269717917182998 144
1777432399930 21.15825063241805 145
1777432400263 20.20508633775208 146
1777432400552 15.268337543676989 147
1777432401861 18.315940143221646 148
1777432402175 17.047314492215023 149
1777432402936 16.83529671779419 150
1777432404542 19.744473613678586 151
1777432404850 18.142842948230044 152
1777432405170 18.614207168077122 153
1777432406062 16.450298939687332 154
1777432406480 18.200597497543264 155
1777432407113 17.750096280548735 156
1777432407683 17.85174883655485 157
1777432408902 19.087903315411978 158
1777432409744 20.433337239715716 159
1777432410538 16.311104316490574 160
1777432411314 18.07601307078406 161
1777432412014 18.1211834276451 162
1777432412645 17.203554291873452 163
1777432413663 20.924409970586687 164
1777432414615 17.329836761709558 165
1777432414950 18.468340202729372 166
1777432415907 18.90665756921231 167
1777432416757 18.135249324627612 168
