1777299100868 158.20560324955042 1
1777299101571 154.7826942358728 2
1777299102269 151.57354504265507 3
1777299102960 147.86365543976996 4
1777299103653 143.56637409275166 5
1777299104340 138.58859525312064 6
1777299105036 132.6137447659576 7
1777299105732 125.97746155896189 8
1777299106425 119.18334984681358 9
1777299107124 112.04410947216167 10
1777299107836 104.19964351418854 11
1777299108543 95.90854619239543 12
1777299109269 87.03387440195941 13
1777299109970 78.33597070780209 14
1777299110657 68.90099982520937 15
1777299111353 59.2220699603741 16
1777299112059 50.14866415080923 17
1777299112779 41.23587013732946 18
1777299113471 33.73423233133026 19
1777299114197 28.104338320576996 20
1777299114880 25.508494606174864 21
1777299115572 23.614410946947366 22
1777299116261 19.723736059084683 23
1777299116959 18.414045646340444 24
1777299117648 19.12244142452829 25
1777299118353 16.965748824446045 26
1777299119061 16.219376978983405 27
1777299119777 16.033901717476613 28
1777299120483 15.584071422561225 29
1777299121166 15.499134344839028 30
1777299121867 14.879974796431805 31
1777299122568 14.83440672672292 32
1777299123308 13.366354911521961 33
1777299123998 14.05317266702792 34
1777299124687 14.40356440776527 35
1777299125401 12.98408049243517 36
1777299126099 13.041184737272145 37
1777299126791 12.653539734312316 38
1777299127489 13.77437971678469 39
1777299128184 11.594778428270896 40
1777299128905 13.618121809631814 41
1777299129636 12.575568583875421 42
1777299130339 11.373263026991804 43
1777299131060 13.206104710881876 44
1777299131767 12.742343238431848 45
1777299132472 12.10253548188134 46
1777299133165 13.169643724657687 47
1777299133864 11.005740667467458 48
1777299134567 11.1488367832204 49
1777299135259 11.35638019664807 50
1777299135961 11.723476555511242 51
1777299136649 10.717347716837159 52
1777299137364 12.23423954800725 53
1777299138049 11.011276095038083 54
1777299138753 10.22433214697219 55
1777299139480 10.673428643540781 56
1777299140202 10.449586289249584 57
1777299140915 10.179070814875246 58
1777299141629 10.323680314328904 59
1777299142320 11.276959625889257 60
1777299143020 10.779203741955044 61
1777299143710 10.293915705476449 62
1777299144405 10.154257631553879 63
1777299145094 10.429108535130446 64
1777299145805 10.048491682365091 65
1777299146491 8.875184835858438 66
1777299147231 9.287425003678955 67
1777299147923 10.074602422193436 68
1777299148619 9.323330572893251 69
1777299149310 9.208172495198545 70
1777299150052 9.988806963666915 71
1777299150777 8.549782817390339 72
1777299151475 8.68003808591062 73
1777299152208 8.668387997101421 74
1777299152900 9.463710901951412 75
1777299153590 8.800917838785974 76
1777299154281 8.23096032179039 77
1777299154978 9.671535034426086 78
1777299155665 7.997849499976292 79
1777299156374 8.886305262464253 80
1777299157112 7.777504129684188 81
1777299157817 9.51024097928704 82
1777299158508 8.812504282294478 83
1777299159203 8.066613181646753 84
1777299159926 8.80312177677121 85
1777299160648 8.8833673452533 86
1777299161358 8.34088080557948 87
1777299162048 8.829033554825305 88
1777299162772 8.898488968733263 89
1777299163483 7.443582780908573 90
1777299164176 7.533123884352249 91
1777299164883 8.008857780250464 92
1777299165577 7.944234707463298 93
1777299166269 7.526588362661867 94
1777299166958 7.740625669308011 95
1777299167649 7.959237135653628 96
1777299168349 7.749841816902721 97
1777299169037 7.947979876103292 98
1777299169741 7.682874355327362 99
1777299170479 7.630545238432154 100
1777299171178 8.459952600269688 101
1777299171875 8.199962576207033 102
1777299172569 6.836504936778258 103
1777299173291 7.346141102869792 104
1777299173985 7.4223291897731745 105
1777299174679 6.824644081465161 106
1777299175383 7.088798980466492 107
1777299176083 7.766812602562268 108
1777299176778 6.872758132320814 109
1777299177464 7.738188867350571 110
1777299178217 6.9946212611755625 111
1777299178904 6.49248576430244 112
1777299179601 7.454985926309475 113
1777299180338 6.846709782280644 114
1777299181028 7.362057181295058 115
1777299181708 7.77595463011871 116
1777299182415 7.033266409102847 117
1777299183101 7.8309998859466 118
1777299183792 7.089581926360385 119
1777299184478 7.348433675446793 120
1777299185174 6.687600982518177 121
1777299185876 6.5916756754823105 122
1777299186571 6.1550287402383175 123
1777299187275 6.818209359734043 124
1777299187965 6.1614406611453205 125
1777299188655 6.720768325411426 126
1777299189350 6.45486517226913 127
1777299190091 6.8053197614319245 128
1777299190785 6.714413842242113 129
1777299191488 6.501390659872112 130
1777299192174 6.651198920262819 131
1777299192875 6.820403547617385 132
1777299193608 6.1474622456522034 133
1777299194306 6.19083862394287 134
1777299194993 6.2198589703508915 135
1777299195678 6.334258803044497 136
1777299196401 6.018520924181218 137
1777299197087 5.765235521481167 138
1777299197812 5.479735793888183 139
1777299198501 5.445249079537966 140
1777299199197 5.339708508565995 141
1777299199890 5.897921050917871 142
1777299200618 6.333793345018478 143
1777299201311 5.591249097744577 144
1777299202021 5.440094923735085 145
1777299202701 6.745200251804963 146
1777299203386 5.293337730680993 147
1777299204083 5.880051820612766 148
1777299204764 5.707748618044716 149
1777299205445 5.170860905403679 150
1777299206127 5.769841049113697 151
1777299206815 5.523572854133333 152
1777299207506 6.177985525943221 153
1777299208204 6.020373110342781 154
1777299208906 6.275062530795337 155
1777299209599 6.658019750312855 156
1777299210320 5.798227656818598 157
1777299211018 5.3241277693022155 158
1777299211714 5.8714103681930565 159
1777299212443 5.708668735121113 160
1777299213137 5.558749919629279 161
1777299213826 5.076620653525423 162
