1777299100868 41982.748046875 1
1777299101571 40874.208984375 2
1777299102269 39859.384765625 3
1777299102960 38638.541015625 4
1777299103653 37104.8203125 5
1777299104340 35158.671875 6
1777299105036 32891.263671875 7
1777299105732 30595.6884765625 8
1777299106425 28234.1240234375 9
1777299107124 25738.3701171875 10
1777299107836 23210.5078125 11
1777299108543 20587.2548828125 12
1777299109269 17902.6611328125 13
1777299109970 15272.2744140625 14
1777299110657 12347.4375 15
1777299111353 9478.365234375 16
1777299112059 7249.562744140625 17
1777299112779 5092.491943359375 18
1777299113471 3685.8402099609375 19
1777299114197 2518.783935546875 20
1777299114880 2005.8259887695312 21
1777299115572 1755.1019287109375 22
1777299116261 1319.2315063476562 23
1777299116959 1087.1700439453125 24
1777299117648 1148.0696411132812 25
1777299118353 939.9444885253906 26
1777299119061 883.3932189941406 27
1777299119777 873.1708984375 28
1777299120483 803.98681640625 29
1777299121166 800.6260070800781 30
1777299121867 742.237060546875 31
1777299122568 725.2893371582031 32
1777299123308 590.9693908691406 33
1777299123998 673.6387023925781 34
1777299124687 724.1304016113281 35
1777299125401 599.0577087402344 36
1777299126099 578.1523742675781 37
1777299126791 555.9576110839844 38
1777299127489 632.7865600585938 39
1777299128184 473.05384826660156 40
1777299128905 639.2086486816406 41
1777299129636 570.8303527832031 42
1777299130339 491.9924011230469 43
1777299131060 587.3663940429688 44
1777299131767 547.5660705566406 45
1777299132472 512.0235748291016 46
1777299133165 607.2718200683594 47
1777299133864 451.4603271484375 48
1777299134567 465.96141052246094 49
1777299135259 461.89414978027344 50
1777299135961 501.7279357910156 51
1777299136649 443.392822265625 52
1777299137364 530.9872131347656 53
1777299138049 451.0766906738281 54
1777299138753 395.6296844482422 55
1777299139480 428.97833251953125 56
1777299140202 404.4287567138672 57
1777299140915 394.0825958251953 58
1777299141629 410.77894592285156 59
1777299142320 465.58763122558594 60
1777299143020 414.0092010498047 61
1777299143710 407.70530700683594 62
1777299144405 384.57562255859375 63
1777299145094 410.86676025390625 64
1777299145805 380.8614959716797 65
1777299146491 322.80128479003906 66
1777299147231 352.59593200683594 67
1777299147923 389.5430603027344 68
1777299148619 344.06971740722656 69
1777299149310 332.3929748535156 70
1777299150052 385.1384735107422 71
1777299150777 296.6160583496094 72
1777299151475 299.9741973876953 73
1777299152208 308.06689453125 74
1777299152900 345.3656768798828 75
1777299153590 307.81260681152344 76
1777299154281 285.0671081542969 77
1777299154978 368.85414123535156 78
1777299155665 270.87176513671875 79
1777299156374 321.3930969238281 80
1777299157112 263.80371856689453 81
1777299157817 357.8642883300781 82
1777299158508 307.4555206298828 83
1777299159203 265.55045318603516 84
1777299159926 301.6828918457031 85
1777299160648 315.491943359375 86
1777299161358 283.88999938964844 87
1777299162048 319.4442596435547 88
1777299162772 309.4133605957031 89
1777299163483 242.52174377441406 90
1777299164176 242.4875259399414 91
1777299164883 264.148193359375 92
1777299165577 277.4139709472656 93
1777299166269 247.73797607421875 94
1777299166958 244.83056640625 95
1777299167649 261.79747772216797 96
1777299168349 249.15218353271484 97
1777299169037 263.6784210205078 98
1777299169741 250.25244903564453 99
1777299170479 256.1196060180664 100
1777299171178 295.4176025390625 101
1777299171875 277.0484313964844 102
1777299172569 211.15853881835938 103
1777299173291 231.91168975830078 104
1777299173985 232.8218765258789 105
1777299174679 213.41590881347656 106
1777299175383 222.31338500976562 107
1777299176083 265.1843719482422 108
1777299176778 209.71780395507812 109
1777299177464 253.41622924804688 110
1777299178217 227.40867614746094 111
1777299178904 194.74954986572266 112
1777299179601 241.03520965576172 113
1777299180338 215.6728515625 114
1777299181028 230.96168518066406 115
1777299181708 250.72602081298828 116
1777299182415 218.19422149658203 117
1777299183101 252.58474731445312 118
1777299183792 228.1110076904297 119
1777299184478 239.72828674316406 120
1777299185174 203.6837615966797 121
1777299185876 210.7629165649414 122
1777299186571 183.4746551513672 123
1777299187275 207.95722198486328 124
1777299187965 184.57139587402344 125
1777299188655 215.55207061767578 126
1777299189350 190.73704528808594 127
1777299190091 212.0741729736328 128
1777299190785 201.53311157226562 129
1777299191488 199.9888687133789 130
1777299192174 208.37653350830078 131
1777299192875 214.76874542236328 132
1777299193608 181.32542419433594 133
1777299194306 180.7583236694336 134
1777299194993 184.96817016601562 135
1777299195678 190.31209564208984 136
1777299196401 178.5263442993164 137
1777299197087 163.63002014160156 138
1777299197812 153.33279418945312 139
1777299198501 153.6111068725586 140
1777299199197 158.91561889648438 141
1777299199890 174.1128921508789 142
1777299200618 188.44224548339844 143
1777299201311 155.89900970458984 144
1777299202021 153.66920471191406 145
1777299202701 203.05524444580078 146
1777299203386 147.38477325439453 147
1777299204083 173.55145263671875 148
1777299204764 162.61869049072266 149
1777299205445 141.506591796875 150
1777299206127 181.63700103759766 151
1777299206815 160.2529754638672 152
1777299207506 178.86395263671875 153
1777299208204 173.70545959472656 154
1777299208906 185.20276641845703 155
1777299209599 200.8270721435547 156
1777299210320 176.41104125976562 157
1777299211018 147.98908233642578 158
1777299211714 172.92686462402344 159
1777299212443 164.01022338867188 160
1777299213137 157.1120147705078 161
1777299213826 137.73094940185547 162
