1777299100868 -1.7362786932476626 1
1777299101571 -1.6640281824770073 2
1777299102269 -1.5978857937328526 3
1777299102960 -1.5183157932766569 4
1777299103653 -1.4183536207692071 5
1777299104340 -1.2915108126006731 6
1777299105036 -1.1437296989139791 7
1777299105732 -0.994112627646738 8
1777299106425 -0.8401947648954746 9
1777299107124 -0.6775308062139349 10
1777299107836 -0.5127741071802796 11
1777299108543 -0.3418003536488443 12
1777299109269 -0.16682861864896914 13
1777299109970 0.004610177815239536 14
1777299110657 0.1952401502322464 15
1777299111353 0.3822355604148379 16
1777299112059 0.5275005756024767 17
1777299112779 0.6680903897961602 18
1777299113471 0.7597706989559245 19
1777299114197 0.8358350736633393 20
1777299114880 0.869267756149991 21
1777299115572 0.8856090109572667 22
1777299116261 0.9140174186341504 23
1777299116959 0.9291423185351958 24
1777299117648 0.9251731108183261 25
1777299118353 0.9387379304312458 26
1777299119061 0.9424237309496246 27
1777299119777 0.9430899817269176 28
1777299120483 0.9475991420729282 29
1777299121166 0.9478181886670303 30
1777299121867 0.9516237596608599 31
1777299122568 0.95272834999876 32
1777299123308 0.9614828225907439 33
1777299123998 0.9560947442442049 34
1777299124687 0.9528038858639992 35
1777299125401 0.9609556550149518 36
1777299126099 0.9623181876911084 37
1777299126791 0.9637647596683612 38
1777299127489 0.9587573362525768 39
1777299128184 0.9691681178878266 40
1777299128905 0.9583387686753152 41
1777299129636 0.9627954098400622 42
1777299130339 0.9679337730122349 43
1777299131060 0.9617176525664216 44
1777299131767 0.9643116896596383 45
1777299132472 0.9666282169442673 46
1777299133165 0.9604202913708157 47
1777299133864 0.9705755023011853 48
1777299134567 0.9696303759032443 49
1777299135259 0.9698954642371751 50
1777299135961 0.9672992480637712 51
1777299136649 0.9711013124367947 52
1777299137364 0.9653922371605438 53
1777299138049 0.9706005055121592 54
1777299138753 0.9742143363889273 55
1777299139480 0.972040794993131 56
1777299140202 0.9736408438217494 57
1777299140915 0.9743151686771675 58
1777299141629 0.9732269633000606 59
1777299142320 0.969654738067577 60
1777299143020 0.9730164273177109 61
1777299143710 0.9734272915714346 62
1777299144405 0.9749347976630999 63
1777299145094 0.9732212393276258 64
1777299145805 0.9751768714491258 65
1777299146491 0.9789610178676347 66
1777299147231 0.9770191141738129 67
1777299147923 0.9746110392097039 68
1777299148619 0.9775748223656542 69
1777299149310 0.9783358682262994 70
1777299150052 0.9748981132906611 71
1777299150777 0.9806676729918898 72
1777299151475 0.9804488022072212 73
1777299152208 0.979921350585576 74
1777299152900 0.9774903552140859 75
1777299153590 0.9799379239136192 76
1777299154281 0.9814203909148345 77
1777299154978 0.9759594652718053 78
1777299155665 0.9823455898516997 79
1777299156374 0.9790527987637099 80
1777299157112 0.9828062590043134 81
1777299157817 0.9766757428027493 82
1777299158508 0.9799611977338408 83
1777299159203 0.9826924128283727 84
1777299159926 0.9803374359010766 85
1777299160648 0.9794374141906448 86
1777299161358 0.9814971102047966 87
1777299162048 0.9791798165215202 88
1777299162772 0.9798335923767728 89
1777299163483 0.984193338624105 90
1777299164176 0.9841955685335502 91
1777299164883 0.9827838068240965 92
1777299165577 0.981919194568716 93
1777299166269 0.9838533644414451 94
1777299166958 0.9840428583069923 95
1777299167649 0.9829370181673384 96
1777299168349 0.9837611912630969 97
1777299169037 0.9828144257710854 98
1777299169741 0.9836894801500194 99
1777299170479 0.9833070802807393 100
1777299171178 0.9807457838075369 101
1777299171875 0.9819430185409059 102
1777299172569 0.9862374749054159 103
1777299173291 0.9848848623064346 104
1777299173985 0.9848255397784941 105
1777299174679 0.9860903487213358 106
1777299175383 0.985510444295458 107
1777299176083 0.9827162732780301 108
1777299176778 0.9863313768765253 109
1777299177464 0.9834832766144195 110
1777299178217 0.9851783522357258 111
1777299178904 0.9873069517939432 112
1777299179601 0.9842902257676333 113
1777299180338 0.9859432494468628 114
1777299181028 0.984946780116486 115
1777299181708 0.9836586142326362 116
1777299182415 0.9857789160639936 117
1777299183101 0.9835374701712387 118
1777299183792 0.9851325771440809 119
1777299184478 0.9843754060360722 120
1777299185174 0.986724653011021 121
1777299185876 0.9862632602889708 122
1777299186571 0.9880418071196668 123
1777299187275 0.986446125421292 124
1777299187965 0.987970325635237 125
1777299188655 0.9859511214039389 126
1777299189350 0.987568471913967 127
1777299190091 0.9861777977686526 128
1777299190785 0.9868648245566329 129
1777299191488 0.9869654724672572 130
1777299192174 0.9864187960242785 131
1777299192875 0.9860021755065914 132
1777299193608 0.988181885976632 133
1777299194306 0.98821884781702 134
1777299194993 0.9879444661007648 135
1777299195678 0.9875961684776202 136
1777299196401 0.9883643193592564 137
1777299197087 0.9893352066231103 138
1777299197812 0.9900063415904694 139
1777299198501 0.9899882017279249 140
1777299199197 0.989642473673267 141
1777299199890 0.9886519716977716 142
1777299200618 0.9877180385004193 143
1777299201311 0.9898390848309075 144
1777299202021 0.9899844149482089 145
1777299202701 0.9867656178049691 146
1777299203386 0.9903940108624492 147
1777299204083 0.9886885645775461 148
1777299204764 0.9894011214068092 149
1777299205445 0.9907771295761201 150
1777299206127 0.9881615787911001 151
1777299206815 0.9895553092697946 152
1777299207506 0.988342315672492 153
1777299208204 0.9886785272940821 154
1777299208906 0.9879291754639954 155
1777299209599 0.9869108417788198 156
1777299210320 0.9885021874424972 157
1777299211018 0.9903546244664578 158
1777299211714 0.9887292728332394 159
1777299212443 0.9893104264628799 160
1777299213137 0.9897600256011065 161
1777299213826 0.9910232115956421 162
