1777393576057 226.96953953118907 1
1777393579596 224.7069793364238 2
1777393585388 222.99449089327297 3
1777393588279 221.33281465645803 4
1777393588638 219.54952993288325 5
1777393594601 217.55110750120303 6
1777393598142 215.27872558035082 7
1777393601374 212.67570860643676 8
1777393608969 209.85993282723123 9
1777393614823 206.63720283083103 10
1777393615173 202.8481767541922 11
1777393618269 198.7337060931034 12
1777393625881 194.4655637092336 13
1777393635214 189.9274224045859 14
1777393637305 185.07332795070715 15
1777393650000 180.26137706813404 16
1777393652441 175.15751281881973 17
1777393655058 170.17007806529912 18
1777393661536 164.67890750829324 19
1777393667845 159.59060171654846 20
1777393673212 153.99746345313613 21
1777393689085 147.63783284612384 22
1777393704719 141.9095635211031 23
1777393707552 135.14526328177396 24
1777393710045 127.90492914050459 25
1777393712979 121.21998259234118 26
1777393713360 114.92803029912893 27
1777393719268 108.02031149423937 28
1777393719644 100.5273691743945 29
1777393725915 92.86104580568215 30
1777393728731 86.38059915372347 31
1777393732477 79.05297311672567 32
1777393735155 73.0670911196518 33
1777393737535 65.82584963727206 34
1777393751184 58.80566262726108 35
1777393765688 52.67523072223438 36
1777393769291 47.875 37
1777393774168 45.036618401810685 38
1777393789868 43.19392702720199 39
1777393792875 38.7865093885345 40
1777393813955 36.954814641604045 41
1777393833363 35.31940094350147 42
1777393839742 34.17085689498436 43
1777393846394 32.79707226596225 44
1777393849753 32.49050154167657 45
1777393861633 29.814632187576436 46
1777393875213 32.10685817386801 47
1777393875539 28.990103249657135 48
1777393881514 28.719537402494513 49
1777393884904 29.15588051581265 50
1777393889551 29.14620631872075 51
1777393891902 28.053568142874 52
1777393895384 26.80343510262782 53
1777393897326 26.532231145359436 54
1777393905953 25.437449612204393 55
1777393913577 25.54611763021071 56
1777393921280 27.47436771515691 57
1777393935361 23.833192340282622 58
1777393945488 24.106069777084283 59
1777393957047 25.75797007648191 60
1777393968617 22.44916947151804 61
1777393979975 23.32702217126966 62
1777393997759 22.624931208890587 63
1777394000721 24.62208129316105 64
1777394006313 21.24670815495603 65
1777394019350 23.947894436655986 66
1777394024059 25.641240328158975 67
1777394033937 22.88135611189886 68
1777394042715 22.11817887326897 69
1777394054872 22.014901403119264 70
1777394068039 25.802626081376147 71
1777394074738 22.90699473337443 72
1777394084397 22.964035443016652 73
1777394084714 22.195633549904375 74
1777394085032 20.54178510506656 75
1777394087679 23.73443414656883 76
1777394089589 22.288152666104434 77
1777394091379 22.503868618155483 78
1777394095686 21.633730145984924 79
1777394103584 23.334750032559405 80
1777394109650 23.905550439110893 81
1777394116365 21.381315313405068 82
1777394126436 23.661013648923227 83
1777394136592 21.64878428087461 84
1777394145191 18.90109934359598 85
1777394145554 21.0426964636876 86
1777394145889 21.723616108423844 87
