1777393576057 189.99999116976585 1
1777393579596 187.37493647287585 2
1777393585388 185.3736505813147 3
1777393588279 183.41901071762896 4
1777393588638 181.30398864746093 5
1777393594601 178.9842215814534 6
1777393598142 176.39707385181674 7
1777393601374 173.53343787560095 8
1777393608969 170.39922884427585 9
1777393614823 167.01726254796137 10
1777393615173 163.19517466528177 11
1777393618269 158.91931174013035 12
1777393625881 154.35090684157151 13
1777393635214 149.47153742863583 14
1777393637305 144.60175057134686 15
1777393650000 139.64950606667784 16
1777393652441 134.4440964738293 17
1777393655058 129.09512372440136 18
1777393661536 123.64390647030442 19
1777393667845 118.1081049992488 20
1777393673212 112.17806418153661 21
1777393689085 106.33352794760077 22
1777393704719 100.2895883594039 23
1777393707552 94.10082727014665 24
1777393710045 87.91075888187927 25
1777393712979 81.7657673130374 26
1777393713360 75.8321143201117 27
1777393719268 69.48776105169713 28
1777393719644 64.25025015836637 29
1777393725915 58.302403949985845 30
1777393728731 52.62387991007969 31
1777393732477 47.64607193625185 32
1777393735155 43.48082756177914 33
1777393737535 38.053841856104384 34
1777393751184 33.77669680443036 35
1777393765688 29.73799775253386 36
1777393769291 27.33500399392032 37
1777393774168 25.864737313174636 38
1777393789868 24.470096890601887 39
1777393792875 22.145787720990604 40
1777393813955 21.53127510251378 41
1777393833363 19.973139387051734 42
1777393839742 19.85599026313195 43
1777393846394 18.79608597501495 44
1777393849753 18.91028859968016 45
1777393861633 17.22111107865734 46
1777393875213 18.630573679004197 47
1777393875539 16.461140225201667 48
1777393881514 16.265615869555955 49
1777393884904 16.665232866050225 50
1777393889551 16.48664800655207 51
1777393891902 16.19976677076351 52
1777393895384 15.207408113874628 53
1777393897326 15.277215253389798 54
1777393905953 14.237609684961082 55
1777393913577 14.568133131851106 56
1777393921280 16.316881820859287 57
1777393935361 13.194848109138082 58
1777393945488 13.414185370496039 59
1777393957047 14.657337768825554 60
1777393968617 12.446637558795997 61
1777393979975 13.144329086845444 62
1777393997759 12.406796264648438 63
1777394000721 13.900353209365754 64
1777394006313 11.456035386034722 65
1777394019350 13.25079915199054 66
1777394024059 14.800690047134308 67
1777394033937 12.933489468817175 68
1777394042715 12.30682450469429 69
1777394054872 12.125165273451946 70
1777394068039 14.47475992349478 71
1777394074738 12.496832135443151 72
1777394084397 13.04386324459279 73
1777394084714 12.51724027486948 74
1777394085032 11.12235804789165 75
1777394087679 12.97962522901727 76
1777394089589 12.074683797712156 77
1777394091379 12.451501324896276 78
1777394095686 11.917401838584764 79
1777394103584 13.240968031572873 80
1777394109650 13.458476993177063 81
1777394116365 11.188604316485703 82
1777394126436 13.43017344277286 83
1777394136592 12.08138537999441 84
1777394145191 10.146617774850519 85
1777394145554 11.734511970204009 86
1777394145889 11.572788098577917 87
