1777271182850 -1.666183323877736 1
1777271185100 -1.4105335253232942 2
1777271187318 -1.0082118878444697 3
1777271189544 -0.4452544517950101 4
1777271191847 0.156965702785561 5
1777271194097 0.5808264365644737 6
1777271196372 0.8106513248195195 7
1777271198610 0.8895709710199462 8
1777271200877 0.9148212050115381 9
1777271203191 0.9244455416952375 10
1777271205502 0.9335105928607172 11
1777271207845 0.938625551606283 12
1777271210081 0.9398381591168447 13
1777271212339 0.9435358272739436 14
1777271214770 0.9408450349540728 15
1777271216992 0.94466531657277 16
1777271219319 0.9476373004710877 17
1777271221584 0.9503259318606645 18
1777271223930 0.9499163156665217 19
1777271226324 0.9516926310329952 20
1777271228643 0.953085400542144 21
1777271230958 0.9553720730922024 22
1777271233256 0.954463564789635 23
1777271235510 0.9581389654402762 24
1777271237805 0.955825931381449 25
1777271240195 0.9552816579065889 26
1777271242493 0.9577593586686193 27
1777271244745 0.9554168326371503 28
1777271247005 0.9589682832951109 29
1777271249278 0.9601682679030445 30
1777271251572 0.9623431368436716 31
1777271253937 0.9618014275553765 32
1777271258033 0.9653440749743092 33
1777271260382 0.9648505362441265 34
1777271262729 0.9656853724294758 35
1777271264972 0.9667181805400548 36
1777271267279 0.9658205356703282 37
1777271269593 0.9681692634094711 38
1777271271890 0.9666122951988143 39
1777271274342 0.9691067070547738 40
1777271276873 0.9709519416326842 41
1777271281402 0.9694652875403978 42
1777271284163 0.9742420187970949 43
1777271286751 0.9723578202857511 44
1777271289379 0.9729817172732486 45
1777271294569 0.9736115503822093 46
1777271300370 0.973515437689987 47
1777271302962 0.9739624574000587 48
1777271305339 0.974898075497613 49
1777271307575 0.9750826716660801 50
1777271309864 0.9752004768958079 51
1777271312149 0.9759874433697484 52
1777271314427 0.9750261240858101 53
1777271316694 0.9767074760377928 54
1777271319046 0.976006891002629 55
1777271321428 0.9767743596958247 56
