1777271182850 159.86408233642578 1
1777271185100 147.5694091796875 2
1777271187318 130.06890258789062 3
1777271189544 103.70520248413087 4
1777271191847 73.60573654174804 5
1777271194097 50.18480796813965 6
1777271196372 34.745536422729494 7
1777271198610 28.41261978149414 8
1777271200877 25.465984535217284 9
1777271203191 24.15623531341553 10
1777271205502 22.60736846923828 11
1777271207845 21.69008865356445 12
1777271210081 21.49890899658203 13
1777271212339 20.849898910522462 14
1777271214770 21.205791664123534 15
1777271216992 20.60068588256836 16
1777271219319 19.954726219177246 17
1777271221584 19.491809844970703 18
1777271223930 19.477053070068358 19
1777271226324 19.07771739959717 20
1777271228643 18.965575981140137 21
1777271230958 18.187316131591796 22
1777271233256 18.471459770202635 23
1777271235510 17.666895866394043 24
1777271237805 18.24565486907959 25
1777271240195 18.35199546813965 26
1777271242493 17.739258766174316 27
1777271244745 18.261255836486818 28
1777271247005 17.445338821411134 29
1777271249278 17.24528694152832 30
1777271251572 16.85425567626953 31
1777271253937 16.919050025939942 32
1777271258033 16.22896146774292 33
1777271260382 16.188348484039306 34
1777271262729 16.02141284942627 35
1777271264972 15.897408199310302 36
1777271267279 16.235006237030028 37
1777271269593 15.58577241897583 38
1777271271890 15.79379358291626 39
1777271274342 15.401342391967773 40
1777271276873 15.096498012542725 41
1777271281402 15.360679435729981 42
1777271284163 14.286369514465331 43
1777271286751 14.653411769866944 44
1777271289379 14.434432029724121 45
1777271294569 14.401998329162598 46
1777271300370 14.272050094604491 47
1777271302962 14.280104732513427 48
1777271305339 13.917153453826904 49
1777271307575 13.901875209808349 50
1777271309864 13.809096717834473 51
1777271312149 13.677828121185303 52
1777271314427 13.915313816070556 53
1777271316694 13.43408260345459 54
1777271319046 13.582601642608642 55
1777271321428 13.400305271148682 56
