1777386680407 51589.46875 1
1777386680849 50894.8359375 2
1777386681204 50155.171875 3
1777386681519 49549.97265625 4
1777386681845 48929.1640625 5
1777386682153 48266.85546875 6
1777386682471 47551.4375 7
1777386682787 46782.7421875 8
1777386683106 45946.296875 9
1777386683433 45063.69140625 10
1777386683771 44099.55859375 11
1777386684152 43068.515625 12
1777386684483 41893.51171875 13
1777386684808 40659.59375 14
1777386685130 39267.90625 15
1777386685449 37877.3125 16
1777386685779 36454.3515625 17
1777386686099 34922.015625 18
1777386686425 33525.61328125 19
1777386686747 31951.025390625 20
1777386687068 30394.220703125 21
1777386687486 28879.275390625 22
1777386687829 27484.578125 23
1777386688152 25831.162109375 24
1777386688479 24295.91796875 25
1777386688812 22891.998046875 26
1777386689135 21409.9765625 27
1777386689460 19767.373046875 28
1777386689794 18380.298828125 29
1777386690123 16783.216796875 30
1777386690444 15309.85546875 31
1777386690804 13840.4287109375 32
1777386691115 12612.8662109375 33
1777386691445 11104.345703125 34
1777386691769 9836.5263671875 35
1777386692096 8587.068359375 36
1777386692446 7631.99462890625 37
1777386692767 6648.0556640625 38
1777386693114 5918.27294921875 39
1777386693458 4989.29833984375 40
1777386693835 4109.09033203125 41
1777386694235 3566.3125 42
1777386694983 3062.37939453125 43
1777386695348 2625.36962890625 44
1777386695675 2208.81787109375 45
1777386696000 2025.8094482421875 46
1777386696340 1765.291748046875 47
1777386696666 1653.8319091796875 48
1777386696986 1413.794921875 49
1777386697316 1300.844970703125 50
1777386697636 1261.7120361328125 51
1777386697952 1140.63427734375 52
1777386698289 1065.9283447265625 53
1777386698606 1025.720947265625 54
1777386698952 1039.0091552734375 55
1777386699271 962.7569580078125 56
1777386699625 955.2188110351562 57
1777386699960 893.9829711914062 58
1777386700283 813.3927612304688 59
1777386700618 1037.870361328125 60
1777386700945 761.1177368164062 61
1777386701271 882.9282836914062 62
1777386701588 750.5958862304688 63
1777386701923 769.8162231445312 64
1777386702240 759.1226196289062 65
1777386702570 770.7283935546875 66
1777386702882 680.9940795898438 67
1777386703240 690.475830078125 68
1777386703567 832.6090087890625 69
1777386703918 738.1023559570312 70
1777386704246 665.9004516601562 71
1777386704612 627.514404296875 72
1777386704930 636.8936157226562 73
1777386705259 529.9633178710938 74
1777386705582 682.4520874023438 75
1777386705908 550.3921508789062 76
1777386706237 543.3539428710938 77
1777386706547 633.6371459960938 78
1777386706878 606.1087036132812 79
1777386707192 597.4404296875 80
1777386707524 474.59515380859375 81
1777386707859 616.4338989257812 82
1777386708180 549.4019165039062 83
1777386708504 510.0805969238281 84
1777386708829 588.28955078125 85
1777386709170 497.1962890625 86
1777386709488 556.1217651367188 87
1777386709824 622.0146484375 88
1777386710135 515.7276000976562 89
1777386710494 478.8492736816406 90
1777386710824 550.3251953125 91
