1777430379159 -2.805947461825426 1
1777430379468 -2.7248149943583684 2
1777430379783 -2.664942698791439 3
1777430380090 -2.606549538981121 4
1777430380400 -2.543104093523071 5
1777430380739 -2.4715214777227255 6
1777430381084 -2.3927033732969303 7
1777430381400 -2.298827394055896 8
1777430381710 -2.191886123684989 9
1777430382031 -2.078505069074136 10
1777430382355 -1.9593224515356966 11
1777430382671 -1.8379784981438227 12
1777430382993 -1.7023436029914287 13
1777430383306 -1.570162239752202 14
1777430383622 -1.4371767778834053 15
1777430383935 -1.3126273564217015 16
1777430384244 -1.1760272980817055 17
1777430384574 -1.029078710728054 18
1777430384893 -0.8788455256230803 19
1777430385202 -0.7353434749792067 20
1777430385516 -0.5850165541488201 21
1777430385822 -0.44779077486567465 22
1777430386150 -0.3070178153839911 23
1777430386480 -0.17809359372278433 24
1777430386785 -0.04488446022562331 25
1777430387089 0.08675118970921636 26
1777430387401 0.17951055960927587 27
1777430387715 0.3001689429058495 28
1777430388031 0.40150355776044366 29
1777430388450 0.49244553010001046 30
1777430388762 0.5849906281762596 31
1777430389082 0.6467407423729549 32
1777430389424 0.7057947958834627 33
1777430389745 0.7381548909412816 34
1777430390051 0.7974597662133075 35
1777430390377 0.8254258679823245 36
1777430390704 0.8505928609752293 37
1777430391023 0.87190197743907 38
1777430391348 0.8878543748176875 39
1777430391663 0.8923437979827232 40
1777430391992 0.8850385977834998 41
1777430392339 0.9089761648916482 42
1777430392689 0.9086516609935568 43
1777430393026 0.9251958307188761 44
1777430393386 0.9282385583830167 45
1777430393750 0.9163653264206734 46
1777430394088 0.9194375104490851 47
1777430394438 0.9256413377347154 48
1777430394787 0.9233087489096227 49
1777430395147 0.9291752926268457 50
1777430395470 0.93544938891652 51
1777430395801 0.9407566169377658 52
1777430396123 0.9460556037350188 53
1777430396438 0.9312346039945409 54
1777430396804 0.9462649953114649 55
1777430397143 0.9445190963806118 56
1777430397609 0.947142150939539 57
1777430397916 0.9512445035189371 58
1777430398223 0.9435648304082891 59
1777430398522 0.9495308153136894 60
1777430398837 0.9394299328950139 61
1777430399152 0.9530520094246375 62
1777430399502 0.9519395917406934 63
1777430399869 0.9529316864613434 64
1777430400181 0.9508588492120953 65
1777430400504 0.9460356783353654 66
1777430400851 0.9539225515563978 67
1777430401189 0.9583145391892279 68
1777430401507 0.9446488737984864 69
1777430401821 0.9609047154491166 70
1777430402156 0.9553784555867542 71
1777430402489 0.9586008260854282 72
1777430402830 0.9654880765446633 73
1777430403178 0.9656768022135971 74
1777430403510 0.9580663215014714 75
1777430403820 0.9577714873411302 76
1777430404153 0.959780438709427 77
1777430404462 0.9628655747941137 78
1777430404778 0.962600412865648 79
1777430405113 0.964876370600804 80
1777430405449 0.9681642282262053 81
1777430405766 0.9527553964059344 82
1777430406079 0.9603249278532211 83
1777430406380 0.9618008556532786 84
1777430406682 0.9650546745096887 85
1777430407019 0.9550028623497867 86
1777430407390 0.9615186429165521 87
