1777430379159 51117.28515625 1
1777430379468 50027.6015625 2
1777430379783 49223.46484375 3
1777430380090 48439.19140625 4
1777430380400 47587.0625 5
1777430380739 46625.64453125 6
1777430381084 45567.046875 7
1777430381400 44306.20703125 8
1777430381710 42869.890625 9
1777430382031 41347.08203125 10
1777430382355 39746.34765625 11
1777430382671 38116.59375 12
1777430382993 36294.89453125 13
1777430383306 34519.58203125 14
1777430383622 32733.46875 15
1777430383935 31060.658203125 16
1777430384244 29225.99609375 17
1777430384574 27252.345703125 18
1777430384893 25234.578125 19
1777430385202 23307.21875 20
1777430385516 21288.193359375 21
1777430385822 19445.126953125 22
1777430386150 17554.419921875 23
1777430386480 15822.8525390625 24
1777430386785 14033.734375 25
1777430387089 12265.75 26
1777430387401 11019.908203125 27
1777430387715 9399.3583984375 28
1777430388031 8038.34375 29
1777430388450 6816.9111328125 30
1777430388762 5573.94775390625 31
1777430389082 4744.58837890625 32
1777430389424 3951.439453125 33
1777430389745 3516.814453125 34
1777430390051 2720.296875 35
1777430390377 2344.68701171875 36
1777430390704 2006.6717529296875 37
1777430391023 1720.47119140625 38
1777430391348 1506.2161865234375 39
1777430391663 1445.9193115234375 40
1777430391992 1544.03466796875 41
1777430392339 1222.5316162109375 42
1777430392689 1226.8900146484375 43
1777430393026 1004.68701171875 44
1777430393386 963.8204345703125 45
1777430393750 1123.28857421875 46
1777430394088 1082.0263671875 47
1777430394438 998.7034912109375 48
1777430394787 1030.0322265625 49
1777430395147 951.2392578125 50
1777430395470 866.9725341796875 51
1777430395801 795.6917114257812 52
1777430396123 724.5216064453125 53
1777430396438 923.5808715820312 54
1777430396804 721.7092895507812 55
1777430397143 745.1582641601562 56
1777430397609 709.92822265625 57
1777430397916 654.8300170898438 58
1777430398223 757.9749145507812 59
1777430398522 677.8463745117188 60
1777430398837 813.51025390625 61
1777430399152 630.5535888671875 62
1777430399502 645.4943237304688 63
1777430399869 632.1696166992188 64
1777430400181 660.0097045898438 65
1777430400504 724.7891845703125 66
1777430400851 618.8614501953125 67
1777430401189 559.8731079101562 68
1777430401507 743.4152221679688 69
1777430401821 525.084716796875 70
1777430402156 599.3073120117188 71
1777430402489 556.0280151367188 72
1777430402830 463.52606201171875 73
1777430403178 460.9913024902344 74
1777430403510 563.2068481445312 75
1777430403820 567.166748046875 76
1777430404153 540.1847534179688 77
1777430404462 498.74859619140625 78
1777430404778 502.3099670410156 79
1777430405113 471.7418212890625 80
1777430405449 427.58294677734375 81
1777430405766 634.537353515625 82
1777430406079 532.8717651367188 83
1777430406380 513.0487670898438 84
1777430406682 469.3470458984375 85
1777430407019 604.3518676757812 86
1777430407390 516.839111328125 87
