1777301314679 -1.6926916177308846 1
1777301315804 -1.40781917834053 2
1777301316921 -0.9088903699555793 3
1777301318041 -0.2859611743077678 4
1777301319169 0.2705472767511331 5
1777301320288 0.6634108960153553 6
1777301321414 0.8522808291995234 7
1777301322546 0.9215066482588805 8
1777301323670 0.9413460636897607 9
1777301324786 0.9488244112152142 10
1777301325910 0.9480233250621959 11
1777301327030 0.9511466380448402 12
1777301328150 0.9566850204913099 13
1777301329273 0.9601061680358178 14
1777301330390 0.9614398113203257 15
1777301331513 0.9620343922359453 16
1777301332631 0.9652175347828231 17
1777301333768 0.9655101306077167 18
1777301334889 0.9645201424652639 19
1777301336009 0.9664545588934785 20
1777301337131 0.9682634327632375 21
1777301338255 0.9688725809642502 22
1777301339376 0.9724036452807189 23
1777301340571 0.9716332669025641 24
1777301370657 0.9692210005261991 25
1777301371783 0.9714643845419731 26
1777301372910 0.9698665340446089 27
1777301374036 0.9709476407247472 28
1777301375166 0.973566572647894 29
1777301376317 0.9761794124959812 30
1777301377440 0.9755069307036386 31
1777301378567 0.9725193903999063 32
1777301379683 0.9775699064768014 33
1777301380818 0.9778738881008137 34
1777301381938 0.9786106718857986 35
1777301383059 0.9760077206641025 36
1777301384188 0.9805096609319375 37
1777301385309 0.9779885986851472 38
1777301386452 0.9812342526443096 39
1777301387580 0.9811671408107164 40
1777301388703 0.9804596607817547 41
1777301389821 0.9815420690503267 42
1777301390945 0.9839537515125822 43
1777301392061 0.9832395571026232 44
1777301393182 0.9841490231372934 45
1777301394296 0.984734590159403 46
1777301395411 0.9857028044286494 47
1777301396528 0.9855466809930041 48
1777301397662 0.9851229017258658 49
1777301398777 0.9864124050824141 50
1777301399897 0.9852681546941728 51
1777301401023 0.9877289064381086 52
1777301402141 0.989030654820277 53
1777301403259 0.9874817396751803 54
1777301404375 0.9877915100032164 55
1777301405501 0.9884197382694808 56
1777301406622 0.9888919577665428 57
1777301407734 0.9885052511080193 58
1777301408870 0.9892474795504068 59
1777301409991 0.9892748846156072 60
1777301411112 0.9892224557058853 61
1777301412231 0.9901037872357457 62
1777301413352 0.9887904351698694 63
1777301414476 0.991549268858871 64
1777301415598 0.9910776707450613 65
1777301416717 0.9898868498686673 66
1777301417834 0.9903559147487118 67
1777301418958 0.9917499985590588 68
1777301420090 0.9910923914563392 69
1777301421208 0.9917651663511021 70
1777301422327 0.991128384669263 71
1777301423444 0.9916549741950108 72
1777301424559 0.9917762902683851 73
1777301425681 0.9913685496022099 74
1777301426798 0.9920389147413798 75
1777301427918 0.9918400752652264 76
1777301429038 0.9924524848898042 77
1777301430174 0.9915916622082458 78
1777301431302 0.9917991175139536 79
1777301432428 0.9916486114806602 80
1777301433548 0.9913307069901988 81
1777301434672 0.9920969819970832 82
1777301435791 0.992693965695697 83
1777301436910 0.9925975544296236 84
1777301438026 0.9920546718640126 85
1777301439143 0.9921517602202099 86
1777301440265 0.9920705328713988 87
1777301441405 0.9917422220432659 88
1777301442523 0.9926042178944918 89
1777301443643 0.9931426424216074 90
1777301444764 0.9928097729681553 91
1777301445885 0.9938937888019066 92
1777301447010 0.9933872019707529 93
1777301448131 0.9931463859716576 94
1777301449250 0.9931083610873481 95
1777301450382 0.9932037355353863 96
1777301451508 0.9935011650668703 97
1777301452644 0.9932341656500252 98
1777301453768 0.9941925569118982 99
1777301454890 0.9935097103992275 100
1777301456010 0.9938035957803317 101
1777301457136 0.9935371042445011 102
1777301458256 0.9939112474020441 103
1777301459373 0.9937725511093702 104
1777301460499 0.9882416440330667 105
1777301461623 0.9935802493962658 106
1777301462743 0.9940918669639117 107
1777301463877 0.994192947082228 108
1777301464995 0.9933200976209209 109
1777301466118 0.9940419892176202 110
1777301467236 0.9935664334851829 111
1777301468355 0.9940904672468802 112
1777301469474 0.9939948950847116 113
1777301470599 0.9930534219084588 114
1777301471725 0.9937238490952252 115
1777301472845 0.9936451900512064 116
1777301473979 0.9941495202443257 117
1777301475097 0.994096667796723 118
1777301476216 0.993527649256051 119
1777301477340 0.9945419013299597 120
1777301478458 0.9942196578309712 121
1777301479576 0.9942700139671846 122
1777301480699 0.9944793066087729 123
1777301481826 0.9944557085973165 124
1777301482940 0.9949134623366749 125
1777301484057 0.9944799878847294 126
