1777375539043 202.82951585013458 1
1777375540288 201.36031526221845 2
1777375541154 199.93707017771868 3
1777375542205 198.69307360851812 4
1777375543185 197.40011319019044 5
1777375544476 195.96751165690705 6
1777375546864 194.0513080508606 7
1777375547737 191.70056199382933 8
1777375548191 189.67995248575954 9
1777375549047 187.6459223844206 10
1777375550926 185.473328186966 11
1777375552013 182.95021522261186 12
1777375553593 180.01871647484325 13
1777375555820 176.84977735354943 14
1777375557815 173.29534151449369 15
1777375558646 169.5957394622577 16
1777375559059 165.90741841272498 17
1777375559557 162.0817815371302 18
1777375560266 158.1607173099566 19
1777375561036 153.5418815014327 20
1777375561874 148.67076408544486 21
1777375562676 142.7218051731234 22
1777375563330 136.88152096338644 23
1777375565036 130.48501769839325 24
1777375565803 124.19381038949767 25
1777375566627 119.12601242355719 26
1777375567044 113.07127954442056 27
1777375567776 107.95703174469462 28
1777375568604 102.25247838530615 29
1777375569118 97.23991753647265 30
1777375569572 90.55192096595742 31
1777375570015 85.81299503680955 32
1777375571351 80.02442559247926 33
1777375571941 75.18746428199483 34
1777375572855 68.8188575628076 35
1777375573443 63.62063505717406 36
1777375575202 58.553878100643345 37
1777375575867 51.89696682866567 38
1777375576799 49.59919679052903 39
1777375577323 44.41299402298766 40
1777375577746 44.15112015716943 41
1777375578184 39.71323906988543 42
1777375579000 39.46848710819019 43
1777375580572 37.86477533192954 44
1777375581972 36.116934856081535 45
1777375582423 36.33003019197754 46
1777375584529 37.177910396959845 47
1777375585158 34.79117039004832 48
1777375586299 34.414937737167634 49
1777375586900 33.25430797691387 50
1777375589352 32.54907090227865 51
1777375590811 31.678082573403078 52
1777375591597 30.456647235699528 53
1777375592587 31.317930074330025 54
1777375593273 31.153262378696994 55
1777375595296 30.735132608544962 56
1777375595971 33.81170935420339 57
1777375597542 30.424815078461755 58
1777375598566 34.729421107033836 59
1777375602240 28.666626094818977 60
1777375603461 30.21454453027341 61
1777375603917 28.44264634065148 62
1777375605153 26.998919430055437 63
1777375606258 29.637057269138896 64
1777375608844 28.490995356537653 65
1777375609500 28.417588324343694 66
1777375610096 29.865616988855262 67
1777375611532 28.14325579387871 68
1777375615180 27.86588976688166 69
1777375616457 26.322731040558725 70
1777375617991 26.642856394819983 71
1777375620459 27.060362980361262 72
1777375621597 26.71469610145264 73
1777375622586 27.930804173481 74
1777375624241 29.013894797296583 75
1777375624699 26.998393823391954 76
1777375625885 26.130493170620483 77
1777375626329 27.573243415336655 78
1777375626760 24.920171620863314 79
1777375627568 25.82994927011811 80
1777375629162 28.03690195249379 81
1777375629716 25.374913408103485 82
1777375630896 26.478042430607125 83
1777375631578 26.657160145291524 84
1777375632125 26.807272946208087 85
1777375632933 24.71975493769482 86
1777375634143 25.862578870635538 87
1777375635185 23.89711069175649 88
1777375636096 24.554901267761824 89
1777375637081 27.249899207812447 90
1777375637511 24.48458688884065 91
1777375638345 24.604509687710834 92
1777375639506 24.412429945415997 93
1777375640183 23.64672627604546 94
1777375641326 23.11122504638236 95
1777375642718 25.697200827543334 96
1777375643156 25.51045282085365 97
1777375643600 23.397499720356073 98
1777375644056 24.90048185441461 99
1777375644485 23.64959244165214 100
1777375644909 24.60322591828026 101
1777375646842 26.2243212849345 102
1777375647642 24.195351600307443 103
1777375648911 24.402439733383346 104
1777375649925 24.54177471281748 105
1777375650689 23.797387962297986 106
1777375652380 23.956746862102204 107
1777375652820 22.444355971830298 108
1777375653710 23.340116695579763 109
1777375654141 25.54169242156464 110
1777375654839 23.748400182548483 111
1777375655661 20.910583503130805 112
1777375656449 23.55956883500643 113
1777375658190 21.919716433062252 114
1777375659178 22.282053971732918 115
1777375660151 23.08281757682879 116
1777375661092 23.74042004567974 117
1777375661990 21.908441931841235 118
1777375663355 20.44132376547948 119
1777375665264 22.927721646990463 120
1777375665862 21.038877557904186 121
1777375667175 23.34574618096611 122
1777375668034 22.529086830539065 123
1777375668457 22.494801238590036 124
1777375669513 23.11362948920101 125
1777375670934 22.733515877237842 126
1777375671921 20.94686925979893 127
1777375673396 20.52163299190142 128
1777375676743 21.641756654752303 129
1777375677877 21.284132169918568 130
1777375678933 21.810939262975428 131
1777375679801 21.780896220898416 132
1777375680708 21.595761681575897 133
1777375681116 20.35981568498503 134
1777375681562 22.51502048546564 135
1777375682234 18.926289579731666 136
1777375682883 21.063964792815447 137
1777375683300 20.338132865076382 138
1777375685004 23.021298042773754 139
1777375685869 21.30192343753662 140
1777375686292 21.835896969998164 141
1777375687538 23.33005188165644 142
1777375687975 22.07019911475299 143
1777375688436 22.52159337100175 144
1777375689596 23.17430870564158 145
1777375691289 19.485894995092362 146
1777375691934 20.561372024533043 147
1777375693770 21.01269656060466 148
1777375694704 22.364158347974584 149
1777375696459 21.660140399565886 150
1777375697521 20.00636647937429 151
1777375698761 21.0620863333358 152
1777375699256 20.552346734590387 153
1777375700432 20.20755794125601 154
1777375701487 19.393256267885366 155
1777375701967 20.302376533793325 156
1777375702436 19.805717582925627 157
1777375704071 18.251657071067378 158
1777375705635 19.025316738544806 159
1777375706688 18.929581097513587 160
1777375707939 18.80941595100626 161
1777375709245 21.65503525182567 162
1777375710554 18.563594901420966 163
1777375712442 19.997890361147707 164
1777375713352 21.56785981279313 165
