1777437780730 -2.019745080944648 1
1777437782475 -1.794440401733858 2
1777437783605 -1.4262946301944375 3
1777437785171 -0.9242392485801642 4
1777437786309 -0.3964685911285648 5
1777437787442 0.10214346388693962 6
1777437789485 0.553593974346531 7
1777437790610 0.8060657561324911 8
1777437791789 0.8980917533578163 9
1777437793522 0.9327008426825886 10
1777437794626 0.9418774033497505 11
1777437797379 0.9485773504211175 12
1777437798715 0.9548914470384456 13
1777437799830 0.9539122405886618 14
1777437801002 0.9636457155001681 15
1777437802633 0.9624628572112458 16
1777437804103 0.9685218182893176 17
1777437806020 0.9690114259972957 18
1777437807149 0.9670718727563993 19
1777437808283 0.9704136359761737 20
1777437810292 0.9726961387068185 21
1777437812148 0.9712167322122309 22
1777437813260 0.9732396462544569 23
1777437815784 0.9752414991296146 24
1777437816943 0.9752944718613293 25
1777437818093 0.9773522654694855 26
1777437819242 0.9780339544560799 27
1777437820513 0.9798742742491868 28
1777437821603 0.9799095355250685 29
1777437824465 0.9779911368411001 30
1777437827321 0.9789594335264693 31
1777437828368 0.9778419341103236 32
1777437829384 0.9824712147965868 33
1777437832517 0.9816117195075846 34
1777437834567 0.9821146519496163 35
1777437836652 0.9818346761378497 36
1777437838693 0.9803881970735375 37
1777437841603 0.9816585948425997 38
1777437843082 0.984986706882426 39
1777437844104 0.9801502335447152 40
1777437849273 0.9801620666747473 41
1777437850315 0.984313162256905 42
1777437852879 0.9788950987927348 43
1777437853921 0.981941407431425 44
1777437855326 0.9833984446302289 45
1777437856380 0.9815595488853879 46
1777437858222 0.984321808760675 47
1777437859270 0.9850033351247168 48
1777437860708 0.9817317869528595 49
1777437864596 0.9843650429782622 50
1777437867180 0.985163106695057 51
1777437869443 0.9841746094412694 52
1777437870518 0.9844011423083074 53
1777437871549 0.9840635747109495 54
