1777437780730 177.83106994628906 1
1777437782475 168.02696228027344 2
1777437783605 154.7109832763672 3
1777437785171 134.08778381347656 4
1777437786309 108.74595642089844 5
1777437787442 82.64456176757812 6
1777437789485 56.19134521484375 7
1777437790610 36.61349868774414 8
1777437791789 27.463151931762695 9
1777437793522 22.776304244995117 10
1777437794626 21.44935417175293 11
1777437797379 20.12579917907715 12
1777437798715 19.019468307495117 13
1777437799830 19.640949249267578 14
1777437801002 17.154388427734375 15
1777437802633 17.684738159179688 16
1777437804103 16.213563919067383 17
1777437806020 15.904446601867676 18
1777437807149 16.489030838012695 19
1777437808283 15.612961769104004 20
1777437810292 15.150684356689453 21
1777437812148 15.422767639160156 22
1777437813260 14.744742393493652 23
1777437815784 14.351452827453613 24
1777437816943 14.323006629943848 25
1777437818093 13.6563138961792 26
1777437819242 13.356534957885742 27
1777437820513 12.954487800598145 28
1777437821603 12.881887435913086 29
1777437824465 13.544816017150879 30
1777437827321 13.099922180175781 31
1777437828368 13.529749870300293 32
1777437829384 12.11021614074707 33
1777437832517 12.340984344482422 34
1777437834567 12.181936264038086 35
1777437836652 12.294114112854004 36
1777437838693 12.627314567565918 37
1777437841603 12.387077331542969 38
1777437843082 11.223836898803711 39
1777437844104 12.707666397094727 40
1777437849273 12.696541786193848 41
1777437850315 11.326169967651367 42
1777437852879 13.198979377746582 43
1777437853921 12.094015121459961 44
1777437855326 11.819331169128418 45
1777437856380 12.32858657836914 46
1777437858222 11.545321464538574 47
1777437859270 11.144113540649414 48
1777437860708 12.189497947692871 49
1777437864596 11.370929718017578 50
1777437867180 11.058517456054688 51
1777437869443 11.545820236206055 52
1777437870518 11.308611869812012 53
1777437871549 11.190899848937988 54
