1777393713493 40523.643229166664 1
1777393719956 38860.919270833336 2
1777393729177 36985.869791666664 3
1777393733024 34155.029947916664 4
1777393740221 30351.489583333332 5
1777393766129 26035.313802083332 6
1777393774582 21944.24609375 7
1777393790428 17959.095703125 8
1777393806283 14020.156575520834 9
1777393826059 10162.419921875 10
1777393840177 6819.760416666667 11
1777393846968 4354.091145833333 12
1777393850272 2670.69775390625 13
1777393864559 1620.0094807942708 14
1777393875866 1301.2230224609375 15
1777393885353 962.0877482096354 16
1777393892336 860.9310302734375 17
1777393897780 760.3340861002604 18
1777393980523 778.2007649739584 19
1777394078570 795.4636840820312 20
1777394085103 654.8851928710938 21
1777394091821 506.6339925130208 22
1777394098281 553.4848225911459 23
1777394110180 615.6668294270834 24
1777394116943 587.1884358723959 25
1777394127004 509.2790018717448 26
1777394137189 552.5543416341146 27
1777394145829 585.5513712565104 28
1777394146749 549.2231648763021 29
1777394153546 524.2351277669271 30
1777394166099 513.5422668457031 31
1777394184642 442.35423787434894 32
1777394195090 465.47740681966144 33
1777394202720 504.7930094401042 34
1777394206287 454.0559997558594 35
1777394224123 472.1938985188802 36
1777394236946 432.73663330078125 37
1777394242946 394.7003580729167 38
1777394255698 390.0949401855469 39
1777394264528 480.6803792317708 40
1777394274125 464.0807698567708 41
1777394288821 382.3188985188802 42
1777394301922 365.3484191894531 43
1777394315418 409.12024943033856 44
1777394320497 396.5733133951823 45
1777394342017 398.67420450846356 46
1777394356703 367.9964904785156 47
1777394372381 355.37646484375 48
1777394385433 352.4817606608073 49
1777394391021 312.4843241373698 50
1777394396567 478.1723225911458 51
1777394398995 351.7051696777344 52
1777394408975 326.01678466796875 53
1777394416858 338.22084554036456 54
1777394419755 294.4873962402344 55
1777394430798 322.42236328125 56
1777394442554 287.3258463541667 57
1777394448664 255.3470916748047 58
1777394453428 243.73861694335938 59
1777394457069 328.2980448404948 60
1777394462497 347.1954040527344 61
1777394472178 287.43895467122394 62
1777394475300 284.12213134765625 63
1777394483449 272.76153564453125 64
1777394490498 229.8780975341797 65
1777394500903 275.48558553059894 66
1777394552644 260.32635498046875 67
1777394577336 310.9954528808594 68
1777394580174 218.9212188720703 69
1777394586675 214.99316914876303 70
1777394829427 202.6264190673828 71
1777394831250 253.8705037434896 72
1777394832341 255.16496785481772 73
1777394834707 201.7614542643229 74
1777394836406 175.29491678873697 75
1777394837606 251.64068603515625 76
1777394839802 211.57064310709634 77
1777394841527 217.11595662434897 78
1777394842910 204.82068888346353 79
1777394845851 222.51248168945312 80
1777394848345 201.82843017578125 81
1777394850240 205.28711954752603 82
1777394852056 212.11954752604166 83
1777394853759 220.05802408854166 84
1777394855508 194.48727416992188 85
1777394857819 209.45467122395834 86
1777394859525 167.3033905029297 87
1777394862468 205.14899698893228 88
1777394865335 185.55392456054688 89
1777394867172 163.3734893798828 90
1777394872012 219.89299519856772 91
1777394891374 179.0505574544271 92
1777394892675 176.86913045247397 93
1777394896687 162.95520528157553 94
1777394898707 176.2963409423828 95
1777394900303 142.1603037516276 96
1777394902667 163.7612762451172 97
1777394905733 148.8390909830729 98
1777394906982 142.68378702799478 99
1777394908242 177.69254557291666 100
1777394910564 145.6762898763021 101
1777394913364 152.7615712483724 102
1777394914589 182.0095011393229 103
1777394915473 200.0992685953776 104
1777394918143 168.00237019856772 105
1777394920996 158.54486083984375 106
1777394922723 144.9268341064453 107
1777394924356 171.3226064046224 108
1777394925689 157.2749481201172 109
1777394928008 140.1504669189453 110
1777394929899 143.3538055419922 111
1777394931329 142.77062479654947 112
