1777393713493 160.80813598632812 1
1777393719956 155.57847595214844 2
1777393729177 149.84762573242188 3
1777393733024 142.60394287109375 4
1777393740221 133.11741638183594 5
1777393766129 120.75240325927734 6
1777393774582 108.20867919921875 7
1777393790428 94.85301208496094 8
1777393806283 81.11432647705078 9
1777393826059 66.90567016601562 10
1777393840177 54.071861267089844 11
1777393846968 42.043365478515625 12
1777393850272 33.59665298461914 13
1777393864559 26.90558624267578 14
1777393875866 25.208709716796875 15
1777393885353 21.74031639099121 16
1777393892336 20.771469116210938 17
1777393897780 19.695842742919922 18
1777393980523 19.952035903930664 19
1777394078570 20.142011642456055 20
1777394085103 18.490909576416016 21
1777394091821 16.360868453979492 22
1777394098281 16.852102279663086 23
1777394110180 17.746126174926758 24
1777394116943 17.419971466064453 25
1777394127004 16.319374084472656 26
1777394137189 16.80953025817871 27
1777394145829 17.015213012695312 28
1777394146749 16.663564682006836 29
1777394153546 16.302614212036133 30
1777394166099 16.295686721801758 31
1777394184642 15.125362396240234 32
1777394195090 15.553515434265137 33
1777394202720 16.265153884887695 34
1777394206287 15.252625465393066 35
1777394224123 15.650031089782715 36
1777394236946 14.846545219421387 37
1777394242946 14.246602058410645 38
1777394255698 14.226944923400879 39
1777394264528 15.638399124145508 40
1777394274125 15.205105781555176 41
1777394288821 14.12371826171875 42
1777394301922 13.940035820007324 43
1777394315418 14.4471435546875 44
1777394320497 14.434957504272461 45
1777394342017 14.190855979919434 46
1777394356703 13.893842697143555 47
1777394372381 13.46712875366211 48
1777394385433 13.524810791015625 49
1777394391021 12.683159828186035 50
1777394396567 15.816096305847168 51
1777394398995 13.467597007751465 52
1777394408975 13.008122444152832 53
1777394416858 13.413688659667969 54
1777394419755 12.610984802246094 55
1777394430798 13.061322212219238 56
1777394442554 12.28038501739502 57
1777394448664 11.646904945373535 58
1777394453428 11.37934684753418 59
1777394457069 12.909211158752441 60
1777394462497 13.277966499328613 61
1777394472178 12.461130142211914 62
1777394475300 12.312920570373535 63
1777394483449 11.755245208740234 64
1777394490498 11.079428672790527 65
1777394500903 12.13276481628418 66
1777394552644 11.447575569152832 67
1777394577336 12.83420467376709 68
1777394580174 10.644115447998047 69
1777394586675 10.766973495483398 70
1777394829427 10.412015914916992 71
1777394831250 11.502145767211914 72
1777394832341 11.728045463562012 73
1777394834707 10.509363174438477 74
1777394836406 9.771204948425293 75
1777394837606 11.70460033416748 76
1777394839802 10.594059944152832 77
1777394841527 10.77351188659668 78
1777394842910 10.290562629699707 79
1777394845851 10.818398475646973 80
1777394848345 10.477595329284668 81
1777394850240 10.492115020751953 82
1777394852056 10.616124153137207 83
1777394853759 10.995246887207031 84
1777394855508 10.212203025817871 85
1777394857819 10.485974311828613 86
1777394859525 9.685622215270996 87
1777394862468 10.523608207702637 88
1777394865335 9.865504264831543 89
1777394867172 9.374251365661621 90
1777394872012 10.903173446655273 91
1777394891374 9.882140159606934 92
1777394892675 9.810004234313965 93
1777394896687 9.467426300048828 94
1777394898707 9.969937324523926 95
1777394900303 8.87966251373291 96
1777394902667 9.584061622619629 97
1777394905733 9.168668746948242 98
1777394906982 8.762765884399414 99
1777394908242 9.863688468933105 100
1777394910564 8.972904205322266 101
1777394913364 9.192856788635254 102
1777394914589 10.012242317199707 103
1777394915473 10.352802276611328 104
1777394918143 9.483525276184082 105
1777394920996 9.460148811340332 106
1777394922723 8.991987228393555 107
1777394924356 9.600553512573242 108
1777394925689 9.336980819702148 109
1777394928008 8.70207691192627 110
1777394929899 8.958377838134766 111
1777394931329 8.897140502929688 112
