1777393713493 155.80813685825893 1
1777393719956 150.58773173983136 2
1777393729177 144.95313488188245 3
1777393733024 137.73305831182572 4
1777393740221 128.17179323226688 5
1777393766129 115.829345218719 6
1777393774582 103.35113123333643 7
1777393790428 90.0844850207132 8
1777393806283 76.42906443277995 9
1777393826059 62.29529939681765 10
1777393840177 49.54008268326048 11
1777393846968 37.61056378682454 12
1777393850272 29.228138938782706 13
1777393864559 22.562807443406847 14
1777393875866 20.89739245460147 15
1777393885353 17.480664728558253 16
1777393892336 16.510700740511457 17
1777393897780 15.456441643124535 18
1777393980523 15.723785539657351 19
1777394078570 15.940116861131456 20
1777394085103 14.281496426415822 21
1777394091821 12.21438980102539 22
1777394098281 12.705447272648888 23
1777394110180 13.568735658554804 24
1777394116943 13.25896244351826 25
1777394127004 12.176094286782401 26
1777394137189 12.652667581467401 27
1777394145829 12.89073111518981 28
1777394146749 12.523817383296906 29
1777394153546 12.184890041654072 30
1777394166099 12.200696309407553 31
1777394184642 11.050428245181129 32
1777394195090 11.469272669534835 33
1777394202720 12.137984145633759 34
1777394206287 11.183713619292728 35
1777394224123 11.543345206124442 36
1777394236946 10.791937087831043 37
1777394242946 10.210459109715053 38
1777394255698 10.183030337379092 39
1777394264528 11.540025344727532 40
1777394274125 11.164041122557625 41
1777394288821 10.074417465452164 42
1777394301922 9.87297349960085 43
1777394315418 10.437310034131247 44
1777394320497 10.370166176084489 45
1777394342017 10.150861461578854 46
1777394356703 9.86079498472668 47
1777394372381 9.491608416844928 48
1777394385433 9.524521523430234 49
1777394391021 8.744118372599283 50
1777394396567 11.671025766645158 51
1777394398995 9.464104395064096 52
1777394408975 9.022819544777038 53
1777394416858 9.371660417223733 54
1777394419755 8.623695082891555 55
1777394430798 9.066908778841533 56
1777394442554 8.305769865853446 57
1777394448664 7.757410966782343 58
1777394453428 7.496044940040225 59
1777394457069 8.948121691507007 60
1777394462497 9.29106078980461 61
1777394472178 8.48333642747667 62
1777394475300 8.361212984720867 63
1777394483449 7.860285144382053 64
1777394490498 7.206590903751434 65
1777394500903 8.164040043240501 66
1777394552644 7.549607443431067 67
1777394577336 8.850251058548215 68
1777394580174 6.811020677051847 69
1777394586675 6.923051222543868 70
1777394829427 6.593418115282816 71
1777394831250 7.6289182390485495 72
1777394832341 7.809242412022182 73
1777394834707 6.655034305935814 74
1777394836406 5.996473382011293 75
1777394837606 7.751842744009835 76
1777394839802 6.763037393963526 77
1777394841527 6.924692617143903 78
1777394842910 6.469352882627457 79
1777394845851 6.974647260090661 80
1777394848345 6.648066771976532 81
1777394850240 6.681545911516462 82
1777394852056 6.772990665738544 83
1777394853759 7.104296392107766 84
1777394855508 6.416605345408121 85
1777394857819 6.652839185321142 86
1777394859525 5.88752393873911 87
1777394862468 6.693137270306784 88
1777394865335 6.089187585739863 89
1777394867172 5.62362547374907 90
1777394872012 7.0247317707727825 91
1777394891374 6.084599184611487 92
1777394892675 6.005153769538516 93
1777394896687 5.718009340195429 94
1777394898707 6.1548183713640485 95
1777394900303 5.198386065165201 96
1777394902667 5.813067642090813 97
1777394905733 5.420967977009123 98
1777394906982 5.1169548095218715 99
1777394908242 6.087457814292303 100
1777394910564 5.277809910547166 101
1777394913364 5.458682135930137 102
1777394914589 6.236822185819111 103
1777394915473 6.559787745702835 104
1777394918143 5.728113598293728 105
1777394920996 5.6700518456716384 106
1777394922723 5.286129134041922 107
1777394924356 5.847776517413911 108
1777394925689 5.603834538232713 109
1777394928008 5.075639882163396 110
1777394929899 5.239306755671426 111
1777394931329 5.186511699737064 112
