1777302768077 176.72760009765625 1
1777302769190 163.871337890625 2
1777302770327 144.60533142089844 3
1777302771448 116.36836242675781 4
1777302772565 85.2715072631836 5
1777302773681 54.699893951416016 6
1777302774798 33.939632415771484 7
1777302775927 25.47779083251953 8
1777302777040 21.874298095703125 9
1777302778158 20.65917205810547 10
1777302779276 19.95273780822754 11
1777302780389 18.695016860961914 12
1777302781523 18.075305938720703 13
1777302782650 17.031490325927734 14
1777302783769 17.82403564453125 15
1777302784878 16.423097610473633 16
1777302785996 15.177376747131348 17
1777302787114 15.378791809082031 18
1777302788225 14.592721939086914 19
1777302789343 14.428318977355957 20
1777302790460 15.021230697631836 21
1777302791593 13.738839149475098 22
1777302792725 13.965402603149414 23
1777302793843 14.963241577148438 24
1777302794957 13.028149604797363 25
1777302796077 12.63071346282959 26
1777302797194 13.314774513244629 27
1777302798314 13.196784019470215 28
1777302799427 12.579584121704102 29
1777302800541 11.794331550598145 30
1777302801659 12.913637161254883 31
1777302802789 12.849709510803223 32
1777302803910 12.875590324401855 33
1777302805031 12.399816513061523 34
1777302806143 11.76390266418457 35
1777302807262 11.746610641479492 36
1777302808379 11.657133102416992 37
1777302809488 11.852339744567871 38
1777302810604 11.00710391998291 39
1777302811709 10.529561996459961 40
1777302812820 11.499719619750977 41
1777302813947 10.66185188293457 42
1777302815063 10.601700782775879 43
1777302816178 10.805097579956055 44
1777302817288 10.519838333129883 45
1777302818405 10.643099784851074 46
1777302819515 10.594911575317383 47
1777302820636 10.347137451171875 48
1777302821759 10.333415031433105 49
1777302831480 9.736249923706055 50
1777302832630 10.246912002563477 51
1777302833769 9.68971061706543 52
