1777171659781 169.1182861328125 1
1777171660938 159.1935577392578 2
1777171662075 145.51266479492188 3
1777171663209 125.12364196777344 4
1777171664363 98.56040954589844 5
1777171665495 72.01581573486328 6
1777171666626 49.426639556884766 7
1777171667770 34.30423355102539 8
1777171668936 26.54152488708496 9
1777171670072 24.64876937866211 10
1777171671204 22.578996658325195 11
1777171672352 21.237594604492188 12
1777171673490 20.655855178833008 13
1777171674622 19.766759872436523 14
1777171675774 18.62603759765625 15
1777171676909 18.68001937866211 16
1777171678040 19.078601837158203 17
1777171679205 19.39805793762207 18
1777171680346 17.632080078125 19
1777171681483 17.314550399780273 20
1777171682628 17.009811401367188 21
1777171683780 17.101816177368164 22
1777171684914 17.457305908203125 23
1777171686053 16.3811092376709 24
1777171687208 16.195201873779297 25
1777171688352 17.003036499023438 26
1777171689497 17.387866973876953 27
1777171690685 15.921144485473633 28
1777171691825 16.3458251953125 29
1777171692972 15.939207077026367 30
1777171694132 15.362974166870117 31
1777171695280 15.237934112548828 32
1777171696422 16.30609130859375 33
1777171697566 16.252201080322266 34
1777171698726 15.082237243652344 35
1777171699872 15.44495964050293 36
1777171701034 14.493779182434082 37
1777171702191 14.277924537658691 38
1777171703365 14.789321899414062 39
1777171704506 13.639948844909668 40
1777171705659 14.16063404083252 41
1777171706808 13.635278701782227 42
1777171707946 13.25529956817627 43
1777171709099 14.226901054382324 44
1777171710243 13.219942092895508 45
1777171711380 13.765149116516113 46
1777171712557 12.58080005645752 47
1777171713700 13.034526824951172 48
1777171714841 12.376757621765137 49
1777171715983 12.440786361694336 50
1777171717142 12.722555160522461 51
1777171718283 13.136680603027344 52
1777171719424 11.958569526672363 53
1777171720582 11.934216499328613 54
1777171721719 12.488383293151855 55
1777171722871 11.799052238464355 56
1777171724021 12.068096160888672 57
1777171725162 12.114869117736816 58
1777171726298 11.510560989379883 59
1777171727431 12.388836860656738 60
