1777212790583 -1.7683823932184648 1
1777212797460 -1.72691976644008 2
1777212798290 -1.684329115361797 3
1777212799987 -1.6403247831631913 4
1777212800825 -1.5920438667965744 5
1777212803382 -1.534388222277447 6
1777212805313 -1.465657129945396 7
1777212805927 -1.3830672991597193 8
1777212806542 -1.2843797036316817 9
1777212807162 -1.1810059574132157 10
1777212810617 -1.0622137443012676 11
1777212811446 -0.9336547729186813 12
1777212812095 -0.8020873946265588 13
1777212814455 -0.6707973170494956 14
1777212815132 -0.5370548202042138 15
1777212816201 -0.40351290423793573 16
1777212816879 -0.26490799378505336 17
1777212818706 -0.1286107783312056 18
1777212819342 0.008890164157337899 19
1777212820804 0.13872698314089382 20
1777212821964 0.2680308530471863 21
1777212822637 0.3657657066924097 22
1777212823309 0.4726534129685135 23
1777212824028 0.560944808439219 24
1777212824720 0.6387975489497939 25
1777212825510 0.7061245639480439 26
1777212826205 0.7551791956545643 27
1777212826886 0.8208885249612432 28
1777212933439 0.8424692150641879 29
1777212944732 0.8829208308012345 30
1777212945378 0.9087384617652536 31
1777212946016 0.9147201828041113 32
1777212946648 0.92123936901117 33
1777212948792 0.9393597937126187 34
1777212949775 0.9330977934492218 35
1777212950357 0.9372934026849162 36
1777212950940 0.944701684855353 37
1777212951528 0.9395954661951109 38
1777212952245 0.945545720602574 39
1777212952879 0.9510850398483318 40
1777212954290 0.952805117777235 41
1777212955073 0.9543473690273317 42
1777212955717 0.9484783745215561 43
1777212956389 0.9518717772127859 44
1777212957416 0.9476517134561173 45
1777212958004 0.9585778886163907 46
1777212959484 0.9527859697300093 47
1777212960065 0.9554900320156108 48
1777212961388 0.9668055158936181 49
1777212962013 0.961003700757793 50
1777212962653 0.9664359514792398 51
1777212963288 0.9627778951636966 52
1777212963933 0.9629035658084517 53
1777212964567 0.9632030244578194 54
1777212965223 0.9643881081427466 55
1777212966201 0.9623160682253762 56
1777212967201 0.9641924133861084 57
1777212967830 0.9706443566605424 58
1777212968478 0.9589973866083666 59
1777212969118 0.9682758054168764 60
1777212969742 0.9666747355494164 61
1777212971529 0.9559636123700896 62
1777212972113 0.9616997778868666 63
1777212972698 0.9726592553777224 64
1777212974895 0.9719933865296959 65
1777212976285 0.9666636213680359 66
1777212977361 0.9687196586177883 67
1777212982394 0.9718598620341882 68
1777212984065 0.9650618943101402 69
1777212984711 0.9660769272843506 70
1777212985337 0.9678649595273703 71
1777212985961 0.9733348866939558 72
1777212986583 0.9697992584308003 73
1777212987214 0.9724357142258737 74
1777212989329 0.9735459396670438 75
1777212989956 0.9701963648542022 76
1777212990571 0.9729023593347932 77
1777212991954 0.9730587305244224 78
1777212996767 0.9727694741679619 79
1777212997399 0.9703909395152741 80
1777213001055 0.9720856164849785 81
1777213001646 0.9745255793605965 82
1777213003012 0.9697952761829762 83
1777213003682 0.9708714249073461 84
1777213005089 0.9772202349857358 85
1777213007618 0.9733120998200008 86
1777213008269 0.9681384195868774 87
1777213013346 0.9748177956322507 88
1777213013938 0.9749700115450819 89
1777213014530 0.9735509545757577 90
1777213015131 0.9728733722739525 91
1777213015722 0.9741972460205035 92
1777213016314 0.9764310752086525 93
1777213016905 0.9756590854606723 94
1777213017494 0.9765262101633454 95
1777213018867 0.9758931166436711 96
1777213020178 0.9770855383470394 97
1777213020823 0.9774824936780768 98
1777213026630 0.9762667659233225 99
1777213027570 0.9787422715939431 100
1777213031247 0.9750432275960623 101
1777213031892 0.9804154596906947 102
1777213032610 0.978665922678085 103
1777213034590 0.9809795694982538 104
1777213037129 0.9817537641542446 105
1777213037769 0.9746940940208774 106
1777213041246 0.9808864821184146 107
1777213041843 0.9816241256304905 108
1777213042897 0.9819001244668798 109
1777213043581 0.9803313943779672 110
1777213045646 0.9816544617588898 111
1777213049401 0.9804310051463097 112
1777213101101 0.980269734884417 113
1777213103286 0.9788051822007575 114
1777213104017 0.9822444058878946 115
1777213105279 0.9786993175819613 116
1777213106804 0.9824756250410829 117
1777213107565 0.9827882272718302 118
1777213108277 0.983312403410036 119
1777213108977 0.9799117176217325 120
1777213109667 0.9822774848668171 121
1777213110352 0.9811994530102601 122
1777213118605 0.9830213495706924 123
1777213150621 0.9822930369334647 124
1777213151251 0.9811878531512628 125
1777213151865 0.9864129376409302 126
1777213154447 0.982398205799865 127
1777213155116 0.9839408725079636 128
1777213155838 0.9857335237623073 129
1777213156517 0.9834709611627054 130
1777213157207 0.9866848508721322 131
