1777305674317 151.5909851074219 1
1777305676160 119.40363311767578 2
1777305677982 70.26618347167968 3
1777305679822 34.707999038696286 4
1777305681652 25.16527328491211 5
1777305683477 21.416586685180665 6
1777305685300 20.36429843902588 7
1777305687126 19.318474769592285 8
1777305688952 19.10585136413574 9
1777305690788 17.79586887359619 10
1777305692622 17.516489791870118 11
1777305694456 16.88466739654541 12
1777305696302 16.619887924194337 13
1777305698138 16.728799438476564 14
1777305699971 15.766212463378906 15
1777305701809 16.340203857421876 16
1777305703627 15.323657131195068 17
1777305705457 14.392698574066163 18
1777305707278 14.51088457107544 19
1777305709101 14.445790767669678 20
1777305710920 14.050573062896728 21
1777305712759 12.916797256469726 22
1777305714591 14.03270092010498 23
1777305716436 12.406632995605468 24
1777305718268 12.058647155761719 25
1777305720090 11.695983600616454 26
1777305721914 11.967887115478515 27
1777305723755 11.524107074737548 28
1777305725572 11.232712936401366 29
1777305727403 11.104809665679932 30
1777305729225 10.866573333740234 31
1777305731060 10.982806396484374 32
1777305732893 10.638554668426513 33
1777305734732 10.3167555809021 34
1777305736545 10.825746154785156 35
1777305738366 10.41011095046997 36
1777305740190 10.268543720245361 37
1777305742019 9.897737216949462 38
1777305743855 9.86879529953003 39
1777305745700 9.582116794586181 40
1777305747533 9.418860626220702 41
1777305749362 9.482639598846436 42
1777305751178 9.509601879119874 43
1777305753027 9.47785997390747 44
1777305754861 9.47455291748047 45
1777305756716 9.283209896087646 46
1777305758544 9.004415512084961 47
1777305760361 8.83073320388794 48
1777305762182 8.849284362792968 49
1777305764003 8.843380355834961 50
1777305766075 9.037117290496827 51
1777305767918 8.911376667022704 52
1777305769772 8.754984855651855 53
1777305771630 8.532011890411377 54
1777305773487 8.718940258026123 55
1777305775357 8.71648473739624 56
1777305777232 8.575035572052002 57
1777305779076 8.686565780639649 58
1777305780930 8.436594343185424 59
1777305782792 8.473575878143311 60
1777305784651 8.815198421478271 61
1777305786530 8.633128261566162 62
1777305788409 8.259429216384888 63
1777305790262 8.218625783920288 64
1777305792119 7.808765554428101 65
1777305793977 8.21299433708191 66
