1777305674317 146.78014436230126 1
1777305676160 114.78579472728288 2
1777305677982 65.689218381119 3
1777305679822 30.32044333067629 4
1777305681652 20.818510294996564 5
1777305683477 17.121421474606866 6
1777305685300 16.09589049433934 7
1777305687126 15.10146728679144 8
1777305688952 14.894139550254405 9
1777305690788 13.625117951425047 10
1777305692622 13.369478734856973 11
1777305694456 12.753797938581501 12
1777305696302 12.519778740749034 13
1777305698138 12.618706967168462 14
1777305699971 11.703977960932626 15
1777305701809 12.245397921442915 16
1777305703627 11.296207582537594 17
1777305705457 10.392713207170953 18
1777305707278 10.495473601631886 19
1777305709101 10.407253537539237 20
1777305710920 10.051857212579607 21
1777305712759 8.976074647931442 22
1777305714591 10.018864349078516 23
1777305716436 8.48628076149027 24
1777305718268 8.154982937887285 25
1777305720090 7.819420523875892 26
1777305721914 8.060508159518731 27
1777305723755 7.638013524555558 28
1777305725572 7.3840251016532825 29
1777305727403 7.249870247653282 30
1777305729225 7.039568099706788 31
1777305731060 7.143260050407942 32
1777305732893 6.829194845400064 33
1777305734732 6.525504262210759 34
1777305736545 7.010272408315734 35
1777305738366 6.62229442518036 36
1777305740190 6.482229103652855 37
1777305742019 6.146685163819363 38
1777305743855 6.127282742731584 39
1777305745700 5.864042022938037 40
1777305747533 5.71776749937939 41
1777305749362 5.774409598766602 42
1777305751178 5.821186073905779 43
1777305753027 5.7865257959819445 44
1777305754861 5.780626042758586 45
1777305756716 5.611636289819436 46
1777305758544 5.354675973364695 47
1777305760361 5.206175448764301 48
1777305762182 5.211064578026655 49
1777305764003 5.237200787903208 50
1777305766075 5.38675658259053 51
1777305767918 5.284475000620028 52
1777305769772 5.132688590210463 53
1777305771630 4.940046686070566 54
1777305773487 5.108152322102769 55
1777305775357 5.115749827960065 56
1777305777232 4.972213292751883 57
1777305779076 5.095026497496484 58
1777305780930 4.872455459500647 59
1777305782792 4.903523871286855 60
1777305784651 5.203680063092001 61
1777305786530 5.056666982474918 62
1777305788409 4.703352911025723 63
1777305790262 4.698355838262678 64
1777305792119 4.327603546675695 65
1777305793977 4.6929741723916845 66
