1777383822581 159.94577026367188 1
1777383822976 157.1501922607422 2
1777383823353 154.81736755371094 3
1777383823724 152.52781677246094 4
1777383824261 150.1044158935547 5
1777383824655 147.41452026367188 6
1777383825035 144.40745544433594 7
1777383825423 141.08865356445312 8
1777383825813 137.5170135498047 9
1777383826181 133.54029846191406 10
1777383826614 129.01620483398438 11
1777383826977 124.08100128173828 12
1777383827367 118.99065399169922 13
1777383827712 113.80545043945312 14
1777383828083 108.36654663085938 15
1777383828435 102.93742370605469 16
1777383829128 97.23622131347656 17
1777383829504 91.43017578125 18
1777383829857 85.2957534790039 19
1777383830219 78.88355255126953 20
1777383830569 72.76365661621094 21
1777383830941 66.9955062866211 22
1777383831318 60.55912399291992 23
1777383831667 54.4503059387207 24
1777383832034 49.305789947509766 25
1777383832410 43.9693603515625 26
1777383832766 38.290489196777344 27
1777383833130 34.46940231323242 28
1777383833496 29.330848693847656 29
1777383833854 27.651447296142578 30
1777383834234 25.404909133911133 31
1777383834815 25.391672134399414 32
1777383835166 24.81025505065918 33
1777383835533 22.21885108947754 34
1777383836299 21.715421676635742 35
1777383836864 19.554311752319336 36
1777383837253 21.0767822265625 37
1777383837823 20.321657180786133 38
1777383838260 18.857223510742188 39
1777383838637 18.935571670532227 40
1777383839020 17.158809661865234 41
1777383839397 17.13618278503418 42
1777383839843 17.048593521118164 43
1777383840224 17.707599639892578 44
1777383840639 15.980332374572754 45
1777383841148 16.56186294555664 46
1777383841906 16.67763900756836 47
1777383842306 18.397111892700195 48
1777383842682 16.56028175354004 49
1777383843096 16.550989151000977 50
1777383843861 15.636448860168457 51
1777383844231 16.57676887512207 52
1777383844616 15.44217586517334 53
1777383845081 15.443901062011719 54
1777383845476 16.77178192138672 55
1777383845902 16.894580841064453 56
1777383846468 15.084443092346191 57
1777383846837 16.645545959472656 58
1777383847438 16.108762741088867 59
1777383847815 17.467702865600586 60
1777383848177 16.345518112182617 61
1777383848762 15.369953155517578 62
1777383849127 14.256035804748535 63
1777383849469 15.448748588562012 64
1777383849814 14.918716430664062 65
1777383850162 16.043407440185547 66
1777383850515 13.824007987976074 67
1777383850868 14.353438377380371 68
1777383851211 13.961342811584473 69
1777383851565 14.488121032714844 70
1777383851921 12.191506385803223 71
1777383852447 13.556340217590332 72
1777383852825 14.748966217041016 73
1777383853208 13.758992195129395 74
1777383853594 14.224271774291992 75
1777383853987 12.350509643554688 76
1777383854377 12.996399879455566 77
1777383854767 13.113109588623047 78
1777383855152 13.14253044128418 79
1777383855536 14.422929763793945 80
1777383855902 12.659196853637695 81
1777383856287 13.992242813110352 82
1777383856669 13.509490013122559 83
1777383857236 12.205459594726562 84
1777383857636 12.143875122070312 85
1777383858242 13.031664848327637 86
1777383858643 13.765763282775879 87
1777383859017 13.01335334777832 88
1777383859450 12.510615348815918 89
1777383859941 14.845047950744629 90
1777383860463 13.289911270141602 91
1777383860871 12.315040588378906 92
1777383861229 13.555822372436523 93
1777383861600 11.73036003112793 94
1777383862046 12.506158828735352 95
1777383862405 12.34533405303955 96
1777383863006 12.879706382751465 97
1777383863629 10.525978088378906 98
1777383864392 12.7843017578125 99
1777383864781 15.224985122680664 100
1777383865255 11.33756160736084 101
1777383865635 10.493993759155273 102
1777383866014 12.745253562927246 103
1777383866668 11.935343742370605 104
1777383867058 13.192331314086914 105
1777383867461 13.717467308044434 106
1777383867849 12.147311210632324 107
1777383868234 12.235136985778809 108
1777383868615 12.634115219116211 109
1777383868997 11.195334434509277 110
1777383869390 11.852262496948242 111
1777383869779 13.407105445861816 112
1777383870160 10.8479642868042 113
1777383870548 12.633049011230469 114
1777383870934 11.801495552062988 115
1777383871326 11.681296348571777 116
1777383871714 12.009758949279785 117
1777383872105 11.423307418823242 118
1777383872748 10.978445053100586 119
1777383873126 11.640195846557617 120
1777383873528 11.248481750488281 121
1777383874062 11.815910339355469 122
1777383874417 10.866599082946777 123
1777383874796 10.55250358581543 124
1777383875409 10.170092582702637 125
1777383875893 12.731823921203613 126
1777383876459 12.90316104888916 127
1777383877428 11.314635276794434 128
1777383877898 11.571711540222168 129
1777383878659 11.451434135437012 130
1777383879019 10.635400772094727 131
1777383879398 10.2118558883667 132
1777383879768 10.365426063537598 133
1777383880421 11.75866985321045 134
1777383880766 10.603934288024902 135
1777383881131 10.679269790649414 136
1777383881625 10.886218070983887 137
1777383881971 11.755066871643066 138
1777383882323 10.029263496398926 139
1777383882664 9.583498001098633 140
1777383883015 8.90416431427002 141
1777383883374 9.562073707580566 142
1777383883740 9.080362319946289 143
1777383884102 9.583094596862793 144
1777383884455 9.389424324035645 145
1777383884819 9.422669410705566 146
1777383885174 9.463717460632324 147
1777383885527 9.422192573547363 148
1777383886431 9.423583984375 149
1777383886792 9.662111282348633 150
1777383887163 10.109984397888184 151
1777383887525 10.169921875 152
1777383887973 10.467659950256348 153
1777383888328 10.733848571777344 154
1777383888679 9.21949577331543 155
1777383889121 9.230001449584961 156
1777383889477 9.437586784362793 157
1777383889823 9.012618064880371 158
1777383890297 8.060240745544434 159
1777383890662 9.395374298095703 160
1777383891022 9.253255844116211 161
1777383891382 8.80670166015625 162
1777383891757 9.493257522583008 163
1777383892122 9.782418251037598 164
1777383892501 10.391668319702148 165
1777383892872 9.139537811279297 166
1777383893236 9.763460159301758 167
1777383893598 10.765472412109375 168
1777383894543 9.863478660583496 169
1777383894902 8.523649215698242 170
1777383895745 9.565775871276855 171
1777383896216 10.05984115600586 172
1777383896578 9.287984848022461 173
1777383896939 9.192391395568848 174
1777383897302 9.247180938720703 175
1777383897688 8.405264854431152 176
1777383898131 8.933858871459961 177
1777383898513 8.877243995666504 178
1777383898899 8.474427223205566 179
1777383899250 8.260054588317871 180
1777383899614 8.49591064453125 181
1777383899986 8.444185256958008 182
1777383900423 8.67822265625 183
1777383900777 10.359585762023926 184
1777383901150 8.964888572692871 185
1777383901655 9.283493041992188 186
1777383902027 8.90791130065918 187
1777383902407 9.944000244140625 188
1777383902802 7.828614711761475 189
1777383903187 8.247601509094238 190
1777383903571 8.508651733398438 191
1777383904018 8.196775436401367 192
1777383904387 7.553341865539551 193
1777383904742 8.559835433959961 194
1777383905090 8.153060913085938 195
1777383905449 8.89983081817627 196
1777383905810 9.279034614562988 197
1777383906282 8.470098495483398 198
1777383906642 7.959526062011719 199
1777383907008 8.929289817810059 200
1777383907363 8.360132217407227 201
1777383907845 7.275994300842285 202
1777383908216 7.733826160430908 203
1777383908868 8.010740280151367 204
1777383909237 9.005532264709473 205
1777383909614 7.705576419830322 206
1777383910102 7.537601470947266 207
1777383910521 8.148772239685059 208
1777383910887 8.08836841583252 209
1777383911712 9.780619621276855 210
1777383912088 8.621970176696777 211
1777383912459 8.189499855041504 212
1777383912841 7.976978778839111 213
1777383913542 8.510299682617188 214
1777383913934 7.903709411621094 215
1777383914309 8.910202980041504 216
1777383914682 8.362602233886719 217
1777383915047 7.691461086273193 218
1777383915464 7.11760950088501 219
1777383915826 7.530335426330566 220
1777383916198 8.069859504699707 221
1777383916583 8.308802604675293 222
1777383916989 8.098441123962402 223
1777383917366 7.688998699188232 224
