1777204688461 225.29900239922844 1
1777204689121 221.25598276560643 2
1777204689925 217.1471638280472 3
1777204690536 211.92167627399294 4
1777204691176 205.13308243425973 5
1777204691780 196.88981055660003 6
1777204692380 188.14816495240098 7
1777204692979 178.83078682132515 8
1777204693578 168.50824115045546 9
1777204694173 157.5342759432057 10
1777204694767 144.92089540609763 11
1777204695364 131.6520522110062 12
1777204695961 116.93085899750105 13
1777204696561 101.50258581960597 14
1777204697151 86.4381278672637 15
1777204697760 72.91145215476027 16
1777204698355 60.17430973314015 17
1777204698947 50.00043808710443 18
1777204699539 39.48980121980155 19
1777204700130 36.04953901186063 20
1777204700724 33.50222010985816 21
1777204701316 30.79965448602142 22
1777204701946 29.783000248779437 23
1777204702542 28.60324858039978 24
1777204703137 26.743554995715684 25
1777204703736 26.044983461829666 26
1777204704326 26.08051977867431 27
1777204704918 24.869558556236008 28
1777204705512 24.900606942036944 29
1777204706105 23.244494144552135 30
1777204706696 23.645142334550385 31
1777204707287 21.81109936476215 32
1777204707881 22.973661208751643 33
1777204708472 23.090606920418573 34
1777204709067 21.900944813445918 35
1777204709658 23.10723801207987 36
1777204710248 20.8816782808349 37
1777204710838 22.12777559038844 38
1777204711432 22.737694235407986 39
1777204712057 22.095933768257026 40
1777204712658 22.435138914466265 41
1777204713255 20.79248560133908 42
1777204714023 20.54060427356884 43
1777204714617 20.81065540240437 44
1777204715212 20.39450065770729 45
1777204715806 20.849592206263537 46
1777204716401 20.56876056644282 47
1777204716995 19.22734820902101 48
1777204717590 20.662730445936912 49
1777204718188 18.918569541252932 50
1777204718782 20.661344385820346 51
1777204719376 21.107304176202504 52
1777204719974 21.20847210824244 53
1777204720578 18.491141589684204 54
1777204721190 22.1360599603395 55
1777204721796 18.582913388896113 56
1777204722459 19.537272223678766 57
1777204723084 18.477989543970295 58
1777204723915 19.65619018310435 59
1777204724518 20.336557180830518 60
1777204725117 20.275369141696068 61
1777204725718 19.349291428572304 62
1777204726316 18.85906145720138 63
