1777433416280 51532.23046875 1
1777433416982 50819.9921875 2
1777433417282 50089.46875 3
1777433417625 49455.328125 4
1777433417932 48813.8984375 5
1777433418225 48135.6015625 6
1777433418529 47417.01171875 7
1777433418842 46660.13671875 8
1777433419156 45864.77734375 9
1777433419475 45020.84765625 10
1777433420207 44070.81640625 11
1777433420501 43088.86328125 12
1777433420793 42061.234375 13
1777433421103 40875.34765625 14
1777433421406 39582.25390625 15
1777433421700 38145.734375 16
1777433422004 36579.83203125 17
1777433422311 35016.28515625 18
1777433422606 33490.3203125 19
1777433422906 31814.111328125 20
1777433423207 30215.1015625 21
1777433423540 28578.11328125 22
1777433423846 26951.521484375 23
1777433424141 25169.9453125 24
1777433424425 23598.390625 25
1777433424733 21935.740234375 26
1777433425043 20232.73828125 27
1777433425371 18423.169921875 28
1777433425684 16987.1953125 29
1777433425999 15345.115234375 30
1777433426330 14081.9765625 31
1777433426667 12710.5419921875 32
1777433426983 11266.1689453125 33
1777433427297 10324.3330078125 34
1777433427604 9053.416015625 35
1777433427889 8046.79443359375 36
1777433428193 6924.3984375 37
1777433428488 6102.23095703125 38
1777433428792 5389.51123046875 39
1777433429082 4645.5947265625 40
1777433429376 4132.3828125 41
1777433429665 3402.173095703125 42
1777433429964 3016.15625 43
1777433430251 2545.646484375 44
1777433430561 2270.153564453125 45
1777433430849 1942.1319580078125 46
1777433431157 1843.048828125 47
1777433431474 1849.264404296875 48
1777433431806 1595.6363525390625 49
1777433432157 1543.7591552734375 50
1777433432548 1230.8526611328125 51
1777433432999 1281.5213623046875 52
1777433433349 1120.0980224609375 53
1777433433660 1075.567138671875 54
1777433433974 1048.8770751953125 55
1777433434273 943.8504638671875 56
1777433434570 1068.8802490234375 57
1777433434901 1089.1259765625 58
1777433435202 928.1504516601562 59
1777433435493 961.4959106445312 60
1777433435850 915.2776489257812 61
1777433436209 846.5509033203125 62
1777433436560 864.4951782226562 63
1777433436917 805.5261840820312 64
1777433437259 751.1596069335938 65
1777433437612 856.3403930664062 66
1777433437922 665.1456298828125 67
1777433438235 763.10986328125 68
1777433438534 891.89306640625 69
1777433439093 720.4525756835938 70
1777433439385 863.5165405273438 71
1777433439674 851.18994140625 72
1777433439975 641.23974609375 73
1777433440275 584.42919921875 74
1777433440577 776.767333984375 75
1777433440865 697.7667846679688 76
1777433441160 589.1272583007812 77
1777433441481 724.5828247070312 78
1777433441794 664.6023559570312 79
1777433442106 567.2561645507812 80
1777433442401 659.4686889648438 81
1777433442719 661.8887329101562 82
1777433443074 569.9158935546875 83
1777433443430 623.3489379882812 84
1777433443734 563.3543701171875 85
1777433444016 642.9891357421875 86
1777433444312 666.3118286132812 87
1777433444612 639.66650390625 88
