1777419664003 205.16401594212374 1
1777419664361 202.93582537036184 2
1777419664691 201.11601712382333 3
1777419665008 199.37692005345053 4
1777419665339 197.49481796999132 5
1777419665699 195.37700934667313 6
1777419666058 192.90156978365937 7
1777419669240 189.9349909343984 8
1777419672868 186.26807798170893 9
1777419673237 182.08866315616686 10
1777419676233 177.88858763106475 11
1777419679311 173.1454692321604 12
1777419685709 168.47988798740934 13
1777419689138 163.55590835017242 14
1777419689542 158.49495999478975 15
1777419696616 153.2527783190243 16
1777419703709 148.1036377000916 17
1777419710677 142.97831593680561 18
1777419727969 136.5117969375724 19
1777419731628 130.89462305133088 20
1777419731969 124.61086695815297 21
1777419732384 117.71720698484356 22
1777419747577 111.07505556491971 23
1777419771008 103.31526009622199 24
1777419778495 95.35141111468933 25
1777419792182 89.17314672958587 26
1777419799322 79.79464610407769 27
1777419805397 72.49142257989044 28
1777419808698 65.96090742700369 29
1777419819121 58.90282856442995 30
1777419819628 52.33791945138821 31
1777419836833 47.874181516339 32
1777419844730 43.510681945464555 33
1777419854287 40.95459298446802 34
1777419854630 38.92383199616432 35
1777419855008 33.912202458494754 36
1777419858369 32.04685214528683 37
1777419858694 35.66654992010196 38
1777419872359 31.078924307845863 39
1777419885314 32.97245980312585 40
1777419892055 31.670724495013726 41
1777419895676 28.573806227798038 42
1777419901877 28.946852818327894 43
1777419902204 28.903538724198633 44
1777419907931 26.80375390023814 45
1777419908282 30.26606462638891 46
1777419914791 25.18892966631125 47
1777419915161 27.78472322566058 48
1777419926415 25.843094620242006 49
1777419927006 27.536592309427558 50
1777419932074 30.627114483763606 51
1777419932479 27.035171771144945 52
1777419946738 27.209835024680185 53
1777419957769 27.418890061900072 54
1777419968239 26.86271975974557 55
1777419968562 28.382218976040374 56
1777419970351 23.5364810960095 57
1777419980606 23.285910817018195 58
1777419983904 20.874108209805936 59
1777419986892 23.52536913980443 60
1777419990171 24.546314293802975 61
1777419999276 23.179284627439298 62
1777420004914 22.850674395135474 63
1777420005257 24.059685559838083 64
1777420005596 22.31350115926174 65
1777420005936 22.535852647304374 66
1777420006294 22.09418647906899 67
1777420008411 19.97640820482063 68
1777420016776 25.911002796456348 69
1777420023050 22.01432819215597 70
1777420023406 22.741819818395005 71
1777420023767 24.189579206499232 72
1777420024126 20.458556174665727 73
1777420024569 22.93619876673525 74
1777420033736 20.03196603146924 75
1777420042956 20.72973010449191 76
1777420043314 23.261250060874442 77
1777420057939 22.928686626367334 78
1777420061107 23.002337793044266 79
1777420061470 21.58060904533461 80
1777420070239 19.511880238946333 81
1777420073442 25.31844186625939 82
1777420079021 21.66524716153297 83
1777420082313 22.04203110545637 84
1777420082656 24.14448290370908 85
1777420089181 21.05491723552771 86
1777420092343 23.84377431805772 87
1777420092679 22.46825492217958 88
1777420096289 18.028273523558333 89
1777420103194 18.19125988036992 90
1777420106763 24.436805656695906 91
1777420113468 20.882734316398725 92
1777420113790 20.672867039688157 93
1777420114140 17.929790474922157 94
1777420114498 19.728515528320216 95
1777420125400 20.422680442704962 96
1777420125741 21.53424113498699 97
1777420126065 20.854117724665763 98
1777420135124 20.021879816508708 99
1777420141629 19.69387530084504 100
1777420148566 19.48332166233589 101
1777420148895 23.74540585705804 102
1777420155941 18.078026246219036 103
1777420162631 18.754344386024517 104
1777420186127 18.40162774225294 105
1777420189890 16.645060661757704 106
1777420203924 19.48005164544938 107
1777420210494 19.589414174627024 108
1777420219605 20.745748429036233 109
1777420223213 19.33850992989361 110
1777420231729 20.585561696047957 111
1777420240983 15.790443930011465 112
1777420241370 18.14635982107319 113
1777420241695 17.487017366240234 114
1777420249904 18.44746651971738 115
1777420250245 18.767602414550055 116
1777420250593 20.27812897306942 117
1777420255058 18.592588757068047 118
1777420255391 18.19825410957652 119
1777420268017 18.04278988531716 120
1777420274024 18.75168449464524 121
1777420277504 17.065279220769067 122
1777420284042 17.28493246677173 123
1777420290667 19.51544438592363 124
1777420291015 17.282532904742745 125
1777420300169 18.442015634789712 126
1777420303669 21.04375150820458 127
1777420304025 18.300368108330243 128
1777420310932 19.137686317777714 129
1777420311272 18.267423490638414 130
1777420311618 18.89334528593997 131
1777420311988 18.168576388059414 132
1777420312405 16.54037621731006 133
1777420324207 16.73778942903462 134
1777420324513 15.453954907726342 135
1777420327942 16.90750450232363 136
1777420328284 14.950722177471217 137
1777420333682 17.47687070162975 138
1777420338523 17.33489973375378 139
1777420343816 17.28223889575653 140
1777420354803 16.593270907337615 141
1777420367480 15.886607334561369 142
1777420367803 17.305342644201044 143
1777420370449 16.805386651541596 144
1777420370774 17.584200339011723 145
1777420374717 16.829492313300406 146
1777420380343 15.527489680918022 147
1777420390372 15.627497847219297 148
1777420397023 15.906441378238437 149
1777420397427 16.445598275426732 150
1777420404516 14.490178958690704 151
1777420417980 16.501156853088645 152
1777420418314 15.064468191884401 153
1777420418654 15.057903680686628 154
1777420425067 14.061478912581862 155
1777420431584 15.73248043226998 156
1777420434992 15.411329070547522 157
1777420435326 16.043761488966474 158
1777420438655 15.3267243004891 159
1777420444923 14.904475396364017 160
1777420445246 15.924124097465592 161
1777420445563 16.74651425658766 162
1777420450961 12.653291031418714 163
1777420456662 14.192430891305836 164
1777420461477 15.398088192860735 165
1777420467830 13.92326634023262 166
1777420468239 15.235086622001294 167
1777420470671 13.923983601539378 168
1777420473277 13.638352317294933 169
1777420484888 14.844072262126797 170
1777420487235 14.024444492918818 171
1777420487558 16.08552391406148 172
1777420487882 14.232088309397337 173
1777420488222 14.278032002904903 174
1777420496182 14.471789574252568 175
1777420498709 13.026239177310242 176
1777420506381 13.592837388547116 177
1777420506732 13.889346292381347 178
1777420512448 13.580368997900631 179
1777420512796 12.749590100449982 180
1777420513120 12.374741060264402 181
1777420522027 14.493459870863145 182
1777420525592 12.405986177728565 183
1777420525962 12.97079356075422 184
1777420528482 13.385153080859661 185
1777420534432 14.124449592601664 186
1777420534778 13.679192238321997 187
1777420542281 12.51005454999098 188
1777420548109 15.56870669952705 189
1777420550940 12.608812889228943 190
1777420557051 12.703114789932858 191
1777420557371 13.229570870219346 192
1777420557692 12.106714047354636 193
1777420559944 15.133864146150534 194
1777420565633 11.582106344613216 195
1777420568572 12.87967633995786 196
1777420577154 13.224651921961168 197
1777420581484 14.267276931497442 198
1777420584659 13.402229328606584 199
1777420585007 12.600430290504343 200
1777420585352 14.8666738079607 201
1777420594027 13.389509940264047 202
1777420600340 13.044359670519178 203
1777420602768 12.04854365368714 204
1777420609567 13.103946330164366 205
1777420618484 12.513950955068482 206
1777420621790 12.005153820827069 207
1777420628300 14.144655848146323 208
1777420628693 14.572101096653624 209
1777420629061 11.267707960174565 210
1777420631914 12.057026466215923 211
1777420635219 14.470685067347688 212
1777420635592 13.228780201150503 213
1777420638470 14.21773208495815 214
1777420638806 12.99868063467164 215
1777420639251 12.647371017422701 216
1777420645612 13.874862532750887 217
1777420645972 12.295691155689205 218
1777420651731 11.782986702647408 219
1777420658289 12.909856629465695 220
1777420658639 12.717977364431324 221
1777420658998 11.473014018085207 222
1777420662572 12.026422656756468 223
1777420662894 12.446708299199093 224
1777420663215 11.906342914048547 225
1777420663575 12.027818225051575 226
1777420663902 12.236502548886518 227
1777420667139 11.651769518410337 228
1777420667524 13.323035141470557 229
1777420669225 12.81398857587505 230
1777420672034 11.566440550016686 231
1777420675379 12.82796085080726 232
1777420676068 11.949587788515121 233
1777420679313 10.733191190295708 234
1777420682966 12.257932624690238 235
1777420686529 11.292197877745336 236
1777420689804 11.734723488500379 237
1777420690339 11.408731937805838 238
1777420693787 11.893220756009361 239
1777420694944 12.122238631275733 240
