1777419664003 163.54525756835938 1
1777419664361 160.7401580810547 2
1777419664691 158.43948364257812 3
1777419665008 156.25277709960938 4
1777419665339 153.92840576171875 5
1777419665699 151.43345642089844 6
1777419666058 148.68141174316406 7
1777419669240 145.68214416503906 8
1777419672868 142.33096313476562 9
1777419673237 138.61566162109375 10
1777419676233 134.44041442871094 11
1777419679311 129.65029907226562 12
1777419685709 124.76717376708984 13
1777419689138 119.9363784790039 14
1777419689542 115.02812957763672 15
1777419696616 110.04015350341797 16
1777419703709 104.95526123046875 17
1777419710677 99.8452377319336 18
1777419727969 94.36296081542969 19
1777419731628 89.16839599609375 20
1777419731969 83.89298248291016 21
1777419732384 78.58262634277344 22
1777419747577 72.78329467773438 23
1777419771008 66.92691802978516 24
1777419778495 61.86872863769531 25
1777419792182 56.73630142211914 26
1777419799322 50.70658493041992 27
1777419805397 45.872283935546875 28
1777419808698 41.284034729003906 29
1777419819121 37.55555725097656 30
1777419819628 33.644622802734375 31
1777419836833 31.687950134277344 32
1777419844730 28.52589225769043 33
1777419854287 27.868366241455078 34
1777419854630 26.212745666503906 35
1777419855008 23.193103790283203 36
1777419858369 21.619064331054688 37
1777419858694 24.77975082397461 38
1777419872359 21.55732536315918 39
1777419885314 23.143287658691406 40
1777419892055 22.18219757080078 41
1777419895676 19.2864933013916 42
1777419901877 20.182430267333984 43
1777419902204 20.188234329223633 44
1777419907931 19.0670166015625 45
1777419908282 20.913991928100586 46
1777419914791 17.87114906311035 47
1777419915161 19.600749969482422 48
1777419926415 18.428211212158203 49
1777419927006 19.683719635009766 50
1777419932074 21.93874740600586 51
1777419932479 19.53266143798828 52
1777419946738 19.017406463623047 53
1777419957769 19.268890380859375 54
1777419968239 18.423120498657227 55
1777419968562 19.615407943725586 56
1777419970351 16.473482131958008 57
1777419980606 16.573461532592773 58
1777419983904 14.936938285827637 59
1777419986892 16.94280433654785 60
1777419990171 17.41302490234375 61
1777419999276 16.358989715576172 62
1777420004914 16.344562530517578 63
1777420005257 17.310937881469727 64
1777420005596 15.941360473632812 65
1777420005936 16.167282104492188 66
1777420006294 15.690374374389648 67
1777420008411 14.452605247497559 68
1777420016776 18.40567970275879 69
1777420023050 15.625554084777832 70
1777420023406 16.06061363220215 71
1777420023767 17.523067474365234 72
1777420024126 14.679692268371582 73
1777420024569 16.75670623779297 74
1777420033736 14.5503568649292 75
1777420042956 14.95248031616211 76
1777420043314 16.789958953857422 77
1777420057939 16.129253387451172 78
1777420061107 16.475608825683594 79
1777420061470 15.462430953979492 80
1777420070239 13.65137767791748 81
1777420073442 17.505332946777344 82
1777420079021 15.449666023254395 83
1777420082313 15.665148735046387 84
1777420082656 17.239593505859375 85
1777420089181 14.857404708862305 86
1777420092343 17.224794387817383 87
1777420092679 15.743338584899902 88
1777420096289 13.00341510772705 89
1777420103194 12.858407020568848 90
1777420106763 17.430011749267578 91
1777420113468 14.845587730407715 92
1777420113790 14.60566234588623 93
1777420114140 12.736751556396484 94
1777420114498 13.566764831542969 95
1777420125400 14.41586685180664 96
1777420125741 15.233359336853027 97
1777420126065 14.951606750488281 98
1777420135124 14.203166007995605 99
1777420141629 14.047736167907715 100
1777420148566 13.885953903198242 101
1777420148895 17.06593132019043 102
1777420155941 12.972145080566406 103
1777420162631 13.404457092285156 104
1777420186127 13.398189544677734 105
1777420189890 12.14659595489502 106
1777420203924 14.265161514282227 107
1777420210494 13.574646949768066 108
1777420219605 15.07325553894043 109
1777420223213 13.866464614868164 110
1777420231729 14.216029167175293 111
1777420240983 11.64699935913086 112
1777420241370 13.194186210632324 113
1777420241695 12.655653953552246 114
1777420249904 13.177286148071289 115
1777420250245 13.093034744262695 116
1777420250593 14.527050018310547 117
1777420255058 13.418434143066406 118
1777420255391 13.313603401184082 119
1777420268017 12.722718238830566 120
1777420274024 13.332213401794434 121
1777420277504 12.266008377075195 122
1777420284042 12.482818603515625 123
1777420290667 14.081832885742188 124
1777420291015 12.368041038513184 125
1777420300169 13.176164627075195 126
1777420303669 14.753981590270996 127
1777420304025 13.172292709350586 128
1777420310932 13.803706169128418 129
1777420311272 13.351766586303711 130
1777420311618 13.650067329406738 131
1777420311988 12.86376667022705 132
1777420312405 11.919376373291016 133
1777420324207 12.012834548950195 134
1777420324513 11.375675201416016 135
1777420327942 11.96888256072998 136
1777420328284 10.990470886230469 137
1777420333682 12.759283065795898 138
1777420338523 12.717050552368164 139
1777420343816 12.585728645324707 140
1777420354803 12.155316352844238 141
1777420367480 11.536588668823242 142
1777420367803 12.787307739257812 143
1777420370449 12.01405143737793 144
1777420370774 12.716608047485352 145
1777420374717 11.952520370483398 146
1777420380343 11.198831558227539 147
1777420390372 11.440850257873535 148
1777420397023 11.583820343017578 149
1777420397427 11.948863983154297 150
1777420404516 10.616382598876953 151
1777420417980 11.959393501281738 152
1777420418314 11.127400398254395 153
1777420418654 11.028374671936035 154
1777420425067 10.266875267028809 155
1777420431584 11.450791358947754 156
1777420434992 11.158747673034668 157
1777420435326 11.625323295593262 158
1777420438655 11.118782043457031 159
1777420444923 10.987707138061523 160
1777420445246 11.778203964233398 161
1777420445563 11.534313201904297 162
1777420450961 9.310274124145508 163
1777420456662 10.533456802368164 164
1777420461477 11.01962947845459 165
1777420467830 10.155887603759766 166
1777420468239 10.847264289855957 167
1777420470671 10.129273414611816 168
1777420473277 9.975824356079102 169
1777420484888 10.865540504455566 170
1777420487235 10.249332427978516 171
1777420487558 11.120067596435547 172
1777420487882 10.326977729797363 173
1777420488222 10.349398612976074 174
1777420496182 10.447113037109375 175
1777420498709 9.666959762573242 176
1777420506381 9.871910095214844 177
1777420506732 10.324641227722168 178
1777420512448 10.060148239135742 179
1777420512796 9.385065078735352 180
1777420513120 9.164104461669922 181
1777420522027 10.544046401977539 182
1777420525592 9.322311401367188 183
1777420525962 9.34195327758789 184
1777420528482 10.050271987915039 185
1777420534432 10.346678733825684 186
1777420534778 10.015060424804688 187
1777420542281 9.18539047241211 188
1777420548109 10.675311088562012 189
1777420550940 9.225679397583008 190
1777420557051 9.405004501342773 191
1777420557371 9.872864723205566 192
1777420557692 8.99785327911377 193
1777420559944 10.84117603302002 194
1777420565633 8.615032196044922 195
1777420568572 9.155622482299805 196
1777420577154 9.892402648925781 197
1777420581484 10.192341804504395 198
1777420584659 9.854682922363281 199
1777420585007 9.108550071716309 200
1777420585352 10.532248497009277 201
1777420594027 9.670719146728516 202
1777420600340 9.503259658813477 203
1777420602768 8.982686996459961 204
1777420609567 9.705918312072754 205
1777420618484 9.162064552307129 206
1777420621790 8.95716667175293 207
1777420628300 9.955436706542969 208
1777420628693 10.23306655883789 209
1777420629061 8.298054695129395 210
1777420631914 8.782125473022461 211
1777420635219 10.073409080505371 212
1777420635592 9.567509651184082 213
1777420638470 10.43641471862793 214
1777420638806 9.545990943908691 215
1777420639251 9.402676582336426 216
1777420645612 10.332377433776855 217
1777420645972 9.191651344299316 218
1777420651731 8.651909828186035 219
1777420658289 8.9822359085083 220
1777420658639 9.180671691894531 221
1777420658998 8.52649974822998 222
1777420662572 8.838090896606445 223
1777420662894 9.286619186401367 224
1777420663215 8.657066345214844 225
1777420663575 8.850122451782227 226
1777420663902 8.764687538146973 227
1777420667139 8.54149341583252 228
1777420667524 9.758028030395508 229
1777420669225 9.413479804992676 230
1777420672034 8.409319877624512 231
1777420675379 9.140114784240723 232
1777420676068 8.75429630279541 233
1777420679313 8.036629676818848 234
1777420682966 8.82578182220459 235
1777420686529 8.365677833557129 236
1777420689804 8.667961120605469 237
1777420690339 8.456868171691895 238
1777420693787 8.720658302307129 239
1777420694944 8.87108039855957 240
