1777139797755 176.04624126530194 1
1777139798990 172.53393378110047 2
1777139799693 168.97174514601065 3
1777139800382 164.67490803881878 4
1777139801137 159.72850958747796 5
1777139801825 153.98836018368905 6
1777139802511 147.35996617328905 7
1777139803282 139.5781634546455 8
1777139803958 131.47115260380042 9
1777139804647 122.73251727141532 10
1777139806152 113.28460667942923 11
1777139894829 103.20873370190101 12
1777140208200 92.39881003383724 13
1777140208898 81.03337486886895 14
1777140209525 70.18407701261555 15
1777140210154 59.44983946879937 16
1777140210787 49.917509441275406 17
1777140211420 41.54424874926087 18
1777140212051 33.69557714322936 19
1777140212682 28.34104422140651 20
1777140213315 24.535035046968176 21
1777140213947 22.41828614797319 22
1777140214577 19.717691955477225 23
1777140215213 19.741627075043706 24
1777140215850 17.436497006619764 25
1777140216485 16.950153571551894 26
1777140217116 18.06960210125743 27
1777140217745 15.57629329262248 28
1777140218381 14.89567684082174 29
1777140219028 14.790367845482885 30
1777140219660 14.266678922710051 31
1777140220293 14.909911185241734 32
1777140220930 13.898261193989454 33
1777140221562 13.445674770830111 34
1777140222194 13.29254666634431 35
1777140222829 14.49476243626089 36
1777140223461 13.031775118940967 37
1777140224092 11.5850894087452 38
1777140224720 13.290224523449558 39
1777140225349 11.310029831913603 40
1777140225977 10.893999193371004 41
1777140226605 10.88969551144393 42
1777140227234 13.788881635192123 43
1777140227862 10.077316140376078 44
1777140228494 12.112916519459334 45
1777140229129 11.539447951079948 46
1777140229760 11.412974079473196 47
1777140230392 11.157278481733723 48
1777140231020 10.537229532390084 49
1777140231651 10.189423731653958 50
1777140232281 10.391861615161462 51
1777140232915 11.09685949273168 52
1777140233544 11.201530360116518 53
1777140234172 11.404121800516865 54
1777140234802 10.323297132740656 55
1777140235432 9.460942453699875 56
1777140236065 10.322798827041456 57
1777140236697 9.439792215858963 58
1777140237329 10.779141276709034 59
1777140237961 8.827939118787185 60
1777140238611 9.165029658970257 61
1777140239243 9.55206212880387 62
1777140239876 8.876713061040078 63
1777140240507 9.386008890799651 64
1777140241135 9.365700363346459 65
1777140242952 9.572994198735035 66
1777140243647 9.15720653032295 67
1777140244349 9.80934301361851 68
1777140245048 8.700861190927439 69
1777140245754 9.568645586541074 70
1777140246463 8.619402981584773 71
1777140247155 8.9644396401232 72
