1777139797755 -2.0923581728513176 1
1777139798990 -2.011715597104378 2
1777139799693 -1.9317192398921583 3
1777139800382 -1.8285272160797392 4
1777139801137 -1.69448244070451 5
1777139801825 -1.5324425410796012 6
1777139802511 -1.358484397831171 7
1777139803282 -1.1701669146256615 8
1777139803958 -0.9777109955477794 9
1777139804647 -0.7780780176331148 10
1777139806152 -0.5808347566542709 11
1777139894829 -0.3816339884738227 12
1777140208200 -0.17375887583036165 13
1777140208898 0.048549331704378806 14
1777140209525 0.23391547868420537 15
1777140210154 0.42069670937176895 16
1777140210787 0.5654810193121537 17
1777140211420 0.6786252740486733 18
1777140212051 0.7849736326905399 19
1777140212682 0.8405760872533161 20
1777140213315 0.8827893436022327 21
1777140213947 0.9017059931970058 22
1777140214577 0.9234889397257465 23
1777140215213 0.9236970337355038 24
1777140215850 0.9389621695515931 25
1777140216485 0.9403688008324022 26
1777140217116 0.9350634596971762 27
1777140217745 0.9492442441856215 28
1777140218381 0.9536971793027161 29
1777140219028 0.9549357465109362 30
1777140219660 0.9572329671119981 31
1777140220293 0.9547773001958058 32
1777140220930 0.9599218742656164 33
1777140221562 0.9595606414545761 34
1777140222194 0.9622693233442489 35
1777140222829 0.95499796629344 36
1777140223461 0.9636519275672261 37
1777140224092 0.9691231741218246 38
1777140224720 0.9628863757747818 39
1777140225349 0.9713515226911593 40
1777140225977 0.9720499819346292 41
1777140226605 0.9728283423099413 42
1777140227234 0.9606293398108549 43
1777140227862 0.9761755719221092 44
1777140228494 0.9682332084187985 45
1777140229129 0.9706924003763625 46
1777140229760 0.9714647807707762 47
1777140230392 0.9714186731363796 48
1777140231020 0.9739235231586283 49
1777140231651 0.9754270881375233 50
1777140232281 0.97377322358804 51
1777140232915 0.971996507150276 52
1777140233544 0.971446446825441 53
1777140234172 0.9710171518068579 54
1777140234802 0.9753247435280422 55
1777140235432 0.9782745918449716 56
1777140236065 0.9745145737903866 57
1777140236697 0.9783185965777034 58
1777140237329 0.9733725695306018 59
1777140237961 0.9800662011162556 60
1777140238611 0.9786466096040181 61
1777140239243 0.9773754638320311 62
1777140239876 0.9807032765744476 63
1777140240507 0.9785153251266888 64
1777140241135 0.978910034931857 65
1777140242952 0.9779436226331678 66
1777140243647 0.9792419553700633 67
1777140244349 0.9773550363105372 68
1777140245048 0.9800367170388278 69
1777140245754 0.9784894515095309 70
1777140246463 0.9811062620084544 71
1777140247155 0.9799295684610781 72
