1777139797755 220.11704442597556 1
1777139798990 217.22797731835902 2
1777139799693 214.32358133667728 3
1777139800382 210.51787350364066 4
1777139801137 205.4690638605681 5
1777139801825 199.19507456947252 6
1777139802511 192.23176772787932 7
1777139803282 184.39762084885962 8
1777139803958 176.03141280112303 9
1777139804647 166.9107075700582 10
1777139806152 157.38090046319715 11
1777139894829 147.1313541047713 12
1777140208200 135.61200058636047 13
1777140208898 122.09612823657545 14
1777140209525 109.55723201950472 15
1777140210154 95.2702853597597 16
1777140210787 82.51119944558553 17
1777140211420 70.9601674243014 18
1777140212051 58.04165322010186 19
1777140212682 49.97842306195781 20
1777140213315 42.84673001433018 21
1777140213947 39.24309254166786 22
1777140214577 34.61930354586975 23
1777140215213 34.56732586426861 24
1777140215850 30.898547327560046 25
1777140216485 30.566439447300944 26
1777140217116 31.89641482023457 27
1777140217745 28.197918457693397 28
1777140218381 26.925545110206812 29
1777140219028 26.571032729893865 30
1777140219660 25.885490115424552 31
1777140220293 26.617811407635905 32
1777140220930 25.0577004045524 33
1777140221562 25.168195213613153 34
1777140222194 24.310725349296696 35
1777140222829 26.553550816143456 36
1777140223461 23.862524257096254 37
1777140224092 21.99299692489712 38
1777140224720 24.107781116052358 39
1777140225349 21.184986265642014 40
1777140225977 20.92642888186718 41
1777140226605 20.62573963461454 42
1777140227234 24.83651040079161 43
1777140227862 19.31378124335471 44
1777140228494 22.306176833185233 45
1777140229129 21.428629815237993 46
1777140229760 21.136370854696715 47
1777140230392 21.161571556220085 48
1777140231020 20.211779680592304 49
1777140231651 19.621507592222912 50
1777140232281 20.265375948763726 51
1777140232915 20.937927146794365 52
1777140233544 21.147914143993816 53
1777140234172 21.309090381316842 54
1777140234802 19.66251198161975 55
1777140235432 18.44726750597505 56
1777140236065 19.97993694202262 57
1777140236697 18.430444009312627 58
1777140237329 20.42541805876651 59
1777140237961 17.667143202955085 60
1777140238611 18.290275625308603 61
1777140239243 18.82745540352588 62
1777140239876 17.387778031521087 63
1777140240507 18.346979447604674 64
1777140241135 18.177366187142695 65
1777140242952 18.588771826067905 66
1777140243647 18.032241995791995 67
1777140244349 18.83603462465983 68
1777140245048 17.685786418502538 69
1777140245754 18.35626807367624 70
1777140246463 17.20482396678485 71
1777140247155 17.729689075436017 72
