1777139797755 -2.092358023643217 1
1777139798990 -2.0117155216262965 2
1777139799693 -1.9317189414759575 3
1777139800382 -1.82852732160764 4
1777139801137 -1.6944823888933072 5
1777139801825 -1.5324426355436302 6
1777139802511 -1.3584846351619795 7
1777139803282 -1.1701669956436154 8
1777139803958 -0.9777109955477795 9
1777139804647 -0.7780782331296734 10
1777139806152 -0.5808348156115929 11
1777139894829 -0.3816338853983312 12
1777140208200 -0.17375888224958358 13
1777140208898 0.04854933353988172 14
1777140209525 0.2339155250136754 15
1777140210154 0.4206967125224802 16
1777140210787 0.5654809820101285 17
1777140211420 0.678625279373517 18
1777140212051 0.7849736525135035 19
1777140212682 0.8405760872533161 20
1777140213315 0.8827893436022327 21
1777140213947 0.9017059849151521 22
1777140214577 0.9234889350629933 23
1777140215213 0.9236970260962709 24
1777140215850 0.9389621739720154 25
1777140216485 0.940368796169649 26
1777140217116 0.9350634596971762 27
1777140217745 0.9492442376772388 28
1777140218381 0.9536971850884708 29
1777140219028 0.9549357498729121 30
1777140219660 0.957232962449245 31
1777140220293 0.9547773008125449 32
1777140220930 0.9599218774037908 33
1777140221562 0.9595606376643896 34
1777140222194 0.9622693207250681 35
1777140222829 0.9549979743135271 36
1777140223461 0.9636519298986026 37
1777140224092 0.9691231752875128 38
1777140224720 0.9628863766571687 39
1777140225349 0.9713515248284517 40
1777140225977 0.9720499819346293 41
1777140226605 0.9728283423099413 42
1777140227234 0.9606293398108549 43
1777140227862 0.9761755730877975 44
1777140228494 0.9682332095225733 45
1777140229129 0.970692398044986 46
1777140229760 0.9714647819364645 47
1777140230392 0.9714186743020679 48
1777140231020 0.973923525104039 49
1777140231651 0.975427086971835 50
1777140232281 0.9737732224223516 51
1777140232915 0.9719965059845876 52
1777140233544 0.9714464457989349 53
1777140234172 0.9710171494754813 54
1777140234802 0.9753247430375397 55
1777140235432 0.9782745906792834 56
1777140236065 0.9745145735435947 57
1777140236697 0.9783185965777034 58
1777140237329 0.9733725696963511 59
1777140237961 0.9800662046133205 60
1777140238611 0.9786466107697064 61
1777140239243 0.9773754649977193 62
1777140239876 0.9807032777401359 63
1777140240507 0.9785153239610005 64
1777140241135 0.9789100333737697 65
1777140242952 0.977943621828137 66
1777140243647 0.9792419561203571 67
1777140244349 0.9773550357868195 68
1777140245048 0.9800367196938577 69
1777140245754 0.9784894538409075 70
1777140246463 0.9811062620084545 71
1777140247155 0.979929567878234 72
