1777229021860 -1.7332552662873129 1
1777229023078 -1.6173007632513396 2
1777229024359 -1.4704295446842974 3
1777229025726 -1.2593283643407212 4
1777229027012 -0.9537771455998647 5
1777229028285 -0.577009751163063 6
1777229029478 -0.1998594354954759 7
1777229030611 0.13636748247825303 8
1777229031920 0.4225095363717398 9
1777229033284 0.6348106613015171 10
1777229034672 0.7802469687153757 11
1777229036049 0.8678041326557212 12
1777229037355 0.9057066311882831 13
1777229038642 0.9219746762189357 14
1777229039923 0.9328957826524249 15
1777229041100 0.9404959616379774 16
1777229042285 0.9428334533703773 17
1777229043560 0.9484326818294009 18
1777229044822 0.9518649189975402 19
1777229045989 0.9531971144706308 20
1777229047209 0.9528955171445582 21
1777229048526 0.9539733373069292 22
1777229049841 0.955112939932708 23
1777229051171 0.9563218587098508 24
1777229052384 0.955506271818207 25
1777229053621 0.9569568490428603 26
1777229054890 0.9608909651346282 27
1777229056096 0.9558313647407228 28
1777229057411 0.9602372003458562 29
1777229058786 0.9567943301955072 30
1777229060145 0.9627172782337489 31
1777229061449 0.960015107365388 32
1777229062805 0.9622227255271829 33
1777229064165 0.9635391258410704 34
1777229065558 0.9634978738425113 35
1777229066862 0.9629058097893788 36
1777229068200 0.9621412300554925 37
1777229069566 0.9643174441579566 38
1777229070901 0.9681301084084086 39
1777229072289 0.9616458621597866 40
1777229073605 0.9656720015814474 41
1777229074885 0.9674890329784614 42
1777229076187 0.958451474667424 43
1777229077501 0.96529962820521 44
1777229078783 0.9660779442858772 45
1777229080083 0.9645972205386317 46
1777229081498 0.963847585424906 47
1777229082797 0.967194517410775 48
1777229084006 0.9660430238770209 49
1777229085282 0.9672363110386192 50
1777229086591 0.9668216262730602 51
1777229087932 0.9700091344050442 52
1777229089228 0.9703056618231458 53
1777229090553 0.9693772039327901 54
1777229091875 0.9699341904597482 55
1777229093180 0.9674160706756163 56
1777229094478 0.9652481113174024 57
1777229095794 0.9697730893728479 58
1777229097179 0.9721791116505761 59
1777229098483 0.9712504581944008 60
1777229099780 0.9716575105118882 61
1777229101096 0.9726652383803246 62
1777229102729 0.9724812011408331 63
1777229104104 0.969581949486355 64
1777229105472 0.9723728292958306 65
1777229106871 0.9705615151076544 66
1777229108272 0.9672359144049038 67
1777229109670 0.9708737689086551 68
1777229111118 0.9721131772963465 69
1777229127465 0.9721328207452639 70
1777229128962 0.9710545232970587 71
1777229130266 0.9716226604054072 72
1777229131618 0.9750849625173136 73
1777229132973 0.9723402691360619 74
1777229134340 0.975034894228619 75
1777229135630 0.9754676692295264 76
1777229136946 0.9770285575639781 77
1777229138248 0.9739481602979256 78
1777229139562 0.974630810321039 79
1777229140831 0.9729818941195872 80
1777229142154 0.9763816791657279 81
1777229143505 0.9794852848538708 82
1777229145552 0.9759072152471631 83
1777229146890 0.9795481516591342 84
1777229148208 0.9770566081460262 85
1777229149522 0.9773765211120656 86
1777229150878 0.9770630550613085 87
1777229152237 0.9756891564840312 88
1777229153598 0.975916410551463 89
1777229154974 0.9807688379108089 90
1777229156335 0.9785282112741471 91
