1777438030752 155.1006801065388 1
1777438032699 146.38180580519958 2
1777438033759 134.3265188220523 3
1777438034809 116.80339729008924 4
1777438035843 97.43300453943151 5
1777438038052 76.8895048745156 6
1777438039091 56.39079791800946 7
1777438041949 38.641645950075464 8
1777438043961 25.942643145988495 9
1777438045031 20.116747200384044 10
1777438046081 18.93917799583968 11
1777438049772 17.978066169438613 12
1777438057348 16.008432680063926 13
1777438061919 16.057081052855192 14
1777438064551 15.796885235059003 15
1777438068438 14.315043837479543 16
1777438071284 14.287707126637592 17
1777438075762 12.503439696620509 18
1777438078616 13.462659152619501 19
1777438081556 12.81064687696402 20
1777438083531 12.091431479977638 21
1777438086389 11.777201691726622 22
1777438089363 12.191832884577394 23
1777438093279 11.691768592480555 24
1777438094328 11.574585130616489 25
1777438095393 11.227629799879233 26
1777438096459 12.260177046148062 27
1777438097509 11.878318042105532 28
1777438098594 10.647794486632154 29
1777438099639 12.118454607248447 30
1777438100689 10.998742371255064 31
1777438103670 9.866454921325934 32
1777438104740 10.76555877983465 33
1777438105820 11.178109962521619 34
1777438110726 10.785855617511993 35
1777438111814 9.963037443805007 36
1777438114705 10.363248648674293 37
1777438118014 10.502556804762262 38
1777438121181 8.738440931928347 39
1777438124782 9.551833072691473 40
1777438129282 8.780526314632933 41
1777438131617 8.480408339800025 42
1777438132678 8.725961719900457 43
1777438133733 9.133952569205553 44
1777438136362 8.463717558071744 45
1777438141660 8.44721829352208 46
1777438142712 8.870157743578298 47
1777438143778 8.80691187086346 48
1777438144821 8.50248221208681 49
1777438148093 9.03304896911872 50
1777438153611 9.058531595970418 51
1777438154669 7.759126058971609 52
1777438157865 7.3887325870381755 53
1777438162576 7.668468326382684 54
1777438168041 8.36449926178104 55
1777438171240 7.514302777320024 56
1777438174088 6.977976684211915 57
1777438175092 7.575907787293878 58
1777438176085 6.870961338789129 59
1777438178796 7.096564560026123 60
1777438182298 6.690338985120557 61
1777438183367 7.047376588450693 62
1777438184408 7.348297490978409 63
1777438190607 6.605872161515796 64
1777438191669 6.749378836581935 65
1777438194181 6.597418178058833 66
1777438196549 6.993487764090842 67
1777438201595 6.352979378915855 68
1777438209348 6.153742044026615 69
1777438210396 5.857940488189231 70
1777438213312 6.240752997149178 71
1777438218887 6.208784350352083 72
1777438219950 6.201046494547227 73
1777438222359 5.934981769487848 74
1777438225627 5.768028620475191 75
1777438228527 5.428581282032705 76
1777438238273 5.934816753031293 77
1777438241269 5.401604618804986 78
1777438244112 5.543505585200634 79
1777438245175 5.650785381207379 80
1777438249368 5.746634835015306 81
1777438252471 5.3046645961365 82
1777438267272 5.533681632068251 83
1777438273588 5.533670823852664 84
1777438274676 5.450747184731018 85
1777438280809 5.2093832060230945 86
1777438288131 5.1674823116990165 87
1777438291376 5.181762559653309 88
1777438292437 5.044086461618797 89
1777438293471 5.196497991374851 90
1777438294512 5.477868185978529 91
1777438295564 5.176402450797842 92
1777438301917 5.544910197389595 93
