1777377081674 -1.8028966245284064 1
1777377082713 -1.7640774266788264 2
1777377085571 -1.7215346745640523 3
1777377087960 -1.6851518443478333 4
1777377088782 -1.6438410766127705 5
1777377089651 -1.585919626495068 6
1777377090251 -1.5348266949648566 7
1777377090788 -1.4856723366415179 8
1777377092641 -1.4353632770914388 9
1777377094032 -1.3840474258783937 10
1777377097024 -1.3298232277763447 11
1777377097837 -1.2665206945937024 12
1777377098693 -1.1931507318600936 13
1777377099562 -1.11540387997147 14
1777377100620 -1.0341913008069756 15
1777377101538 -0.9528907227582162 16
1777377102440 -0.8695299641883507 17
1777377104206 -0.7845215807522086 18
1777377104795 -0.7062317984780089 19
1777377105660 -0.6259365508561301 20
1777377106555 -0.5363358271221328 21
1777377108303 -0.4373396800769713 22
1777377111730 -0.3352008201106351 23
1777377115504 -0.22685391705065383 24
1777377116151 -0.12301919301126496 25
1777377117522 0.006946066912598137 26
1777377118626 0.1018287614634995 27
1777377120570 0.17782691139015672 28
1777377121685 0.26241494591234626 29
1777377122234 0.34490825791596236 30
1777377123077 0.4076936758838733 31
1777377125891 0.48156963220200644 32
1777377128015 0.5526534953541213 33
1777377128538 0.59147460408008 34
1777377129448 0.6494237290777376 35
1777377130590 0.7037104964971735 36
1777377131596 0.7376504444024835 37
1777377133380 0.7762818531201205 38
1777377133851 0.7876412386151443 39
1777377134268 0.8130182618791594 40
1777377136014 0.8406172468233946 41
1777377137133 0.8548802707800354 42
1777377137688 0.8673968842225307 43
1777377138990 0.882708507430142 44
1777377140582 0.8857961297213959 45
1777377141427 0.8991299901821171 46
1777377142250 0.9033766771134223 47
1777377143769 0.9040446243640985 48
1777377144341 0.9153828371570905 49
1777377144762 0.916248431809551 50
1777377145483 0.9026667193252856 51
1777377146338 0.913903330546702 52
1777377148696 0.9252646237666152 53
1777377149692 0.9226844765909168 54
1777377150129 0.9230837492038293 55
1777377150561 0.9265086582702959 56
1777377151712 0.9138377880197799 57
1777377152128 0.9202723512701145 58
1777377152566 0.9401443806786273 59
1777377153785 0.9356530736938701 60
1777377156027 0.9401019490210449 61
1777377157776 0.9361049355846544 62
1777377158319 0.9356237777875374 63
1777377159326 0.9355344446629082 64
1777377159756 0.9331356125314957 65
1777377160184 0.9332260265142911 66
1777377160626 0.9430366336757442 67
1777377161173 0.9407955392030596 68
1777377161927 0.9469471043902189 69
1777377163244 0.9431206851930837 70
1777377164574 0.9371326919264595 71
1777377165744 0.9385802340851691 72
1777377167062 0.9472672368626353 73
1777377167672 0.9412620892932148 74
1777377168541 0.9470496648979757 75
1777377169644 0.9482206841313077 76
1777377170218 0.9505177626655287 77
1777377171099 0.9403822831050748 78
1777377172252 0.9448511743223802 79
1777377173230 0.943443309352553 80
1777377173650 0.9454905564370778 81
1777377174090 0.9457123598979018 82
1777377174988 0.9528887947383811 83
1777377175646 0.9401506165158495 84
1777377176595 0.9460861623540449 85
1777377177806 0.9485763885985584 86
1777377178612 0.9555195321398066 87
1777377179095 0.9562791871760622 88
1777377180080 0.9520599187163074 89
1777377180499 0.9392744327603285 90
1777377181235 0.955008171963472 91
1777377181670 0.9542710936329235 92
1777377183157 0.9515580551532196 93
1777377183572 0.9528908508510524 94
1777377184043 0.9466653504040359 95
1777377184720 0.9555110031889043 96
1777377185844 0.9525873945007841 97
1777377186885 0.9573186131116065 98
1777377187510 0.9598680996981898 99
1777377188308 0.9600543108981098 100
1777377189583 0.9617461178610296 101
1777377190433 0.9563628429419618 102
1777377193157 0.9595496466325246 103
1777377194294 0.9645404959459628 104
1777377194742 0.9606417836156144 105
1777377195891 0.9646521181469448 106
1777377196448 0.960645718298199 107
1777377197541 0.9644302208219973 108
1777377199471 0.9627431273602007 109
1777377200321 0.9636015426756435 110
1777377200893 0.964529660981863 111
1777377201828 0.958576950478222 112
1777377202882 0.9664720851546694 113
1777377203373 0.9621208234422534 114
1777377203801 0.9655329619141803 115
1777377204616 0.9596543330358365 116
1777377207226 0.9667356936666294 117
1777377209073 0.9621430311865123 118
1777377209574 0.9613535248220986 119
1777377210988 0.9664614455294213 120
1777377211820 0.9663329404705407 121
1777377213374 0.9666845580142386 122
1777377214633 0.9671693230856305 123
1777377215526 0.9592239254394546 124
1777377216550 0.9612662362609307 125
1777377216976 0.972090979318801 126
1777377217489 0.9644428874049406 127
1777377218322 0.9717516275328701 128
1777377219437 0.9727748530280627 129
1777377220550 0.9678996265567644 130
1777377221446 0.9697028350904834 131
1777377222119 0.9654032467691664 132
1777377223128 0.9682185133837465 133
1777377224481 0.9682848043299348 134
1777377225393 0.9704652070352348 135
1777377227579 0.9684544091905904 136
1777377229313 0.9709091488234858 137
1777377229744 0.9726165270834426 138
1777377230452 0.9671009189713742 139
1777377230893 0.9708250085157591 140
1777377231910 0.9738234725739787 141
1777377232639 0.9693478408978549 142
1777377233674 0.9704700194742181 143
1777377234191 0.9698724145962235 144
1777377235319 0.9730425484346995 145
1777377236187 0.9674528282549155 146
1777377236617 0.9735019854139414 147
1777377238236 0.973927940806625 148
1777377238651 0.9691136524464583 149
1777377239859 0.9744392060032774 150
1777377241262 0.9740070124516798 151
1777377241684 0.9741816225533022 152
1777377242476 0.9744680983952543 153
1777377243387 0.9704056743490883 154
1777377243810 0.972902313234327 155
1777377244223 0.9742960150143631 156
1777377245668 0.9725108107116398 157
1777377246088 0.9680830066117686 158
1777377247006 0.9748112478728868 159
1777377247691 0.97577326381205 160
1777377248587 0.9738769421451173 161
1777377249583 0.9734768856399296 162
1777377250883 0.9659181016343277 163
1777377251792 0.974719413243897 164
1777377253024 0.976075291250759 165
1777377254662 0.9741906081404813 166
1777377255108 0.9724333046132769 167
1777377256316 0.9715635187555334 168
1777377257143 0.9771199552244791 169
1777377257579 0.9687160541665605 170
1777377258012 0.974180935062019 171
1777377258439 0.9792059179371438 172
1777377259369 0.9779979153233103 173
1777377259938 0.9783948228243128 174
1777377260370 0.9754244723395316 175
1777377261101 0.9782757117883922 176
1777377262030 0.9798269102942296 177
1777377262448 0.9733194070092898 178
1777377263160 0.975083664905417 179
1777377264102 0.9728767285814044 180
1777377264927 0.9798744664255844 181
1777377265364 0.9764041829344186 182
1777377265805 0.9738896493179519 183
1777377267143 0.9774517623643709 184
1777377268054 0.9796725621589536 185
1777377269347 0.9759839405689307 186
1777377269771 0.9775069493952837 187
1777377271860 0.9781648734796853 188
1777377272788 0.9723451890259213 189
1777377273768 0.9769910518772906 190
1777377274650 0.9774070475254049 191
1777377275082 0.9746133975216462 192
1777377275510 0.9765228271865897 193
1777377276010 0.973718801391876 194
1777377277110 0.9706241697337742 195
1777377278986 0.9766793925446761 196
1777377279902 0.9782812962090581 197
1777377280796 0.9758283493682346 198
1777377282077 0.978353925971994 199
1777377283406 0.9774860050113904 200
1777377283870 0.9756872538324569 201
1777377284677 0.9776668126820355 202
1777377285475 0.9808737489586663 203
1777377286292 0.976908141950643 204
1777377286714 0.9744744532501056 205
1777377287146 0.9758154316353391 206
1777377287573 0.979672579917031 207
1777377288393 0.978538746968138 208
1777377288831 0.9820464528815862 209
1777377289261 0.978599129505133 210
1777377289689 0.9779915901601336 211
1777377290456 0.9723505136204251 212
1777377291210 0.9763014987331488 213
1777377291688 0.9818184558460727 214
1777377293455 0.9824551463436058 215
1777377294780 0.9829583506415395 216
1777377295604 0.9802089575720361 217
1777377296545 0.9809916321503761 218
1777377297725 0.9817859534906413 219
1777377298619 0.9796043330886034 220
1777377300233 0.9802674247735368 221
1777377300664 0.9808228213294683 222
1777377301087 0.9795191387121379 223
1777377301502 0.979042675541944 224
1777377302286 0.9800561417051553 225
1777377303061 0.981930888576446 226
1777377304409 0.9830465258381447 227
1777377304903 0.9824520374116216 228
1777377306049 0.9795014791769376 229
