1777429433141 -1.7479972554784036 1
1777429433483 -1.7075820011554912 2
1777429433819 -1.66924595769383 3
1777429434130 -1.6353126608357318 4
1777429434432 -1.6001620259737557 5
1777429434741 -1.5631806384472449 6
1777429435048 -1.524010430651689 7
1777429435353 -1.4820183929485022 8
1777429435669 -1.433802347294653 9
1777429435984 -1.381374299900525 10
1777429436284 -1.3207197296627857 11
1777429436595 -1.252000295149355 12
1777429436905 -1.175673875883573 13
1777429437206 -1.0928587633793132 14
1777429437512 -1.007681537519943 15
1777429437828 -0.9175127972045314 16
1777429438151 -0.8134555039384375 17
1777429438467 -0.7182759603605844 18
1777429438753 -0.6244669936374494 19
1777429439042 -0.5254156048893144 20
1777429439330 -0.43529018784541895 21
1777429439614 -0.3453810809875746 22
1777429439899 -0.26483508223614205 23
1777429440181 -0.16253682095364463 24
1777429440490 -0.07475139637180606 25
1777429440860 0.02024918994667413 26
1777429441208 0.10185591996431265 27
1777429441566 0.19246853245555995 28
1777429441919 0.28661704340563166 29
1777429442257 0.3668638743006659 30
1777429442612 0.4508187485973517 31
1777429443024 0.5236529753902386 32
1777429443356 0.5913277143713549 33
1777429443701 0.6532409440400386 34
1777429444042 0.6909378661620144 35
1777429444386 0.7529689261921477 36
1777429444722 0.7872720782586677 37
1777429445090 0.8154706292712842 38
1777429445444 0.8428066759477464 39
1777429445784 0.8523266491240585 40
1777429446125 0.8825753916775843 41
1777429446474 0.8960821295944482 42
1777429446814 0.8937857474397171 43
1777429447159 0.9090797616638341 44
1777429447500 0.9207148730168887 45
1777429447840 0.9302172987373792 46
1777429448198 0.9315849478268404 47
1777429448539 0.9277783650317821 48
1777429448874 0.9414618404644255 49
1777429449216 0.9430736374295308 50
1777429449539 0.9372629323409906 51
1777429449841 0.941624800261348 52
1777429450141 0.944663562265951 53
1777429450417 0.9331734805395845 54
1777429450690 0.934795357245534 55
1777429450961 0.9433065239335816 56
1777429451235 0.9395255686523829 57
1777429451510 0.9570101875514943 58
1777429451784 0.9586662597902174 59
1777429452057 0.9578230346926022 60
1777429452334 0.9410805612307851 61
1777429452608 0.9537075009039715 62
1777429452885 0.9555646704308415 63
1777429453158 0.9502025305536225 64
1777429453431 0.9472824195848131 65
1777429453708 0.9589144357350551 66
1777429453985 0.9536791118240144 67
1777429454286 0.9637420766635141 68
1777429454579 0.9534393998900232 69
1777429454859 0.9595582379200788 70
1777429455138 0.9581762513919323 71
1777429455421 0.9568874319036246 72
1777429455703 0.9560086526370707 73
1777429456034 0.9673819155728944 74
1777429456337 0.9699908629804329 75
1777429456622 0.9585754894993881 76
1777429456915 0.9684119316155171 77
1777429457198 0.9509671174072905 78
1777429457479 0.9715150422646834 79
1777429457805 0.9595411353697618 80
1777429458168 0.9692761222870523 81
1777429458519 0.9578012295389393 82
1777429458862 0.9633907017772951 83
1777429459214 0.9636800721447285 84
1777429459574 0.9663888745264675 85
1777429459911 0.9651399243121015 86
1777429460248 0.9551774543398743 87
1777429460594 0.9624455311280002 88
1777429460935 0.967955130868428 89
1777429461281 0.970368001722521 90
1777429461619 0.969781410558264 91
1777429461956 0.9670185043183963 92
1777429462289 0.9693858178055891 93
1777429462625 0.9587414679562407 94
1777429462905 0.9569094379823541 95
1777429463188 0.9682721738798638 96
1777429463469 0.9660124174944269 97
1777429463749 0.970219807526033 98
1777429464027 0.9630165601674513 99
1777429464307 0.9615929319192393 100
1777429464590 0.9615072206345527 101
1777429464873 0.9725851811295464 102
1777429465154 0.9657933254529885 103
1777429465433 0.9682291591718427 104
1777429465711 0.9709365670379405 105
1777429465994 0.9653439948128419 106
1777429466285 0.9653372135918421 107
1777429466563 0.9609256525969623 108
1777429466848 0.9599715575259564 109
1777429467133 0.9669066823429041 110
1777429467414 0.9546181172257308 111
1777429467696 0.9744625220979302 112
1777429467982 0.967558602857407 113
1777429468293 0.9703721469980034 114
1777429468612 0.9654232812793255 115
1777429468931 0.9653529694658195 116
1777429469258 0.9662471386356936 117
1777429469571 0.9638937392093672 118
1777429469901 0.958602451729762 119
1777429470236 0.9630329642639652 120
1777429470570 0.9743755287199611 121
1777429470906 0.9685318910562091 122
1777429471241 0.9707974742685792 123
1777429471594 0.9734966824783851 124
1777429471935 0.9719864818380579 125
1777429472269 0.9680701030619296 126
1777429472608 0.9629669460277765 127
1777429472942 0.977534336275999 128
1777429473280 0.9706566162289894 129
1777429473620 0.9604889945878059 130
1777429473960 0.9662553095884044 131
1777429474307 0.9644753048549926 132
1777429474651 0.9654732853093082 133
1777429474994 0.9664132797461715 134
1777429475340 0.9674969212539072 135
1777429475678 0.975401174642384 136
1777429476029 0.9717063348879703 137
1777429476360 0.9757987479421446 138
1777429476700 0.972377405474898 139
1777429477031 0.9675648482782291 140
1777429477361 0.9748187909447015 141
1777429477693 0.964667006816832 142
1777429478019 0.9636899055131695 143
1777429478366 0.9691267488517802 144
1777429478690 0.975191538038904 145
1777429479015 0.9711666358071278 146
1777429479339 0.9739220528043322 147
1777429479665 0.9705711226131251 148
1777429480004 0.9689110534007543 149
1777429480335 0.9689403836765568 150
1777429480733 0.9751292129967978 151
1777429481054 0.9648075296687867 152
1777429481369 0.968294952563314 153
1777429481683 0.9717813804003682 154
1777429481997 0.9739051224755009 155
1777429482315 0.9674663184526826 156
1777429482646 0.972656686533627 157
1777429483000 0.9628340532319007 158
1777429483362 0.9767789465280607 159
1777429483722 0.973554051368847 160
1777429484049 0.9690058589366723 161
1777429484431 0.9761595639145316 162
1777429484755 0.9725950862569398 163
1777429485132 0.9775818287426484 164
1777429485565 0.9717229853568873 165
1777429485975 0.9741864032170361 166
1777429486395 0.9692419650257199 167
1777429486814 0.9747248130287008 168
1777429487262 0.97046509636902 169
