1777429433141 158.76530698461528 1
1777429433483 156.85556935228044 2
1777429433819 155.03941758268383 3
1777429434130 153.41232315036598 4
1777429434432 151.7182805615177 5
1777429434741 149.92560200626824 6
1777429435048 148.07130837118493 7
1777429435353 146.10307395339223 8
1777429435669 143.9804856305394 9
1777429435984 141.78014389459204 10
1777429436284 139.30466088895858 11
1777429436595 136.6225758416472 12
1777429436905 133.5439434488311 13
1777429437206 130.1408429327812 14
1777429437512 126.5138166139774 15
1777429437828 122.54541390150769 16
1777429438151 118.27648427608219 17
1777429438467 114.12869637221081 18
1777429438753 109.77857122236466 19
1777429439042 105.28745117904296 20
1777429439330 100.93107500149094 21
1777429439614 96.17241802204376 22
1777429439899 91.51706779332142 23
1777429440181 86.93858426777811 24
1777429440490 82.45810532359887 25
1777429440860 77.33826959938143 26
1777429441208 72.99820544365498 27
1777429441566 68.57845247708835 28
1777429441919 64.28538237217238 29
1777429442257 59.51282686691598 30
1777429442612 54.52953731964703 31
1777429443024 49.86397097324947 32
1777429443356 46.25280322233369 33
1777429443701 42.560163568484384 34
1777429444042 39.1937504531493 35
1777429444386 35.650252096385586 36
1777429444722 32.19711909627326 37
1777429445090 30.07676383963208 38
1777429445444 28.29603594804048 39
1777429445784 26.52727070403533 40
1777429446125 23.960044640201158 41
1777429446474 22.448672790213745 42
1777429446814 22.347960468186958 43
1777429447159 21.181688396075298 44
1777429447500 19.577613023051217 45
1777429447840 18.117152549488292 46
1777429448198 17.665180098219473 47
1777429448539 19.12720313551002 48
1777429448874 16.935478349328392 49
1777429449216 16.313209585771094 50
1777429449539 17.443289019259296 51
1777429449841 16.69997288574559 52
1777429450141 16.141262464360917 53
1777429450417 18.234794585339404 54
1777429450690 18.429966579936774 55
1777429450961 16.87777429514609 56
1777429451235 17.49556723161788 57
1777429451510 14.096323493782801 58
1777429451784 13.815311523724219 59
1777429452057 14.06103922854573 60
1777429452334 17.07342186354919 61
1777429452608 14.590536505631398 62
1777429452885 14.550844460183287 63
1777429453158 15.08779000703965 64
1777429453431 15.937968419848367 65
1777429453708 14.384999535605967 66
1777429453985 14.59513266311977 67
1777429454286 12.974194238834079 68
1777429454579 14.883962316507462 69
1777429454859 13.878246091214335 70
1777429455138 13.815575302312181 71
1777429455421 14.242947745869177 72
1777429455703 14.581437091300996 73
1777429456034 12.103825059555868 74
1777429456337 11.437533143962472 75
1777429456622 14.293186790300549 76
1777429456915 11.813307166869544 77
1777429457198 15.059191194759421 78
1777429457479 11.05950254730386 79
1777429457805 13.940584718656064 80
1777429458168 11.595360939039319 81
1777429458519 14.091117176810783 82
1777429458862 13.054803303389848 83
1777429459214 12.615287084685868 84
1777429459574 11.571176707569599 85
1777429459911 12.525705633202652 86
1777429460248 14.734437571227096 87
1777429460594 13.170994452567781 88
1777429460935 11.992559850740909 89
1777429461281 11.349748041373592 90
1777429461619 11.581551147781255 91
1777429461956 11.944878484666592 92
1777429462289 11.565071565154295 93
1777429462625 13.878373014457914 94
1777429462905 14.178420898988536 95
1777429463188 12.017307536852618 96
1777429463469 12.51933808363121 97
1777429463749 11.551330442646988 98
1777429464027 12.937457992970348 99
1777429464307 13.004579849265564 100
1777429464590 12.839453642884914 101
1777429464873 11.00397604574404 102
1777429465154 12.498795533978232 103
1777429465433 11.823356177060658 104
1777429465711 11.175816288991179 105
1777429465994 12.50245214698599 106
1777429466285 12.75279029089076 107
1777429466563 13.177962364761253 108
1777429466848 13.545900179089621 109
1777429467133 11.669930851746502 110
1777429467414 14.677011029550908 111
1777429467696 10.348844506078374 112
1777429467982 12.019179835854317 113
1777429468293 11.438954072214194 114
1777429468612 12.135697568085918 115
1777429468931 12.516129756631813 116
1777429469258 12.293702801745287 117
1777429469571 12.78503062762867 118
1777429469901 13.637456852481145 119
1777429470236 12.923008267486088 120
1777429470570 10.38910421202341 121
1777429470906 11.612377390746712 122
1777429471241 10.756744555564607 123
1777429471594 10.304010414195215 124
1777429471935 11.017630592207313 125
1777429472269 11.802798149099926 126
1777429472608 12.651978209658504 127
1777429472942 9.282320155302218 128
1777429473280 10.993370631268917 129
1777429473620 13.356169166945739 130
1777429473960 12.01590403345705 131
1777429474307 12.015182719675849 132
1777429474651 12.226893158429382 133
1777429474994 12.094979776190927 134
1777429475340 12.05866688976411 135
1777429475678 9.930281493499988 136
1777429476029 10.712782430844802 137
1777429476360 9.778702563981904 138
1777429476700 10.60765399641663 139
1777429477031 11.994735258576174 140
1777429477361 10.049055940602292 141
1777429477693 12.650102427757563 142
1777429478019 12.629445496546262 143
1777429478366 11.314885515223093 144
1777429478690 10.072460565438217 145
1777429479015 11.073186075834407 146
1777429479339 10.279327810055637 147
1777429479665 11.201364676250966 148
1777429480004 11.434507605753712 149
1777429480335 11.510411236752361 150
1777429480733 9.992375803357772 151
1777429481054 12.330243371615182 152
1777429481369 11.530581310785173 153
1777429481683 10.773994486120541 154
1777429481997 10.324869813319872 155
1777429482315 11.618206426807522 156
1777429482646 10.25484231186137 157
1777429483000 12.979578112827912 158
1777429483362 9.580701144807001 159
1777429483722 10.330568909435081 160
1777429484049 11.196158124640348 161
1777429484431 9.661170799873608 162
1777429484755 10.401539397673682 163
1777429485132 9.3726531290266 164
1777429485565 10.906624180250006 165
1777429485975 9.772106451772622 166
1777429486395 11.285133461495812 167
1777429486814 10.127922879060575 168
1777429487262 10.887726039516878 169
