1777387504343 167.3152013708044 1
1777387504698 164.50392885561342 2
1777387505041 162.27853845666957 3
1777387505389 160.0815096254702 4
1777387505728 157.6886899029767 5
1777387506072 155.00768138744212 6
1777387506409 152.04530221444588 7
1777387506755 148.76790534125433 8
1777387507093 145.17930348714194 9
1777387507426 141.32113732231988 10
1777387507767 137.07562227602358 11
1777387508116 132.309004607024 12
1777387508465 127.35875701904297 13
1777387508816 122.18990467212818 14
1777387509163 116.95139651828342 15
1777387509523 111.17478292959707 16
1777387509912 105.48367789939597 17
1777387510286 99.94490785951967 18
1777387511869 93.30180528428819 19
1777387512470 87.04564073350694 20
1777387558577 81.18747767695675 21
1777387558954 75.08078017058196 22
1777387559317 68.55699948911314 23
1777387559671 63.53001121238426 24
1777387560777 57.362713707817925 25
1777387561216 51.503651512993706 26
1777387561707 46.685087769119825 27
1777387562765 41.96174649839048 28
1777387577132 36.852508050424085 29
1777387577607 32.97158940633138 30
1777387577969 30.051993829232675 31
1777387578618 26.87237983279758 32
1777387578946 24.045488286901403 33
1777387579292 23.741687068232782 34
1777387579622 21.490676950525355 35
1777387579953 19.2733187145657 36
1777387580401 18.99732021049217 37
1777387581476 18.643854635733145 38
1777387581807 18.7291125898008 39
1777387582137 17.157685739022714 40
1777387582469 16.624500804477268 41
1777387582799 17.51850061063413 42
1777387583171 16.751707995379412 43
1777387583876 14.501997700443974 44
1777387584204 14.692850289521393 45
1777387584530 14.754188855489096 46
1777387584887 13.647974561761927 47
1777387585231 17.048845326458967 48
1777387585580 13.558312310112846 49
1777387585931 13.795368583114058 50
1777387586271 13.141523979328296 51
1777387586633 14.545104909826208 52
1777387586995 15.98119174109565 53
1777387587349 15.30711626123499 54
1777387587705 13.475567623420998 55
1777387588073 11.422086168218542 56
1777387588419 13.454351478152805 57
1777387588774 11.725380102793375 58
1777387589143 13.012395805782742 59
1777387589492 13.480773996423792 60
1777387589841 12.605179716039586 61
1777387590189 11.981865035163032 62
1777387590541 13.469469812181261 63
1777387590890 13.273962038534659 64
1777387591252 12.237724251217312 65
1777387591756 11.77536431065312 66
1777387592368 11.143207708994547 67
1777387592721 12.320182870935511 68
1777387593088 12.130514745359067 69
1777387593617 14.137131108178032 70
1777387594365 10.62033768053408 71
1777387594726 12.63984959213822 72
1777387661615 13.496870694337067 73
1777387662221 10.346211486392551 74
1777387662861 11.88463216357761 75
1777387663271 10.993824199393943 76
1777387663979 10.247432143599898 77
1777387665179 10.190933404145417 78
1777387666039 10.091226542437518 79
1777387667177 10.42074226450037 80
1777387669344 10.246319629527905 81
1777387671270 13.786133642549869 82
1777387672554 10.80304048679493 83
1777387674846 9.59294389795374 84
1777387678888 8.632929537031385 85
1777387680267 10.015985736140498 86
1777387681900 11.975080242863408 87
1777387683094 9.874615669250488 88
1777387685235 9.881930421899867 89
1777387689075 10.878329418323657 90
1777387690267 10.218500631826895 91
1777387691356 9.64971093778257 92
1777387691721 11.148005732783565 93
1777387692278 9.707031479588261 94
1777387693187 9.597240765889486 95
1777387693675 9.28243041921545 96
1777387694048 12.037909260502568 97
1777387694433 10.856795893775093 98
1777387694805 9.726058924639666 99
1777387695443 9.97257391611735 100
1777387696186 10.393467567585132 101
1777387697075 10.755853158456308 102
1777387697730 11.133285487139666 103
1777387698790 11.075442172862866 104
1777387699650 10.57747636017976 105
1777387700210 9.449512446368182 106
1777387700839 9.022690649385806 107
1777387701354 7.769056673403139 108
1777387701962 9.669886871620461 109
1777387702544 9.98115626087895 110
1777387703004 9.777073789525915 111
1777387703702 10.546325930842647 112
1777387704547 8.907305222970468 113
1777387705606 9.800490644243029 114
1777387707506 10.38621629609002 115
1777387708180 9.332432428995768 116
1777387709952 9.282338530929 117
1777387710328 8.456761713381168 118
1777387711522 9.119083439862287 119
1777387711924 8.545820271527326 120
