1777387504343 -1.8453076873549294 1
1777387504698 -1.7859626314174242 2
1777387505041 -1.7399490164241644 3
1777387505389 -1.6938216495672296 4
1777387505728 -1.6429028193478605 5
1777387506072 -1.5806106302949776 6
1777387506409 -1.5069488232664092 7
1777387506755 -1.4172950229177914 8
1777387507093 -1.3191803263121273 9
1777387507426 -1.2192044850007786 10
1777387507767 -1.1180620486016566 11
1777387508116 -1.0126931631645761 12
1777387508465 -0.9006654050863436 13
1777387508816 -0.7722808909428436 14
1777387509163 -0.6717719544291576 15
1777387509523 -0.528435087663766 16
1777387509912 -0.4196142110595016 17
1777387510286 -0.29610647172767357 18
1777387511869 -0.16474823021467633 19
1777387512470 -0.049580106693581705 20
1777387558577 0.04763270243526252 21
1777387558954 0.17347113118864677 22
1777387559317 0.2642226875113979 23
1777387559671 0.359844363037617 24
1777387560777 0.45969689989378837 25
1777387561216 0.5409147332606503 26
1777387561707 0.6054516528296892 27
1777387562765 0.6789985723591612 28
1777387577132 0.7586150696860665 29
1777387577607 0.801795180120506 30
1777387577969 0.8322251161914038 31
1777387578618 0.8620123441114401 32
1777387578946 0.8882551082848772 33
1777387579292 0.8960531611867296 34
1777387579622 0.9114597466461054 35
1777387579953 0.927927428077512 36
1777387580401 0.9305800289988422 37
1777387581476 0.931635634754466 38
1777387581807 0.9340910983410374 39
1777387582137 0.9405317402411817 40
1777387582469 0.9456929906256987 41
1777387582799 0.9420715302682857 42
1777387583171 0.9444539984194875 43
1777387583876 0.9570490440849304 44
1777387584204 0.9573383895463167 45
1777387584530 0.9567479783539563 46
1777387584887 0.960176354636462 47
1777387585231 0.946743097667683 48
1777387585580 0.9619910230203038 49
1777387585931 0.9603103347312392 50
1777387586271 0.9630097548263361 51
1777387586633 0.9574209491995104 52
1777387586995 0.9509377737750596 53
1777387587349 0.9553126296036382 54
1777387587705 0.9621217057520365 55
1777387588073 0.9715184123943252 56
1777387588419 0.9612504141021707 57
1777387588774 0.9697907699699206 58
1777387589143 0.9657954459944547 59
1777387589492 0.9623717182515374 60
1777387589841 0.9669836496636286 61
1777387590189 0.9691163972146151 62
1777387590541 0.9636394733879331 63
1777387590890 0.9609915125691024 64
1777387591252 0.9678789758754237 65
1777387591756 0.9694383628523007 66
1777387592368 0.9726774738618331 67
1777387592721 0.9674465740756394 68
1777387593088 0.9656699433461511 69
1777387593617 0.9586946978016345 70
1777387594365 0.973268324538121 71
1777387594726 0.9662472020002079 72
1777387661615 0.9623028046362178 73
1777387662221 0.9763292319982907 74
1777387662861 0.969676606370997 75
1777387663271 0.9726704886963147 76
1777387663979 0.9761178690347256 77
1777387665179 0.9758377520717698 78
1777387666039 0.976115040910237 79
1777387667177 0.9752876863549693 80
1777387669344 0.9751878072494228 81
1777387671270 0.9611152918991154 82
1777387672554 0.9736944990685623 83
1777387674846 0.977360027171577 84
1777387678888 0.9816487880340029 85
1777387680267 0.9757312100654405 86
1777387681900 0.9688046493467347 87
1777387683094 0.976622892152356 88
1777387685235 0.9772774427891548 89
1777387689075 0.9743107761704479 90
1777387690267 0.9756615225974791 91
1777387691356 0.9766704503884917 92
1777387691721 0.9721221585217281 93
1777387692278 0.9779381111041969 94
1777387693187 0.9776222918797127 95
1777387693675 0.9789166826432469 96
1777387694048 0.9679003734023569 97
1777387694433 0.9721995567586731 98
1777387694805 0.9772028780291778 99
1777387695443 0.9760699707673542 100
1777387696186 0.9752995653770659 101
1777387697075 0.9732891911841512 102
1777387697730 0.9694794605323312 103
1777387698790 0.9721886194472091 104
1777387699650 0.9733271036660047 105
1777387700210 0.9779041848508927 106
1777387700839 0.9798123250429696 107
1777387701354 0.9841594060902604 108
1777387701962 0.9773216653939357 109
1777387702544 0.9755357519897587 110
1777387703004 0.9771831345043417 111
1777387703702 0.9748235457145417 112
1777387704547 0.980269303995416 113
1777387705606 0.9776839424889109 114
1777387707506 0.9730327651485858 115
1777387708180 0.9790786545932878 116
1777387709952 0.9796603939554931 117
1777387710328 0.9819801879687402 118
1777387711522 0.9802511437492963 119
1777387711924 0.981382193462779 120
