1777227171172 41168.578125 1
1777227171941 40603.4609375 2
1777227175866 40030.55859375 3
1777227177024 39428.96484375 4
1777227178200 38723.4296875 5
1777227179078 37905.349609375 6
1777227179700 36929.380859375 7
1777227180312 35791.21875 8
1777227180921 34373.841796875 9
1777227181553 32808.166015625 10
1777227184127 31148.328125 11
1777227185606 29348.4501953125 12
1777227186567 27523.685546875 13
1777227187173 25663.439453125 14
1777227188534 23902.755859375 15
1777227189977 21943.6025390625 16
1777227190656 20047.625 17
1777227191335 18175.18359375 18
1777227194469 16047.03271484375 19
1777227195329 14283.4814453125 20
1777227195972 12257.3837890625 21
1777227196839 10595.666015625 22
1777227197481 8863.0537109375 23
1777227200950 7385.52685546875 24
1777227201597 5947.4697265625 25
1777227202219 4774.406005859375 26
1777227202862 3848.711669921875 27
1777227203764 3055.46142578125 28
1777227206378 2389.3109130859375 29
1777227207925 1897.8702392578125 30
1777227211108 1629.1449584960938 31
1777227211783 1452.2936401367188 32
1777227213223 1239.068115234375 33
1777227213886 1094.565673828125 34
1777227214730 1018.4353942871094 35
1777227215340 925.6236572265625 36
1777227216007 814.0845642089844 37
1777227216617 803.5601501464844 38
1777227217221 809.0311584472656 39
1777227217830 663.0116271972656 40
1777227219239 784.0374450683594 41
1777227219890 815.9951171875 42
1777227220763 610.5783996582031 43
1777227221423 801.5364990234375 44
1777227222075 731.9387817382812 45
1777227222726 806.9770812988281 46
1777227225073 522.0718078613281 47
1777227225762 642.9217529296875 48
1777227229053 617.4729919433594 49
1777227231915 660.6437072753906 50
1777227232666 598.571533203125 51
1777227233407 581.9958801269531 52
1777227234937 594.58203125 53
1777227235630 632.00244140625 54
1777227238022 568.5816040039062 55
1777227239275 528.1563720703125 56
1777227240328 716.7460021972656 57
1777227241384 604.0099182128906 58
1777227242562 603.4346313476562 59
1777227245186 523.7039337158203 60
1777227246380 530.5107727050781 61
1777227248852 568.3592529296875 62
1777227251802 552.7314147949219 63
1777227289563 477.8950958251953 64
1777227355922 544.0442810058594 65
1777227356522 668.8130493164062 66
1777227359045 459.29200744628906 67
1777227359717 609.3731079101562 68
1777227360921 487.9607391357422 69
1777227361596 534.4505310058594 70
1777227362253 433.5035705566406 71
1777227363581 497.8084716796875 72
1777227364228 465.6086730957031 73
1777227364882 522.9323883056641 74
1777227365543 486.7169647216797 75
1777227367074 467.96165466308594 76
1777227372713 427.96900939941406 77
1777227373333 416.9602355957031 78
1777227373989 467.34532165527344 79
1777227374626 534.8464660644531 80
1777227375825 472.34130859375 81
1777227377452 429.99147033691406 82
1777227379638 464.65769958496094 83
1777227383456 478.8648223876953 84
1777227384089 431.3306884765625 85
1777227384727 401.82666015625 86
1777227385719 481.2960205078125 87
1777227386304 386.86830139160156 88
1777227386913 517.3881530761719 89
1777227387511 503.5651092529297 90
1777227388098 446.9914093017578 91
1777227388750 433.1654815673828 92
1777227389369 349.1162567138672 93
1777227389953 404.36566162109375 94
1777227391346 412.5120849609375 95
1777227392298 397.9246826171875 96
1777227393530 340.61181640625 97
1777227396456 386.07716369628906 98
1777227397038 404.58518981933594 99
1777227397852 383.5006561279297 100
1777227398445 363.4356384277344 101
1777227399023 443.5269470214844 102
1777227399608 359.4562225341797 103
1777227400874 301.2901916503906 104
1777227401870 311.7602844238281 105
1777227402455 335.9800567626953 106
1777227403043 367.59010314941406 107
1777227403640 303.0366973876953 108
1777227409456 277.9488067626953 109
1777227411629 322.103759765625 110
1777227412219 269.6611328125 111
1777227413060 364.9786376953125 112
1777227413666 283.202392578125 113
1777227414669 307.0905303955078 114
1777227415643 243.06787872314453 115
1777227416281 368.31988525390625 116
1777227416906 299.5572509765625 117
1777227417687 279.75762939453125 118
1777227418319 292.8461608886719 119
1777227418998 262.0333709716797 120
1777227420403 273.7041320800781 121
1777227421046 277.1367492675781 122
1777227421695 275.417236328125 123
1777227422753 267.12217712402344 124
1777227423388 233.50080108642578 125
1777227428026 217.65900421142578 126
1777227428732 276.5562744140625 127
1777227431413 258.54280853271484 128
1777227432143 228.14105987548828 129
1777227433906 253.98731994628906 130
1777227435167 237.3232421875 131
1777227440716 219.97735595703125 132
1777227460982 206.55227661132812 133
1777227462099 240.62003326416016 134
1777227464026 226.03441619873047 135
1777227464818 192.30923461914062 136
1777227465514 198.78214263916016 137
1777227466182 204.58545684814453 138
1777227466872 211.46266174316406 139
1777227468713 234.27349090576172 140
1777227469355 239.82189178466797 141
1777227469986 254.57061767578125 142
1777227470618 212.09436798095703 143
1777227472588 240.6923599243164 144
1777227475923 229.2505111694336 145
1777227481697 244.71024322509766 146
1777227482359 221.12379455566406 147
1777227485384 183.2338638305664 148
1777227486048 204.36097717285156 149
1777227486690 198.4130096435547 150
1777227487623 191.86647033691406 151
1777227488270 238.37814331054688 152
1777227488936 175.98162078857422 153
1777227491112 197.7501678466797 154
1777227491714 208.99341583251953 155
1777227492319 205.04122924804688 156
1777227492920 181.06808471679688 157
1777227493524 214.1078109741211 158
1777227496086 179.32260131835938 159
