1777176056375 186.5724639892578 1
1777176058227 162.76605224609375 2
1777176060081 124.40508270263672 3
1777176061940 76.30453491210938 4
1777176063827 41.448795318603516 5
1777176065682 28.500267028808594 6
1777176067545 25.124643325805664 7
1777176069406 22.956939697265625 8
1777176071268 21.456701278686523 9
1777176073168 20.959632873535156 10
1777176075049 20.09153175354004 11
1777176076941 19.435110092163086 12
1777176078821 19.53691291809082 13
1777176080711 18.31813621520996 14
1777176082652 18.205568313598633 15
1777176084580 18.0101261138916 16
1777176086488 17.95065689086914 17
1777176088396 18.300392150878906 18
1777176090313 17.31948471069336 19
1777176092234 18.1494197845459 20
1777176094129 16.863752365112305 21
1777176096035 17.40650177001953 22
1777176097915 16.612478256225586 23
1777176099800 16.53971290588379 24
1777176101684 16.54665756225586 25
1777176103557 16.23845100402832 26
1777176105433 16.195056915283203 27
1777176107331 16.118776321411133 28
1777176109204 15.401224136352539 29
1777176111076 15.785038948059082 30
1777176112946 15.69806957244873 31
1777176114811 15.377730369567871 32
1777176116717 15.461699485778809 33
1777176118594 15.126394271850586 34
1777176120466 14.887068748474121 35
1777176122336 14.679941177368164 36
1777176124198 14.678133964538574 37
1777176126063 14.341119766235352 38
1777176127944 14.600342750549316 39
1777176129815 13.707122802734375 40
1777176131676 13.42039966583252 41
1777176133554 13.80672550201416 42
1777176135424 13.46655559539795 43
1777176137300 13.237316131591797 44
1777176139179 12.969304084777832 45
