1777142568124 -2.089335630395858 1
1777142568812 -2.0079329470733502 2
1777142569462 -1.9320207894630435 3
1777142570100 -1.8357690312320905 4
1777142570752 -1.7111346097290545 5
1777142571396 -1.5549620720469217 6
1777142572037 -1.3880783469301115 7
1777142572686 -1.2097219820386274 8
1777142573350 -1.0214801473400148 9
1777142574012 -0.8234395182726955 10
1777142574659 -0.6134904272365708 11
1777142575298 -0.40267610696370615 12
1777142575974 -0.18989185963532995 13
1777142576611 0.01568348724397567 14
1777142577247 0.21539852961385392 15
1777142577883 0.40065966742455705 16
1777142578518 0.5500241978236805 17
1777142579154 0.6701013440467123 18
1777142579791 0.7699285811189905 19
1777142580428 0.8389552276442046 20
1777142581063 0.8866149460411286 21
1777142581700 0.907925915930374 22
1777142582334 0.9151033745426211 23
1777142582971 0.925167698714229 24
1777142583603 0.9354318475273895 25
1777142584234 0.9421297058742781 26
1777142584876 0.9411154779933734 27
1777142585511 0.9524275109982232 28
1777142586176 0.9498363886920737 29
1777142586815 0.9530133462652066 30
1777142587456 0.9541549561413387 31
1777142588099 0.9532682031414852 32
1777142588744 0.9593851587402599 33
1777142589392 0.9643636769253139 34
1777142590036 0.9654181225025362 35
1777142590920 0.9663083819590099 36
1777142591719 0.9601363399275356 37
1777142592465 0.9672017759108944 38
1777142593713 0.9640936278405305 39
1777142595769 0.9680007025649917 40
1777142597956 0.9664516764594044 41
1777142599616 0.9698924502883373 42
1777142603158 0.9700860396387732 43
1777142934165 0.9675607834233324 44
1777142981208 0.968004079463919 45
1777142983031 0.9682938288723344 46
1777142984094 0.9700585388356747 47
1777142989331 0.9719020467658472 48
1777143054266 0.9755027506326797 49
1777143075530 0.9732996570784026 50
1777143180760 0.973614540773277 51
1777143182715 0.9794317958811399 52
1777143204317 0.9794244982792215 53
1777143210301 0.9716106456771654 54
1777143221113 0.9754220885004721 55
1777143232056 0.9777647667533917 56
1777143291681 0.978759107023253 57
1777143324078 0.9783591205652182 58
1777143434130 0.9786726172753288 59
1777143507718 0.9821272883766592 60
1777143508338 0.9833022287118499 61
1777143508962 0.9834680105852702 62
1777143509588 0.9837474283983898 63
1777143510217 0.9816545882943748 64
1777143510842 0.9796452734081771 65
1777143511468 0.9830110514205987 66
1777143512098 0.9833359812331274 67
1777143512740 0.9838996818594209 68
1777143513369 0.9842625472169033 69
1777143513999 0.9841194502373454 70
1777143514627 0.9849934163004346 71
1777143515258 0.985892860200291 72
1777143515897 0.9861181486950856 73
