1777142568124 180.9322052001953 1
1777142568812 177.36375427246094 2
1777142569462 173.97994995117188 3
1777142570100 169.91127014160156 4
1777142570752 165.0557098388672 5
1777142571396 159.63931274414062 6
1777142572037 153.28335571289062 7
1777142572686 146.17520141601562 8
1777142573350 138.3953094482422 9
1777142574012 129.82920837402344 10
1777142574659 120.42933654785156 11
1777142575298 110.18230438232422 12
1777142575974 98.68306732177734 13
1777142576611 87.5391845703125 14
1777142577247 76.81393432617188 15
1777142577883 66.19205474853516 16
1777142578518 56.09177017211914 17
1777142579154 47.547454833984375 18
1777142579791 39.766136169433594 19
1777142580428 33.01148986816406 20
1777142581063 28.296098709106445 21
1777142581700 25.948152542114258 22
1777142582334 25.410446166992188 23
1777142582971 23.726978302001953 24
1777142583603 22.299884796142578 25
1777142584234 21.0554141998291 26
1777142584876 21.309860229492188 27
1777142585511 19.43915367126465 28
1777142586176 20.19388771057129 29
1777142586815 19.539167404174805 30
1777142587456 19.175003051757812 31
1777142588099 19.326873779296875 32
1777142588744 17.65638542175293 33
1777142589392 16.79558753967285 34
1777142590036 16.765033721923828 35
1777142590920 16.572574615478516 36
1777142591719 17.643051147460938 37
1777142592465 16.026857376098633 38
1777142593713 17.344655990600586 39
1777142595769 15.84372329711914 40
1777142597956 16.19283676147461 41
1777142599616 15.777409553527832 42
1777142603158 15.085973739624023 43
1777142934165 16.423837661743164 44
1777142981208 16.110977172851562 45
1777142983031 15.993659973144531 46
1777142984094 15.51356315612793 47
1777142989331 15.1351900100708 48
1777143054266 14.182838439941406 49
1777143075530 14.603195190429688 50
1777143180760 14.588115692138672 51
1777143182715 13.105525016784668 52
1777143204317 13.342989921569824 53
1777143210301 15.492813110351562 54
1777143221113 14.11577320098877 55
1777143232056 13.378429412841797 56
1777143291681 13.324974060058594 57
1777143324078 13.156375885009766 58
1777143434130 13.435535430908203 59
1777143507718 12.275137901306152 60
1777143508338 11.867822647094727 61
1777143508962 11.813486099243164 62
1777143509588 11.77262020111084 63
1777143510217 12.601815223693848 64
1777143510842 13.122361183166504 65
1777143511468 11.79143238067627 66
1777143512098 11.995349884033203 67
1777143512740 11.996748924255371 68
1777143513369 11.445033073425293 69
1777143513999 11.548897743225098 70
1777143514627 11.27316951751709 71
1777143515258 11.152256965637207 72
1777143515897 10.962382316589355 73
