1777228506408 -1.7766126692662982 1
1777228507771 -1.6685831806206324 2
1777228509063 -1.5376298653276117 3
1777228510418 -1.3513812009379838 4
1777228511726 -1.0711094966032721 5
1777228513078 -0.726634124324375 6
1777228514840 -0.37074084182460326 7
1777228516122 -0.03717589174773415 8
1777228517382 0.24805500547232917 9
1777228518716 0.49394380940686855 10
1777228520034 0.6808311113073857 11
1777228521368 0.812263277724641 12
1777228522603 0.887148327210082 13
1777228523829 0.9139680348923693 14
1777228525152 0.9306464495751534 15
1777228526534 0.9318573516167522 16
1777228527877 0.9425722305233061 17
1777228529351 0.9409523630541716 18
1777228530705 0.9397940178699432 19
1777228532093 0.9451855345664326 20
1777228533446 0.9490032270973311 21
1777228534905 0.9459768944843256 22
1777228536320 0.9506878090085553 23
1777228537813 0.9504932274447876 24
1777228539368 0.9546676439667466 25
1777228540981 0.9547803496299583 26
1777228546523 0.9540791950936919 27
1777228551308 0.9572003862178139 28
1777228552901 0.9588737711613369 29
1777228554377 0.9605262839577356 30
1777228555902 0.9595469782413082 31
1777228557297 0.9549996957240573 32
1777228558627 0.9575974123903729 33
1777228560143 0.9611897400444768 34
1777228561532 0.960964992677452 35
1777228562805 0.9616272112966863 36
1777228564143 0.9621968011228462 37
1777228568091 0.9605383874634711 38
1777228571027 0.9642490310990006 39
1777228572425 0.9629348514794123 40
1777228573834 0.9599769186598064 41
1777228575222 0.9611963100257519 42
1777228576584 0.9622584794921198 43
1777228577957 0.9665196001975381 44
1777228579221 0.96316972458054 45
1777228580548 0.961434889288636 46
1777228582016 0.9635844822369706 47
1777228583423 0.9667987799228405 48
1777228584738 0.9649356090749738 49
1777228586077 0.9611615386953988 50
1777228587409 0.9652558065260102 51
1777228588743 0.9672452058873526 52
1777228590109 0.9628359858691976 53
1777228591487 0.9707403161855114 54
1777228592902 0.9666573657653693 55
1777228600392 0.9660366997154973 56
1777228609821 0.9692321231768443 57
1777228613504 0.9630459116437049 58
1777228614918 0.9673150057919212 59
1777228616300 0.9730874165005051 60
1777228617632 0.9707643991827469 61
1777228618943 0.9710854733406405 62
1777228620264 0.9727464345230663 63
1777228621532 0.9729844348726265 64
1777228622819 0.9700230435915949 65
1777228624061 0.9726348336317774 66
1777228625332 0.9685925969680325 67
1777228626681 0.9702054931698936 68
1777228627964 0.9765782020374469 69
1777228629264 0.971807416308921 70
1777228630550 0.9738718394884115 71
1777228631895 0.9735097690329653 72
1777228633264 0.9752443364315868 73
1777228634700 0.9734724451058252 74
1777228636118 0.9765803187085791 75
1777228637490 0.9764469849747588 76
1777228642629 0.9791078945062874 77
1777228686669 0.9769239014833007 78
1777228687993 0.9757909828217086 79
1777228689322 0.97896373708247 80
1777228690786 0.9768879870888195 81
1777228692106 0.9784868352877636 82
1777228693515 0.9794344462915527 83
1777228694855 0.9784980982215297 84
1777228696174 0.9795418325203448 85
1777228697484 0.9791191329443144 86
1777228698843 0.9802380823411404 87
1777228700241 0.9806580793453039 88
1777228701547 0.9793702632698349 89
1777228702829 0.9784293312411286 90
1777228704126 0.9803718402393246 91
1777228705440 0.9792586444595853 92
1777228706743 0.9812991241695916 93
1777228708069 0.9806933065557562 94
1777228709454 0.9810261218883587 95
1777228710825 0.9802489360431481 96
