1777128714391 167.17405276828342 1
1777128715120 163.67974740487557 2
1777128715783 160.21204828332972 3
1777128716424 156.1115151864511 4
1777128717069 151.1207652621799 5
1777128717712 145.20810374507198 6
1777128718354 138.58012093438043 7
1777128719004 130.7286060474537 8
1777128719643 121.48321971186886 9
1777128720283 112.38874364782262 10
1777128720924 102.74573121247468 11
1777128721558 92.72693867153592 12
1777128722193 82.27085374902796 13
1777128722837 71.38710361056857 14
1777128723486 61.34869759171097 15
1777128724122 51.2447709330806 16
1777128724771 42.93173122406006 17
1777128725437 35.01682327411793 18
1777128726077 28.453219890594482 19
1777128726710 24.99892688680578 20
1777128727351 21.433317431697137 21
1777128727989 19.69909918749774 22
1777128728621 17.75882735075774 23
1777128729253 17.435563034481472 24
1777128729886 16.786080678304035 25
1777128730521 16.910676956176758 26
1777128731156 16.598457318765146 27
1777128731786 15.667842017279732 28
1777128732419 15.569759051005045 29
1777128733054 14.139643156969989 30
1777128733681 13.733790892141837 31
1777128734307 14.32582519672535 32
1777128734959 13.451028841513175 33
1777128735589 12.75932671405651 34
1777128736221 12.385195113994458 35
1777128736851 14.169343480357417 36
1777128737483 13.17619119750129 37
1777128738107 12.209786238493743 38
1777128738735 12.786725026589853 39
1777128739367 11.485171247411657 40
1777128739996 13.186361145090174 41
1777128740627 12.673698504765829 42
1777128741253 11.896652795650342 43
1777128741877 10.119408792919582 44
1777128742499 11.196532390735767 45
1777128743123 10.380989127688938 46
1777128743744 11.131368831351951 47
1777128744368 12.27372427339907 48
1777128745020 11.539415544933743 49
1777128745645 10.841087253005416 50
1777128746282 12.45017068474381 51
1777128746905 10.808538163149798 52
1777128747527 10.427667361718637 53
1777128748156 10.666571414029157 54
1777128748782 10.419111816971391 55
1777128749404 9.405601978302002 56
1777128750024 10.258345480318424 57
1777128750663 10.350667785715174 58
1777128751287 10.085103626604434 59
1777128751909 10.064719041188559 60
1777128752536 11.111324707667032 61
1777128753159 10.650489144855076 62
1777128753789 11.298329980285079 63
1777128754412 10.362972444958157 64
1777128755066 9.001034162662647 65
1777128755692 8.995369553565979 66
1777128756322 9.726058668560452 67
1777128756946 9.176302821547896 68
1777128757570 9.581855676792285 69
1777128758190 9.400230752097237 70
1777128758816 8.61188300450643 71
1777128759441 8.488499261714795 72
1777128760065 8.25699907762033 73
1777128760691 8.658964324880529 74
1777128761317 9.095681190490723 75
1777128761945 8.107295963499281 76
1777128762567 9.15250700491446 77
1777128763193 8.794951659661752 78
1777128763817 7.603846965012727 79
1777128764439 7.948410979023686 80
