1777415983442 38815.76171875 1
1777415994170 37912.07421875 2
1777415997844 37243.28125 3
1777415998177 36593.16015625 4
1777415998509 35876.4375 5
1777415998881 35077.06640625 6
1777415999212 34103.75390625 7
1777415999548 32909.140625 8
1777415999879 31610.8359375 9
1777416002801 30132.9609375 10
1777416003112 28595.28515625 11
1777416003439 26903.634765625 12
1777416006306 25317.369140625 13
1777416009224 23689.083984375 14
1777416012570 22151.611328125 15
1777416014642 20553.064453125 16
1777416020119 19096.158203125 17
1777416020424 17460.298828125 18
1777416020793 15776.2431640625 19
1777416024031 14450.9248046875 20
1777416024385 12976.3154296875 21
1777416030516 11314.5322265625 22
1777416030830 10011.576171875 23
1777416033840 8340.2431640625 24
1777416036897 7315.7353515625 25
1777416037205 5993.74951171875 26
1777416040078 5177.13232421875 27
1777416045340 3992.6201171875 28
1777416053541 3434.261962890625 29
1777416057760 2688.07470703125 30
1777416059977 2149.30029296875 31
1777416062636 1863.2816162109375 32
1777416064797 1495.9498291015625 33
1777416065124 1418.155517578125 34
1777416067825 1197.5181884765625 35
1777416069881 1138.2994384765625 36
1777416070202 1254.3538818359375 37
1777416077736 927.8241577148438 38
1777416080813 765.490234375 39
1777416083933 734.6807250976562 40
1777416084298 853.2008666992188 41
1777416091492 660.4326171875 42
1777416106388 699.6900634765625 43
1777416123884 793.5933837890625 44
1777416138185 778.773193359375 45
1777416145275 703.8646850585938 46
1777416152246 619.7075805664062 47
1777416162148 552.4520874023438 48
1777416166340 511.02099609375 49
1777416172794 548.5294189453125 50
1777416176239 578.44287109375 51
1777416179124 611.025634765625 52
1777416182754 469.8385009765625 53
1777416183111 548.5374145507812 54
1777416189916 565.2755126953125 55
1777416196165 488.117431640625 56
1777416196516 417.6429138183594 57
1777416199355 465.13946533203125 58
1777416202984 393.83502197265625 59
1777416212672 371.2511901855469 60
1777416220089 448.78546142578125 61
1777416229170 543.4957275390625 62
1777416239061 438.5125427246094 63
1777416242654 463.3554382324219 64
1777416242991 481.19049072265625 65
1777416252961 443.1493225097656 66
1777416259930 389.7462463378906 67
1777416271378 501.3366394042969 68
1777416284751 455.43377685546875 69
1777416289936 447.80194091796875 70
1777416296873 480.55657958984375 71
1777416309463 342.76397705078125 72
1777416312493 414.8859558105469 73
1777416312837 439.7764892578125 74
1777416322704 328.9139404296875 75
1777416336398 426.29058837890625 76
1777416347234 403.4674987792969 77
1777416355805 326.3248596191406 78
1777416364307 404.9208068847656 79
1777416371134 406.819091796875 80
1777416382976 364.4330749511719 81
1777416396482 365.9211730957031 82
1777416409429 360.8172912597656 83
1777416425356 402.94635009765625 84
1777416442841 394.5736999511719 85
1777416460401 380.4229736328125 86
1777416468697 332.26708984375 87
1777416475256 295.0378723144531 88
1777416480853 307.5377502441406 89
1777416487251 471.7222595214844 90
1777416491603 365.81646728515625 91
1777416503173 328.0367126464844 92
1777416519671 297.92547607421875 93
1777416523160 435.0452880859375 94
1777416526753 408.24517822265625 95
1777416527206 330.6984558105469 96
1777416539414 364.738525390625 97
1777416542968 304.8935546875 98
1777416543311 259.1761474609375 99
1777416546146 299.5268859863281 100
1777416549079 312.5852966308594 101
1777416551958 315.72930908203125 102
1777416552332 341.1377258300781 103
1777416552688 279.9526062011719 104
1777416559186 299.6399230957031 105
1777416561984 385.99822998046875 106
1777416564770 367.7084655761719 107
1777416567942 256.12158203125 108
1777416570899 279.2799377441406 109
1777416576141 295.2660217285156 110
1777416581834 238.73158264160156 111
1777416587563 296.8982238769531 112
1777416587921 321.0267028808594 113
1777416591212 260.3338928222656 114
1777416591556 275.571044921875 115
1777416594774 285.64617919921875 116
1777416595104 288.85491943359375 117
1777416598425 207.2703857421875 118
1777416601698 239.92526245117188 119
1777416604675 358.29620361328125 120
1777416607931 347.9229736328125 121
1777416611081 225.5106658935547 122
1777416614438 275.0546875 123
1777416614826 304.220703125 124
1777416617926 257.0763854980469 125
1777416621515 269.03759765625 126
1777416624748 338.19036865234375 127
1777416634161 275.3471374511719 128
1777416634513 230.733642578125 129
1777416637846 231.8902130126953 130
1777416644101 268.3446350097656 131
1777416653184 231.2504119873047 132
1777416659034 262.74365234375 133
1777416659391 290.8868103027344 134
1777416665402 278.9175109863281 135
1777416668040 226.4005889892578 136
1777416679150 203.30116271972656 137
1777416682234 238.7904510498047 138
1777416682600 222.62210083007812 139
1777416691648 213.06468200683594 140
1777416691973 298.6955871582031 141
1777416692305 244.27099609375 142
1777416698023 288.016357421875 143
1777416705233 275.024658203125 144
1777416705574 239.73284912109375 145
1777416708358 242.50929260253906 146
1777416708711 261.7311096191406 147
1777416711513 289.7546691894531 148
1777416714113 208.8147735595703 149
1777416716241 209.42311096191406 150
1777416724807 238.17501831054688 151
1777416728070 222.74391174316406 152
1777416730280 247.41595458984375 153
1777416735495 188.01620483398438 154
1777416737943 224.08917236328125 155
1777416744897 232.7562255859375 156
1777416747373 175.69662475585938 157
1777416757092 192.61148071289062 158
1777416760475 200.23068237304688 159
1777416763013 248.40805053710938 160
1777416765343 224.52734375 161
1777416767710 190.65774536132812 162
1777416770797 217.4165802001953 163
1777416777267 150.90682983398438 164
1777416786116 186.2554931640625 165
1777416789733 235.38694763183594 166
1777416793194 233.97850036621094 167
1777416798778 221.908935546875 168
1777416803218 253.04681396484375 169
1777416807850 173.33505249023438 170
1777416810032 208.2948455810547 171
1777416812258 202.61679077148438 172
1777416817653 188.6138916015625 173
1777416822862 174.18231201171875 174
1777416827341 190.14239501953125 175
1777416834568 192.2361602783203 176
1777416838617 247.14013671875 177
1777416840708 201.22462463378906 178
1777416841065 193.7562713623047 179
1777416847506 183.22633361816406 180
1777416849571 219.8013153076172 181
1777416852114 238.52410888671875 182
1777416856650 177.74258422851562 183
1777416861496 164.63453674316406 184
1777416865747 179.0865478515625 185
1777416866081 166.23849487304688 186
1777416870468 198.6788330078125 187
1777416876149 173.14822387695312 188
1777416880368 215.1132049560547 189
1777416888490 248.44740295410156 190
