1777415983442 -1.9358679630149496 1
1777415994170 -1.867516919790582 2
1777415997844 -1.8169321901182505 3
1777415998177 -1.7677597330718586 4
1777415998509 -1.7135497848167471 5
1777415998881 -1.6530881608463472 6
1777415999212 -1.5794709305551242 7
1777415999548 -1.489115107543587 8
1777415999879 -1.3909165365742817 9
1777416002801 -1.2791357838490045 10
1777416003112 -1.162832364010777 11
1777416003439 -1.0348828670176653 12
1777416006306 -0.9149041761656784 13
1777416009224 -0.7917470869375636 14
1777416012570 -0.6754588747627903 15
1777416014642 -0.554551045935592 16
1777416020119 -0.444356653842815 17
1777416020424 -0.32062678838687453 18
1777416020793 -0.19325158303631818 19
1777416024031 -0.09300990638374884 20
1777416024385 0.018523677292840657 21
1777416030516 0.14421433251945726 22
1777416030830 0.24276457646811467 23
1777416033840 0.3691775447062492 24
1777416036897 0.44666720951004135 25
1777416037205 0.5466568942889136 26
1777416040078 0.60842250000404 27
1777416045340 0.6980142434453452 28
1777416053541 0.7402462124102624 29
1777416057760 0.7966848369571121 30
1777416059977 0.8374355713891856 31
1777416062636 0.8590688622319053 32
1777416064797 0.8868523708714315 33
1777416065124 0.8927364138470679 34
1777416067825 0.9094245286643772 35
1777416069881 0.9139035985042658 36
1777416070202 0.9051257114944611 37
1777416077736 0.9298231110150312 38
1777416080813 0.9421013999703202 39
1777416083933 0.9444317012898427 40
1777416084298 0.935467316773977 41
1777416091492 0.9500475317130207 42
1777416106388 0.9470782537523079 43
1777416123884 0.9399757823454031 44
1777416138185 0.941096721097044 45
1777416145275 0.9467625015733182 46
1777416152246 0.9531278054890269 47
1777416162148 0.9582147471931421 48
1777416166340 0.9613484276559607 49
1777416172794 0.9585114416585367 50
1777416176239 0.9562489064203773 51
1777416179124 0.953784479232605 52
1777416182754 0.9644633057330095 53
1777416183111 0.9585108384784501 54
1777416189916 0.957244836419356 55
1777416196165 0.9630807575502667 56
1777416196516 0.9684111698986945 57
1777416199355 0.9648187187255305 58
1777416202984 0.9702119037292711 59
1777416212672 0.9719200536247857 60
1777416220089 0.9660556731067821 61
1777416229170 0.9588921652387251 62
1777416239061 0.966832672689296 63
1777416242654 0.9649536574775612 64
1777416242991 0.963604682626024 65
1777416252961 0.9664819671261354 66
1777416259930 0.970521158526918 67
1777416271378 0.9620809127202118 68
1777416284751 0.9655528170117313 69
1777416289936 0.9661300664878336 70
1777416296873 0.9636526312389811 71
1777416309463 0.9740747087588175 72
1777416312493 0.9686196934511716 73
1777416312837 0.966737075831419 74
1777416322704 0.9751222721783763 75
1777416336398 0.9677570983348416 76
1777416347234 0.9694833407383274 77
1777416355805 0.9753181009058451 78
1777416364307 0.9693734188826362 79
1777416371134 0.9692298368157009 80
1777416382976 0.9724357473494415 81
1777416396482 0.9723231939452794 82
1777416409429 0.9727092295561546 83
1777416425356 0.9695227578556155 84
1777416442841 0.970156032420318 85
1777416460401 0.9712263376099157 86
1777416468697 0.9748686531876323 87
1777416475256 0.9776845222710472 88
1777416480853 0.9767390844613641 89
1777416487251 0.9643208261800851 90
1777416491603 0.9723311138400911 91
1777416503173 0.9751886219879038 92
1777416519671 0.9774661149699175 93
1777416523160 0.9670949213870553 94
1777416526753 0.9691219769511815 95
1777416527206 0.9749873001134136 96
1777416539414 0.972412641672707 97
1777416542968 0.9769390786541446 98
1777416543311 0.9803969568344316 99
1777416546146 0.977344990797548 100
1777416549079 0.9763573023243454 101
1777416551958 0.9761195056073416 102
1777416552332 0.9741977126197091 103
1777416552688 0.9788255098493762 104
1777416559186 0.9773364404386151 105
1777416561984 0.970804647397642 106
1777416564770 0.9721880114686585 107
1777416567942 0.9806279934004131 108
1777416570899 0.9788763892892633 109
1777416576141 0.9776672657095925 110
1777416581834 0.9819433017064196 111
1777416587563 0.9775438109655209 112
1777416587921 0.9757188313114812 113
1777416591212 0.9803093891054377 114
1777416591556 0.9791569138516465 115
1777416594774 0.978394872028864 116
1777416595104 0.9781521748059208 117
1777416598425 0.9843229006660276 118
1777416601698 0.9818530168613032 119
1777416604675 0.9728999154672566 120
1777416607931 0.9736845045120344 121
1777416611081 0.9829432805244586 122
1777416614438 0.9791959676616442 123
1777416614826 0.9769899722862622 124
1777416617926 0.9805557755682395 125
1777416621515 0.979651077321156 126
1777416624748 0.9744206418796721 127
1777416634161 0.9791738477834123 128
1777416634513 0.9825482338750815 129
1777416637846 0.9824607574963333 130
1777416644101 0.9797034890430616 131
1777416653184 0.98250914780196 132
1777416659034 0.9801271280866773 133
1777416659391 0.9779984929363179 134
1777416665402 0.9789037998261584 135
1777416668040 0.9828759682977046 136
1777416679150 0.9846231174272564 137
1777416682234 0.9819388510167855 138
1777416682600 0.983161759365552 139
1777416691648 0.9838846426004486 140
1777416691973 0.977407867411972 141
1777416692305 0.9815243246200986 142
1777416698023 0.9782156012961448 143
1777416705233 0.9791982438427382 144
1777416705574 0.9818675703356299 145
1777416708358 0.9816575710655059 146
1777416708711 0.9802037091392868 147
1777416711513 0.9780841220647069 148
1777416714113 0.9842060899373267 149
1777416716241 0.9841600785186732 150
1777416724807 0.9819853996865394 151
1777416728070 0.983152546140415 152
1777416730280 0.9812864528378484 153
1777416735495 0.9857792102553588 154
1777416737943 0.9830507966735252 155
1777416744897 0.9823952549444158 156
1777416747373 0.9867110128820874 157
1777416757092 0.9854316424592636 158
1777416760475 0.9848553558311708 159
1777416763013 0.9812114144295849 160
1777416765343 0.9830176554346268 161
1777416767710 0.985579414566762 162
1777416770797 0.9835554829893999 163
1777416777267 0.9885860137798439 164
1777416786116 0.9859123827372919 165
1777416789733 0.9821962768602008 166
1777416793194 0.9823028070755594 167
1777416798778 0.9832156989914065 168
1777416803218 0.9808605571979011 169
1777416807850 0.9868896339344381 170
1777416810032 0.9842454144618515 171
1777416812258 0.984674881500643 172
1777416817653 0.9857340052927225 173
1777416822862 0.9868255509598407 174
1777416827341 0.9856183940278012 175
1777416834568 0.985460029797433 176
1777416838617 0.981307314452379 177
1777416840708 0.9847801771417193 178
1777416841065 0.9853450539408009 179
1777416847506 0.9861414958041554 180
1777416849571 0.9833751125786535 181
1777416852114 0.981958995828934 182
1777416856650 0.9865562661197774 183
1777416861496 0.9875477050965097 184
1777416865747 0.9864546134422504 185
1777416866081 0.9874263884633274 186
1777416870468 0.98497273047833 187
1777416876149 0.9869037651813976 188
1777416880368 0.9837297025131524 189
1777416888490 0.9812084378059946 190
