1777220322494 171.9523688525362 1
1777220323801 159.98340199223603 2
1777220324960 141.3819691357593 3
1777220326097 114.57815903485832 4
1777220327215 84.81264628906963 5
1777220328327 54.08587723714716 6
1777220329499 32.01907294254983 7
1777220330925 22.60424240353092 8
1777220332339 17.315872173877853 9
1777220333759 16.350502517695737 10
1777220335159 14.390179994160636 11
1777220336584 13.963540352219939 12
1777220337947 13.762944881543996 13
1777220339062 12.626129320279539 14
1777220340174 12.10032973465064 15
1777220341281 10.8110009101453 16
1777220342390 10.986052790696965 17
1777220343504 11.833777508381722 18
1777220344631 11.00340900566061 19
1777220346289 10.615347014582694 20
1777220347508 10.00934007879867 21
1777220348789 10.165966286985308 22
1777220350287 10.156112739455972 23
1777220351800 9.737228515063162 24
1777220353455 9.07058370401816 25
1777220355571 9.160550903953494 26
1777220357999 8.74733101918919 27
1777220363534 9.100401834546997 28
1777220450446 9.260333728288643 29
1777220451644 8.142247499658795 30
1777220452857 9.037133627422785 31
1777220453979 7.968553468123435 32
1777220455105 8.100527903045707 33
1777220456199 8.063951795467641 34
1777220457308 7.765591619113675 35
1777220458618 7.985265450223993 36
1777220459921 8.36139858743031 37
1777220461037 7.77145206149317 38
1777220462148 7.5782711366824 39
1777220463282 7.401953567725605 40
1777220464399 7.255293563483821 41
1777220465515 7.2503976021504135 42
1777220466636 6.715782774240214 43
1777220467775 7.03562667909106 44
1777220468912 6.893365906024801 45
1777220470030 6.673329644451219 46
1777220471154 6.4385581305819874 47
1777220472281 6.606498902865421 48
1777220473427 6.782277186999608 49
1777220474565 6.602157215149622 50
1777220475771 6.446780002667568 51
1777220476873 6.786802449273757 52
