1777220322494 176.94476928710938 1
1777220323801 164.77676696777343 2
1777220324960 146.2895538330078 3
1777220326097 119.4275390625 4
1777220327215 89.52839508056641 5
1777220328327 58.71040725708008 6
1777220329499 36.42129669189453 7
1777220330925 26.96160774230957 8
1777220332339 21.635652542114258 9
1777220333759 20.666543197631835 10
1777220335159 18.640365600585938 11
1777220336584 18.18589515686035 12
1777220337947 17.978957748413087 13
1777220339062 16.785236358642578 14
1777220340174 16.2269775390625 15
1777220341281 14.903786087036133 16
1777220342390 15.094776916503907 17
1777220343504 15.974965476989746 18
1777220344631 15.126199531555176 19
1777220346289 14.73235912322998 20
1777220347508 14.048044967651368 21
1777220348789 14.249244689941406 22
1777220350287 14.247927856445312 23
1777220351800 13.780624771118164 24
1777220353455 13.086539840698242 25
1777220355571 13.138807106018067 26
1777220357999 12.710602951049804 27
1777220363534 13.10826759338379 28
1777220450446 13.272504615783692 29
1777220451644 12.068429756164551 30
1777220452857 13.04855899810791 31
1777220453979 11.887061309814452 32
1777220455105 12.038577842712403 33
1777220456199 12.012470245361328 34
1777220457308 11.65342082977295 35
1777220458618 11.855931282043457 36
1777220459921 12.306424140930176 37
1777220461037 11.658439636230469 38
1777220462148 11.449118995666504 39
1777220463282 11.258552360534669 40
1777220464399 11.1167573928833 41
1777220465515 11.07784423828125 42
1777220466636 10.530966567993165 43
1777220467775 10.891032028198243 44
1777220468912 10.737279891967773 45
1777220470030 10.478642463684082 46
1777220471154 10.226738166809081 47
1777220472281 10.43047637939453 48
1777220473427 10.559848213195801 49
1777220474565 10.391958045959473 50
1777220475771 10.262982177734376 51
1777220476873 10.58779182434082 52
