1777229881891 37160.95078125 1
1777229883721 25873.46875 2
1777229885544 11018.11630859375 3
1777229887690 2475.89169921875 4
1777229890011 1086.9007873535156 5
1777229892413 774.1455261230469 6
1777229894452 709.7798522949219 7
1777229896256 660.7466491699219 8
1777229898061 622.8512268066406 9
1777229900324 547.7081970214844 10
1777229902239 532.2094573974609 11
1777229904043 539.9026062011719 12
1777229905853 478.25404052734376 13
1777229907676 501.1563690185547 14
1777229909527 462.62921752929685 15
1777229911362 486.17035217285155 16
1777229913203 410.09364929199216 17
1777229915002 413.69151916503904 18
1777229916807 401.30565185546874 19
1777229918644 395.66908569335936 20
1777229920454 373.7139404296875 21
1777229922253 374.9233764648437 22
1777229924048 345.2620330810547 23
1777229925859 355.2713958740234 24
1777229927671 318.8008087158203 25
1777229929525 305.7321502685547 26
1777229931335 313.1443206787109 27
1777229933129 280.0559768676758 28
1777229934919 263.4490707397461 29
1777229936718 233.18235778808594 30
1777229938514 240.64832000732423 31
1777229940320 221.50460357666014 32
1777229942417 215.14691009521485 33
1777229944217 210.04161834716797 34
1777229946003 193.5404281616211 35
1777229947860 197.49203033447264 36
1777229949668 193.49022369384767 37
1777229951452 170.75143737792968 38
1777229953261 186.44828033447266 39
1777229955470 169.77962188720704 40
1777229957822 176.66827545166015 41
1777229960214 169.00147552490233 42
1777229962620 157.91730346679688 43
1777229965010 160.27979431152343 44
1777229967375 158.59893798828125 45
1777229969798 155.77239074707032 46
1777229971825 149.12928161621093 47
1777229973653 154.0049301147461 48
1777229977180 138.80420150756837 49
1777229979089 145.85564270019532 50
1777229981515 154.56540069580078 51
1777229984372 151.5819061279297 52
1777229987679 140.5468734741211 53
1777229993613 140.58099670410155 54
