1777298808948 194.34622955322266 1
1777298809613 190.80805206298828 2
1777298810273 187.32269287109375 3
1777298810930 183.19237518310547 4
1777298811583 178.23394775390625 5
1777298812200 172.5986099243164 6
1777298812818 166.15863800048828 7
1777298813433 159.07323455810547 8
1777298814050 151.3525390625 9
1777298814705 143.0715560913086 10
1777298815322 134.1025390625 11
1777298815944 124.36135864257812 12
1777298816597 113.91020584106445 13
1777298817278 103.23181915283203 14
1777298817966 92.15008926391602 15
1777298818624 80.71520233154297 16
1777298819281 69.8464241027832 17
1777298819927 58.50657081604004 18
1777298820573 48.39251136779785 19
1777298821216 41.502685546875 20
1777298821864 34.67269706726074 21
1777298822519 29.766704559326172 22
1777298823167 28.248007774353027 23
1777298823824 25.060169219970703 24
1777298824505 22.659382820129395 25
1777298825164 22.896167755126953 26
1777298825815 21.58274555206299 27
1777298826468 20.394947052001953 28
1777298827139 20.684800148010254 29
1777298827786 18.822978019714355 30
1777298828441 19.60859489440918 31
1777298829098 17.562743186950684 32
1777298829782 19.44288730621338 33
1777298830432 20.35887050628662 34
1777298831085 19.38737201690674 35
1777298831731 17.937384605407715 36
1777298832383 17.664079666137695 37
1777298833036 16.182605743408203 38
1777298833650 17.14272117614746 39
1777298834272 17.09804630279541 40
1777298834907 17.053030014038086 41
1777298835549 17.480189323425293 42
1777298836162 17.527109146118164 43
1777298836783 16.834969520568848 44
1777298837410 16.36345386505127 45
1777298838054 17.065173149108887 46
1777298838717 16.898630142211914 47
1777298839365 14.840272426605225 48
1777298840017 16.035170078277588 49
1777298840654 14.97934103012085 50
1777298841297 13.757225036621094 51
1777298841938 14.254219055175781 52
1777298842580 14.73737382888794 53
1777298843228 12.9543776512146 54
1777298843864 14.817933082580566 55
1777298844560 15.570274353027344 56
1777298845224 14.051552295684814 57
1777298845871 14.990300178527832 58
1777298846509 15.46634817123413 59
1777298847164 15.898156642913818 60
1777298847835 15.19036340713501 61
1777298848479 14.704010963439941 62
1777298849134 15.035126209259033 63
1777298849786 14.423233032226562 64
1777298850430 13.358899593353271 65
1777298851088 13.677160739898682 66
1777298851734 13.271233558654785 67
