1777375208400 46013.26953125 1
1777375209459 45428.7421875 2
1777375209882 44827.92578125 3
1777375210307 44290.921875 4
1777375210721 43739.90625 5
1777375212207 43052.5546875 6
1777375213275 42157.6484375 7
1777375214837 41303.18359375 8
1777375216173 40489.953125 9
1777375216696 39695.90234375 10
1777375217943 38885.78125 11
1777375218897 37973.921875 12
1777375219379 36838.15625 13
1777375220083 35603.859375 14
1777375220549 34339.96875 15
1777375222986 32999.01953125 16
1777375232104 31672.6796875 17
1777375233303 30403.03515625 18
1777375240411 29073.078125 19
1777375240943 27598.779296875 20
1777375242739 25986.203125 21
1777375244363 24174.892578125 22
1777375245580 22514.037109375 23
1777375246648 20297.779296875 24
1777375251271 18380.55078125 25
1777375270259 16985.275390625 26
1777375270718 15502.3505859375 27
1777375277369 14145.16796875 28
1777375278430 12714.6328125 29
1777375284250 11654.9619140625 30
1777375286447 10341.7197265625 31
1777375287345 9119.6767578125 32
1777375287819 8105.69384765625 33
1777375288305 7269.443359375 34
1777375288833 6196.63671875 35
1777375289339 5544.5693359375 36
1777375290063 4911.52880859375 37
1777375290808 4128.404296875 38
1777375291236 3424.572998046875 39
1777375291650 2969.595703125 40
1777375292064 2551.805908203125 41
1777375292486 2279.554443359375 42
1777375292895 2000.7884521484375 43
1777375293674 1843.6998291015625 44
1777375294489 1735.0872802734375 45
1777375295336 1603.718017578125 46
1777375295758 1650.6600341796875 47
1777375296555 1554.1912841796875 48
1777375296971 1292.1080322265625 49
1777375297415 1327.3289794921875 50
1777375297851 1339.7684326171875 51
1777375299008 1444.01904296875 52
1777375299426 1346.0384521484375 53
1777375300257 1027.4537353515625 54
1777375301385 1112.5791015625 55
1777375302142 1276.3936767578125 56
1777375302560 1177.2086181640625 57
1777375303413 1127.17431640625 58
1777375304843 1066.2254638671875 59
1777375305267 954.3684692382812 60
1777375305862 1077.1766357421875 61
1777375306927 853.04931640625 62
1777375307432 1029.087646484375 63
1777375307900 994.6527099609375 64
1777375308356 1096.7838134765625 65
1777375309655 943.2227783203125 66
1777375312571 880.9389038085938 67
1777375313016 881.7378540039062 68
1777375314244 894.7108764648438 69
1777375314729 943.1929931640625 70
1777375315280 836.71826171875 71
1777375317077 809.9336547851562 72
1777375319053 766.4609375 73
1777375319626 851.29443359375 74
1777375320513 852.878173828125 75
1777375320928 892.6593627929688 76
1777375321743 764.4136962890625 77
1777375322606 965.1046142578125 78
1777375323824 839.2969360351562 79
1777375324762 904.2859497070312 80
1777375327293 943.3335571289062 81
1777375329716 765.0136108398438 82
1777375331238 929.1400756835938 83
1777375332463 864.6188354492188 84
1777375339238 780.0237426757812 85
1777375340067 833.2993774414062 86
1777375340579 892.0208129882812 87
1777375341069 780.1492919921875 88
1777375342055 804.694091796875 89
1777375342952 754.342529296875 90
1777375343364 753.0972290039062 91
1777375345055 826.1185913085938 92
1777375346112 708.891357421875 93
1777375346510 664.297607421875 94
1777375346907 678.03759765625 95
1777375347326 731.1405029296875 96
1777375347744 623.7505493164062 97
1777375349398 757.207763671875 98
1777375349785 732.358154296875 99
1777375350758 668.4757080078125 100
1777375351191 718.1542358398438 101
1777375351607 666.6543579101562 102
1777375352672 649.072509765625 103
1777375353620 580.4088745117188 104
1777375354034 705.7921142578125 105
1777375354957 646.1105346679688 106
1777375355381 736.545166015625 107
1777375355808 704.3353881835938 108
1777375356234 612.5143432617188 109
1777375356771 664.2183227539062 110
1777375357274 693.6032104492188 111
1777375358024 657.7529907226562 112
1777375359305 546.1066284179688 113
1777375359768 632.317138671875 114
1777375360199 552.6792602539062 115
1777375361161 519.0347290039062 116
1777375362328 611.3684692382812 117
1777375364002 703.6373901367188 118
1777375364414 520.2711181640625 119
1777375365310 568.2794189453125 120
1777375366734 573.6226806640625 121
1777375367640 601.9542236328125 122
1777375368881 477.4106750488281 123
