1777417174520 -1.7998005619275772 1
1777417177546 -1.6500858418962405 2
1777417185249 -1.4499160042335653 3
1777417192804 -1.1403660142105796 4
1777417197733 -0.770716888642216 5
1777417200090 -0.38100603511990105 6
1777417202550 0.006219391959529669 7
1777417204796 0.3480324465124769 8
1777417212183 0.6307990222780807 9
1777417219171 0.8080214108359098 10
1777417224139 0.883098764014316 11
1777417228950 0.9191226762204041 12
1777417237685 0.9347140512603328 13
1777417244696 0.9366318927446287 14
1777417246984 0.9462230879178455 15
1777417260188 0.9540150926078131 16
1777417264439 0.9477121731830132 17
1777417267059 0.9575913182887287 18
1777417269262 0.9574354090538112 19
1777417271349 0.9530933007787196 20
1777417274072 0.9584179896211821 21
1777417284500 0.9552088986103255 22
1777417287070 0.963102746234299 23
1777417289561 0.9655198181996765 24
1777417294338 0.9649607824786492 25
1777417296953 0.963732716067277 26
1777417306010 0.9670162624055766 27
1777417309350 0.9651129633403127 28
1777417317018 0.9687236133550429 29
1777417325005 0.9692137988579527 30
1777417332256 0.9718963283171779 31
1777417342555 0.9726446623893794 32
1777417348013 0.9689326298358165 33
1777417351095 0.9714368126212907 34
1777417356063 0.9718592149291148 35
1777417361331 0.9732065783486115 36
1777417375260 0.9716818776877588 37
1777417379736 0.9724797678941597 38
1777417382601 0.9715250729471421 39
1777417387611 0.9739229893784858 40
1777417394522 0.9754688661993893 41
1777417405152 0.9756415805201615 42
1777417410004 0.9794672631957722 43
1777417416630 0.976462704095191 44
1777417427452 0.9765069692355748 45
1777417432012 0.9779228694501882 46
1777417443668 0.9779897637180673 47
1777417448421 0.9800273946463894 48
1777417451298 0.9769465461873722 49
1777417458815 0.9769090136316303 50
1777417466284 0.9783924145699578 51
1777417468974 0.9792659805516942 52
1777417478137 0.9822458563671193 53
1777417480605 0.9822798029202326 54
1777417483214 0.982860400234469 55
1777417485301 0.9820735608668143 56
1777417490482 0.9808695285875323 57
1777417493701 0.9821332077555226 58
1777417500795 0.9833790353950707 59
1777417505713 0.9831160015383417 60
1777417510728 0.9834545086762145 61
