1777270167659 223.85686227506352 1
1777270169905 211.62335219139632 2
1777270172104 193.79613608409676 3
1777270174376 167.73158674989338 4
1777270176645 132.74273046504234 5
1777270178842 94.00436605065761 6
1777270181064 63.89612254685642 7
1777270183298 47.696673457289265 8
1777270185517 40.290470244506935 9
1777270187747 37.36463665144312 10
1777270189945 35.18814032893675 11
1777270192191 33.24153002720338 12
1777270194404 32.851396085629524 13
1777270196653 31.44142354388647 14
1777270198897 31.019967193811787 15
1777270201190 30.28567157541449 16
1777270203448 29.755079216887175 17
1777270205840 29.429212360467847 18
1777270208092 28.999466637039056 19
1777270210387 28.992103778442907 20
1777270212708 27.934438739859342 21
1777270214966 26.995907429469963 22
1777270217238 27.387110542389536 23
1777270219512 27.215074502782397 24
1777270221788 26.442410087095745 25
1777270224022 27.069239693925617 26
1777270226251 27.294965720664116 27
1777270228419 26.5617709707325 28
1777270230650 25.876853919674346 29
1777270233029 26.44752938695737 30
1777270235334 26.20580244354972 31
1777270237653 25.999393894721436 32
1777270239986 25.27293537515583 33
1777270242306 25.338799103120742 34
1777270244714 25.546198359409964 35
1777270247170 25.396057067672114 36
1777270249347 24.318585043192815 37
1777270251563 25.09356808190423 38
1777270253751 24.551901764520952 39
1777270256132 24.563362112836536 40
1777270258335 24.23342462913159 41
1777270260637 23.965670899630954 42
1777270262965 24.65623183938593 43
1777270265678 23.810778518922042 44
1777270276890 23.76664544018141 45
1777270279203 22.987892635861044 46
1777270281461 23.476837708340046 47
1777270283729 22.27612784150812 48
1777270285947 22.722166480071888 49
1777270288312 22.450729588118968 50
1777270290641 21.265039832703835 51
