1777270167659 -2.715816830119272 1
1777270169905 -2.320784853313864 2
1777270172104 -1.7848673541738331 3
1777270174376 -1.0861589222658252 4
1777270176645 -0.30659290823955576 5
1777270178842 0.3447221773712328 6
1777270181064 0.6971406909236417 7
1777270183298 0.8311956727765415 8
1777270185517 0.8795117657795531 9
1777270187747 0.8963328641529832 10
1777270189945 0.9080525037382324 11
1777270192191 0.9179187346872872 12
1777270194404 0.9198050327490225 13
1777270196653 0.9265531917134092 14
1777270198897 0.9285453060755715 15
1777270201190 0.9319031990845719 16
1777270203448 0.9340869191699369 17
1777270205840 0.9356519136484508 18
1777270208092 0.9375659060913883 19
1777270210387 0.937624441020169 20
1777270212708 0.9420279911124839 21
1777270214966 0.9458435330333387 22
1777270217238 0.9442779507465935 23
1777270219512 0.9449653072721784 24
1777270221788 0.9480743802958294 25
1777270224022 0.9455853800009828 26
1777270226251 0.944652888442719 27
1777270228419 0.9475837636103253 28
1777270230650 0.9502749004893047 29
1777270233029 0.948038384451761 30
1777270235334 0.9489786683819245 31
1777270237653 0.9497152274179168 32
1777270239986 0.9525073711626079 33
1777270242306 0.9523024649657441 34
1777270244714 0.9515118649392406 35
1777270247170 0.9520649610030397 36
1777270249347 0.956032708656553 37
1777270251563 0.953225032819224 38
1777270253751 0.9552598541731413 39
1777270256132 0.955207831684767 40
1777270258335 0.9563672058730616 41
1777270260637 0.9573654850576003 42
1777270262965 0.9548426607790967 43
1777270265678 0.9578686985334897 44
1777270276890 0.9580538989940118 45
1777270279203 0.9607502878263494 46
1777270281461 0.9590750770461997 47
1777270283729 0.9631425854879359 48
1777270285947 0.9616716041755882 49
1777270288312 0.9625839127886161 50
1777270290641 0.9664238892359965 51
