1777298441800 48455.666015625 1
1777298442464 47215.51953125 2
1777298443122 46009.1171875 3
1777298443765 44463.4921875 4
1777298444433 42466.8046875 5
1777298445089 39940.80859375 6
1777298445766 37363.19921875 7
1777298446438 34537.9296875 8
1777298447083 31565.365234375 9
1777298447743 28487.44921875 10
1777298448408 25331.171875 11
1777298449059 22078.7265625 12
1777298449707 18591.7509765625 13
1777298450392 15267.2880859375 14
1777298451038 12161.34033203125 15
1777298451657 9303.515625 16
1777298452275 6935.85400390625 17
1777298452883 4782.501708984375 18
1777298453533 3432.7601318359375 19
1777298454175 2428.682373046875 20
1777298454808 1693.7584228515625 21
1777298455442 1269.4288940429688 22
1777298456069 1216.0968627929688 23
1777298456709 1095.0242309570312 24
1777298457352 874.2435302734375 25
1777298457983 866.3890380859375 26
1777298458614 850.2158203125 27
1777298459261 712.7587585449219 28
1777298459926 769.7416687011719 29
1777298460613 759.3948974609375 30
1777298461248 733.2500915527344 31
1777298461881 685.9731750488281 32
1777298462514 579.3625793457031 33
1777298463151 668.9161376953125 34
1777298463795 623.0438537597656 35
1777298464446 574.4183349609375 36
1777298465080 550.0340881347656 37
1777298465715 666.5888061523438 38
1777298466352 462.10662841796875 39
1777298467010 491.76353454589844 40
1777298467674 563.6400756835938 41
1777298468328 538.6658935546875 42
1777298468983 491.6925048828125 43
1777298469664 389.8050994873047 44
1777298470359 382.1608123779297 45
1777298471024 458.49652099609375 46
1777298471688 510.01731872558594 47
1777298472334 406.19639587402344 48
1777298472981 471.99969482421875 49
1777298473639 414.016845703125 50
1777298474311 314.9934844970703 51
1777298474971 359.58091735839844 52
1777298475623 442.98992919921875 53
1777298476271 394.30909729003906 54
1777298476927 388.3025360107422 55
1777298477599 349.5786437988281 56
1777298478244 357.0060272216797 57
1777298478875 361.5110626220703 58
1777298479525 322.6589660644531 59
1777298480164 348.0631561279297 60
1777298480830 342.4975128173828 61
1777298481489 302.1711883544922 62
1777298482183 347.701904296875 63
1777298482825 326.0504608154297 64
1777298483499 282.7613220214844 65
1777298484134 270.99163818359375 66
1777298484780 324.627685546875 67
1777298485410 261.8065643310547 68
1777298486068 316.85888671875 69
1777298486701 238.22752380371094 70
1777298487339 282.4111633300781 71
1777298487966 321.98463439941406 72
1777298488605 266.9983825683594 73
1777298489243 252.5595474243164 74
