1777432745478 -2.103051320573753 1
1777432745932 -2.041292595741989 2
1777432747533 -1.9923192146163062 3
1777432748113 -1.942654104737223 4
1777432748778 -1.890564363226828 5
1777432749499 -1.8339977818723798 6
1777432750153 -1.770250113062438 7
1777432751822 -1.6951535787901268 8
1777432753233 -1.6000018800220648 9
1777432753525 -1.4951418957949945 10
1777432754021 -1.3831341728477367 11
1777432754344 -1.2651569889415155 12
1777432755390 -1.1406581883136178 13
1777432756172 -0.99824576023286 14
1777432756467 -0.8588466004948636 15
1777432756762 -0.7284785593182026 16
1777432757283 -0.5898957169665575 17
1777432758629 -0.46547660275238223 18
1777432759451 -0.340305281288251 19
1777432759786 -0.20940073699849115 20
1777432760092 -0.09060676816895841 21
1777432760396 0.01932401712700227 22
1777432760982 0.1428968961581749 23
1777432761696 0.2551145179630886 24
1777432762963 0.3794347818107566 25
1777432763644 0.4630533139939741 26
1777432764419 0.5604899337501114 27
1777432764875 0.6330869484839636 28
1777432765633 0.7029959384806004 29
1777432766248 0.7561717879114283 30
1777432766874 0.8125396427271719 31
1777432767183 0.8305749480494696 32
1777432768594 0.8664464591351093 33
1777432768909 0.8893926972930218 34
1777432769223 0.8988513811224 35
1777432769877 0.9129665420231932 36
1777432771286 0.9235294637132614 37
1777432771902 0.929975510101463 38
1777432772633 0.9362675037887667 39
1777432773296 0.9397792096864706 40
1777432773857 0.9484998877581982 41
1777432774454 0.9501345316186139 42
1777432774763 0.9502507796683357 43
1777432775447 0.9482676958195919 44
1777432775817 0.948307539851435 45
1777432776918 0.938823130806713 46
1777432777245 0.9504553849874866 47
1777432779066 0.9652301109705405 48
1777432779364 0.9534577317324896 49
1777432780173 0.9604933506156103 50
1777432781108 0.9600696462380386 51
1777432781709 0.9674643577285096 52
1777432782166 0.9569219754660104 53
1777432782454 0.9579481681646911 54
1777432783416 0.9633278708869482 55
1777432783728 0.9630424586788652 56
1777432784718 0.9560471217459019 57
1777432785027 0.9616816019623252 58
1777432785678 0.9586261060704052 59
1777432786400 0.9572828274071726 60
1777432786709 0.9600812658188563 61
1777432787301 0.9627557016709145 62
1777432788186 0.9719051684790726 63
1777432788490 0.9715987115730362 64
1777432788815 0.9676029324203688 65
1777432789825 0.963277967771498 66
1777432790137 0.9689084543398594 67
1777432790872 0.9652898268499678 68
1777432791424 0.9610786054011243 69
1777432792014 0.9752379860053236 70
1777432793176 0.9683558201752926 71
1777432794909 0.9681494980117274 72
1777432796357 0.9724955056655061 73
1777432796656 0.9687049951067204 74
1777432797796 0.9753920918438526 75
1777432798137 0.9741717164593993 76
1777432798969 0.9699910477004868 77
1777432799972 0.9711434706306586 78
1777432800573 0.9738356088936384 79
1777432800965 0.978181087324936 80
1777432801532 0.9730699894912735 81
1777432802233 0.9776621835165634 82
1777432803409 0.9723239303383189 83
1777432803827 0.9757710151402952 84
1777432804409 0.9739819027733161 85
1777432804738 0.972310508869042 86
1777432805103 0.980931085870157 87
1777432805418 0.972588630171161 88
1777432806501 0.9727815961791384 89
1777432807753 0.9727090620905636 90
1777432808678 0.9785765750518983 91
1777432809002 0.9716357033125242 92
1777432809314 0.9762916913575006 93
1777432810154 0.9794193140597749 94
1777432811711 0.9784793822941312 95
1777432812044 0.9796081532304524 96
