1777432564070 47625.912760416664 1
1777432564969 45086.868489583336 2
1777432565900 41470.37890625 3
1777432566798 36467.513020833336 4
1777432567852 30801.923828125 5
1777432568767 25251.7734375 6
1777432569695 19757.741536458332 7
1777432570649 14075.81640625 8
1777432571595 8788.308268229166 9
1777432572557 4910.85546875 10
1777432573511 2546.895751953125 11
1777432574476 1542.9357503255208 12
1777432575512 1190.0354817708333 13
1777432576426 1016.7600911458334 14
1777432577363 964.3262532552084 15
1777432578272 788.6585489908854 16
1777432579201 714.4073079427084 17
1777432580108 600.363037109375 18
1777432581024 652.6303100585938 19
1777432581924 651.7958577473959 20
1777432582827 538.0908610026041 21
1777432583720 547.6181437174479 22
1777432584619 577.9915974934896 23
1777432585525 495.61376953125 24
1777432586414 497.78614298502606 25
1777432587310 460.1293233235677 26
1777432588212 481.14565022786456 27
1777432589133 416.83522542317706 28
1777432590054 478.5041809082031 29
1777432590957 445.91497802734375 30
1777432591865 411.8347981770833 31
1777432592794 506.3799133300781 32
1777432593699 344.63564046223956 33
1777432594620 289.2942403157552 34
1777432595533 273.58251953125 35
1777432596433 382.5099385579427 36
1777432597338 269.6296641031901 37
1777432598233 287.7584533691406 38
1777432599135 306.3406168619792 39
1777432600067 268.3319091796875 40
1777432600978 265.8047688802083 41
1777432601864 260.79527791341144 42
1777432602741 263.9695231119792 43
1777432604664 245.26268005371094 44
1777432606374 286.19268798828125 45
1777432607315 262.9783070882161 46
1777432608211 242.20770263671875 47
1777432609462 215.75683085123697 48
1777432610661 264.5417022705078 49
1777432611887 251.91996256510416 50
1777432613171 230.57782999674478 51
1777432614567 269.51621500651044 52
1777432616037 291.99733479817706 53
1777432617425 208.78356424967447 54
1777432618331 222.92330423990884 55
1777432619793 206.14812215169272 56
1777432621699 220.07818094889322 57
1777432622816 183.6581013997396 58
1777432623742 215.0904998779297 59
1777432625654 215.0626475016276 60
1777432627133 197.33492533365884 61
