1777165664532 200.09474716900957 1
1777165665661 192.86642487265843 2
1777165666785 180.9754023930796 3
1777165667900 161.27473883726643 4
1777165669025 134.90822634909102 5
1777165670160 107.40361782720731 6
1777165671292 80.34342840532683 7
1777165672429 56.29328972546493 8
1777165673568 42.2728051890461 9
1777165674689 35.828075495828685 10
1777165675812 31.581291011072103 11
1777165676944 31.74333005732347 12
1777165678069 27.816185810726843 13
1777165679200 26.880467800906615 14
1777165680342 26.481621280689865 15
1777165681504 27.330437966867237 16
1777165682636 25.74267278745462 17
1777165683775 26.08547576245194 18
1777165684906 24.92624628916344 19
1777165686035 24.04545811447386 20
1777165687165 23.895794495416542 21
1777165688308 23.18542278242341 22
1777165689445 24.10510604519046 23
1777165690575 23.437580474192846 24
1777165691740 22.824502862663927 25
1777165692883 22.88962622352593 26
1777165694015 23.203196431165104 27
1777165695156 22.774630063564093 28
1777165696304 21.095241766120118 29
1777165700644 22.117232753255582 30
1777165705162 21.516902163028853 31
1777165709481 21.840363827062966 32
1777165719045 20.63050552332963 33
1777165720262 20.664844456471094 34
1777165721422 21.29925682104622 35
1777165722591 20.081059090228557 36
1777165723765 20.065900430371507 37
1777165761453 19.249325523305963 38
1777165780179 19.842123358300938 39
1777165918271 18.8971475056481 40
1777165919390 18.993151698949177 41
1777166107949 18.639329753840318 42
1777166109091 18.35772750700539 43
1777166110210 18.600033990613596 44
1777166112781 17.936452528153712 45
1777166133486 17.885637169564582 46
1777166237824 17.13463524375066 47
1777166238970 17.053148592097052 48
1777166240127 17.536182781513993 49
1777166241267 16.81750232801559 50
1777166242411 16.53563600712362 51
1777166243567 16.251544750505705 52
1777166244722 16.4665766977788 53
1777166245861 15.409456180168814 54
1777166247027 15.535902745795273 55
1777166248174 16.69096670260111 56
1777166269786 15.834786160402194 57
1777166329531 14.747874444830918 58
1777166333288 16.588471610029707 59
1777166334543 15.25098023521765 60
1777166335795 15.19518713875799 61
1777166337086 14.456061350675014 62
1777166338511 15.150484740548595 63
1777166339770 15.703993911566084 64
1777166341033 14.547185966332478 65
1777166342390 15.112953818073729 66
1777166343731 15.305745296223003 67
1777166345063 15.438474180784032 68
1777166346414 14.82352740212238 69
1777166347812 14.015702106212592 70
1777166350241 14.42619828452464 71
1777166351932 14.403084082858623 72
1777166354184 13.828243009165627 73
1777166355346 14.039470231004264 74
1777166356476 14.900451268327071 75
1777166357613 13.273266847146076 76
1777166358744 13.505727315913196 77
1777166359877 13.735800442791762 78
1777166361034 14.112881322327501 79
1777166362163 13.291263638284216 80
1777166364748 13.938106894108353 81
1777166365995 13.365500023083381 82
1777166367212 13.17240755467125 83
1777166368411 13.289709732267587 84
1777166369606 13.548127717071688 85
