1777200667829 201.85526219298816 1
1777200668224 199.5840890295366 2
1777200668615 197.57948361039413 3
1777200669002 195.45772600808084 4
1777200669389 193.02285931658457 5
1777200669776 190.30706067760596 6
1777200670165 187.1309597414335 7
1777200670557 183.60043870794536 8
1777200670950 180.09522763145335 9
1777200671371 176.45170749563462 10
1777200671764 172.51726023249094 11
1777200672157 168.51738597248652 12
1777200672548 164.26823410012966 13
1777200672939 159.77679132738584 14
1777200673331 155.32629465901772 15
1777200673722 150.379565340092 16
1777200674488 145.5954100839034 17
1777200674872 140.90890092316738 18
1777200675259 135.4867166574827 19
1777200675851 129.60538816200892 20
1777200676248 123.82031619699976 21
1777200676642 117.28209099085632 22
1777200677033 107.43076440491802 23
1777200677425 95.94781601702823 24
1777200677819 85.14655908160647 25
1777200678211 78.20039174793979 26
1777200678603 72.43939074861999 27
1777200678997 63.8001621734567 28
1777200679389 55.3595249433476 29
1777200679782 49.918414884000974 30
1777200680175 44.5616083470577 31
1777200680566 41.391037889597854 32
1777200680960 36.33430223018859 33
1777200681354 35.78549886072482 34
1777200681748 33.280272506185064 35
1777200682152 32.889598781496446 36
1777200682549 29.66470136097678 37
1777200682948 29.620506235519297 38
1777200683805 32.33884133947423 39
1777200684192 30.722108674792835 40
1777200684576 28.125361325803997 41
1777200684962 26.43867046389507 42
1777200685343 28.04082129131396 43
1777200685726 25.41712679420426 44
1777200686113 28.49896880844167 45
1777200686496 26.894328986621417 46
1777200686882 27.48057175042886 47
1777200687264 24.99807487704991 48
1777200687647 26.63606082603291 49
1777200688033 22.87065174903814 50
1777200688417 22.64922304820852 51
1777200688803 24.644859090484648 52
1777200689188 24.079607859108453 53
1777200689573 23.522644820171422 54
1777200689955 26.93079804426117 55
1777200690340 26.12654072722016 56
1777200690723 23.573427454097416 57
1777200691105 24.08155825011966 58
1777200691495 21.040285252715208 59
1777200691880 22.703684181000778 60
1777200692305 21.88809457403799 61
1777200692842 20.4961172008871 62
1777200693234 22.351309227200133 63
1777200693623 26.708916319040352 64
1777200694017 20.7325947391816 65
1777200694407 21.384179715150257 66
1777200694795 19.901107435226752 67
1777200695183 18.673267468998294 68
1777200695570 21.559893552839394 69
1777200696345 23.667541631007406 70
1777200696746 20.307553484248785 71
1777200697134 19.655848658213905 72
1777200697527 20.16825360236083 73
1777200697914 19.864520687117174 74
1777200698300 19.395141370690304 75
1777200698688 20.36200847559386 76
1777200699074 18.066575590422584 77
1777200699463 19.62192389805183 78
1777200700234 20.240401642323654 79
1777200700629 17.789348990336887 80
1777200701021 16.964070667251878 81
1777200701416 16.554339086116517 82
1777200702953 17.838763874832562 83
1777200703347 17.172012731192414 84
1777200703739 20.21569857794038 85
1777200704131 17.151340692459822 86
1777200704521 18.564833574645824 87
1777200704910 17.168418029530816 88
1777200705303 18.11090086728458 89
1777200705691 16.508955865811043 90
1777200706083 18.136044419269997 91
1777200706468 18.375522320648212 92
1777200706851 16.53094078308395 93
1777200707236 15.811334257918432 94
1777200707619 16.836561944626176 95
1777200708002 17.2683406023336 96
1777200708392 17.94695689298746 97
1777200708778 17.08852093094724 98
1777200709162 15.150610560839155 99
1777200709546 15.79817075159905 100
1777200709943 17.331785181795055 101
1777200710329 18.740249743512457 102
1777200710713 15.180576080528656 103
1777200711093 14.510724541144883 104
1777200711476 16.004024953031834 105
1777200711857 13.708515633682088 106
1777200712239 14.170952242216183 107
1777200712654 16.764081359505656 108
1777200713033 14.173688576936371 109
1777200713418 17.023303944806532 110
1777200713796 15.64937259281752 111
1777200714172 17.40951337648067 112
1777200714549 17.18774591443394 113
1777200714926 16.754609797392796 114
1777200715309 15.644867252165824 115
1777200715685 14.892741418162144 116
1777200716061 14.86933547443099 117
1777200716440 15.530918908379887 118
1777200716820 13.632007161922095 119
1777200717195 14.036588541062738 120
1777200717570 15.349201671206206 121
1777200717946 12.866151009407398 122
1777200718323 14.498297755853368 123
1777200718702 13.459954667036286 124
1777200719075 14.599035968045598 125
1777200719526 13.60703542157024 126
1777200719902 13.047866728775054 127
1777200720275 17.36704955944995 128
1777200720649 14.5422069955615 129
1777200721024 12.236888486021924 130
1777200721399 16.140749787755755 131
1777200721774 13.558191414910743 132
1777200722151 13.899223009526636 133
1777200723066 13.489344029408917 134
1777200723457 14.202492207782033 135
1777200723835 12.888030633815395 136
1777200724210 12.634046278457703 137
1777200724586 12.673283772646743 138
1777200724962 14.161919610032237 139
1777200725343 12.369410013300895 140
1777200725728 12.33992227044502 141
1777200726119 12.527787717226479 142
1777200726506 13.470399405966031 143
1777200726887 11.63019995113241 144
1777200727268 12.679556328264827 145
1777200727647 13.351602499574373 146
1777200728025 12.401599387111263 147
1777200728413 10.877430611320927 148
1777200728791 13.560477532274456 149
1777200729175 11.517031455622785 150
1777200729553 13.120275609913007 151
1777200729933 12.748947399296895 152
1777200730314 12.530669163206504 153
