1777433192870 38833.82421875 1
1777433193357 37943.71875 2
1777433193792 37209.02734375 3
1777433194092 36522.421875 4
1777433194395 35774.984375 5
1777433194708 34994.63671875 6
1777433195001 34112.1953125 7
1777433195298 33096.625 8
1777433195604 31814.888671875 9
1777433195931 30479.57421875 10
1777433196240 28996.7734375 11
1777433196552 27536.796875 12
1777433196863 25855.09765625 13
1777433197169 24129.431640625 14
1777433197459 22332.25390625 15
1777433197752 20655.349609375 16
1777433198042 18973.302734375 17
1777433198336 17468.861328125 18
1777433199023 15584.8701171875 19
1777433199357 13983.1552734375 20
1777433199658 12710.123046875 21
1777433199956 10955.955078125 22
1777433200249 9398.9248046875 23
1777433200557 7982.9521484375 24
1777433200862 6645.42236328125 25
1777433201181 5474.21533203125 26
1777433201486 4525.5283203125 27
1777433201822 3743.673095703125 28
1777433202168 3075.604248046875 29
1777433202477 2590.86962890625 30
1777433202784 2036.611572265625 31
1777433203109 1726.4456787109375 32
1777433203418 1473.4840087890625 33
1777433203719 1327.4261474609375 34
1777433204078 1186.1485595703125 35
1777433204383 1096.64306640625 36
1777433204697 937.4603881835938 37
1777433205022 894.383056640625 38
1777433205344 1057.1934814453125 39
1777433205666 890.5684204101562 40
1777433205965 843.1317749023438 41
1777433206290 737.5541381835938 42
1777433206645 804.5579223632812 43
1777433206955 597.9813842773438 44
1777433207252 616.3106689453125 45
1777433207546 575.7159423828125 46
1777433207862 641.1209716796875 47
1777433208187 545.062255859375 48
1777433208490 520.0706787109375 49
1777433208788 617.3627319335938 50
1777433209096 533.1041259765625 51
1777433209391 486.1936340332031 52
1777433209706 650.6787719726562 53
1777433210012 455.7370300292969 54
1777433210407 584.1527709960938 55
1777433210722 425.2127685546875 56
1777433211037 547.257568359375 57
1777433211378 500.2516174316406 58
1777433211724 478.9888000488281 59
1777433212072 640.5236206054688 60
1777433212435 560.0769653320312 61
1777433212774 411.6659851074219 62
1777433213065 390.6713562011719 63
1777433213384 383.1641540527344 64
1777433213681 435.47698974609375 65
1777433214004 426.07940673828125 66
1777433214273 489.75311279296875 67
1777433214569 432.1068115234375 68
1777433214855 389.83465576171875 69
1777433215134 360.9483337402344 70
1777433215426 391.5769958496094 71
1777433215724 481.15582275390625 72
1777433216009 331.1244812011719 73
1777433216305 572.2948608398438 74
1777433216593 461.70233154296875 75
1777433216897 357.54034423828125 76
1777433217223 350.2549743652344 77
1777433217551 426.7088928222656 78
1777433217865 448.8747863769531 79
1777433218174 411.9911804199219 80
1777433218473 288.34808349609375 81
1777433218772 376.79705810546875 82
1777433219071 415.0657653808594 83
1777433219365 467.083740234375 84
1777433219675 304.65826416015625 85
1777433220011 376.15533447265625 86
1777433220321 313.1422424316406 87
1777433220615 360.9819030761719 88
1777433220930 341.87493896484375 89
1777433221252 383.8646240234375 90
1777433221575 326.05499267578125 91
1777433221886 376.08673095703125 92
1777433222183 299.87908935546875 93
1777433222489 319.6603088378906 94
1777433222783 321.73565673828125 95
1777433223095 325.6897888183594 96
1777433223400 346.72088623046875 97
1777433223701 449.244873046875 98
1777433224007 319.24407958984375 99
1777433224307 255.19647216796875 100
1777433224610 272.8134765625 101
1777433224937 390.93658447265625 102
1777433225243 344.7660827636719 103
1777433225524 296.51898193359375 104
1777433225823 329.0197448730469 105
1777433226136 270.3922424316406 106
1777433226429 299.56280517578125 107
1777433226730 307.2665710449219 108
1777433227022 280.27606201171875 109
1777433227649 204.5323486328125 110
1777433227955 252.233154296875 111
1777433228258 232.69287109375 112
1777433228553 284.53973388671875 113
1777433228871 284.2253723144531 114
1777433229188 264.51336669921875 115
1777433229502 241.18026733398438 116
1777433229840 211.24729919433594 117
1777433230148 256.115234375 118
1777433230492 284.0406188964844 119
1777433230789 285.3981628417969 120
1777433231092 247.98341369628906 121
1777433231409 295.8137512207031 122
1777433231713 209.92933654785156 123
1777433232055 251.166259765625 124
1777433232349 298.704345703125 125
1777433232668 270.4395446777344 126
1777433232974 252.6995391845703 127
1777433233304 237.00341796875 128
1777433233659 236.35726928710938 129
1777433233960 234.48622131347656 130
1777433234248 247.53598022460938 131
1777433234547 219.93275451660156 132
1777433234845 262.62579345703125 133
1777433235173 265.7239685058594 134
1777433235495 223.94554138183594 135
1777433235831 304.4926452636719 136
1777433236186 213.9777374267578 137
1777433236528 253.28208923339844 138
1777433236844 279.907470703125 139
1777433237186 206.93252563476562 140
1777433237584 233.2550048828125 141
1777433237890 260.387451171875 142
1777433238225 205.8370361328125 143
1777433238576 212.70509338378906 144
1777433238877 184.4349365234375 145
1777433239167 188.0071563720703 146
1777433239472 256.211669921875 147
1777433239786 189.17431640625 148
1777433240087 206.2204132080078 149
1777433240386 248.15237426757812 150
1777433240691 192.47410583496094 151
1777433240996 210.34304809570312 152
1777433241293 206.55552673339844 153
1777433241592 270.19683837890625 154
1777433241915 211.87002563476562 155
1777433242221 259.5888671875 156
1777433242528 286.62506103515625 157
1777433242836 168.27003479003906 158
1777433243131 227.143310546875 159
1777433243434 213.0813751220703 160
1777433243737 272.2309265136719 161
1777433244068 207.46783447265625 162
1777433244388 208.61773681640625 163
1777433244752 175.7830810546875 164
1777433245059 206.39605712890625 165
1777433245354 273.902099609375 166
1777433245641 193.96829223632812 167
1777433245941 192.25608825683594 168
1777433246251 188.275146484375 169
1777433246572 181.49215698242188 170
1777433246876 238.78265380859375 171
1777433247176 193.17051696777344 172
1777433247495 164.03787231445312 173
1777433247823 169.81858825683594 174
1777433248151 174.5767059326172 175
1777433248479 187.89366149902344 176
1777433248805 181.039794921875 177
1777433249145 168.31918334960938 178
1777433249473 210.48086547851562 179
1777433249842 222.55389404296875 180
1777433250154 187.2156219482422 181
1777433250456 140.32785034179688 182
1777433250761 232.7197723388672 183
1777433251056 191.5746612548828 184
1777433251373 205.28489685058594 185
1777433251673 155.92039489746094 186
1777433251963 205.25375366210938 187
1777433252270 172.9840850830078 188
1777433252606 222.12124633789062 189
1777433252901 186.88082885742188 190
1777433253192 135.15451049804688 191
1777433253483 180.22340393066406 192
1777433253780 190.45240783691406 193
1777433254092 160.83924865722656 194
1777433254412 211.34178161621094 195
1777433254736 239.43060302734375 196
1777433255070 193.81275939941406 197
1777433255386 186.16064453125 198
1777433255688 146.74093627929688 199
