1777176679628 -1.5596493478699496 1
1777176681580 -1.0266436588967478 2
1777176683511 -0.21157749605099974 3
1777176685406 0.5869810713726296 4
1777176687301 0.8772493196256673 5
1777176689207 0.9281785273945445 6
1777176691098 0.9388330018720551 7
1777176693010 0.9452378845629233 8
1777176694904 0.9536034245897991 9
1777176696795 0.9526940760095317 10
1777176698690 0.9550290434313501 11
1777176700579 0.9577082127145076 12
1777176702484 0.961129072494932 13
1777176704404 0.9642569789958995 14
1777176706298 0.9591720762073186 15
1777176708193 0.9635452788530863 16
1777176710089 0.9643819407172313 17
1777176711995 0.9678253217939324 18
1777176713907 0.9694032590981632 19
1777176715830 0.9694456963032116 20
1777176717734 0.968450340373931 21
1777176719645 0.9684479388226419 22
1777176721553 0.9692477736737185 23
1777176723464 0.9715089842049791 24
1777176725421 0.9702283167026061 25
1777176727886 0.9724446043850499 26
1777176729975 0.9742771573824442 27
1777176755028 0.9737443714191326 28
1777176757219 0.9756706595927159 29
1777176759378 0.9777128927124681 30
1777176761512 0.9777967659407442 31
1777176763550 0.97990277132096 32
1777176765669 0.9762883368065429 33
1777176767755 0.9809996645890887 34
1777176769787 0.980220038972574 35
1777176771915 0.9831982718945085 36
1777176773813 0.9826201501281481 37
1777176848445 0.9837667233175814 38
1777176850689 0.9840335842786788 39
1777176852622 0.983647183390317 40
1777176854543 0.9848129276642205 41
1777176856455 0.9851157303961113 42
1777176858389 0.9859079998008048 43
1777176860314 0.9850189840138037 44
1777176862248 0.9865344850770781 45
1777176864162 0.9863163064201415 46
1777176866074 0.9860081084171759 47
1777176868061 0.987071529208917 48
1777176870009 0.9863234832721653 49
1777176872019 0.9870370550883991 50
1777176873981 0.9865882449673364 51
1777176876022 0.986788078476662 52
1777176878049 0.9873296595556288 53
1777176880178 0.9874386386290275 54
1777176882432 0.9875575659883845 55
1777176884728 0.9881091026546666 56
1777176887534 0.9877621536319751 57
1777176889457 0.981899571604795 58
1777176891377 0.9874470993003062 59
1777176893307 0.9880982055898961 60
1777176895208 0.9834431392011923 61
1777176897102 0.9885101421615649 62
1777176898996 0.9887234295942688 63
1777176900881 0.9886726407876202 64
1777176902759 0.9894474451593209 65
1777176904665 0.9896448042844419 66
1777176906543 0.9871476176180896 67
1777176908430 0.9891404326142487 68
1777176910311 0.989692795715007 69
1777176912192 0.98972462128878 70
1777176914069 0.9896280752023457 71
1777176915974 0.9896587689001228 72
1777176917851 0.9898414894974599 73
1777176919739 0.9898773721787442 74
1777176921624 0.9894921611979536 75
1777176923507 0.9897730879114547 76
1777176925395 0.9897550356031564 77
1777176927292 0.9900965192353794 78
1777176929168 0.9905658600985934 79
1777176931057 0.9905977344684541 80
1777176932960 0.9901547961157855 81
1777176934847 0.9902713871912528 82
1777176936754 0.9908357713517136 83
1777176938645 0.9906101057118443 84
1777176940537 0.9903964372120265 85
1777176942437 0.9906018674028132 86
1777176944324 0.9911690013316011 87
1777176946209 0.9907470721124536 88
1777176948100 0.9901558409261322 89
1777176949975 0.99061534602894 90
1777176951850 0.991169571035316 91
1777176953736 0.9910917364916355 92
1777176955619 0.9909694152246242 93
1777176957507 0.990773888344754 94
1777176959410 0.9904169478341885 95
1777176961296 0.9913028928955586 96
1777176963172 0.9919307880885804 97
1777176965048 0.9914307492702709 98
1777176966933 0.9915762313729822 99
1777176968817 0.986233222948291 100
1777176970734 0.9905579589595435 101
1777176972619 0.991332301203591 102
1777176974507 0.9920771428571648 103
1777176976384 0.9920055169048018 104
1777176978265 0.9920199059996703 105
1777176980163 0.991864237879358 106
1777176982055 0.9920090622645158 107
1777176983942 0.9925203692091865 108
1777176985830 0.9917419902848712 109
1777176987707 0.9921007137715211 110
1777176989592 0.9921430721162896 111
1777176991500 0.9921699329311403 112
1777176993394 0.992207105024183 113
1777176995290 0.9923136876393654 114
1777176997168 0.9917787260845591 115
1777176999053 0.9925264620226365 116
1777177000931 0.9926092623116478 117
1777177002845 0.9920089680320182 118
1777177004732 0.992490884890833 119
1777177006615 0.9926577636833415 120
1777177008503 0.9920899484881709 121
1777177010380 0.9925969273752296 122
1777177012267 0.9924362217912688 123
1777177014179 0.9919516225972578 124
1777177016074 0.992369149644143 125
1777177017958 0.9927149215701871 126
1777177019846 0.9925712841229722 127
1777177021738 0.9926628590473534 128
1777177023639 0.9926069066786114 129
1777177025514 0.9926465625892681 130
1777177027394 0.9924843930976078 131
1777177029269 0.9927878406579259 132
1777177031152 0.9927448551318788 133
1777177033040 0.991315790372056 134
1777177034946 0.9926251774646732 135
1777177036830 0.9924847389575571 136
1777177038713 0.9926052447412743 137
1777177040584 0.9931115668197933 138
1777177042468 0.992492499485938 139
1777177044356 0.9929448722085958 140
1777177046267 0.9934309400836093 141
1777177048141 0.9932904795886157 142
1777177050013 0.993141841921802 143
1777177051903 0.9934769950582075 144
1777177053778 0.9932437138009573 145
1777177055655 0.9933807934194373 146
1777177057551 0.9932866701450304 147
1777177059448 0.9934867049222891 148
1777177061331 0.9931348147487838 149
1777177063217 0.9930498278091314 150
