1777176679628 198.17341334287468 1
1777176681580 176.33696348414804 2
1777176683511 136.34151355471116 3
1777176685406 79.59440423853314 4
1777176687301 43.37452213416287 5
1777176689207 33.15558360614641 6
1777176691098 30.614952079833802 7
1777176693010 28.96273405737107 8
1777176694904 26.64289824982074 9
1777176696795 26.92402579839423 10
1777176698690 26.239011497824567 11
1777176700579 25.45191422185404 12
1777176702484 24.389057031906283 13
1777176704404 23.404734713982286 14
1777176706298 25.000741183651076 15
1777176708193 23.638825912576234 16
1777176710089 23.360284664951376 17
1777176711995 22.197129225041813 18
1777176713907 21.645228747079607 19
1777176715830 21.639008607461832 20
1777176717734 21.98049708974601 21
1777176719645 21.98649971994007 22
1777176721553 21.70704570363826 23
1777176723464 20.889684195214407 24
1777176725421 21.351955869982042 25
1777176727886 20.541900347270598 26
1777176729975 19.853581754937036 27
1777176755028 20.049795552421337 28
1777176757219 19.273691064862845 29
1777176759378 18.46877663112472 30
1777176761512 18.436198704695688 31
1777176763550 17.539736310046987 32
1777176765669 19.028511269927247 33
1777176767755 17.051458572429304 34
1777176769787 17.402537552102185 35
1777176771915 16.02405128034684 36
1777176773813 16.310763271985373 37
1777176848445 15.758616175376545 38
1777176850689 15.631411027614273 39
1777176852622 15.823100773809992 40
1777176854543 15.254870803362445 41
1777176856455 15.093850781553607 42
1777176858389 14.694470342667966 43
1777176860314 15.14569531919847 44
1777176862248 14.364316270030177 45
1777176864162 14.466243476589819 46
1777176866074 14.642005196424744 47
1777176868061 14.064570628779057 48
1777176870009 14.468903704829696 49
1777176872019 14.091101109771168 50
1777176873981 14.332531093929692 51
1777176876022 14.220129825323971 52
1777176878049 13.914835299716362 53
1777176880178 13.867007194390013 54
1777176882432 13.797494729080814 55
1777176884728 13.497571502479977 56
1777176887534 13.67692943423601 57
1777176889457 16.6317812700863 58
1777176891377 13.868496037448603 59
1777176893307 13.49115581325228 60
1777176895208 15.918614963046192 61
1777176897102 13.264107326806217 62
1777176898996 13.139541951023551 63
1777176900881 13.172776374678715 64
1777176902759 12.714490825838245 65
1777176904665 12.593816436363364 66
1777176906543 14.008071075382372 67
1777176908430 12.889745335672146 68
1777176910311 12.564591411298963 69
1777176912192 12.544647012014536 70
1777176914069 12.599527173713511 71
1777176915974 12.584084846635452 72
1777176917851 12.466721455145949 73
1777176919739 12.449285331287475 74
1777176921624 12.683854450178922 75
1777176923507 12.516424781712391 76
1777176925395 12.515950210418795 77
1777176927292 12.311673484436394 78
1777176929168 12.020632098709116 79
1777176931057 12.005107656186091 80
1777176932960 12.272374665178983 81
1777176934847 12.210424908613644 82
1777176936754 11.846798438836972 83
1777176938645 11.990730193982824 84
1777176940537 12.129624014110963 85
1777176942437 11.999585037756168 86
1777176944324 11.629118116153503 87
1777176946209 11.898593122402172 88
1777176948100 12.28203727481959 89
1777176949975 11.984875696370379 90
1777176951850 11.630325611535628 91
1777176953736 11.681295363693424 92
1777176955619 11.760681961247531 93
1777176957507 11.881797602659214 94
1777176959410 12.114132671250232 95
1777176961296 11.542962840146284 96
1777176963172 11.118036828686092 97
1777176965048 11.458488814978127 98
1777176966933 11.35766888328737 99
1777176968817 14.508849430459247 100
1777176970734 12.010988665526446 101
1777176972619 11.51623434066617 102
1777176974507 11.010379732239132 103
1777176976384 11.067958619999839 104
1777176978265 11.054709160894031 105
1777176980163 11.163901373362416 106
1777176982055 11.058265521102404 107
1777176983942 10.703659167930713 108
1777176985830 11.245816400097235 109
1777176987707 10.996295057975505 110
1777176989592 10.971150447004945 111
1777176991500 10.950934135347572 112
1777176993394 10.929536893546818 113
1777176995290 10.845131846301701 114
1777176997168 11.219354331678517 115
1777176999053 10.700138088080884 116
1777177000931 10.643357423598744 117
1777177002845 11.061655213058987 118
1777177004732 10.723148016115399 119
1777177006615 10.60663323271161 120
1777177008503 11.006446811699155 121
1777177010380 10.64913063564817 122
1777177012267 10.757402231984603 123
1777177014179 11.094595864718572 124
1777177016074 10.807747981285903 125
1777177017958 10.559807281318246 126
1777177019846 10.662695737834852 127
1777177021738 10.59855045434519 128
1777177023639 10.64000382017437 129
1777177025514 10.61132702610525 130
1777177027394 10.728301795249063 131
1777177029269 10.514391470810974 132
1777177031152 10.541958293645163 133
1777177033040 11.512072730111086 134
1777177034946 10.621455770558635 135
1777177036830 10.728540571759293 136
1777177038713 10.631769318446564 137
1777177040584 10.2746470876832 138
1777177042468 10.713761116241937 139
1777177044356 10.3980561072737 140
1777177046267 10.030442807960544 141
1777177048141 10.13639106331022 142
1777177050013 10.254349991808555 143
1777177051903 9.995188523765961 144
1777177053778 10.171666625580075 145
1777177055655 10.069853996572874 146
1777177057551 10.142740810831917 147
1777177059448 9.990879206687573 148
1777177061331 10.256427234303398 149
1777177063217 10.313409135011135 150
