1777435319967 186.18611343654655 1
1777435320989 177.0523716853215 2
1777435322026 165.05511108037282 3
1777435323059 146.87002934563088 4
1777435324110 125.93559233535676 5
1777435325160 103.0484157584828 6
1777435326192 79.31055620633639 7
1777435327230 56.49775915653748 8
1777435328255 38.30879812297031 9
1777435329283 26.713574198435044 10
1777435330310 22.75021342441175 11
1777435331328 19.519616037854075 12
1777435332350 17.555850673427244 13
1777435333392 17.5983789218248 14
1777435334409 15.907399781356903 15
1777435335423 15.641675824949727 16
1777435336466 14.47208931826981 17
1777435337486 15.025477444349661 18
1777435338526 14.605980663186699 19
1777435339556 13.382876901795878 20
1777435340956 13.065358561453735 21
1777435341979 12.823609275366428 22
1777435343011 12.306214975887501 23
1777435344039 12.486426214635724 24
1777435345056 12.162562558777939 25
1777435346081 12.05348821673873 26
1777435347132 11.965283376930733 27
1777435348149 11.615203662172577 28
1777435349155 12.078643571977784 29
1777435350169 11.318181649608725 30
1777435351210 11.837831446404993 31
1777435352232 11.64186995692507 32
1777435353259 11.701572007399339 33
1777435354293 11.852917246846758 34
1777435355521 10.913739023265048 35
1777435356564 10.92217764318342 36
1777435357584 11.137665617677587 37
1777435358622 10.838345216152936 38
1777435359656 10.773608357243283 39
1777435360698 9.403583254616642 40
1777435361706 10.823259633532643 41
1777435362689 10.21253173308965 42
1777435363697 9.712316697024734 43
1777435364691 9.674207839175795 44
1777435365703 9.739930728483483 45
1777435366703 9.922482256353254 46
1777435367767 9.598774823634582 47
1777435368809 9.87852086625861 48
1777435369837 9.511049290380534 49
1777435370860 9.391328038548577 50
