1777435319967 -2.711569917232374 1
1777435320989 -2.4554507992446313 2
1777435322026 -2.1222447647195097 3
1777435323059 -1.6169413887270352 4
1777435324110 -1.0805711949005596 5
1777435325160 -0.5635380176486693 6
1777435326192 -0.05945123449423284 7
1777435327230 0.37465623179147334 8
1777435328255 0.68471545557295 9
1777435329283 0.8388716834155862 10
1777435330310 0.8883576764515926 11
1777435331328 0.9167188498178269 12
1777435332350 0.9315447258454022 13
1777435333392 0.932896429242104 14
1777435334409 0.9429530204655064 15
1777435335423 0.9447304475287692 16
1777435336466 0.9524600761599051 17
1777435337486 0.9487015894508133 18
1777435338526 0.9517146070117307 19
1777435339556 0.9576001896758093 20
1777435340956 0.9597559092153573 21
1777435341979 0.9610020086418106 22
1777435343011 0.9635828095274032 23
1777435344039 0.9630564734164285 24
1777435345056 0.9643752259612347 25
1777435346081 0.9648416412112926 26
1777435347132 0.9657136404241577 27
1777435348149 0.9670873476187635 28
1777435349155 0.96466215559559 29
1777435350169 0.967851485991281 30
1777435351210 0.9648963764812527 31
1777435352232 0.9666808066114063 32
1777435353259 0.9667799416186371 33
1777435354293 0.9660527468110947 34
1777435355521 0.9695527629355128 35
1777435356564 0.9694801235284001 36
1777435357584 0.9693305969720317 37
1777435358622 0.970135427562532 38
1777435359656 0.9694428426669217 39
1777435360698 0.9765640685658525 40
1777435361706 0.9707526143495475 41
1777435362689 0.9729456833067738 42
1777435363697 0.975454058680597 43
1777435364691 0.974686503467079 44
1777435365703 0.9743493166537379 45
1777435366703 0.9735996929998526 46
1777435367767 0.9744675706139827 47
1777435368809 0.9740546319420557 48
1777435369837 0.9759020707043672 49
1777435370860 0.9750611164810421 50
