1777226588134 220.84854111163537 1
1777226601105 219.38749062010726 2
1777226620995 217.76527913501153 3
1777226621674 216.0357673662121 4
1777226632690 214.04520832549915 5
1777226633494 211.57711799840592 6
1777226635691 208.47466403477534 7
1777226636418 204.61311078219217 8
1777226637144 200.16557569695578 9
1777226637855 195.26555925149614 10
1777226638560 189.8666513821937 11
1777226639226 184.15839022415355 12
1777226639881 178.0760135111322 13
1777226640533 171.6245734856559 14
1777226641180 165.09021246548053 15
1777226641873 158.16275491296392 16
1777226648721 150.66453442774588 17
1777226649858 142.8493808259049 18
1777226650548 134.63005027951374 19
1777226651670 125.40939508038369 20
1777226652880 116.38213230262048 21
1777226653584 106.32881829948946 22
1777226654613 97.26734403183879 23
1777226655284 87.0362220846655 24
1777226655965 78.08978995132242 25
1777226656624 68.18218575540183 26
1777226657299 60.64917327055099 27
1777226657963 53.441539061613426 28
1777226659014 46.75721458184525 29
1777226659723 41.476840600861586 30
1777226660410 37.22946828540955 31
1777226661923 36.532699827722894 32
1777226662518 34.50964730796979 33
1777226663124 30.523733722172434 34
1777226663864 30.18632582959362 35
1777226664463 31.170012995988287 36
1777226665071 29.308455351572878 37
1777226665672 29.69727320473927 38
1777226666277 27.90897894204445 39
1777226666874 27.828946988286216 40
1777226667475 26.201914347730213 41
1777226668546 26.782505771154057 42
1777226670593 27.036265184743655 43
1777226671243 24.9321352870614 44
1777226674219 24.463742614954114 45
1777226676652 25.636852145444458 46
1777226678257 27.35568168343798 47
1777226678966 23.72582739870381 48
1777226679844 25.07774963867903 49
1777226680925 24.947584255688493 50
1777226681696 24.581032722940954 51
1777226683753 22.49619677722965 52
1777226687239 24.015629727592028 53
1777226687950 22.72892853049473 54
1777226688667 23.32108538421062 55
1777226691392 23.008672843203712 56
1777226692109 23.050628922385435 57
1777226692809 23.650057868344895 58
1777226693668 21.8883643960041 59
1777226695913 20.759521341949927 60
1777226697281 23.05916722995267 61
1777226698059 21.0458938391437 62
1777226699652 20.872386530347736 63
1777226700816 20.253428965250208 64
1777226702894 21.628951695844393 65
1777226706986 20.57593065813963 66
1777226719841 21.0661160472449 67
1777226726474 22.722831302889503 68
1777226727109 20.427485060626744 69
1777226728182 20.514501088231953 70
1777226728830 19.628239653699538 71
1777226729472 19.976480929444037 72
1777226730144 20.277849032650032 73
1777226730785 20.94495896671428 74
1777226731441 19.46097249789318 75
1777226732091 20.194286986768283 76
1777226733612 19.381677265146017 77
1777226734584 18.734105574475457 78
