1777173648927 200.09893758901703 1
1777173650150 192.9444990107146 2
1777173651340 181.41115882718896 3
1777173652495 162.81009551382775 4
1777173653654 140.44111377893393 5
1777173654808 115.72466845967801 6
1777173655960 87.84440093796916 7
1777173657116 62.095016283519826 8
1777173658277 44.4418177125687 9
1777173659439 35.359965058288545 10
1777173660586 32.390907582910714 11
1777173661742 28.77001829330981 12
1777173662908 28.07760569987707 13
1777173664050 29.03173221935189 14
1777173665198 25.734869527413757 15
1777173666330 24.83185061086676 16
1777173667465 24.660944415128263 17
1777173668605 23.17316719921952 18
1777173669734 23.151430583800067 19
1777173670864 23.540316449622573 20
1777173671988 22.52675625482916 21
1777173673156 23.99286752498634 22
1777173674286 23.347784177713798 23
1777173675415 22.97940477158275 24
1777173676556 20.542476045355595 25
1777173677682 21.887470262723973 26
1777173678810 21.495014892960075 27
1777173679935 21.75837912413506 28
1777173681072 21.701809659457417 29
1777173682194 21.101119698731104 30
1777173683323 20.782742623309108 31
1777173684486 20.098088734454937 32
1777173685615 20.306160483611233 33
1777173686737 19.497220108306628 34
1777173687863 19.701067910640987 35
1777173688993 20.170379173361354 36
1777173690118 19.00324883267895 37
1777173691243 19.659326273518367 38
1777173692381 19.42765287543349 39
1777173693505 18.85273436021598 40
1777173694623 19.35548209168453 41
1777173695767 19.177580817178203 42
1777173696899 19.450355005992595 43
1777173698020 18.99620298555964 44
1777173699142 18.391867173629105 45
1777173700278 18.52437053672933 46
1777173701404 18.418253307561656 47
1777173702522 18.898138460649054 48
1777173703640 18.30351557946681 49
1777173704778 17.229744904283944 50
1777173705916 17.758491741519155 51
1777173707043 16.510862042116155 52
1777173708182 16.299627774380973 53
1777173709306 17.037772575282627 54
1777173710435 16.783286636366775 55
1777173711567 16.429819550307997 56
1777173712716 16.05515980311624 57
1777173713842 16.2636621702052 58
1777173714965 15.70463129413489 59
1777173716087 16.992940647572087 60
1777173717281 15.97838610916464 61
1777173718489 16.959740434175153 62
1777173719687 16.1545043122883 63
1777173720885 15.454496507606265 64
1777173722081 16.02088683217525 65
1777173723280 15.189825832392511 66
1777173724490 15.559521048604992 67
1777173725628 15.562384155001931 68
1777173726744 15.57180892342248 69
1777173727887 14.704633774382682 70
1777173729002 14.305645174823365 71
1777173730112 14.354086255502134 72
1777173731224 14.397391387645746 73
1777173732339 15.036328406017622 74
1777173733458 13.753808068890345 75
1777173734575 14.125008167076109 76
1777173735698 13.617803494249392 77
1777173798724 13.794226308624783 78
1777173822478 13.241892372321036 79
1777173824994 13.056084194952703 80
1777173826201 13.84181020352853 81
1777173827386 13.355260611431243 82
1777173828547 13.443120342668777 83
1777173844894 13.727498300003893 84
1777173957824 13.060613037763819 85
1777173959084 13.436296514079322 86
1777173960206 13.03226437680461 87
1777173961340 13.689617408961018 88
1777173962463 13.115872020888787 89
1777173963589 13.112629442652008 90
1777173964708 13.4888809356042 91
1777173965849 12.858481059016995 92
1777173966971 12.947008419772198 93
1777173968117 12.64252526967135 94
1777173969257 12.301957855641092 95
1777173970382 12.706992653091316 96
1777173971506 12.922561985530006 97
1777173972636 12.33397971155535 98
1777173973781 12.841941628086463 99
1777173974903 12.569362909118917 100
1777173976028 12.273802556228365 101
1777173977160 12.275021091053356 102
1777173978290 12.345107907242669 103
1777173979432 11.85166787829406 104
1777173980561 12.116551660255022 105
1777173981702 12.424135078980745 106
1777173982837 11.864071753266225 107
1777173983961 12.169698092508218 108
1777173985104 12.3072913932093 109
1777173986230 12.461881903715083 110
1777173987355 12.76464691225414 111
1777173988478 11.714348391086082 112
1777173989621 11.457998331407447 113
1777173990770 11.928938347829396 114
1777173991895 11.77229977433295 115
1777173993031 11.47657238279635 116
1777173994155 12.169662237662891 117
1777173995275 11.546230481603038 118
1777173996397 12.218120654148276 119
1777173997539 11.623333718410924 120
1777173998661 11.723810884296654 121
1777173999781 11.777841991416409 122
1777174000943 11.275465185533493 123
1777174002074 10.865454687670242 124
1777174003199 11.787037073700372 125
1777174004326 12.184299758352903 126
1777174005465 11.169302570983898 127
1777174006588 11.418323401123217 128
1777174007706 10.906503032701893 129
1777174008839 11.058269575934009 130
1777174009965 11.899421397457068 131
1777174011085 11.565053595272643 132
1777174012230 11.448607005613452 133
1777174013380 11.310531581924916 134
1777174014502 10.732421885915459 135
1777174015629 10.901515772717707 136
1777174016757 11.334946023115132 137
1777174017887 10.836198972938387 138
1777174019008 11.286616685792875 139
1777174020127 11.685786083430056 140
1777174021267 11.226625164893177 141
1777174022415 10.650983820674938 142
1777174023536 11.127972022039671 143
1777174024670 10.480706562657732 144
1777174025795 11.056500406997776 145
1777174026921 11.19310446848812 146
1777174028041 11.222691174686265 147
1777174029177 11.10750914197611 148
1777174030302 11.091971567317414 149
1777174031423 10.666277876167593 150
1777174032559 10.333604556793803 151
1777174033703 10.53629025597143 152
1777174034827 11.697016823630603 153
1777174035949 10.518272615804744 154
1777174037080 11.193110431919312 155
1777174038210 10.56602068051717 156
1777174039328 11.072816426562 157
1777174040453 10.47064768809383 158
1777174041590 10.165894323888281 159
1777174042723 10.963461022109446 160
1777174043868 10.290660805312019 161
1777174045005 10.577469096862382 162
1777174046133 10.56539483894948 163
1777174047252 10.693787243805362 164
1777174048372 10.034002899382 165
1777174049519 10.391515567158603 166
1777174050638 10.786329442028393 167
1777174051764 10.660263916582451 168
1777174052893 10.511783649861066 169
1777174054022 10.664495818574384 170
1777174055167 10.715973097571569 171
1777174056294 10.605608966080585 172
1777174057427 10.170110435311864 173
1777174058548 10.231699902592931 174
1777174059666 10.417957326588546 175
1777174060794 10.914006734410295 176
1777174061932 10.239812246020913 177
1777174063056 10.783548707019374 178
1777174064179 10.166586652885849 179
1777174065351 10.407611907953026 180
1777174066477 9.927705329746146 181
1777174067605 10.210816230676537 182
1777174068735 10.437313091615792 183
1777174069869 10.400666891298632 184
1777174070990 10.021983455089961 185
1777174072115 10.067011963913625 186
1777174073257 10.338646575504013 187
1777174074384 10.768769686546312 188
1777174075508 10.107724180772593 189
1777174076649 10.129291346955194 190
1777174077789 10.280608972943035 191
1777174078910 9.67425507995319 192
