1777395715702 -2.765464820772396 1
1777395718896 -2.612218918154488 2
1777395721339 -2.4376243379300893 3
1777395723381 -2.1984370150720984 4
1777395731712 -1.9062775654733548 5
1777395734266 -1.5991696576990488 6
1777395739869 -1.2706389978391817 7
1777395743086 -0.931746107829882 8
1777395750474 -0.5620973405385713 9
1777395751856 -0.23378500195749105 10
1777395754204 0.06957082445233968 11
1777395758246 0.3473102306248605 12
1777395759940 0.581297658589428 13
1777395763568 0.7388696404208966 14
1777395765539 0.8412092036823684 15
1777395773482 0.8803829911746183 16
1777395775894 0.9012044945988867 17
1777395777296 0.9230218362706193 18
1777395785359 0.9251518410908973 19
1777395794689 0.9382227229184781 20
1777395798364 0.9405860797084772 21
1777395800999 0.9460406842777908 22
1777395808388 0.9495138701621464 23
1777395810554 0.9463723188551277 24
1777395813176 0.9534338272996207 25
1777395814911 0.9578122662800533 26
1777395817709 0.9566858235776478 27
1777395818784 0.9609617746309272 28
1777395827866 0.9648492130158202 29
1777395837932 0.96221355534739 30
1777395840931 0.9612339727503018 31
1777395859479 0.9633331358281376 32
1777395866403 0.9628835837995053 33
1777395873163 0.9637696337871121 34
1777395896805 0.9642845317632366 35
1777395906286 0.9682533086801963 36
1777395913762 0.9667514849650928 37
1777395917540 0.9664407030161918 38
1777395926805 0.9655109922115989 39
1777395931002 0.969786713734767 40
1777395938399 0.9667972580056022 41
1777395940288 0.9713437814642979 42
1777395945514 0.9693326685631245 43
1777395951770 0.9702394381974364 44
1777395957104 0.9699019241880843 45
1777395961675 0.9752675557817921 46
1777395963331 0.9678909981321642 47
1777395973123 0.9654517807295787 48
1777395975778 0.9670175222048157 49
1777395983813 0.9709864466768471 50
1777395992268 0.9704210784904373 51
1777396004416 0.9700333748076027 52
1777396006849 0.9757246394949067 53
1777396011700 0.9752930746116556 54
1777396027586 0.9743716114068915 55
1777396031317 0.9779099487757286 56
1777396034211 0.975949516156355 57
