1777298549959 162.85641479492188 1
1777298550612 159.34527587890625 2
1777298551296 156.00694274902344 3
1777298551944 151.85704040527344 4
1777298552577 146.853759765625 5
1777298553230 141.18284606933594 6
1777298553864 134.40390014648438 7
1777298554501 126.8227310180664 8
1777298555149 119.21458435058594 9
1777298555786 111.0182876586914 10
1777298556435 102.0263671875 11
1777298557069 92.54351806640625 12
1777298557698 82.24165344238281 13
1777298558342 71.89468383789062 14
1777298558998 62.33210754394531 15
1777298559648 53.10597229003906 16
1777298560292 45.101341247558594 17
1777298560985 38.74884796142578 18
1777298561620 33.411258697509766 19
1777298562263 27.745563507080078 20
1777298562900 26.788938522338867 21
1777298563542 23.764795303344727 22
1777298564179 23.5111026763916 23
1777298564811 23.21918487548828 24
1777298565449 21.37148094177246 25
1777298566101 21.430095672607422 26
1777298566736 21.739456176757812 27
1777298567374 20.410295486450195 28
1777298568004 19.583518981933594 29
1777298568651 19.77463722229004 30
1777298569301 18.48833656311035 31
1777298569955 19.307159423828125 32
1777298570627 17.607248306274414 33
1777298574903 18.381929397583008 34
1777298578406 17.4777774810791 35
1777298580181 17.327783584594727 36
1777298580856 17.463701248168945 37
1777298581548 16.071210861206055 38
1777298582205 17.240602493286133 39
1777298582860 16.43836212158203 40
1777298583490 17.399171829223633 41
1777298584123 16.197063446044922 42
1777298584769 17.491168975830078 43
1777298585412 16.36553192138672 44
1777298586057 17.09187126159668 45
1777298586703 16.7412109375 46
1777298587342 16.820341110229492 47
1777298587998 15.515746116638184 48
1777298588649 15.826374053955078 49
1777298589289 14.874009132385254 50
1777298589933 14.352262496948242 51
1777298590574 17.797924041748047 52
1777298591213 14.761728286743164 53
1777298591909 15.063196182250977 54
1777298592541 14.097488403320312 55
1777298593193 14.45743465423584 56
1777298593834 14.81204605102539 57
1777298594470 14.310820579528809 58
1777298595111 15.224899291992188 59
1777298595769 14.166857719421387 60
1777298596413 14.948613166809082 61
1777298597045 14.166966438293457 62
1777298597681 13.289689064025879 63
1777298598319 14.080228805541992 64
1777298598949 13.9932861328125 65
1777298599584 12.87814712524414 66
1777298600225 14.139698028564453 67
1777298600872 13.401883125305176 68
1777298601530 12.334986686706543 69
1777298602209 13.956685066223145 70
1777298602844 13.748477935791016 71
1777298603498 13.473467826843262 72
1777298604125 13.706809043884277 73
1777298604757 13.95190143585205 74
1777298605447 12.58388900756836 75
1777298606076 13.351813316345215 76
1777298606704 13.274409294128418 77
1777298607339 13.998030662536621 78
1777298607973 13.065098762512207 79
1777298608606 13.757166862487793 80
1777298609287 12.274253845214844 81
1777298609921 12.981005668640137 82
1777298610578 12.385544776916504 83
1777298611209 11.843307495117188 84
1777298611859 12.507234573364258 85
1777298612542 12.3573637008667 86
1777298613184 11.90711498260498 87
1777298613822 12.457646369934082 88
1777298614469 12.178935050964355 89
1777298615111 12.105716705322266 90
1777298615774 12.669679641723633 91
1777298616420 12.76138687133789 92
1777298617073 12.728943824768066 93
1777298617713 12.088213920593262 94
1777298618351 12.35680103302002 95
1777298618990 12.402347564697266 96
1777298619633 12.292397499084473 97
1777298620266 12.352254867553711 98
1777298620918 11.463458061218262 99
