1777149533163 172.10376739501953 1
1777149727131 168.65171813964844 2
1777149727795 165.13885498046875 3
1777149728439 160.87842559814453 4
1777149729079 155.90796661376953 5
1777149729723 150.2957534790039 6
1777149730370 143.72069549560547 7
1777149731016 136.02659606933594 8
1777149731677 127.90784454345703 9
1777149732327 119.30134963989258 10
1777149732976 110.00070190429688 11
1777149733621 100.20637512207031 12
1777149734273 89.71667098999023 13
1777149734931 79.04463195800781 14
1777149735597 68.40300750732422 15
1777149736247 58.19911003112793 16
1777149736905 49.64754104614258 17
1777149737569 41.123029708862305 18
1777149738231 34.65566825866699 19
1777149738885 29.214608192443848 20
1777149739545 26.234737396240234 21
1777149740212 23.71206283569336 22
1777149740870 21.306175231933594 23
1777149741530 22.35975933074951 24
1777149742212 20.87247943878174 25
1777149742886 19.41400146484375 26
1777149743571 20.053529739379883 27
1777149744247 18.678914070129395 28
1777149744918 20.03700828552246 29
1777149745600 20.634760856628418 30
1777149746285 18.109844207763672 31
1777149746964 18.09117889404297 32
1777149747649 18.093880653381348 33
1777149748350 17.280383110046387 34
1777149749042 18.488341331481934 35
1777149749734 17.348029136657715 36
1777149750480 18.35137367248535 37
1777149751221 15.934440612792969 38
1777149966858 17.889071464538574 39
1777149967489 15.68449354171753 40
1777149968122 16.348468780517578 41
1777149968756 17.175695419311523 42
1777149969389 16.859853744506836 43
1777149970026 15.846077919006348 44
1777149970652 15.83105754852295 45
1777149971290 16.984517097473145 46
1777149971926 14.705804824829102 47
1777149972554 15.614775657653809 48
1777149973191 14.070279598236084 49
1777149973833 14.016453742980957 50
1777149974496 16.819464683532715 51
1777149975127 16.24848175048828 52
1777149975767 13.240236759185791 53
1777149976406 14.565353393554688 54
1777149977037 14.423455715179443 55
1777149977676 14.343024253845215 56
1777149978313 13.480061054229736 57
1777149978945 15.874815940856934 58
1777149979589 15.594598293304443 59
1777149980224 14.22807788848877 60
1777149980852 13.773464679718018 61
1777149981487 13.833704471588135 62
1777149982121 14.030352592468262 63
1777149982773 13.256155490875244 64
1777149983415 13.183934211730957 65
1777149984062 14.559172630310059 66
1777149984736 12.735889434814453 67
1777149985375 14.258653163909912 68
1777149986018 12.22437334060669 69
1777149986665 12.410590171813965 70
1777149987308 12.914852619171143 71
1777149987945 12.47237253189087 72
1777149988589 13.242457866668701 73
1777149989230 13.33393144607544 74
1777149989864 12.40349292755127 75
1777149990508 11.62375020980835 76
1777149991145 12.019525527954102 77
1777149991778 12.02418327331543 78
