1777418452341 -1.9435669424185322 1
1777418455719 -1.898500648045463 2
1777418458900 -1.8560937645604882 3
1777418462200 -1.8190230649801533 4
1777418467664 -1.780341251605413 5
1777418474437 -1.738587967424729 6
1777418474785 -1.6920090156297607 7
1777418478307 -1.6397825705605178 8
1777418478653 -1.5817927083858896 9
1777418478970 -1.5142735201875808 10
1777418481927 -1.4419313252319803 11
1777418482266 -1.3596376582991572 12
1777418485146 -1.2676183364249076 13
1777418492015 -1.1726847019345485 14
1777418494991 -1.0643070154821697 15
1777418499141 -0.9615271877897229 16
1777418506078 -0.8646540643811644 17
1777418511911 -0.7572184559342512 18
1777418514264 -0.6599907100158562 19
1777418519683 -0.5628908046214349 20
1777418524535 -0.46801957970991337 21
1777418524871 -0.3738375288931679 22
1777418529696 -0.2743078544977462 23
1777418539274 -0.17960110707729204 24
1777418542194 -0.07929747688254807 25
1777418552660 0.01659529801834614 26
1777418553020 0.11053671653464558 27
1777418556084 0.21848356553653203 28
1777418556402 0.2935755288818138 29
1777418559959 0.3925629769387027 30
1777418560299 0.46107888963322874 31
1777418560687 0.5441583484298554 32
1777418563481 0.6124356959471142 33
1777418569564 0.6742285736293572 34
1777418572910 0.7270964609634416 35
1777418576093 0.7698397864058146 36
1777418585357 0.806294219552973 37
1777418591704 0.84871305272281 38
1777418607158 0.8537956108509662 39
1777418613329 0.8766476524834907 40
1777418616699 0.8927947792407817 41
1777418623559 0.8972551028029933 42
1777418623980 0.9073393404309357 43
1777418624365 0.9179720306684362 44
1777418629871 0.9260746301310931 45
1777418636309 0.9279669996415258 46
1777418639613 0.9336370215081787 47
1777418642864 0.9329555851176765 48
1777418646231 0.937198656812652 49
1777418649329 0.9403400355637224 50
1777418664549 0.9428953369450676 51
1777418676483 0.9499038457999229 52
1777418682046 0.952461531362357 53
1777418690317 0.9443907798082734 54
1777418693743 0.9543214260448853 55
1777418699907 0.95597546662689 56
1777418706109 0.9579383195786578 57
1777418709412 0.9602083744430993 58
1777418722173 0.9546288290885312 59
1777418732300 0.9585245460966045 60
1777418732989 0.9572610988063609 61
1777418742376 0.96598557796974 62
1777418745874 0.9552482401954452 63
1777418749594 0.9596787895192336 64
1777418755605 0.9597290566428683 65
1777418763386 0.9638318575414995 66
1777418763803 0.9557600342907038 67
1777418767197 0.9557864395510536 68
1777418767598 0.9574588980183734 69
1777418770910 0.9526690477560623 70
1777418773991 0.9640008232875878 71
1777418777038 0.9739647812822799 72
1777418780023 0.9712236726176551 73
1777418784481 0.963703475116614 74
1777418788985 0.9685359243543201 75
1777418794502 0.9642461128041802 76
1777418799889 0.9678734417865067 77
1777418800289 0.9665388033247154 78
1777418803258 0.9625541795943577 79
1777418811808 0.9685145325216299 80
1777418826511 0.964646961444684 81
1777418833532 0.9700386677185979 82
1777418842652 0.9628855179579128 83
1777418856192 0.9627765841607581 84
1777418856553 0.9675090958434865 85
1777418875541 0.9666495558035957 86
1777418892038 0.9675754568749692 87
1777418902520 0.9666295047849524 88
1777418910010 0.9709300164702406 89
1777418923078 0.975578416598295 90
1777418941178 0.965231364394927 91
1777418942694 0.9719484311437444 92
1777418955695 0.9752871373131118 93
1777418975109 0.9725081847322172 94
1777418987760 0.9694767478397063 95
1777418998758 0.971647174693506 96
1777418999808 0.9672677733100431 97
1777419027142 0.9692755550176997 98
1777419030656 0.9748918517743123 99
1777419037124 0.9680166704836277 100
1777419041808 0.9748643355404076 101
1777419055300 0.9769062018634193 102
1777419058720 0.9731429577653191 103
1777419062417 0.9681403981495804 104
1777419067072 0.9753899887502144 105
1777419081886 0.9785886396053535 106
1777419085122 0.9686975654147962 107
1777419088588 0.9794009385392372 108
1777419092003 0.9665233088087231 109
1777419092341 0.9738271295073768 110
1777419099674 0.9723675599447664 111
1777419104247 0.9756246650807501 112
1777419117286 0.9740168927681143 113
1777419120026 0.9705263597441 114
1777419120372 0.9665863395307858 115
1777419120702 0.9716564866317775 116
1777419124580 0.9754726103946366 117
1777419134424 0.9707888973836595 118
1777419134900 0.9756113957348307 119
1777419135529 0.9769707203592929 120
1777419138731 0.9729352421819107 121
1777419148088 0.9778342534252552 122
1777419154379 0.964647690503478 123
1777419157641 0.9743339859423915 124
1777419158028 0.9729330090128459 125
1777419161500 0.9734677291388362 126
1777419172236 0.968222391364517 127
1777419175250 0.977651379025787 128
1777419175637 0.9772844561296927 129
1777419176023 0.9738606186268833 130
1777419179897 0.978474434287777 131
1777419183409 0.9776577046038475 132
1777419186725 0.9737112628209715 133
1777419193199 0.9750694790579446 134
1777419194520 0.9782839298311733 135
1777419210517 0.9773189334178062 136
1777419210973 0.9775253163940465 137
1777419216648 0.9726608569632545 138
1777419232422 0.9763320276737029 139
1777419250275 0.9768569136294517 140
1777419257786 0.9789766583761847 141
1777419264113 0.982332100586603 142
1777419270478 0.9819523103491833 143
1777419270804 0.9800114479652755 144
1777419271126 0.9808324672415419 145
1777419280267 0.9829509886048677 146
1777419286499 0.9792873555206947 147
1777419289891 0.9803875153190909 148
1777419296622 0.9803650433540035 149
1777419297002 0.9820352756659804 150
1777419297375 0.9790330388864121 151
1777419299844 0.9817043792471737 152
1777419304232 0.9815868965886869 153
1777419307125 0.9790881349572969 154
1777419310001 0.9840624741333912 155
1777419319766 0.9726524489133961 156
1777419322752 0.9817907265884409 157
1777419323066 0.9734609154530645 158
1777419323381 0.982183370207933 159
1777419323714 0.9768214557317662 160
1777419324076 0.9831868669806779 161
1777419331403 0.9841574862470451 162
1777419335650 0.9825481595296223 163
1777419340403 0.9798906520350926 164
1777419346000 0.9788653048031135 165
1777419350386 0.9785735157348419 166
1777419362273 0.9829170744538117 167
1777419365352 0.9824551717681824 168
1777419368206 0.9829512677510008 169
1777419374540 0.9851813452396193 170
1777419374916 0.9830059227576602 171
1777419375302 0.9832213268023943 172
1777419378186 0.9875031227895554 173
1777419380759 0.9817624163986713 174
1777419385898 0.9852079075349504 175
1777419390457 0.9833781916025841 176
1777419393393 0.982642139203787 177
1777419398990 0.9808051319616633 178
1777419399357 0.9856115459407132 179
1777419403927 0.9851275499875302 180
1777419406943 0.9816803995716266 181
1777419418507 0.9808668523997659 182
1777419418850 0.9846123541908799 183
1777419419183 0.983231256933485 184
1777419423766 0.9822385347304697 185
1777419432293 0.9794680097999081 186
1777419445672 0.9867246094737181 187
1777419448763 0.984576798807582 188
1777419453505 0.9869083577665221 189
1777419455720 0.9866505265386694 190
1777419456060 0.9854629237567734 191
1777419456386 0.9839424188414668 192
1777419466008 0.9850961116127575 193
1777419466350 0.9821907867142645 194
1777419466688 0.9815635930464817 195
1777419472740 0.9853248922086325 196
1777419473085 0.9797730375291804 197
1777419473419 0.9856796013764042 198
1777419476866 0.9880741915837484 199
1777419479909 0.9765815022768449 200
1777419486768 0.9871239146910564 201
1777419492384 0.9855056794095419 202
1777419509339 0.9852085851353252 203
1777419515500 0.9853445908610201 204
1777419518866 0.9888332933906545 205
1777419522135 0.9881057827929348 206
1777419525303 0.9872622308986388 207
1777419531888 0.985160173546189 208
1777419532224 0.9866696471431281 209
1777419532568 0.982712458786244 210
1777419535525 0.9857886002262884 211
1777419535856 0.9841324402460068 212
1777419541601 0.9855838584609816 213
1777419541918 0.9881105069010984 214
1777419545319 0.9893690575820062 215
1777419551416 0.9870437268081464 216
1777419554652 0.9858861738588034 217
1777419555071 0.9881636807325944 218
1777419565695 0.9811539299645862 219
1777419575084 0.9872189410594137 220
1777419587827 0.9873883558547498 221
1777419588163 0.9865086653917329 222
1777419588500 0.9868727280590802 223
1777419591786 0.9866644361532643 224
1777419592115 0.9890106911744163 225
1777419603810 0.9845330878897239 226
1777419610011 0.9876065850073423 227
1777419610342 0.9833095861800815 228
1777419619921 0.9872401617784126 229
1777419632627 0.9886780261048285 230
1777419633235 0.9880114243777515 231
1777419636693 0.9856399024210517 232
1777419637035 0.9861466508902422 233
1777419643331 0.9844717066008168 234
1777419646420 0.984348366092315 235
1777419646755 0.9884080763396906 236
1777419647121 0.9881717409018448 237
1777419647493 0.9889777063385559 238
1777419650814 0.9875612034209188 239
1777419651177 0.985062054381774 240
1777419651582 0.9884440970507445 241
1777419657933 0.987090212598163 242
1777419664037 0.9883822332177682 243
1777419664397 0.9876952384526306 244
1777419664760 0.9862066669853702 245
1777419665130 0.988444243637533 246
1777419665486 0.9870614745713168 247
1777419665852 0.9867232854938351 248
1777419669186 0.9850906634178056 249
1777419672503 0.9866203086163615 250
1777419672925 0.9890161263927456 251
1777419673301 0.98624236575937 252
1777419676236 0.9884496207225719 253
1777419679369 0.9904006160057144 254
1777419685726 0.9844608675949348 255
1777419689218 0.9890980302560545 256
1777419689723 0.988997943318623 257
1777419691211 0.9890166886085834 258
1777419703627 0.9897084731065373 259
1777419704298 0.9885229477892656 260
1777419710115 0.9880419253252504 261
1777419717844 0.9909562916126928 262
1777419724606 0.9852749124261068 263
1777419728116 0.9879129051047237 264
1777419731672 0.9840166633030724 265
1777419732060 0.9856770820474843 266
1777419732460 0.9868369524662222 267
1777419740428 0.9869914619550136 268
1777419759559 0.9873697260065398 269
1777419771001 0.9870699286705601 270
1777419778494 0.9862171821217377 271
1777419788798 0.9885248632368987 272
1777419792380 0.989317993478069 273
1777419799518 0.9891725583427201 274
1777419804982 0.988243086231396 275
1777419808667 0.988989721833768 276
1777419819056 0.9898421277262616 277
1777419819502 0.9886973597444141 278
1777419823873 0.9903223084946258 279
1777419836419 0.9910240693115591 280
1777419841709 0.9883241753848547 281
1777419844813 0.9900311599466158 282
1777419854300 0.9903630583865306 283
1777419854663 0.988657453069335 284
1777419855050 0.9901983278007599 285
1777419858390 0.9898839837986824 286
1777419858762 0.9901220316467242 287
1777419864384 0.9906992554030127 288
1777419872546 0.9898891959022538 289
1777419880157 0.9881001325380347 290
