1777377018475 48547.99609375 1
1777377020161 47354.979166666664 2
1777377021059 46050.634114583336 3
1777377024101 44563.19921875 4
1777377024941 42650.430989583336 5
1777377025907 39924.20703125 6
1777377027515 36742.067708333336 7
1777377028370 33282.720052083336 8
1777377030121 29567.951822916668 9
1777377031769 25986.752604166668 10
1777377032622 22403.225260416668 11
1777377033688 18889.265625 12
1777377034910 15443.048502604166 13
1777377036187 12035.9345703125 14
1777377038753 8977.916666666666 15
1777377039577 6418.960123697917 16
1777377040819 4353.284016927083 17
1777377042103 2958.1024576822915 18
1777377044542 2095.903564453125 19
1777377045796 1571.5694986979167 20
1777377046735 1198.3730061848958 21
1777377047921 1166.1687825520833 22
1777377049517 930.8583577473959 23
1777377050448 956.6430053710938 24
1777377051296 845.601318359375 25
1777377052164 808.7642211914062 26
1777377053506 807.1727498372396 27
1777377055238 708.6101481119791 28
1777377056589 654.7867024739584 29
1777377057488 667.8808390299479 30
1777377061272 780.5766805013021 31
1777377063238 594.4172566731771 32
1777377066382 672.033447265625 33
1777377067837 660.96044921875 34
1777377070000 544.8628743489584 35
1777377072269 556.6699015299479 36
1777377073746 530.2025756835938 37
1777377076226 542.606201171875 38
1777377077261 507.95909627278644 39
1777377079298 512.1868896484375 40
1777377081186 528.5357157389323 41
1777377083057 502.81825764973956 42
1777377086626 502.88121541341144 43
1777377088439 496.35057576497394 44
1777377090073 426.5554911295573 45
1777377092124 464.737060546875 46
1777377095487 457.17038981119794 47
1777377097849 455.1618143717448 48
1777377099414 371.36559041341144 49
1777377101423 425.21266682942706 50
1777377102837 444.9740905761719 51
1777377105131 426.6576639811198 52
1777377106933 370.4592793782552 53
1777377109664 361.4439392089844 54
1777377116141 342.95521036783856 55
1777377118902 370.6289367675781 56
1777377121541 351.4010009765625 57
1777377122616 354.5412089029948 58
1777377123999 381.45276896158856 59
1777377128412 362.4751281738281 60
1777377129875 312.3318379720052 61
1777377132052 352.54254150390625 62
1777377134165 394.02870686848956 63
1777377136344 325.8490498860677 64
1777377138011 328.3006591796875 65
1777377140404 328.5236104329427 66
1777377142613 323.2806091308594 67
