1777224286212 195.3247833251953 1
1777224305656 193.56724548339844 2
1777224309817 191.48551177978516 3
1777224314595 189.39649200439453 4
1777224317643 187.06856536865234 5
1777224321650 184.4331817626953 6
1777224336238 181.36669921875 7
1777224340386 177.86593627929688 8
1777224342003 174.0797882080078 9
1777224346438 169.94562530517578 10
1777224350533 165.4976577758789 11
1777224352619 160.72644805908203 12
1777224358540 155.59747314453125 13
1777224362259 150.16698455810547 14
1777224363491 144.42369079589844 15
1777224365740 138.2321014404297 16
1777224367552 131.91807556152344 17
1777224368787 125.31151580810547 18
1777224370660 118.4580192565918 19
1777224374062 111.29245376586914 20
1777224420511 104.1011848449707 21
1777224421391 96.71104049682617 22
1777224422043 89.24623489379883 23
1777224431471 81.54998016357422 24
1777224434467 73.64285659790039 25
1777224436654 66.31754684448242 26
1777224457429 59.04014205932617 27
1777224486907 52.929426193237305 28
1777224498835 46.6479377746582 29
1777224505471 42.2135009765625 30
1777224513838 36.69134521484375 31
1777224516827 34.03864860534668 32
1777224523003 30.537638664245605 33
1777224525004 28.388686180114746 34
1777224530007 26.863734245300293 35
1777224534923 26.05968189239502 36
1777224537029 25.011385917663574 37
1777224538960 23.815768241882324 38
1777224542131 22.800450325012207 39
1777224544352 22.60665512084961 40
1777224555951 21.65731143951416 41
1777224565062 22.127575874328613 42
1777224577074 22.101537704467773 43
1777224578642 20.53749656677246 44
1777224581019 20.20302677154541 45
1777224582525 20.925270080566406 46
1777224585196 20.61909770965576 47
1777224586552 19.672056198120117 48
1777224588869 20.225014686584473 49
1777224591923 19.706992149353027 50
1777224594353 18.408963203430176 51
1777224600598 19.43850803375244 52
1777224605290 19.86324691772461 53
1777224609777 19.035141944885254 54
1777224638771 18.4448184967041 55
1777224640438 18.3698787689209 56
1777224643204 19.214791297912598 57
1777224647885 18.43893051147461 58
1777224654127 18.44998264312744 59
1777224700529 17.864632606506348 60
1777224701367 17.806514739990234 61
1777224703011 17.216400146484375 62
1777224704468 19.216466903686523 63
1777224705767 17.57310199737549 64
1777224706532 17.546029090881348 65
1777224707275 16.854951858520508 66
1777224708116 17.67859935760498 67
1777224709089 18.368325233459473 68
1777224712847 16.424132347106934 69
1777224715500 17.67084503173828 70
1777224718397 16.17878818511963 71
