1777434164184 160.71768188476562 1
1777434165099 153.75352478027344 2
1777434166023 145.3289794921875 3
1777434166913 133.7040557861328 4
1777434167824 118.52730560302734 5
1777434168706 102.54650115966797 6
1777434169595 85.66481018066406 7
1777434170465 69.23594665527344 8
1777434171323 53.592105865478516 9
1777434172190 40.003997802734375 10
1777434173100 29.810585021972656 11
1777434173939 26.06374740600586 12
1777434174811 23.4615421295166 13
1777434175694 21.41313362121582 14
1777434176554 20.679536819458008 15
1777434177544 20.658769607543945 16
1777434178406 18.36322593688965 17
1777434179278 18.54416847229004 18
1777434180170 17.867868423461914 19
1777434181025 18.34495735168457 20
1777434181906 17.191822052001953 21
1777434182764 16.412368774414062 22
1777434183655 16.675962448120117 23
1777434184544 16.9315242767334 24
1777434185413 16.427776336669922 25
1777434186280 16.568628311157227 26
1777434187152 16.95688819885254 27
1777434188009 16.72308921813965 28
1777434188897 15.474380493164062 29
1777434189761 14.706854820251465 30
1777434190614 15.198173522949219 31
1777434191487 14.894354820251465 32
1777434192378 14.629413604736328 33
1777434193265 14.019891738891602 34
1777434194124 15.093420028686523 35
1777434194999 16.217647552490234 36
1777434195869 13.350178718566895 37
1777434197360 14.818009376525879 38
1777434198225 15.397603988647461 39
1777434199096 14.30807113647461 40
1777434199965 13.953160285949707 41
1777434200820 13.911665916442871 42
1777434201686 14.034085273742676 43
1777434202546 14.508355140686035 44
1777434203396 13.045516014099121 45
1777434204291 13.18108081817627 46
1777434205165 13.75495433807373 47
1777434206047 12.922407150268555 48
1777434206919 12.833352088928223 49
1777434207807 12.620144844055176 50
1777434208666 11.847175598144531 51
1777434209530 12.948153495788574 52
1777434210410 12.051935195922852 53
1777434211276 11.922786712646484 54
1777434212129 11.494309425354004 55
1777434213008 10.983625411987305 56
1777434213882 11.26878547668457 57
1777434214764 11.020915985107422 58
1777434215638 11.812726020812988 59
1777434216537 10.744325637817383 60
1777434217428 10.62410831451416 61
1777434218319 10.8466157913208 62
1777434219207 10.961155891418457 63
1777434220096 10.95018482208252 64
1777434220964 10.468246459960938 65
1777434221836 11.826333999633789 66
1777434222695 10.145383834838867 67
1777434223568 9.913400650024414 68
1777434224440 10.088815689086914 69
1777434225323 9.354666709899902 70
1777434226215 9.915390014648438 71
1777434227154 9.864632606506348 72
1777434228036 9.46363639831543 73
1777434228884 9.609214782714844 74
1777434229744 8.869420051574707 75
1777434230627 9.047558784484863 76
1777434231538 8.908341407775879 77
1777434232393 10.124969482421875 78
1777434233281 9.492380142211914 79
1777434234180 9.536396026611328 80
1777434235041 9.017843246459961 81
