1777434164184 41187.203125 1
1777434165099 38957.09375 2
1777434166023 35843.240885416664 3
1777434166913 31229.198567708332 4
1777434167824 26142.001302083332 5
1777434168706 21086.127604166668 6
1777434169595 16022.873697916666 7
1777434170465 11255.787760416666 8
1777434171323 7057.971028645833 9
1777434172190 4078.98828125 10
1777434173100 2107.16748046875 11
1777434173939 1497.4806315104167 12
1777434174811 1170.9541422526042 13
1777434175694 933.0354410807291 14
1777434176554 862.38427734375 15
1777434177544 885.8940022786459 16
1777434178406 675.6197916666666 17
1777434179278 685.3767700195312 18
1777434180170 643.3713175455729 19
1777434181025 663.7186279296875 20
1777434181906 596.2159016927084 21
1777434182764 519.7215576171875 22
1777434183655 553.8918253580729 23
1777434184544 566.0442708333334 24
1777434185413 535.1462809244791 25
1777434186280 566.9284261067709 26
1777434187152 564.6066691080729 27
1777434188009 562.2028605143229 28
1777434188897 470.8076171875 29
1777434189761 439.65842692057294 30
1777434190614 465.96019490559894 31
1777434191487 441.03936767578125 32
1777434192378 429.8061218261719 33
1777434193265 386.84576416015625 34
1777434194124 449.43280029296875 35
1777434194999 521.1341451009115 36
1777434195869 344.96617635091144 37
1777434197360 442.2236328125 38
1777434198225 475.1370137532552 39
1777434199096 420.84154256184894 40
1777434199965 390.16993204752606 41
1777434200820 390.4143371582031 42
1777434201686 401.13999430338544 43
1777434202546 426.0015055338542 44
1777434203396 329.07248942057294 45
1777434204291 333.9632263183594 46
1777434205165 360.08045450846356 47
1777434206047 333.49916585286456 48
1777434206919 305.206787109375 49
1777434207807 326.540771484375 50
1777434208666 281.51015218098956 51
1777434209530 329.4093322753906 52
1777434210410 288.709228515625 53
1777434211276 276.0678304036458 54
1777434212129 254.56201680501303 55
1777434213008 229.48777770996094 56
1777434213882 244.42035420735678 57
1777434214764 230.47403462727866 58
1777434215638 261.0604654947917 59
1777434216537 219.68444315592447 60
1777434217428 204.79024759928384 61
1777434218319 217.91326395670572 62
1777434219207 232.3371836344401 63
1777434220096 232.68995666503906 64
1777434220964 207.8605753580729 65
1777434221836 264.09019978841144 66
1777434222695 197.72512817382812 67
1777434223568 194.76866149902344 68
1777434224440 191.71182759602866 69
1777434225323 158.70816040039062 70
1777434226215 177.81708272298178 71
1777434227154 179.91476440429688 72
1777434228036 168.8179677327474 73
1777434228884 169.66558329264322 74
1777434229744 146.77708435058594 75
1777434230627 149.59245808919272 76
1777434231538 148.06101989746094 77
1777434232393 216.5567169189453 78
1777434233281 166.04272969563803 79
1777434234180 173.53380839029947 80
1777434235041 147.46467081705728 81
