1777217739110 -2.654337900501626 1
1777217740345 -2.2468571600453564 2
1777217743351 -1.6571388848666468 3
1777217744580 -0.9568508215246044 4
1777217745743 -0.22903217513750823 5
1777217747003 0.368336990075905 6
1777217748468 0.7303252690879865 7
1777217749670 0.8812877852541605 8
1777217750822 0.9161649127505769 9
1777217751956 0.9304135190437417 10
1777217753081 0.9424790480542491 11
1777217754215 0.9432462120099248 12
1777217755367 0.9521211014201313 13
1777217756497 0.9533253726825766 14
1777217757635 0.9493181963034159 15
1777217758770 0.9561391948853171 16
1777217759967 0.955642660046756 17
1777217761119 0.960379759864286 18
1777217762538 0.9608106917180639 19
1777217764164 0.9596759943113258 20
1777217765347 0.964838633005269 21
1777217766509 0.9678258576687714 22
1777217767662 0.9655465362244859 23
1777217768854 0.9668880036459001 24
1777217770089 0.9713720935148519 25
1777217771271 0.9652340998371167 26
1777217772419 0.9715725678464777 27
1777217773852 0.9659218649553252 28
1777217775284 0.9687546944372745 29
1777217776555 0.9718850173498532 30
1777217777692 0.9713690555198801 31
1777217778826 0.97436814732388 32
1777217780001 0.9723531554881568 33
1777217781164 0.9708446273228253 34
1777217782496 0.9707769175645012 35
1777217783906 0.9744556306368171 36
1777217785063 0.9755616754841204 37
1777217786183 0.9773865822315013 38
1777217787311 0.9750627781249147 39
1777217788431 0.9734501984801522 40
1777217789567 0.9774788798414678 41
1777217790832 0.9736710447844544 42
1777217791949 0.9788784969885684 43
1777217793087 0.9759942725242052 44
1777217794203 0.9778692534513459 45
1777217795316 0.9788721620459852 46
1777217796461 0.9788421403271901 47
1777217797593 0.9799213780673093 48
1777217798721 0.976686971720054 49
