1777217739110 221.54238725243016 1
1777217740345 208.82573151080632 2
1777217743351 188.91172997592892 3
1777217744580 162.1173173772217 4
1777217745743 128.47861105757133 5
1777217747003 92.10646012638293 6
1777217748468 60.180443876600485 7
1777217749670 39.924357433801546 8
1777217750822 33.546978878212904 9
1777217751956 30.5664965360932 10
1777217753081 27.79092769686319 11
1777217754215 27.601411877161517 12
1777217755367 25.354389664632656 13
1777217756497 25.029444514664203 14
1777217757635 26.087861317768983 15
1777217758770 24.261553993359236 16
1777217759967 24.405710507959867 17
1777217761119 23.057365146557 18
1777217762538 22.93717098695418 19
1777217764164 23.26285869132272 20
1777217765347 21.72754588428162 21
1777217766509 20.775601294764243 22
1777217767662 21.50713506909418 23
1777217768854 21.08381928976835 24
1777217770089 19.60619944219286 25
1777217771271 21.6058815564157 26
1777217772419 19.534763444416075 27
1777217773852 21.390817936251253 28
1777217775284 20.476187099728886 29
1777217776555 19.424546722172632 30
1777217777692 19.604877883010385 31
1777217778826 18.546415659130492 32
1777217780001 19.255840535352686 33
1777217781164 19.777774634194024 34
1777217782496 19.806950229760055 35
1777217783906 18.514117118919437 36
1777217785063 18.107763801876793 37
1777217786183 17.42364060644914 38
1777217787311 18.291719201946837 39
1777217788431 18.88096323582426 40
1777217789567 17.391341625018036 41
1777217790832 18.802159826368296 42
1777217791949 16.83480936168595 43
1777217793087 17.951916223218415 44
1777217794203 17.231767053667078 45
1777217795316 16.83283816335868 46
1777217796461 16.853239996607407 47
1777217797593 16.41719878921116 48
1777217798721 17.692458901301638 49
