1777430459505 38886.9609375 1
1777430460133 38283.19140625 2
1777430460501 37680.625 3
1777430460871 37148.34375 4
1777430461481 36612.26171875 5
1777430461849 36025.30859375 6
1777430462239 35421.375 7
1777430462615 34735.30859375 8
1777430462986 33981.9375 9
1777430463343 33108.12109375 10
1777430463721 32134.544921875 11
1777430464068 31008.19140625 12
1777430464421 29787.109375 13
1777430464763 28551.943359375 14
1777430465112 27248.080078125 15
1777430465449 25868.400390625 16
1777430465803 24494.689453125 17
1777430466150 23069.3984375 18
1777430466631 21622.3671875 19
1777430467072 20296.55078125 20
1777430467386 18922.21875 21
1777430467732 17341.138671875 22
1777430468071 16040.5146484375 23
1777430468446 14588.9013671875 24
1777430468804 13304.5107421875 25
1777430469172 11787.779296875 26
1777430469537 10637.3984375 27
1777430469928 9212.2373046875 28
1777430470299 7896.93212890625 29
1777430470673 6726.78515625 30
1777430471023 5847.740234375 31
1777430471376 4865.3076171875 32
1777430471788 4036.013916015625 33
1777430472169 3538.087158203125 34
1777430472518 2882.4267578125 35
1777430472843 2447.71240234375 36
1777430473149 2037.23779296875 37
1777430473469 1826.5966796875 38
1777430473803 1674.6754150390625 39
1777430474177 1390.0924072265625 40
1777430474555 1287.1839599609375 41
1777430474926 1056.957275390625 42
1777430475288 1047.8499755859375 43
1777430475652 1004.5150756835938 44
1777430476005 1041.3924560546875 45
1777430476345 943.5682373046875 46
1777430476706 797.1426391601562 47
1777430477114 817.6129150390625 48
1777430477495 776.948974609375 49
1777430477858 697.7627563476562 50
1777430478219 857.3184204101562 51
1777430478584 840.2493896484375 52
1777430478952 656.4506225585938 53
1777430479325 691.2796630859375 54
1777430479677 723.8859252929688 55
1777430479983 712.8959350585938 56
1777430480308 746.9640502929688 57
1777430480632 545.7520751953125 58
1777430480942 670.5698852539062 59
1777430481263 565.5780029296875 60
1777430481582 539.4390869140625 61
1777430481900 667.3012084960938 62
1777430482224 585.032470703125 63
1777430482536 560.7516479492188 64
1777430482864 509.9537353515625 65
1777430483181 727.0695190429688 66
1777430483493 563.8390502929688 67
1777430483806 576.6782836914062 68
1777430484133 569.110107421875 69
1777430484455 412.7009582519531 70
1777430484772 415.7607116699219 71
1777430485087 476.54241943359375 72
1777430485403 506.9928894042969 73
1777430485726 563.5752563476562 74
1777430486342 544.909423828125 75
1777430486678 353.5743713378906 76
1777430487042 578.8336791992188 77
1777430487414 397.6641540527344 78
1777430487791 425.7348937988281 79
1777430488178 381.4953308105469 80
1777430488578 558.2132568359375 81
1777430488974 479.5499572753906 82
1777430489388 508.7752685546875 83
1777430489801 560.7970581054688 84
1777430490221 426.7265930175781 85
1777430490764 373.55718994140625 86
1777430491134 423.45245361328125 87
1777430491492 466.16290283203125 88
1777430491845 492.2680969238281 89
1777430492218 409.5978088378906 90
1777430492572 412.8070373535156 91
1777430492940 420.3895263671875 92
1777430493316 506.3407287597656 93
1777430493704 514.1642456054688 94
1777430494108 495.5782775878906 95
1777430494429 421.11541748046875 96
1777430494771 428.6999206542969 97
1777430495097 560.0935668945312 98
1777430495421 422.4540100097656 99
1777430495735 444.09613037109375 100
1777430496042 314.769775390625 101
1777430496345 346.2091979980469 102
1777430496684 431.18182373046875 103
1777430496978 515.943359375 104
1777430497286 372.4527893066406 105
1777430497597 375.30047607421875 106
1777430497934 533.130126953125 107
1777430498261 477.89495849609375 108
1777430498582 572.499755859375 109
1777430498902 270.6277770996094 110
1777430499225 350.1595458984375 111
1777430499574 357.09844970703125 112
1777430499899 253.7830810546875 113
1777430500224 293.6677551269531 114
1777430500554 401.1317443847656 115
1777430500953 349.6397399902344 116
1777430501339 442.26568603515625 117
1777430501723 325.1983642578125 118
1777430502112 441.80078125 119
1777430502482 379.1959228515625 120
1777430502880 382.5072021484375 121
1777430503264 403.4571228027344 122
1777430503695 437.43829345703125 123
1777430518258 422.5328674316406 124
1777430547451 262.4234619140625 125
1777430547950 346.6429138183594 126
1777430548435 463.7853088378906 127
1777430548830 336.02117919921875 128
1777430549229 312.2026672363281 129
1777430549620 340.64208984375 130
1777430550292 444.08740234375 131
1777430567142 387.1585388183594 132
1777430567777 261.7863464355469 133
1777430568242 320.1656799316406 134
1777430568792 361.0291442871094 135
1777430569236 299.2540283203125 136
1777430569625 352.4430236816406 137
1777430569994 256.56256103515625 138
1777430570360 364.8600769042969 139
1777430570720 428.0554504394531 140
1777430571099 276.29315185546875 141
1777430571459 292.7857666015625 142
1777430571807 270.5777587890625 143
1777430572153 327.8187561035156 144
1777430572516 282.4444580078125 145
1777430572889 305.0699462890625 146
1777430573251 297.760498046875 147
1777430573607 384.0350036621094 148
1777430573966 360.8042907714844 149
1777430574305 327.5889587402344 150
1777430574661 289.04876708984375 151
1777430575012 341.1325988769531 152
1777430575364 304.2030029296875 153
1777430575720 302.7046813964844 154
1777430576076 278.02789306640625 155
1777430576428 362.7239685058594 156
1777430576804 409.89923095703125 157
1777430577163 314.5201721191406 158
1777430577530 324.5511779785156 159
1777430577925 335.6772766113281 160
1777430578287 257.6639709472656 161
1777430578683 261.89337158203125 162
1777430579077 284.66357421875 163
1777430579508 325.1213684082031 164
1777430580440 247.6533203125 165
1777430604258 283.5371398925781 166
1777430604623 327.78070068359375 167
1777430604968 304.65948486328125 168
1777430605325 245.44532775878906 169
1777430605671 218.3070831298828 170
1777430606014 271.6164245605469 171
1777430606358 357.0033264160156 172
1777430606721 330.3895263671875 173
1777430607093 267.1802673339844 174
1777430607462 243.60667419433594 175
1777430607826 250.93548583984375 176
1777430608210 311.7950744628906 177
1777430608571 283.76629638671875 178
1777430608924 230.15618896484375 179
1777430609275 361.0892333984375 180
