1777425512859 226.29789720907704 1
1777425519862 223.9787761987729 2
1777425520201 222.2268161417519 3
1777425523240 220.51096557200958 4
1777425527686 218.66185724195248 5
1777425530017 216.58278223926297 6
1777425532515 214.30359598009548 7
1777425537265 211.57628278590207 8
1777425546341 208.4687101821278 9
1777425549305 204.87922318710113 10
1777425552331 201.1642480350323 11
1777425552650 197.15733723348973 12
1777425571424 193.17184909103602 13
1777425579540 189.15262314794896 14
1777425582197 185.00974425351222 15
1777425589961 180.5357316173865 16
1777425592123 176.11714851200605 17
1777425597376 171.216015104093 18
1777425599882 166.65099665918592 19
1777425604482 161.65212697719136 20
1777425604808 156.22440415352847 21
1777425620188 151.14277578460374 22
1777425622651 145.94985226097353 23
1777425631499 140.05968314882767 24
1777425649571 134.27770460178786 25
1777425655617 128.22159468572366 26
1777425665177 121.44335420783634 27
1777425668258 114.89874533556709 28
1777425671478 106.7237736738516 29
1777425680601 98.98318492773154 30
1777425685100 90.55587342043309 31
1777425687278 82.59523977090024 32
1777425699011 75.1648091539934 33
1777425710514 68.7308069800217 34
1777425719168 61.64123296594983 35
1777425728875 56.0320321159859 36
1777425729193 50.72171750791888 37
1777425729515 48.03149652262695 38
1777425729842 42.48278172582467 39
1777425730176 39.341567217547556 40
1777425739109 37.976740092929745 41
1777425745498 36.922126268717584 42
1777425748160 35.77547544833873 43
1777425754139 34.369795415656206 44
1777425757088 33.70753440963255 45
1777425757421 30.31822694772744 46
1777425760518 32.891044385687266 47
1777425766753 30.350890838771623 48
1777425769905 31.963403756288223 49
1777425770248 29.214006759052563 50
1777425773691 29.67899549239327 51
1777425780491 28.267572659542243 52
1777425780813 26.349722224876015 53
1777425786217 25.535800112828728 54
1777425786522 27.29897114697903 55
1777425798943 27.027696885339328 56
1777425799256 26.430402231320183 57
1777425799577 25.221132603139697 58
1777425806843 24.125058188887078 59
1777425810456 26.138263164746263 60
1777425810969 27.630559439530106 61
1777425822168 27.50100650679387 62
1777425837219 28.303580186386096 63
1777425871507 25.717922934377764 64
1777425881114 26.431842027169026 65
1777425890718 24.789402278635748 66
1777425891368 23.419332802746137 67
1777425905023 23.36389092008823 68
1777425905348 23.756535644740875 69
1777425921766 22.039038960019333 70
1777425938802 25.486802220018575 71
1777425947938 21.740627330161942 72
1777425955075 24.576204082992685 73
1777425959181 22.233305765313133 74
1777425965729 22.086386569099243 75
1777425966204 24.702192275639348 76
1777425966671 22.56840256175552 77
1777425967091 22.08322078268292 78
1777425969529 23.236728613137974 79
1777425969864 21.372497769064612 80
1777425980188 22.843541594466586 81
1777425980542 22.30073438042456 82
1777425980858 20.96675821273217 83
1777426004084 20.3801427798375 84
1777426012082 22.78417012320451 85
1777426018697 19.754550844115247 86
1777426055134 25.206114448014517 87
1777426062684 21.61539100210376 88
