1777424428521 -1.8002364280178402 1
1777424435542 -1.7581662396339506 2
1777424438901 -1.717653956239876 3
1777424442816 -1.6820257732820774 4
1777424449300 -1.6444414822843796 5
1777424452908 -1.6042022876787438 6
1777424453252 -1.56066897985751 7
1777424458831 -1.514304121221548 8
1777424461749 -1.4629062784281452 9
1777424462099 -1.4051614755172328 10
1777424465550 -1.3399340073311836 11
1777424469088 -1.258276400598847 12
1777424474812 -1.1722774754416934 13
1777424488466 -1.0844089519219233 14
1777424490316 -0.9857303801860284 15
1777424492173 -0.8861060639836316 16
1777424501254 -0.7804210097515598 17
1777424509179 -0.6756487766450312 18
1777424519907 -0.580457363647596 19
1777424528244 -0.4764946375071053 20
1777424535166 -0.3736609597820746 21
1777424545341 -0.2728488210016644 22
1777424548856 -0.17032265229286603 23
1777424549148 -0.07067966474048681 24
1777424553311 0.031890828129574 25
1777424558813 0.11030376013387522 26
1777424563978 0.20631971618249145 27
1777424581582 0.29005714894330714 28
1777424585438 0.3604116886547519 29
1777424585891 0.43237594227403076 30
1777424589563 0.49129699964394546 31
1777424590797 0.5602752985021193 32
1777424592040 0.6273706323044553 33
1777424596946 0.6712189112864829 34
1777424617313 0.725226994907917 35
1777424618196 0.7600173619200902 36
1777424627084 0.7980745657409303 37
1777424630897 0.826963304627621 38
1777424632600 0.8657751760018275 39
1777424642851 0.8724504474548433 40
1777424646314 0.8883676526303834 41
1777424648665 0.8974184869744604 42
1777424655248 0.9083393419907249 43
1777424665402 0.9220788855606982 44
1777424675897 0.932682207833736 45
1777424689953 0.9184007919737225 46
1777424707380 0.9396479764559148 47
1777424710873 0.9335130985202712 48
1777424721710 0.9354040090473243 49
1777424725902 0.9309333470960125 50
1777424750147 0.9368227170743326 51
1777424765680 0.9421631341419597 52
1777424769036 0.9429075578215178 53
1777424776585 0.941240206571715 54
1777424790973 0.9500619777197216 55
1777424800397 0.9430807908567528 56
1777424807015 0.9460772383480011 57
1777424823644 0.9524184289309159 58
1777424826349 0.952453376827296 59
1777424827683 0.9564646322417846 60
1777424830797 0.9504246940618125 61
1777424831541 0.9471769953868777 62
1777424844515 0.9512541637110461 63
1777424854902 0.9541901117261111 64
1777424855838 0.9636889656908262 65
1777424874578 0.9481242010894652 66
1777424880912 0.9504388700813373 67
1777424888458 0.9605094504226138 68
1777424892668 0.9559677003504856 69
1777424893841 0.9556871785382086 70
1777424908506 0.9613754053103593 71
1777424908816 0.9508982512494786 72
1777424909127 0.9560367285343201 73
1777424914796 0.9565616623768564 74
1777424915104 0.9645024759021874 75
1777424915422 0.9599598353893196 76
1777424922867 0.9493481435969691 77
1777424923171 0.9638788325178282 78
1777424929266 0.9605501214936626 79
1777424933074 0.9560482205472849 80
1777424936697 0.9666155729571635 81
1777424939796 0.9618099911286734 82
1777424940100 0.9664157337012509 83
1777424946456 0.9632437935214961 84
1777424946754 0.970699776016862 85
1777424947067 0.9590929190285248 86
1777424957010 0.9632026582035661 87
1777424964545 0.9669608914571105 88
1777424964856 0.9685158927283859 89
1777424968187 0.96642854742255 90
1777424968606 0.9598509682272073 91
1777424969044 0.958570861994532 92
1777424973787 0.9610884595258272 93
1777424986036 0.9627754698929353 94
1777424996141 0.9692589135198271 95
1777424996520 0.9755187246039198 96
1777425011577 0.9576741348954705 97
1777425018217 0.9517024841338174 98
1777425018901 0.967352408863923 99
1777425023212 0.9676217532348925 100
1777425033245 0.971048189496018 101
1777425046519 0.964768999275714 102
1777425050023 0.9617181539628155 103
1777425052921 0.9675427500852793 104
1777425053272 0.9642407852625898 105
1777425064661 0.9629570665295919 106
1777425075820 0.9646823728371473 107
1777425085921 0.9669122875991875 108
1777425087401 0.9676940945686017 109
1777425097541 0.9589907415878668 110
1777425102301 0.9727388117414866 111
1777425116215 0.958738096607521 112
1777425126908 0.9682691772217973 113
1777425150414 0.9730310158318436 114
1777425158244 0.9778333352478232 115
1777425168819 0.9697767517419964 116
1777425172292 0.973927890069261 117
1777425175693 0.9662080174695645 118
1777425189792 0.964260397790676 119
1777425190987 0.9741691513092107 120
1777425199705 0.9736393619009318 121
1777425209859 0.9709099936005977 122
1777425213174 0.9655638812638523 123
1777425227102 0.9706758026123329 124
1777425231332 0.9655666058603035 125
1777425238527 0.9710274074716898 126
1777425242172 0.9641202282117929 127
1777425243516 0.9706510174099785 128
1777425244756 0.9666240638550427 129
1777425245165 0.9688623274503427 130
1777425245780 0.9786115246431784 131
1777425250644 0.9716701991372537 132
1777425271834 0.972618769674935 133
1777425274369 0.9716356825084682 134
1777425278203 0.9693990450456872 135
1777425278697 0.9689621532141754 136
1777425279022 0.9651823033066637 137
1777425287923 0.9748013896030455 138
1777425289937 0.9733572367879498 139
1777425301720 0.9658702410787884 140
1777425302731 0.9771150539951088 141
1777425310642 0.9766783016913483 142
1777425313654 0.9746851046383043 143
1777425314308 0.9741695064707593 144
1777425315314 0.9734636025980128 145
1777425321963 0.9737433887185105 146
1777425325494 0.9716003314814329 147
1777425325827 0.9701328011944469 148
1777425326183 0.974542149578133 149
1777425328341 0.9753299562408501 150
1777425330640 0.9711048377630164 151
1777425333798 0.9703123860946177 152
1777425337034 0.9738442977250665 153
1777425337446 0.9784319904803717 154
1777425342761 0.9700500460167597 155
1777425349651 0.9710803113212189 156
1777425352956 0.9704537911283162 157
1777425355606 0.9707332246241336 158
1777425364770 0.9779755596899516 159
1777425368152 0.9732031880031219 160
1777425368500 0.9729847408189319 161
1777425370872 0.9758895386293184 162
1777425376903 0.9770703119260336 163
1777425380053 0.9742384230323928 164
1777425385553 0.9761720417356627 165
1777425390570 0.9717077600078842 166
1777425396824 0.9719529432460775 167
1777425402728 0.974425679422013 168
1777425403220 0.9732230009437961 169
1777425406765 0.9788156968699836 170
1777425412127 0.9769211104209026 171
1777425412534 0.9757602623625038 172
1777425412912 0.9736718591826268 173
1777425417344 0.9785832055834156 174
1777425417720 0.9787117791377375 175
1777425420991 0.9785392518049107 176
1777425427218 0.9825095697771891 177
1777425435667 0.9735712520633871 178
1777425444573 0.9658325406804067 179
1777425451455 0.9736273346087759 180
1777425470841 0.9757283916872552 181
1777425474304 0.971222134938171 182
