1777209093638 -1.901947934073791 1
1777209094238 -1.7876954932085618 2
1777209094831 -1.6643295671251628 3
1777209095425 -1.495526883809403 4
1777209096023 -1.2803291318928172 5
1777209096615 -1.0516973073948739 6
1777209097207 -0.8030318673029726 7
1777209097796 -0.5576098815688724 8
1777209098398 -0.30713036742745836 9
1777209098989 -0.053539773036386684 10
1777209099582 0.19371204229797268 11
1777209100551 0.416990839024286 12
1777209101139 0.5995853442330548 13
1777209101728 0.726774099081245 14
1777209102321 0.8332088668886699 15
1777209102909 0.8797549555929282 16
1777209103498 0.9113011057935004 17
1777209104085 0.9280778108371588 18
1777209104675 0.9322710173322664 19
1777209105268 0.9407374611035815 20
1777209105856 0.9531008699888804 21
1777209106444 0.943771693163351 22
1777209107038 0.958311535618758 23
1777209107628 0.9543713974154309 24
1777209108219 0.9573804761906471 25
1777209108844 0.9607640752045157 26
1777209110198 0.9611763579329983 27
1777209110792 0.9628310718323695 28
1777209111386 0.9664699624396674 29
1777209111978 0.9672089757379514 30
1777209112570 0.9650075533864362 31
1777209113159 0.9630212115599783 32
1777209113751 0.9661387995047617 33
1777209114353 0.9695001849602806 34
1777209114948 0.9703367058974247 35
1777209115539 0.9737571213404868 36
1777209116136 0.9665976346228378 37
1777209116725 0.9716813090723664 38
1777209117322 0.9702443548179309 39
1777209117915 0.9748090169127432 40
1777209118556 0.9756037641893767 41
1777209119147 0.9721480809469247 42
1777209119739 0.9729295217902987 43
1777209120333 0.9701448749914601 44
1777209120934 0.9737738252206528 45
1777209121530 0.9728126787937996 46
1777209122123 0.9756973693223528 47
1777209122722 0.9781900166412617 48
1777209123317 0.974568987709625 49
1777209123910 0.9736429019152557 50
1777209124500 0.9789171778005827 51
1777209125089 0.9784316113071163 52
1777209125681 0.9791298203122595 53
1777209126279 0.9743942174876141 54
1777209126870 0.9787238080666653 55
1777209127465 0.9774953958562617 56
1777209128051 0.9807033965222174 57
1777209128670 0.9773035270761986 58
1777209129257 0.9845686741294769 59
1777209129848 0.9814309691756236 60
1777209130439 0.9810462160285609 61
1777209131029 0.9792970480285357 62
1777209131623 0.9819398649823617 63
1777209132214 0.9830244964977621 64
1777209132804 0.9864127024283774 65
1777209133396 0.9845931043279225 66
1777209133984 0.9871753914532505 67
1777209134572 0.9851120944823083 68
1777209135163 0.9791232386355934 69
1777209135756 0.981526862440389 70
1777209136351 0.9870494586618149 71
1777209136944 0.9822685450438954 72
1777209138018 0.9872483844087901 73
1777209139767 0.9870646347132418 74
1777209140393 0.9863501736889478 75
1777209141017 0.9840503249923085 76
1777209141650 0.9860919172020737 77
1777209142274 0.9860173485590427 78
1777209142905 0.9866364429837547 79
1777209143600 0.9865925579225702 80
1777209144220 0.9813183231903319 81
1777209144849 0.9870629878913308 82
1777209145482 0.9849372339779434 83
1777209146180 0.9854121920055869 84
1777209146813 0.9892359389787733 85
1777209147452 0.9877922707969331 86
1777209148263 0.9875214580614441 87
1777209148935 0.9872045881775525 88
1777209149571 0.9892552638885622 89
1777209150208 0.98989473653675 90
1777209150852 0.9896304720951249 91
1777209151489 0.9885215264368165 92
1777209152129 0.9888414566616174 93
1777209152788 0.9888750983828892 94
1777209153438 0.9907799806706312 95
1777209154088 0.9907807169851398 96
1777209154740 0.9895525148053498 97
1777209155371 0.9892076122235909 98
1777209156008 0.9895319110573794 99
1777209156633 0.9893434130551569 100
1777209157236 0.9882157660344456 101
1777209157837 0.9912261837547731 102
1777209158441 0.9903579257448168 103
1777209159826 0.9908365898231322 104
1777209160424 0.9912661669657243 105
1777209161025 0.9916026375984637 106
1777209161626 0.9911151424990919 107
1777209162224 0.9904592235280139 108
1777209162826 0.9898989737320066 109
1777209163427 0.9905886447898972 110
