1777209093638 158.55968475341797 1
1777209094238 153.73792266845703 2
1777209094831 148.73350524902344 3
1777209095425 142.59546661376953 4
1777209096023 135.30611419677734 5
1777209096615 126.40235900878906 6
1777209097207 116.83842468261719 7
1777209097796 106.54859161376953 8
1777209098398 95.6438217163086 9
1777209098989 83.87622451782227 10
1777209099582 71.36576843261719 11
1777209100551 59.388450622558594 12
1777209101139 47.7249698638916 13
1777209101728 38.72201347351074 14
1777209102321 30.49059009552002 15
1777209102909 26.05608081817627 16
1777209103498 22.397482872009277 17
1777209104085 20.631633758544922 18
1777209104675 20.676091194152832 19
1777209105268 19.292160034179688 20
1777209105856 17.238073348999023 21
1777209106444 19.24550724029541 22
1777209107038 16.386842727661133 23
1777209107628 17.150297164916992 24
1777209108219 16.991467475891113 25
1777209108844 15.978114128112793 26
1777209110198 15.873637676239014 27
1777209110792 15.834927558898926 28
1777209111386 15.138070106506348 29
1777209111978 14.749769687652588 30
1777209112570 15.084832191467285 31
1777209113159 15.901358127593994 32
1777209113751 15.091543197631836 33
1777209114353 14.400894165039062 34
1777209114948 14.445022583007812 35
1777209115539 13.26407527923584 36
1777209116136 15.323283672332764 37
1777209116725 13.689169883728027 38
1777209117322 14.196216583251953 39
1777209117915 12.910679340362549 40
1777209118556 13.022479057312012 41
1777209119147 13.708161354064941 42
1777209119739 13.536754608154297 43
1777209120333 14.346545219421387 44
1777209120934 13.528857707977295 45
1777209121530 13.712805271148682 46
1777209122123 12.99169635772705 47
1777209122722 12.298949718475342 48
1777209123317 13.194663047790527 49
1777209123910 13.179491519927979 50
1777209124500 12.14364767074585 51
1777209125089 12.181524753570557 52
1777209125681 12.022851467132568 53
1777209126279 13.078805446624756 54
1777209126870 11.916783332824707 55
1777209127465 12.05259370803833 56
1777209128051 11.37953805923462 57
1777209128670 11.88936996459961 58
1777209129257 10.559181213378906 59
1777209129848 11.4598708152771 60
1777209130439 11.485220432281494 61
1777209131029 11.991048812866211 62
1777209131623 10.997663021087646 63
1777209132214 10.816994667053223 64
1777209132804 9.789702892303467 65
1777209133396 10.433623313903809 66
1777209133984 9.548588752746582 67
1777209134572 10.138436794281006 68
1777209135163 11.571435928344727 69
1777209135756 11.513089179992676 70
1777209136351 9.584688663482666 71
1777209136944 10.927444458007812 72
1777209138018 9.60745096206665 73
1777209139767 9.552379608154297 74
1777209140393 9.710695266723633 75
1777209141017 10.374957084655762 76
1777209141650 9.888062953948975 77
1777209142274 9.884874820709229 78
1777209142905 9.68342638015747 79
1777209143600 9.680962562561035 80
1777209144220 10.838924407958984 81
1777209144849 9.416950225830078 82
1777209145482 10.155098915100098 83
1777209146180 10.09446907043457 84
1777209146813 8.764923095703125 85
1777209147452 9.29237174987793 86
1777209148263 9.476277828216553 87
1777209148935 9.525325298309326 88
1777209149571 8.728075504302979 89
1777209150208 8.53543472290039 90
1777209150852 8.663664817810059 91
1777209151489 9.069958209991455 92
1777209152129 8.870675563812256 93
1777209152788 8.756152629852295 94
1777209153438 8.384276866912842 95
1777209154088 8.247606754302979 96
1777209154740 8.705255031585693 97
1777209155371 8.558895111083984 98
1777209156008 8.621241092681885 99
1777209156633 8.672987937927246 100
1777209157236 9.120734214782715 101
1777209157837 8.000267505645752 102
1777209158441 8.365052700042725 103
1777209159826 8.17627239227295 104
1777209160424 7.971456050872803 105
1777209161025 7.77351188659668 106
1777209161626 8.236607074737549 107
1777209162224 8.318415641784668 108
1777209162826 8.400847911834717 109
1777209163427 8.133030891418457 110
