1777304942196 -1.8166123865754185 1
1777304943327 -1.4974117772533482 2
1777304944445 -0.9639896606954286 3
1777304945557 -0.3208719291498763 4
1777304946676 0.28884548436157714 5
1777304947791 0.6937846952835666 6
1777304948906 0.8710515056157975 7
1777304950021 0.925383520025951 8
1777304951136 0.9436386519291651 9
1777304952257 0.9517028991314828 10
1777304953382 0.9567777805641484 11
1777304954498 0.961542290449908 12
1777304955612 0.9621709221245217 13
1777304956731 0.9635521158966949 14
1777304957849 0.9637993198608965 15
1777304958967 0.9644701718344549 16
1777304960080 0.965982497959511 17
1777304961197 0.9688968162811543 18
1777304962316 0.9701998088098517 19
1777304963432 0.9701007116134239 20
1777304964564 0.9694166211181588 21
1777304965683 0.9704203840724931 22
1777304966802 0.9767616462298893 23
1777304967916 0.9760230315743292 24
1777304969029 0.9724301316011686 25
1777304970144 0.974565832310392 26
1777304971268 0.9798388858255193 27
1777304972384 0.9741046002527849 28
1777304973502 0.976313059872602 29
1777304974624 0.9774450971155673 30
1777304975760 0.978192987970995 31
1777304976872 0.9783904643337145 32
1777304977987 0.9808117330762507 33
1777304979105 0.9804202467227034 34
1777304980224 0.9804419895374078 35
1777304981345 0.9801068363939477 36
1777304982462 0.9829688839191133 37
1777304983575 0.9827486213216176 38
1777304984686 0.9822498882156134 39
1777304985815 0.9819762085508323 40
1777304986933 0.9810240580952614 41
1777304988047 0.9822678275292563 42
1777304989160 0.9845306350660049 43
1777304990269 0.981503336667575 44
1777304991380 0.9836869911650042 45
1777304992496 0.9846744581607089 46
1777304993610 0.985207365811636 47
1777304994731 0.9860121660247646 48
1777304995849 0.987191780423634 49
1777304996979 0.9856196924045577 50
1777304998090 0.9861178692576372 51
1777304999208 0.9866366232887616 52
1777305000324 0.9871562348760312 53
1777305001440 0.9881601515447052 54
1777305002559 0.9867165367787004 55
1777305003688 0.9891498442919234 56
1777305004803 0.9871374529636061 57
1777305005921 0.9879626147946541 58
1777305007034 0.9883640885150438 59
1777305008164 0.98967754235735 60
1777305009278 0.9894672114380985 61
1777305010392 0.9882778431020507 62
1777305011517 0.9891181103347222 63
1777305012630 0.9890452648444388 64
1777305013747 0.9881878860121404 65
1777305014859 0.989642591107204 66
1777305015979 0.9896130938647417 67
1777305017099 0.9899357822137027 68
1777305018217 0.9905845813100871 69
1777305019345 0.989766988876115 70
1777305020465 0.9902161570648129 71
1777305021588 0.9901850283466601 72
1777305022708 0.9901445432995836 73
1777305023820 0.9903441764469012 74
1777305024941 0.9906759529576764 75
1777305026056 0.9909534049629032 76
1777305027169 0.990618108856809 77
1777305028286 0.9916757433247145 78
1777305029425 0.9906618542221096 79
1777305030541 0.9913421444824321 80
1777305031660 0.9911569890761278 81
1777305032775 0.992480668696949 82
1777305033895 0.9913600492609685 83
1777305035013 0.9916557182193753 84
1777305036127 0.9912794249845269 85
1777305037248 0.9916019167672955 86
1777305038367 0.9918612262823643 87
1777305039487 0.9926844785940112 88
1777305040622 0.9912254093649853 89
1777305041742 0.9915849411560652 90
1777305042855 0.9927067872753887 91
1777305043969 0.9909083090478685 92
1777305045081 0.9915488266916949 93
1777305046195 0.9925126474676894 94
1777305047311 0.9912643413821518 95
1777305048426 0.9925259723094004 96
1777305049542 0.9913180857596423 97
1777305050659 0.9927186799241537 98
1777305051790 0.9922016715130824 99
1777305052910 0.9936309796278863 100
1777305054026 0.9929444668968872 101
1777305055141 0.9932921253262738 102
1777305056256 0.9926441578524976 103
1777305057376 0.9931019910184726 104
1777305058487 0.9932654919492221 105
1777305059601 0.9928553038482972 106
1777305060716 0.9930986303012587 107
1777305061834 0.9931634236819082 108
1777305062957 0.9935231537039513 109
1777305064074 0.993420083926139 110
1777305065189 0.9933020301456855 111
1777305066310 0.9930627467313113 112
1777305067435 0.9938446975205787 113
1777305068557 0.9939954121986571 114
1777305069745 0.9935877683282319 115
1777305070868 0.9938581467855199 116
1777305071976 0.9941090419655829 117
1777305073101 0.9937336470050353 118
1777305074207 0.9937727497435581 119
1777305075312 0.9928838811003482 120
1777305076419 0.9924538181860504 121
1777305077536 0.994027327249797 122
1777305078653 0.993714823745709 123
1777305079767 0.9944332660005625 124
1777305080883 0.9940955404877885 125
1777305082002 0.9941564125724636 126
1777305083115 0.993297876722717 127
1777305084237 0.994345044028892 128
1777305085355 0.9942689025533697 129
1777305086476 0.9944668361789171 130
1777305087591 0.9937820769563039 131
1777305088706 0.9942343838325215 132
1777305089825 0.9941149924704836 133
1777305090945 0.9945670255807968 134
1777305092062 0.9944774063299002 135
1777305093164 0.9944331529989462 136
1777305094372 0.9939645379040147 137
