1777393712980 190.17469906778732 1
1777393713372 188.354644955968 2
1777393719391 186.67247384878306 3
1777393725924 185.1531987116887 4
1777393728771 183.5512148524177 5
1777393732511 181.84455689198873 6
1777393735246 180.0300990719767 7
1777393737556 178.08260897122898 8
1777393753509 176.0492732121394 9
1777393765692 173.88831467487404 10
1777393771627 171.55159720697347 11
1777393774244 169.02073503302398 12
1777393789872 166.2178161621094 13
1777393802709 163.14662237223789 14
1777393817486 159.73716488448827 15
1777393833399 156.05471639238166 16
1777393839748 152.03168351212904 17
1777393846453 147.86772036580643 18
1777393849746 143.6603996863732 19
1777393861679 139.30668659097344 20
1777393875247 134.82551462749052 21
1777393875597 130.21771482208072 22
1777393881506 125.62477782661392 23
1777393887193 120.82280891012158 24
1777393891833 115.8479246873122 25
1777393897243 110.60079519057415 26
1777393954748 105.60065884561934 27
1777394024085 100.30178738204685 28
1777394084538 94.8132957323063 29
1777394084893 89.9212973780886 30
1777394085243 85.0239902112611 31
1777394089602 79.36379756588907 32
1777394091432 74.02071557581073 33
1777394097725 68.61982023701866 34
1777394109629 63.51008290849494 35
1777394116428 58.87511529414611 36
1777394126454 53.685550739356046 37
1777394136610 49.27691464395918 38
1777394145252 44.22117617906198 39
1777394145591 40.153679453832865 40
1777394145953 36.47984043550209 41
1777394146292 34.15292558387892 42
1777394151040 30.857216750376324 43
1777394159708 28.792191639736558 44
1777394175103 25.338084621542304 45
1777394184240 24.789292634591547 46
1777394191219 22.91190078780496 47
1777394194772 21.27178664799978 48
1777394199471 22.140954246746716 49
1777394205702 22.463694991162544 50
1777394211295 20.375074212790945 51
1777394223614 18.63594407978848 52
1777394236356 17.907124333127715 53
1777394242400 18.20677985129272 54
1777394247309 16.993753889185438 55
1777394257772 16.46010040644358 56
1777394263969 16.979285798834624 57
1777394271539 15.871219569550464 58
1777394283103 15.600409386990338 59
1777394298092 16.62892693062506 60
1777394301993 17.95847327102571 61
1777394314084 15.8485217303214 62
1777394319481 15.960092458781405 63
1777394322559 14.772570292907353 64
1777394339530 14.521797344952645 65
1777394352001 15.155115326198601 66
1777394357100 15.37171640113966 67
1777394368488 15.891479474129762 68
1777394375429 15.405606354482074 69
1777394384916 12.887615361862634 70
1777394390498 14.937971441280206 71
1777394390820 16.064141863760863 72
1777394396035 16.834969216973118 73
1777394398484 13.073704086393999 74
1777394405119 13.4526249744483 75
1777394413747 15.107866828963601 76
1777394416437 12.478965912768121 77
1777394416750 14.6886611475747 78
1777394417111 13.799056243896484 79
1777394419305 11.102691580416888 80
1777394425509 13.77010553574421 81
1777394430408 13.316142037070009 82
1777394436559 12.612287340784919 83
1777394442111 11.844779406214608 84
1777394448116 12.771637857877291 85
1777394448434 11.24437523452488 86
1777394452911 13.402698424299793 87
1777394456509 12.861099793925089 88
1777394462015 12.355376081071661 89
1777394471638 11.982709447872004 90
1777394471982 12.636566270455805 91
1777394472313 12.561947648765067 92
