1777178546439 198.46486434018394 1
1777178548314 177.09832798425663 2
1777178550163 136.262951405652 3
1777178552010 81.64125820636504 4
1777178553866 45.919347997373066 5
1777178555735 35.441626932480816 6
1777178557589 31.561464806355463 7
1777178559446 29.832521033249986 8
1777178561958 28.223275116225103 9
1777178563870 27.94650855882039 10
1777178565831 26.832405112560696 11
1777178567722 26.26296567113957 12
1777178571714 25.436252587085075 13
1777178573598 24.756346254089557 14
1777178575512 24.245086162084757 15
1777178577391 23.83857885940083 16
1777178579238 22.238221166335034 17
1777178581093 23.59615776195251 18
1777178582958 21.14058081020901 19
1777178585926 21.862460115116413 20
1777178589342 20.292588899668722 21
1777178591344 20.457059459078735 22
1777178593515 20.43598104143904 23
1777178609344 19.615328171391504 24
1777178611337 19.351657851573908 25
1777178613231 19.073947735813295 26
1777178615106 18.75259824083012 27
1777178616970 18.3081774392029 28
1777178620949 20.57096453236129 29
1777178623006 17.36757269516599 30
1777178725103 17.63920269090928 31
1777178726955 17.385691869283765 32
1777178728802 16.802871696769778 33
1777178730658 16.538135961126653 34
1777178732512 17.414929872069923 35
1777178734345 16.55573707156377 36
1777178736183 16.064767773226883 37
1777178738014 15.963945194491291 38
1777178739845 16.122610672892076 39
1777178741675 15.822909940263227 40
1777178743529 15.283810497079307 41
1777178745366 15.495458398113508 42
1777178747200 15.09163588479594 43
1777178749035 15.46886024220521 44
1777178750864 15.227574713877436 45
1777178752702 15.612082115659891 46
1777178754556 15.445511310206479 47
1777178756392 15.093142033819467 48
1777178758225 15.176933254217786 49
1777178760057 14.927266753293665 50
1777178761890 14.618724557622523 51
1777178763728 14.76353463858365 52
1777178765596 15.322032385543313 53
1777178767430 14.251370498712003 54
1777178769275 14.263195097156544 55
1777178771112 14.142049412720322 56
1777178772945 14.074186470439944 57
1777178774776 13.958042569625675 58
1777178776646 13.880308742155915 59
1777178778480 13.736645864523533 60
1777178780310 13.714413518619148 61
1777178782142 13.99911019380121 62
1777178783981 13.647257800380032 63
1777178785811 14.18521689423452 64
1777178787680 13.501910523394756 65
1777178789515 13.403437884309039 66
1777178791347 13.612590031208043 67
1777178793177 13.277234990779146 68
1777178795007 12.997847643764905 69
1777178796843 13.325050454705082 70
1777178798720 12.876698622649684 71
1777178800562 13.399114803766611 72
