1777428799960 190.32048525838456 1
1777428800240 188.62451390373636 2
1777428800527 186.82663957042806 3
1777428800802 185.27150698328865 4
1777428801076 183.66172463682275 5
1777428801353 181.95489158856094 6
1777428801635 180.14423027264297 7
1777428801907 178.23153365095692 8
1777428802184 176.20692563028732 9
1777428802463 174.05930280516134 10
1777428802739 171.7089439798389 11
1777428803015 169.12156133708163 12
1777428803294 166.1976680055878 13
1777428803570 163.04097792044195 14
1777428803845 159.943525957638 15
1777428804119 156.6935786862345 16
1777428804405 153.00377603564743 17
1777428804680 149.2333310460198 18
1777428804981 145.49541393934624 19
1777428805316 141.6671667245718 20
1777428805594 137.86257768439117 21
1777428805873 133.84687995684922 22
1777428806150 129.86289392956616 23
1777428806425 125.6083137376774 24
1777428806701 121.4112359041293 25
1777428806977 116.89228231215618 26
1777428807253 112.4989750517896 27
1777428807528 107.85184487788635 28
1777428807804 103.44577019144091 29
1777428808096 98.96922571757841 30
1777428808372 94.49572047848673 31
1777428808649 89.55576654919506 32
1777428808939 84.82256997012527 33
1777428809215 79.28743197649894 34
1777428809489 73.11649921123798 35
1777428809761 67.62786921213365 36
1777428810042 61.77941567460461 37
1777428810317 56.9431723013432 38
1777428810598 52.50649938639805 39
1777428810874 47.84389215503219 40
1777428811155 44.176556784725754 41
1777428811429 41.39590703749798 42
1777428811707 36.734249058559804 43
1777428811985 33.97135673613238 44
1777428812260 31.94432899655675 45
1777428812539 29.485324381089068 46
1777428812814 27.608357782758905 47
1777428813089 25.86961345108303 48
1777428813371 23.71546455247868 49
1777428813658 23.280649042975973 50
1777428813970 22.324595052956123 51
1777428814248 21.72009349800426 52
1777428814528 20.170215123644947 53
1777428814805 21.31878967510878 54
1777428815080 20.199633793576936 55
1777428815355 20.069106640336077 56
1777428815631 17.536740552462064 57
1777428815905 18.864494520108376 58
1777428816180 20.836100577179497 59
1777428816455 19.94262440246943 60
1777428816729 18.612435806996725 61
1777428817005 17.984913558508516 62
1777428817280 18.261590528770313 63
1777428817556 17.52645199566903 64
1777428817831 17.97311763650567 65
1777428818107 18.113585624469103 66
1777428818383 16.81326352181519 67
1777428818656 16.940822527958797 68
1777428818943 16.060006843657185 69
1777428819226 15.467120684110201 70
1777428819500 15.675847115601309 71
1777428819777 14.30148041629227 72
1777428820056 15.867602776070319 73
1777428820330 15.39759490334776 74
1777428820611 15.06363383185934 75
1777428820889 15.003713524271046 76
1777428821167 14.451148440569815 77
1777428821471 14.35126723565999 78
1777428821747 15.146465159308981 79
1777428822024 14.187290645351071 80
1777428822318 13.835971390989405 81
1777428822630 17.136891956442206 82
1777428822935 12.656476912413828 83
1777428823236 14.515099700386003 84
1777428823546 14.407880945600702 85
1777428823848 14.480850884477062 86
1777428824147 15.291343093059472 87
1777428824455 15.3813580710507 88
1777428824767 16.36041872148683 89
1777428825070 14.332674839087492 90
1777428825373 14.008110276622885 91
