1777202443588 -1.866391819147378 1
1777202443980 -1.8500643319637238 2
1777202444939 -1.8281921117538111 3
1777202446079 -1.8069858500624005 4
1777202448817 -1.7867586581974604 5
1777202449238 -1.7623747945585477 6
1777202449620 -1.7336065358541441 7
1777202451413 -1.70591057018303 8
1777202453649 -1.6787681499048062 9
1777202454361 -1.650778188352911 10
1777202455905 -1.6217065433718294 11
1777202456630 -1.591474470517582 12
1777202457497 -1.5607576100378724 13
1777202459367 -1.5282061040008834 14
1777202460894 -1.4901028771872777 15
1777202461271 -1.4424368667294218 16
1777202461646 -1.3990513760744534 17
1777202462028 -1.354387864369444 18
1777202462390 -1.3090738463320348 19
1777202462751 -1.261773432787396 20
1777202463116 -1.215417010328005 21
1777202464630 -1.1643097102460809 22
1777202465364 -1.1088517688682216 23
1777202465723 -1.0528502676943665 24
1777202467708 -1.0048457058009554 25
1777202468094 -0.947435911731582 26
1777202468478 -0.8883861831416084 27
1777202470054 -0.8337951134897212 28
1777202470424 -0.7763184275735753 29
1777202473277 -0.7101386239614174 30
1777202474417 -0.6442747789566676 31
1777202475199 -0.5786785491658426 32
1777202478064 -0.5024002998441428 33
1777202478445 -0.43072790978489706 34
1777202479594 -0.33995973542063607 35
1777202479977 -0.27095932500536857 36
1777202480424 -0.1915704085196599 37
1777202481959 -0.12879153898592266 38
1777202482339 -0.05534347369583448 39
1777202482720 -0.003617553399846374 40
1777202483220 0.07436386532767936 41
1777202484223 0.1296076400983731 42
1777202484582 0.20216618704549472 43
1777202485661 0.25959517443727964 44
1777202486501 0.29948557453385316 45
1777202486857 0.376989551856023 46
1777202489722 0.4296819083842336 47
1777202490082 0.47278558106389146 48
1777202490441 0.5267014537693966 49
1777202492033 0.5672478544921408 50
1777202493422 0.6085351987744374 51
1777202494535 0.6551130512414792 52
1777202494893 0.6919431634204534 53
1777202496713 0.7132937497819332 54
1777202497965 0.7535708106618765 55
1777202498345 0.7857112025894795 56
1777202499103 0.8191954206145007 57
1777202499849 0.8273187653298735 58
1777202501379 0.8591271254368711 59
1777202502946 0.8780281075108152 60
1777202504193 0.8763694238373521 61
1777202504616 0.8816936446062765 62
1777202504985 0.8980245572928562 63
1777202506123 0.9034337837589939 64
1777202509153 0.913983614323313 65
1777202509528 0.9211701495968938 66
1777202509900 0.9183109896195504 67
1777202510278 0.9236041654451926 68
1777202510648 0.9271976423101349 69
1777202512546 0.9327891445909278 70
1777202512946 0.9382561433698151 71
1777202514238 0.9408004932177169 72
1777202514598 0.9376488384816289 73
1777202516407 0.940298170648582 74
1777202517897 0.9448560372229742 75
1777202519810 0.9331833869714833 76
1777202520171 0.9363055423826212 77
1777202522567 0.9404664777773262 78
1777202522923 0.9279437133984938 79
1777202523697 0.9462409729323757 80
1777202524143 0.9527595346013162 81
1777202526636 0.9469272809610839 82
1777202528025 0.9371992790935326 83
1777202528395 0.9582907481032232 84
1777202528765 0.9558244976549497 85
1777202529144 0.963287924531641 86
1777202531089 0.9512881230281812 87
1777202531462 0.9507398660888097 88
1777202531832 0.9610748455727127 89
1777202532202 0.9567396454673932 90
1777202532949 0.9584507462112124 91
1777202533373 0.9604132876051864 92
1777202534537 0.9621350613076285 93
1777202534900 0.9557210440518382 94
1777202535330 0.9661494765856471 95
1777202535694 0.9604412046539721 96
1777202536583 0.9587881563002341 97
1777202538896 0.9610862030329005 98
1777202540023 0.9657317729400013 99
1777202540382 0.9643712112573922 100
1777202540741 0.9687527359519098 101
1777202541102 0.9679421657403007 102
1777202541464 0.9641179232591792 103
1777202542726 0.9576994048079375 104
1777202543086 0.9653795837648209 105
1777202543850 0.9518029810680221 106
1777202544986 0.9640051692180636 107
1777202545614 0.9626095729630939 108
1777202545970 0.9696398408193054 109
1777202548857 0.9696375477453958 110
1777202550860 0.9584393467786468 111
1777202551240 0.9679958575038293 112
1777202551763 0.965715519092583 113
1777202552278 0.9674169169864081 114
1777202552655 0.9663876010706047 115
1777202554028 0.9666611243220145 116
1777202554392 0.9651846839795473 117
1777202556948 0.9678092799172408 118
1777202557324 0.9663346469738333 119
1777202557684 0.9694747125204713 120
1777202558046 0.9590126842057746 121
1777202559570 0.9696824088138927 122
1777202559932 0.9704397391866728 123
1777202560293 0.9734082380163958 124
1777202560656 0.9760188953952633 125
1777202561019 0.9692299673466275 126
1777202561379 0.9730144497827604 127
1777202562514 0.9714921274726082 128
1777202562904 0.9695665344525117 129
1777202564207 0.9698221356988983 130
1777202572011 0.9717181391318548 131
1777202575702 0.9712081076109473 132
1777202577600 0.9674182815901955 133
1777202581159 0.9676756296780956 134
1777202581536 0.9740683465516304 135
1777202581910 0.9739917687465163 136
1777202582289 0.9711960241875235 137
1777202586477 0.9735576542627254 138
1777202586861 0.9771002713560718 139
1777202587245 0.9717411260737431 140
1777202587631 0.9708213853691453 141
1777202588013 0.9761010239339365 142
1777202588807 0.9758422927471391 143
1777202590429 0.9735717521710464 144
1777202590819 0.9732434604229832 145
1777202591207 0.98017993563422 146
1777202592166 0.9725680602321274 147
1777202592553 0.9790707412401879 148
1777202592944 0.9704700122585034 149
1777202593336 0.9757195998131297 150
1777202594891 0.9755635813641973 151
1777202601082 0.9685342689554481 152
1777202602389 0.9776938283979432 153
