1777171108647 199.5143825162923 1
1777171109901 192.45161688324987 2
1777171111065 180.89042141981528 3
1777171112241 161.61007726250608 4
1777171113386 137.71723753375204 5
1777171114533 109.76111877006201 6
1777171115689 80.99023118878935 7
1777171116828 56.69634107014518 8
1777171117967 40.43624956058468 9
1777171119111 33.7735573005517 10
1777171120248 30.642138381841086 11
1777171121661 28.84691604442458 12
1777171124420 26.9384664282991 13
1777171125668 27.5179619049797 14
1777171126918 26.024432736038342 15
1777171128196 24.7643719045472 16
1777171129398 23.693422127533587 17
1777171130601 23.55828142618908 18
1777171131899 23.337357148703685 19
1777171133159 22.85211630776876 20
1777171134369 23.870970115490316 21
1777171135632 23.431369349221697 22
1777171136861 23.20902844488409 23
1777171138326 21.258580056933503 24
1777171139576 22.28011387023497 25
1777171141158 22.050310454180494 26
1777171142840 22.080892506874445 27
1777171144398 23.25404119082828 28
1777171146533 20.73828181212208 29
1777171166876 20.11766314681355 30
1777171167998 20.16316627395118 31
1777171169123 21.152224294983967 32
1777171170262 20.26747676756358 33
1777171171388 20.359276141334362 34
1777171172509 20.37974227313047 35
1777171173637 19.62370874438688 36
1777171174773 19.526940879504362 37
1777171175925 19.90628619260407 38
1777171177060 18.693355879505727 39
1777171178206 19.926273412904678 40
1777171179335 18.673324163881052 41
1777171180457 18.975068012791304 42
1777171181587 18.558647567565735 43
1777171182719 19.03593356824309 44
1777171183863 17.870934076359163 45
1777171184999 16.64518835493589 46
1777171186183 17.22833904923545 47
1777171187326 17.26086449386869 48
1777171188487 17.86678002935495 49
1777171189649 17.117545028641764 50
1777171190808 15.948618713221872 51
1777171191982 15.875215942058082 52
1777171193155 16.279940329606838 53
1777171194304 16.151563350596547 54
1777171195462 15.496290589004797 55
1777171196645 14.902113841931387 56
1777171197819 15.091922699088329 57
1777171198975 14.385787198441676 58
1777171200143 14.422475562226282 59
1777171204211 15.025321203516237 60
1777171205677 14.23194778939759 61
1777171207058 14.124391687072233 62
1777171209108 14.091531397838247 63
1777171210513 13.534415814491348 64
1777171211947 13.716462495025336 65
1777171213418 14.392100926718943 66
1777171214868 13.91267663946689 67
1777171216282 15.555533728311513 68
1777171217695 12.522834593671169 69
1777171219408 13.475016966311363 70
1777171230854 12.74001491382192 71
1777171236639 13.016435586384574 72
1777171237854 13.039910353041762 73
1777171239069 13.248854123241049 74
1777171240321 12.354839228509105 75
1777171241563 13.061877725968273 76
1777171243482 12.91701714427038 77
1777171244853 12.734465552115442 78
1777171246035 13.016964899521625 79
1777171266101 12.196722914026502 80
1777171326107 12.410735178035054 81
1777171327248 12.30996341163473 82
1777171430506 12.561863087542175 83
1777171431690 11.845220384482424 84
1777171432848 12.09895734900028 85
1777171434051 13.486526043160277 86
1777171435196 13.464166453605277 87
1777171436333 12.385677977546335 88
1777171437497 11.808990763507392 89
1777171438641 11.895396265309138 90
1777171439780 12.585889913836592 91
1777171440919 12.030650884063729 92
1777171442069 11.737836238583268 93
1777171443236 11.51595168009609 94
1777171444398 11.541887849228916 95
1777171445559 11.937059973950662 96
1777171446701 12.187794606156585 97
1777171447841 11.643477991526115 98
1777171448985 12.026955140778373 99
1777171450125 11.448877198611484 100
1777171451270 11.473094336447971 101
1777171452437 11.008423748793344 102
1777171453577 10.934767188585031 103
1777171454719 11.8750955116878 104
1777171455885 11.297876083515053 105
1777171457033 12.193313894093682 106
1777171458892 11.663992130590723 107
1777171460045 10.83906191314443 108
1777171461222 10.936560097253503 109
1777171462381 11.489429904161435 110
1777171463544 11.398113759020172 111
1777171464718 11.460120296029492 112
1777171465896 11.505318306771223 113
1777171467135 11.52724042909231 114
1777171468329 11.299622864584693 115
1777171469595 10.520916421454825 116
1777171470801 10.87181557398103 117
1777171472040 10.833723509232431 118
1777171473246 11.565670257242516 119
1777171474462 11.503371815470985 120
1777171488167 10.466543188880987 121
1777171519882 10.958638890700774 122
1777171521298 11.323487929448934 123
1777171522563 10.671115715862278 124
1777171523760 11.125676455785523 125
1777171524935 11.334479475922922 126
1777171526122 10.92776596470658 127
1777171527275 10.981018088282351 128
1777171528431 10.665272885255376 129
1777171529593 10.725649358830074 130
1777171530737 10.796894224303696 131
1777171531898 10.622795725128702 132
1777171533047 10.172524189240823 133
1777171534186 10.582396716288034 134
1777171535323 10.801674714709097 135
1777171536484 10.535198242657609 136
1777171537630 10.132619959861273 137
1777171538781 10.06849778295307 138
1777171539942 10.09032260363567 139
1777171541114 11.577699646878317 140
1777171542259 10.776125228561318 141
1777171543412 10.142481455365125 142
1777171544555 9.84680480839602 143
1777171545703 9.83421001310403 144
1777171546865 10.263004872289418 145
1777171548023 10.224802992574295 146
1777171549180 10.433429374264872 147
1777171550347 9.749967536095642 148
1777171551545 10.114570175202987 149
1777171552708 10.414130258047837 150
1777171553866 10.20348260269235 151
1777171555047 10.043003027228096 152
