1777175550947 157.04007263183593 1
1777175552088 148.31771850585938 2
1777175553237 136.81812744140626 3
1777175554363 119.98761138916015 4
1777175555492 99.17082977294922 5
1777175556633 76.31630859375 6
1777175557780 53.07944107055664 7
1777175558910 34.730523681640626 8
1777175560033 25.94732093811035 9
1777175561167 22.09883270263672 10
1777175562288 19.661313629150392 11
1777175563412 18.54788284301758 12
1777175564556 17.78696174621582 13
1777175565681 17.013475799560545 14
1777175566801 16.371052932739257 15
1777175567941 15.779787635803222 16
1777175569096 16.141276931762697 17
1777175570221 15.03490390777588 18
1777175571347 15.83508529663086 19
1777175572488 16.17028942108154 20
1777175573622 14.412323570251464 21
1777175574747 14.935805511474609 22
1777175575889 14.778224182128906 23
1777175577021 13.638349342346192 24
1777175578148 14.234460258483887 25
1777175579298 13.615313720703124 26
1777175580445 13.519259071350097 27
1777175581570 13.61307315826416 28
1777175582701 13.216774177551269 29
1777175583849 13.236929512023925 30
1777175584978 12.601962852478028 31
1777175586108 12.663997077941895 32
1777175587241 12.88696517944336 33
1777175588377 12.87734775543213 34
1777175589512 12.237270927429199 35
1777175590665 12.92760772705078 36
1777175591847 11.983463287353516 37
1777175592995 12.10618896484375 38
1777175594141 12.199742317199707 39
1777175595303 11.60505657196045 40
1777175596450 11.7501371383667 41
1777175598726 11.949564743041993 42
1777175599909 11.511120796203613 43
1777175601207 11.182560348510743 44
1777175602432 11.925154495239259 45
1777175603588 11.408029747009277 46
1777175604747 11.763840103149414 47
1777175605915 11.4104736328125 48
1777175607075 10.942928123474122 49
1777175608215 10.786265182495118 50
1777175609377 10.28105640411377 51
1777175610525 10.953745079040527 52
1777175611696 11.093865585327148 53
1777175612860 11.176547622680664 54
1777175613996 10.645785140991212 55
1777175615147 10.496122360229492 56
1777175625667 10.702861213684082 57
1777175635594 10.420912170410157 58
1777175638578 10.956602859497071 59
1777175639853 10.425550079345703 60
1777175641090 9.760085487365723 61
1777175642411 10.167630767822265 62
1777175643689 10.101592826843262 63
1777175644912 9.929206085205077 64
1777175646127 10.930879592895508 65
1777175647315 10.45300006866455 66
1777175648495 10.065373611450195 67
1777175649676 10.039688873291016 68
1777175650840 9.757736968994141 69
1777175651999 9.543245315551758 70
1777175653176 9.698109245300293 71
1777175654342 9.724267578125 72
1777175655511 9.78962459564209 73
1777175656687 9.908048248291015 74
1777175657844 9.48384780883789 75
1777175658997 9.509750366210938 76
1777175660147 9.685542678833007 77
1777175661306 9.33008689880371 78
1777175662460 9.698355102539063 79
1777175663624 9.213677406311035 80
1777175664800 9.19307632446289 81
1777175666011 9.524258041381836 82
1777175667201 9.063286972045898 83
1777175668374 9.123349571228028 84
1777175669588 8.796961402893066 85
1777175670857 9.009429168701171 86
1777175672077 8.70152931213379 87
1777175673272 9.19862174987793 88
1777175674469 8.840606307983398 89
1777175675718 9.177127456665039 90
1777175676994 8.661098670959472 91
1777175678308 9.38598403930664 92
1777175679729 9.08741397857666 93
1777175681299 8.741054725646972 94
1777175682962 8.428290939331054 95
1777175695569 8.303592109680176 96
1777175696710 8.598103141784668 97
1777175697846 8.157444190979003 98
1777175699017 8.730695724487305 99
1777175700814 8.56119613647461 100
1777175702004 8.432819938659668 101
1777175703188 8.806108093261718 102
1777175704361 8.477221488952637 103
1777175705527 8.427359580993652 104
1777175706679 8.122752380371093 105
1777175707848 8.525919532775879 106
1777175709026 8.403279304504395 107
1777175710198 8.316038894653321 108
1777175711398 8.136928939819336 109
1777175712595 8.191297245025634 110
1777175713769 8.12182550430298 111
1777175714934 8.190866279602051 112
1777175716085 8.165922927856446 113
1777175717236 8.194472503662109 114
1777175718394 8.060641765594482 115
