1777205225113 173.1947021484375 1
1777205225939 172.48704528808594 2
1777205226315 171.53616333007812 3
1777205226689 170.50743103027344 4
1777205227062 169.39170837402344 5
1777205229580 168.21421813964844 6
1777205230120 166.98931884765625 7
1777205230518 165.71438598632812 8
1777205231581 164.3564453125 9
1777205232032 162.93182373046875 10
1777205232645 161.38462829589844 11
1777205233807 159.80148315429688 12
1777205234868 158.11932373046875 13
1777205236767 156.42111206054688 14
1777205240652 154.6441192626953 15
1777205242421 152.86407470703125 16
1777205242934 150.97506713867188 17
1777205245230 149.07225036621094 18
1777205246120 147.10928344726562 19
1777205247733 145.08380126953125 20
1777205248349 142.77569580078125 21
1777205250388 140.60916137695312 22
1777205251037 138.2181854248047 23
1777205252007 135.63885498046875 24
1777205252826 133.20355224609375 25
1777205253509 130.41854858398438 26
1777205254324 127.78443908691406 27
1777205257163 125.10010528564453 28
1777205258043 121.97415924072266 29
1777205259967 118.47921752929688 30
1777205284109 115.18277740478516 31
1777205287082 112.1292495727539 32
1777205287710 108.66928100585938 33
1777205288387 105.58364868164062 34
1777205289200 102.09525299072266 35
1777205293033 98.33708953857422 36
1777205293568 94.86300659179688 37
1777205294334 91.32695770263672 38
1777205294714 87.77561950683594 39
1777205295110 84.10911560058594 40
1777205295491 80.78919982910156 41
1777205295886 77.48806762695312 42
1777205298770 73.80848693847656 43
1777205299164 70.36009216308594 44
1777205300719 67.11865997314453 45
1777205303874 64.16415405273438 46
1777205307478 60.636226654052734 47
1777205307867 57.947418212890625 48
1777205308251 54.68737030029297 49
1777205308714 51.31640625 50
1777205309217 48.68020248413086 51
1777205310734 45.110107421875 52
1777205311598 42.70713806152344 53
1777205312232 40.700923919677734 54
1777205312597 37.72515869140625 55
1777205312962 35.13042449951172 56
1777205314103 33.44054412841797 57
1777205314601 31.933744430541992 58
1777205316502 30.317398071289062 59
1777205316975 29.627517700195312 60
1777205317341 28.01863670349121 61
1777205317829 27.740541458129883 62
1777205318955 26.934715270996094 63
1777205319439 27.225770950317383 64
1777205320208 25.96549415588379 65
1777205320603 23.673540115356445 66
1777205323348 22.31024932861328 67
1777205323719 24.221105575561523 68
1777205324083 22.610107421875 69
1777205324446 23.446006774902344 70
1777205324809 20.734695434570312 71
1777205325173 21.23520278930664 72
1777205325536 21.453685760498047 73
1777205325902 21.440366744995117 74
1777205327043 20.93016242980957 75
1777205328192 21.31796646118164 76
1777205328571 21.754487991333008 77
1777205331267 21.566116333007812 78
1777205331874 20.724361419677734 79
1777205332256 21.083276748657227 80
1777205332662 19.824325561523438 81
1777205333038 20.863157272338867 82
1777205333456 21.760574340820312 83
1777205333938 21.87569808959961 84
1777205334327 20.630720138549805 85
1777205335487 19.37096405029297 86
1777205335883 20.290794372558594 87
1777205336654 19.847444534301758 88
1777205344182 19.57242774963379 89
1777205344571 18.951723098754883 90
1777205353006 17.96479606628418 91
1777205364787 18.41129493713379 92
1777205370066 19.02384376525879 93
1777205370939 18.7091064453125 94
1777205371321 17.57560157775879 95
1777205371702 19.975215911865234 96
1777205372078 18.001394271850586 97
1777205372459 18.813766479492188 98
1777205372836 18.47172737121582 99
1777205373213 17.810182571411133 100
1777205373590 17.870697021484375 101
1777205376028 18.108091354370117 102
1777205376849 18.45525360107422 103
1777205377219 17.40232276916504 104
1777205377591 16.42399024963379 105
1777205377958 18.307035446166992 106
1777205378326 16.246299743652344 107
1777205379459 16.152807235717773 108
1777205382968 18.184011459350586 109
1777205386671 17.483078002929688 110
1777205387032 15.033496856689453 111
1777205388785 16.747419357299805 112
1777205389174 18.266151428222656 113
1777205389561 16.35725212097168 114
1777205397065 17.815336227416992 115
1777205397548 17.52080535888672 116
1777205418752 17.635305404663086 117
1777205438566 16.545007705688477 118
1777205447119 15.664251327514648 119
1777205448476 15.513830184936523 120
1777205449091 16.42975616455078 121
1777205450236 16.391508102416992 122
1777205451759 15.757051467895508 123
1777205452234 14.633772850036621 124
1777205452786 16.28059196472168 125
1777205454008 17.47172737121582 126
1777205466239 18.250883102416992 127
1777205467043 16.05782127380371 128
1777205468612 16.389467239379883 129
1777205469756 15.447877883911133 130
1777205479175 16.096874237060547 131
1777205481996 16.724985122680664 132
1777205482679 15.560124397277832 133
