1777420092779 51710.46484375 1
1777420096522 51047.4453125 2
1777420103263 50439.6015625 3
1777420106825 49917.1640625 4
1777420113416 49366.75 5
1777420113705 48774.21484375 6
1777420114022 48138.79296875 7
1777420114319 47447.66796875 8
1777420114662 46700.77734375 9
1777420125381 45900.7890625 10
1777420125738 45051.8671875 11
1777420126112 44093.8125 12
1777420135116 43059.328125 13
1777420141675 41968.3984375 14
1777420148580 40851.43359375 15
1777420148947 39781.578125 16
1777420155924 38671.12890625 17
1777420162589 37359.3515625 18
1777420176668 35999.84375 19
1777420186155 34655.25390625 20
1777420193333 33325.7578125 21
1777420203896 31911.548828125 22
1777420210494 30597.306640625 23
1777420219500 29211.3984375 24
1777420223146 27819.595703125 25
1777420225325 26498.359375 26
1777420231736 25178.064453125 27
1777420240959 23886.88671875 28
1777420241283 22425.052734375 29
1777420241582 21053.9453125 30
1777420249874 19661.103515625 31
1777420250174 18352.3203125 32
1777420250455 16505.484375 33
1777420255025 14927.208984375 34
1777420255338 13339.392578125 35
1777420268027 11834.1044921875 36
1777420274046 10433.79296875 37
1777420277518 9046.2451171875 38
1777420287241 7782.97412109375 39
1777420290683 6951.53662109375 40
1777420290994 6045.87939453125 41
1777420300123 5202.12890625 42
1777420303677 4425.228515625 43
1777420303993 3887.400634765625 44
1777420304308 3442.193603515625 45
1777420310900 2954.671875 46
1777420311205 2502.380126953125 47
1777420311540 2015.88134765625 48
1777420311851 1919.1070556640625 49
1777420312164 1668.7952880859375 50
1777420321646 1780.037109375 51
1777420324260 1463.3626708984375 52
1777420327827 1484.264404296875 53
1777420328125 1306.887451171875 54
1777420328438 1418.6112060546875 55
1777420333608 1210.103515625 56
1777420334008 1210.7052001953125 57
1777420339052 1051.26611328125 58
1777420340426 1057.9296875 59
1777420343967 1003.78076171875 60
1777420354857 935.1770629882812 61
1777420367475 874.5894775390625 62
1777420370350 899.1784057617188 63
1777420370705 954.0992431640625 64
1777420374544 860.8306274414062 65
1777420380257 778.3635864257812 66
1777420390447 816.4757690429688 67
1777420397015 790.527099609375 68
1777420397425 757.5258178710938 69
1777420404255 900.4923095703125 70
1777420404958 687.914794921875 71
1777420417974 688.9834594726562 72
1777420418336 763.9051513671875 73
1777420418710 683.77734375 74
1777420431486 763.270263671875 75
1777420434986 681.875 76
1777420438590 652.5681762695312 77
1777420444917 554.30419921875 78
1777420445270 776.1424560546875 79
1777420445588 597.6563110351562 80
1777420453765 514.3041381835938 81
1777420456642 611.15625 82
1777420461453 592.1838989257812 83
1777420467858 663.572509765625 84
1777420468162 679.5845947265625 85
1777420470616 684.1920166015625 86
1777420473277 582.5021362304688 87
1777420484869 639.40087890625 88
1777420487222 664.0173950195312 89
1777420487526 679.6005859375 90
1777420487825 524.0639038085938 91
1777420488128 587.9825439453125 92
1777420498650 549.1945190429688 93
1777420506421 537.7554931640625 94
