1777382729364 45775.6171875 1
1777383035914 44800.48046875 2
1777383036618 44085.7421875 3
1777383036971 43373.3984375 4
1777383037321 42562.10546875 5
1777383037686 41599.16796875 6
1777383038043 40404.42578125 7
1777383039166 39056.640625 8
1777383039549 37542.51953125 9
1777383040168 36029.37109375 10
1777383040551 34445.14453125 11
1777383041201 32836.75390625 12
1777383041845 31111.41015625 13
1777383042810 29381.458984375 14
1777383043169 27613.138671875 15
1777383043521 25850.31640625 16
1777383043870 23980.263671875 17
1777383044475 22424.37109375 18
1777383045126 20437.365234375 19
1777383045479 18674.857421875 20
1777383045832 16895.263671875 21
1777383046281 15073.724609375 22
1777383046632 13089.7353515625 23
1777383047014 11777.744140625 24
1777383047486 10130.892578125 25
1777383048213 8223.8447265625 26
1777383049027 6981.8525390625 27
1777383049935 5318.880859375 28
1777383050318 4293.5556640625 29
1777383050962 3484.0869140625 30
1777383051495 2949.311279296875 31
1777383052805 2134.357666015625 32
1777383053863 1943.0413818359375 33
1777383062781 1575.692138671875 34
1777383067140 1483.7823486328125 35
1777383068795 1182.7510986328125 36
1777383070348 1177.6739501953125 37
1777383071835 1083.9930419921875 38
1777383083878 1127.1866455078125 39
1777383085045 872.1465454101562 40
1777383086629 923.5588989257812 41
1777383087431 855.6005249023438 42
1777383089679 734.3174438476562 43
1777383090374 648.3350219726562 44
1777383091639 701.0286254882812 45
1777383113423 591.5223999023438 46
1777383114651 686.5778198242188 47
1777383115086 708.253173828125 48
1777383116677 617.3659057617188 49
1777383117589 471.5733947753906 50
1777383118045 695.3380126953125 51
1777383119227 569.3848266601562 52
1777383123112 761.022705078125 53
1777383124757 593.9080810546875 54
1777383170819 534.947509765625 55
1777383171833 509.3196716308594 56
1777383172755 544.2935180664062 57
1777383173798 431.6474304199219 58
1777383174753 606.16357421875 59
1777383175298 452.7877197265625 60
1777383176357 607.1400756835938 61
1777383176713 572.6356811523438 62
1777383177065 436.39849853515625 63
1777383177422 473.56329345703125 64
1777383179403 461.0268249511719 65
1777383180271 433.44256591796875 66
1777383180641 530.3189086914062 67
1777383181005 461.7938232421875 68
1777383181515 418.9604187011719 69
1777383182027 410.9251403808594 70
1777383183006 475.6878356933594 71
1777383183353 550.0354614257812 72
1777383184202 371.8208923339844 73
1777383185297 410.0203552246094 74
1777383186327 386.3246765136719 75
1777383186679 427.7467956542969 76
1777383187384 459.22381591796875 77
1777383187891 498.5568542480469 78
1777383188215 509.64068603515625 79
1777383188558 559.4729614257812 80
1777383188889 480.2308349609375 81
1777383189992 344.072265625 82
1777383190893 453.7950744628906 83
1777383191343 550.06591796875 84
1777383192030 539.9467163085938 85
1777383192743 375.6078796386719 86
1777383193776 418.2386779785156 87
1777383194512 476.3811340332031 88
1777383195016 456.2546081542969 89
1777383195741 549.9197998046875 90
1777383196717 425.702392578125 91
1777383197873 567.1950073242188 92
1777383198319 379.33636474609375 93
1777383198646 398.7736511230469 94
1777383199578 360.7601318359375 95
1777383200225 405.61920166015625 96
1777383200583 323.0282897949219 97
1777383200930 357.5473937988281 98
1777383201418 406.1852111816406 99
1777383202156 401.3783264160156 100
1777383203659 424.70318603515625 101
1777383203980 367.3235168457031 102
1777383204589 382.43646240234375 103
1777383205314 275.6189880371094 104
1777383206024 313.3512878417969 105
1777383207316 373.69921875 106
1777383209527 293.7333984375 107
1777383211294 360.9842224121094 108
1777383211871 345.4321594238281 109
1777383212806 337.9310302734375 110
1777383214601 383.0000305175781 111
1777383215316 310.274658203125 112
1777383216767 373.09942626953125 113
1777383217219 292.6655578613281 114
1777383219046 371.3033142089844 115
1777383220407 311.1196594238281 116
1777383221218 338.1236267089844 117
1777383221596 283.08148193359375 118
1777383222029 227.69000244140625 119
1777383222936 275.99920654296875 120
1777383223550 260.1878356933594 121
