1777378289671 205.2809431608302 1
1777378290465 203.80690348035318 2
1777378291274 202.35429750501964 3
1777378292190 201.1335843413526 4
1777378293322 199.6548095307248 5
1777378294623 197.6319970298332 6
1777378295344 195.84929234618133 7
1777378296857 194.09413993279136 8
1777378298303 192.2198041956135 9
1777378299284 190.30282200351104 10
1777378300822 188.256484367073 11
1777378301983 185.76017805224024 12
1777378302687 182.826537922562 13
1777378304252 179.72307256582278 14
1777378305263 176.5610232239126 15
1777378305834 173.1959128234555 16
1777378306771 169.77218190858005 17
1777378307412 166.46002945527192 18
1777378307942 162.94852163528518 19
1777378308381 159.40359424860847 20
1777378309101 155.80795596061517 21
1777378309817 151.78437368105455 22
1777378310653 148.00948159028528 23
1777378311421 142.68201779875767 24
1777378311859 137.1556981932395 25
1777378312289 129.7072876470324 26
1777378313754 123.57724289260341 27
1777378315496 116.85383331057223 28
1777378316298 111.05811664816534 29
1777378317728 105.3718165666821 30
1777378318477 100.17138146228443 31
1777378319208 94.11189006476546 32
1777378319925 88.04718417203925 33
1777378321117 83.6052211755492 34
1777378322550 76.93539929097983 35
1777378323369 71.72481932379648 36
1777378323795 65.78282732669484 37
1777378324747 60.30996796822334 38
1777378325179 56.242071923933196 39
1777378325905 52.07279450667474 40
1777378326750 47.92714502730942 41
1777378328640 45.58699722954178 42
1777378329397 43.253869385257026 43
1777378330221 42.52420180623985 44
1777378331693 40.33203408746964 45
1777378332422 40.27312454412837 46
1777378333376 36.92668187076081 47
1777378333991 37.27760060459816 48
1777378335245 37.135477661824616 49
1777378335665 37.242129320019586 50
1777378336113 36.91233544240326 51
1777378337092 35.110993440111635 52
1777378337582 34.104826053745676 53
1777378338177 33.60607695347859 54
1777378338893 36.225072248030095 55
1777378339654 36.350992466785726 56
1777378340086 33.03292960784076 57
1777378340864 34.39819884796841 58
1777378341680 34.5520175813991 59
1777378342234 32.99304495836964 60
1777378342671 33.55424821452848 61
1777378343352 35.35090900639084 62
1777378344541 31.888740719381953 63
1777378345299 30.946051138306604 64
1777378346520 31.907389143168604 65
1777378347597 32.14964020380905 66
1777378348496 33.35442000671538 67
1777378349726 30.503582853404797 68
1777378350771 31.897387971039258 69
1777378351480 31.57812886566033 70
1777378351913 32.872422962207246 71
1777378352941 28.016848263519822 72
1777378353556 30.616141894942444 73
1777378354732 29.946746353944697 74
1777378355164 29.970311033705194 75
1777378355609 29.508362700059813 76
1777378356043 27.278802331492212 77
1777378356577 28.560561767524156 78
1777378357257 27.05800473274383 79
1777378357987 29.33163146659571 80
1777378358613 29.815846125437748 81
1777378359866 26.82408308042362 82
1777378360333 28.132763685392252 83
1777378360810 30.635242228620456 84
1777378361511 29.65678509791225 85
1777378362051 25.420661320521468 86
1777378362779 26.433976752526757 87
1777378363617 26.950468619099418 88
1777378364619 26.16922327984368 89
1777378366033 25.125236851728758 90
1777378366723 27.588583578133477 91
1777378367503 26.760134479544032 92
1777378369099 26.511037003629497 93
1777378369525 25.503505091901705 94
1777378370563 25.74603418717507 95
1777378371950 26.79289784625769 96
1777378373791 26.12326292258791 97
1777378375029 24.303718138014013 98
1777378375433 26.325205003134 99
1777378377340 24.801992963882334 100
1777378378556 26.0642645442082 101
1777378379915 28.674661393897704 102
1777378380757 23.40310627461195 103
1777378381435 24.430183427569418 104
1777378382161 25.167369436931622 105
1777378383697 23.060342992794197 106
1777378384217 22.78426388242689 107
1777378384747 23.548154151967914 108
1777378385463 26.20390996513569 109
1777378387120 25.078664081043947 110
1777378387563 25.09228328917204 111
1777378388975 25.29056003250645 112
1777378389695 23.787897652105183 113
1777378390290 22.278800926062537 114
1777378390965 24.354157755915107 115
1777378391378 22.76580194680719 116
1777378392813 22.188758492037557 117
1777378393913 23.248896090644685 118
1777378396012 23.513360304154077 119
1777378396960 20.401872945338482 120
1777378397805 21.53618823200738 121
1777378398470 24.291053864572497 122
1777378399209 23.229660489659416 123
1777378400096 24.122070134590956 124
1777378401067 20.24201713793613 125
1777378402568 23.093781715133836 126
1777378403338 22.628887032293754 127
1777378404217 22.377281711959704 128
1777378405351 20.388947937499054 129
1777378405771 22.82709026145662 130
1777378407560 20.43091087398271 131
1777378412553 21.313291115494767 132
1777378413735 20.930991729846962 133
1777378414410 22.092465375489162 134
1777378414833 20.34236986485965 135
1777378415898 22.346831081274143 136
1777378416317 22.147725131841984 137
1777378416789 21.375159904372644 138
1777378417226 21.052368987604087 139
1777378417940 21.061783503901903 140
1777378418578 24.381063949238865 141
1777378419482 22.450403779950427 142
1777378419894 21.83073716586497 143
1777378420673 20.31478427660698 144
1777378422151 21.191968238515873 145
1777378422758 21.048835283617834 146
1777378423219 22.40139390150686 147
1777378423652 22.71313440741667 148
1777378424115 20.502002897344795 149
1777378425019 21.9944457932441 150
1777378425834 21.18433313699028 151
1777378426277 21.239207679927556 152
1777378426714 18.460703586383072 153
1777378427678 21.611293440013966 154
1777378428568 21.415858786617907 155
1777378429490 22.149753322906893 156
1777378430151 21.695129635527504 157
1777378431166 18.634166945006555 158
