1777378778884 162.22052001953125 1
1777378780696 159.0662384033203 2
1777378782760 155.50047302246094 3
1777378783622 151.32937622070312 4
1777378784459 146.50225830078125 5
1777378785863 140.8209686279297 6
1777378786850 133.9034881591797 7
1777378788589 125.15235900878906 8
1777378790545 115.8125991821289 9
1777378791966 106.47000122070312 10
1777378793081 96.55944061279297 11
1777378794776 86.57740783691406 12
1777378795808 76.0132827758789 13
1777378797375 66.05575561523438 14
1777378799270 56.535980224609375 15
1777378801002 48.09307098388672 16
1777378803621 40.36876678466797 17
1777378805539 33.63884735107422 18
1777378809372 28.865373611450195 19
1777378810296 25.696664810180664 20
1777378811340 23.60064697265625 21
1777378812945 23.738237380981445 22
1777378814406 22.472579956054688 23
1777378815846 21.839685440063477 24
1777378817303 20.747419357299805 25
1777378819516 19.177490234375 26
1777378820951 20.48383331298828 27
1777378821964 20.194332122802734 28
1777378823113 18.87275505065918 29
1777378824311 18.617347717285156 30
1777378825419 18.1886043548584 31
1777378826251 19.5252628326416 32
1777378827180 18.31587028503418 33
1777378828027 18.338674545288086 34
1777378829195 17.790456771850586 35
1777378830031 17.580801010131836 36
1777378831358 17.531883239746094 37
1777378832987 18.338346481323242 38
1777378833846 17.623552322387695 39
1777378834707 17.281749725341797 40
1777378835567 16.354249954223633 41
1777378836410 17.94426727294922 42
1777378837246 16.616762161254883 43
1777378838652 15.246707916259766 44
1777378839519 17.08328628540039 45
1777378840769 16.01905632019043 46
1777378842134 16.48250961303711 47
1777378844640 16.753828048706055 48
1777378845798 15.942623138427734 49
1777378846644 15.845030784606934 50
1777378847502 16.85459327697754 51
1777378848418 15.720083236694336 52
1777378849260 15.978496551513672 53
1777378850467 16.50709342956543 54
1777378851926 15.595460891723633 55
1777378853323 14.960841178894043 56
1777378854292 15.109545707702637 57
1777378855722 15.357226371765137 58
1777378856842 15.111573219299316 59
1777378857684 15.487250328063965 60
1777378859476 15.533398628234863 61
1777378861298 14.27414321899414 62
1777378864236 15.29210090637207 63
1777378865380 14.367239952087402 64
1777378867317 14.90759563446045 65
1777378869495 15.557666778564453 66
1777378871430 14.49439811706543 67
1777378874863 14.611122131347656 68
1777378875707 14.765711784362793 69
1777378876986 15.37162971496582 70
1777378878278 14.376818656921387 71
1777378879780 14.905412673950195 72
1777378881862 13.673798561096191 73
1777378883350 13.482637405395508 74
1777378885320 14.731413841247559 75
1777378886411 13.802099227905273 76
1777378887747 13.962159156799316 77
1777378890156 13.451635360717773 78
1777378891102 13.631060600280762 79
1777378892687 13.597203254699707 80
1777378894499 13.360647201538086 81
1777378895735 13.586219787597656 82
1777378896605 13.538774490356445 83
1777378898612 14.050241470336914 84
1777378899772 12.701409339904785 85
1777378902045 13.512377738952637 86
1777378903622 13.18399715423584 87
1777378905383 12.678888320922852 88
