1777381178704 -1.9449552329278377 1
1777381179226 -1.9020475040621232 2
1777381179893 -1.8555149939235358 3
1777381180261 -1.8162721925364131 4
1777381181287 -1.7757222944716693 5
1777381181628 -1.7302415916576157 6
1777381183869 -1.6811084563454237 7
1777381185049 -1.6238125599364674 8
1777381185411 -1.5610160591564015 9
1777381185753 -1.489314409466159 10
1777381186158 -1.4052005956075648 11
1777381187255 -1.3168690209428595 12
1777381187843 -1.2318391493290437 13
1777381188191 -1.1457051468105544 14
1777381189363 -1.0512101801267435 15
1777381189943 -0.9622830952991854 16
1777381190325 -0.876030961107573 17
1777381191491 -0.7769006896385795 18
1777381192435 -0.6851142740665375 19
1777381192810 -0.5825798612750763 20
1777381193948 -0.473774557904306 21
1777381194300 -0.35976798024289525 22
1777381194740 -0.2387858094863773 23
1777381195816 -0.12532490926600426 24
1777381196164 -0.01875781216404282 25
1777381196938 0.07691339496550775 26
1777381197308 0.18223171290396456 27
1777381197964 0.28577815467590184 28
1777381198840 0.36846517499651443 29
1777381199354 0.4586606964668527 30
1777381200277 0.5441971315066804 31
1777381200623 0.6162199086640585 32
1777381200971 0.6710587906609624 33
1777381201317 0.7241956056974499 34
1777381201962 0.7654041308824703 35
1777381202320 0.8161612978434633 36
1777381203940 0.8394705382830714 37
1777381206173 0.8662068575302775 38
1777381207690 0.882049912742566 39
1777381208053 0.8993354851359356 40
1777381208704 0.9022449231421692 41
1777381209621 0.9214664464889151 42
1777381210479 0.918292896143957 43
1777381211412 0.926933047026819 44
1777381211867 0.9368400760381791 45
1777381212424 0.9399300697072003 46
1777381213871 0.9423284032890563 47
1777381215521 0.9469233458702034 48
1777381215867 0.9315065221105283 49
1777381216210 0.9459579209862968 50
1777381216562 0.9486005738190149 51
1777381217162 0.9375775717715914 52
1777381217706 0.949091986806573 53
1777381218688 0.9504050519805449 54
1777381219464 0.9539448143924371 55
1777381220822 0.9570567273472247 56
1777381221848 0.9609391910083591 57
1777381222259 0.9578436894631578 58
1777381222980 0.9596763190601423 59
1777381224586 0.9631575998947112 60
1777381225034 0.9607430705100576 61
1777381225436 0.964999659077004 62
1777381226044 0.9578465772902283 63
1777381226725 0.9623279388123347 64
1777381227071 0.9558899003660961 65
1777381228218 0.9610178674414066 66
1777381228780 0.9620641218698938 67
1777381229499 0.9656756247643951 68
1777381230369 0.9601436013124481 69
1777381232766 0.9582006664449807 70
1777381237559 0.9742815906340306 71
1777381239226 0.9749269288004655 72
1777381241952 0.9656971453947157 73
1777381242753 0.9661826439177587 74
1777381249226 0.954905889205727 75
1777381252334 0.9683074256895533 76
1777381254547 0.9633075565772822 77
1777381256217 0.9670722391588956 78
1777381257479 0.9707511917941825 79
1777381258518 0.9708152270812195 80
1777381259759 0.958308905007407 81
1777381260704 0.9734712087923039 82
1777381261906 0.9608183137190017 83
1777381262756 0.9641705361464111 84
1777381263405 0.9671063342639775 85
1777381264606 0.9719096427396009 86
1777381265979 0.9739862456087367 87
1777381267443 0.9732910150376007 88
1777381268271 0.9649569732247718 89
1777381269145 0.9593863445549593 90
1777381273742 0.9590469637067576 91
1777381274551 0.9687999741715482 92
1777381275308 0.974934797641235 93
1777381276449 0.9731989192493176 94
1777381277515 0.9690478503267699 95
1777381278720 0.972074927827118 96
1777381280614 0.9656521734056159 97
1777381282550 0.9715974703646094 98
1777381283306 0.9785666507038095 99
1777381283767 0.9754290277261318 100
1777381284991 0.9787580621892024 101
1777381285448 0.9734146304951001 102
1777381285907 0.9763671215359393 103
1777381286413 0.9738068654619554 104
1777381287063 0.9709410081795484 105
1777381288437 0.9748579255468998 106
1777381289578 0.9756793390680821 107
1777381291043 0.973029986727568 108
1777381292029 0.9766418876172369 109
1777381293350 0.974244050881965 110
1777381294499 0.9733023095277361 111
1777381295834 0.9708814672912777 112
1777381296593 0.9793808073061757 113
1777381297838 0.9689501014868731 114
1777381299125 0.9781203179193632 115
1777381299505 0.9772276063417153 116
1777381300481 0.9786341016676813 117
1777381301445 0.9753031644836073 118
1777381303753 0.9802566617116498 119
1777381305513 0.9775027322094082 120
1777381305893 0.9814073722095374 121
1777381306600 0.97491863632944 122
1777381307593 0.9824340886942853 123
1777381308674 0.9742207821559765 124
1777381310418 0.9701368430016022 125
1777381312010 0.9774880033933396 126
1777381312493 0.980273949133481 127
1777381312848 0.9818742235528569 128
1777381313583 0.9819441657970399 129
1777381314184 0.9686018168883961 130
1777381315886 0.9737156001066175 131
1777381317261 0.972795994552055 132
1777381318060 0.9856047509358886 133
1777381318963 0.9738664180315109 134
1777381322214 0.980268290462622 135
1777381326006 0.9769719309276993 136
1777381326391 0.9800801557881184 137
1777381328029 0.9799377589971128 138
1777381328921 0.9778131286819796 139
1777381330357 0.9761464214666484 140
1777381331247 0.9764214323093015 141
1777381336056 0.98259708320963 142
1777381336803 0.9838948209146379 143
1777381338308 0.9805914575200969 144
1777381339295 0.9815306369698423 145
1777381340178 0.9792716602137432 146
1777381341724 0.9818189441970726 147
1777381342088 0.9768677743514406 148
1777381343229 0.9755689390450386 149
1777381345321 0.9836805096078797 150
1777381346099 0.9840923385640816 151
1777381346467 0.9814327433831307 152
1777381347308 0.982267765118016 153
1777381348116 0.9845962128097642 154
1777381348522 0.9770515044085675 155
1777381349281 0.9822990296712955 156
1777381350184 0.9786438002423763 157
1777381350817 0.9770529702764524 158
1777381351835 0.9851464251791922 159
1777381352543 0.9839767412657286 160
1777381353759 0.9835363369295363 161
1777381354431 0.9831453485485702 162
1777381354801 0.9815041220376953 163
1777381355170 0.9853782385776881 164
1777381355543 0.9855770102628819 165
1777381355921 0.9815801356110431 166
1777381356644 0.9843157691182389 167
1777381357017 0.9861727389713094 168
1777381357770 0.9826915340463376 169
1777381358478 0.9848276922659812 170
1777381359043 0.9834463228974837 171
1777381359385 0.9829573767028082 172
1777381360228 0.9805970713031357 173
1777381360573 0.9873540449944779 174
1777381361123 0.9841516985237024 175
1777381362740 0.9841588609365449 176
1777381363814 0.9835011084038267 177
1777381364155 0.9832729941899898 178
1777381365617 0.9853598808618892 179
1777381365968 0.9823023259342345 180
1777381366328 0.9855078746030009 181
1777381367256 0.9872869584767013 182
1777381367774 0.9881397849819538 183
1777381368138 0.9857450983173441 184
1777381368876 0.9840300300865105 185
1777381369428 0.9856118432115116 186
1777381369805 0.9848272602207098 187
1777381370169 0.9849772122470504 188
1777381371064 0.9890754599542324 189
1777381372346 0.9843544666258127 190
1777381373383 0.9866734822462835 191
1777381373828 0.9891630884153603 192
1777381374548 0.9878283002897599 193
1777381375346 0.9860252910459204 194
1777381376973 0.9840255497209369 195
1777381377498 0.9876036560770612 196
1777381378403 0.9859450651407561 197
1777381378894 0.983878088978082 198
1777381380393 0.990481196664287 199
1777381381233 0.9895114754141777 200
1777381381718 0.9851317020433564 201
1777381382515 0.9862810688832394 202
1777381384201 0.9871662312809933 203
1777381384742 0.9888980833484231 204
1777381386090 0.9871214559267101 205
1777381386806 0.9885934876026113 206
1777381387544 0.9872625773765026 207
1777381388833 0.9849382762170232 208
1777381389578 0.9861283212276856 209
1777381390397 0.9898136616238492 210
1777381391475 0.988625273411714 211
1777381392272 0.9891998136661687 212
1777381392729 0.9863625892021989 213
1777381394229 0.9862637141281195 214
1777381395782 0.9880925717451076 215
1777381399932 0.9863597305873176 216
1777381400947 0.9887237629006473 217
1777381401368 0.9886413165992736 218
1777381402631 0.9884412821078119 219
1777381403680 0.988832143841629 220
