1777370612848 39786.7484375 1
1777370614332 36658.25703125 2
1777370615548 31797.230078125 3
1777370616815 25221.074609375 4
1777370618067 18404.295703125 5
1777370619243 12164.9240234375 6
1777370620470 6677.06728515625 7
1777370621731 3077.996142578125 8
1777370623004 1411.0775146484375 9
1777370624269 888.1871704101562 10
1777370625827 783.2744262695312 11
1777370627282 752.864453125 12
1777370628691 627.5080322265625 13
1777370630821 566.8707885742188 14
1777370632357 565.0320434570312 15
1777370633932 504.75718383789064 16
1777370635447 593.870263671875 17
1777370636712 567.2910888671875 18
1777370637971 522.7596984863281 19
1777370639173 446.972021484375 20
1777370640442 445.2167907714844 21
1777370641696 516.3677734375 22
1777370642916 475.6043273925781 23
1777370644142 439.6128295898437 24
1777370645422 406.9977661132813 25
1777370646667 374.8912414550781 26
1777370647874 345.1453857421875 27
1777370649101 402.9603515625 28
1777370650341 344.699755859375 29
1777370651593 351.3078918457031 30
1777370652789 294.8955322265625 31
1777370653937 297.46181030273436 32
1777370656200 293.11553344726565 33
1777370657399 248.89906311035156 34
1777370658561 265.3297882080078 35
1777370659747 235.3819152832031 36
1777370660954 244.64301452636718 37
1777370662129 225.03294982910157 38
1777370663288 200.60362243652344 39
1777370664485 214.62582397460938 40
1777370665658 181.53834838867186 41
1777370666878 187.4378631591797 42
1777370668046 191.09833374023438 43
1777370669247 170.75155334472657 44
1777370670914 173.98696899414062 45
1777370672078 151.22008361816407 46
1777370673289 157.70357971191407 47
1777370674554 170.9815704345703 48
1777370675814 151.75068359375 49
1777370677053 147.1741912841797 50
1777370678311 140.3945281982422 51
1777370679618 141.70298767089844 52
1777370681001 136.97454223632812 53
1777370682256 159.7181182861328 54
1777370683511 154.88809204101562 55
1777370684770 152.75003662109376 56
1777370686033 131.78529663085936 57
1777370687265 125.0451644897461 58
1777370688540 126.55059661865235 59
1777370689857 139.73797912597655 60
1777370691073 126.67372283935546 61
1777370692322 138.82453308105468 62
1777370693565 120.81702728271485 63
1777370694821 135.19365234375 64
1777370696050 123.24810333251953 65
1777370697211 112.17105102539062 66
1777370698386 134.7752899169922 67
1777370699572 117.0885498046875 68
1777370700774 106.54121398925781 69
