1777267896495 153.8788184175037 1
1777267900725 140.6360652378627 2
1777267905974 121.68953985305059 3
1777267921978 94.53023103259859 4
1777267939584 64.67005840483166 5
1777267942840 42.48536760965983 6
1777267946654 29.74040160042899 7
1777267955562 23.774163731166293 8
1777267964939 21.72129433768136 9
1777267975067 19.647478677658807 10
1777267982388 18.689099749610538 11
1777267990663 17.80345962524414 12
1777267999469 16.803405874343145 13
1777268007927 16.859497528076172 14
1777268021555 16.330497055053712 15
1777268074908 15.87184323992048 16
1777268078096 15.478843025934129 17
1777268084977 14.98501858847482 18
1777268116868 14.98583809080578 19
1777268121716 14.706193927583241 20
1777268127877 14.834303530738467 21
1777268133768 14.506393107459658 22
1777268138382 14.065747139340356 23
1777268140980 13.832534254164923 24
1777268143411 13.467015933082218 25
1777268147506 13.730576220921108 26
1777268154099 13.916042981828962 27
1777268164302 13.162899013700939 28
1777268171067 12.992739739190965 29
1777268179207 12.8202318246024 30
1777268196986 13.05476433526902 31
1777268204136 12.614350124540783 32
1777268253071 12.37013069152832 33
1777268255516 11.829276531764439 34
1777268258467 11.867585808890206 35
1777268264883 12.136742324829102 36
1777268272050 12.099690965924944 37
1777268280093 12.41469888959612 38
1777268287061 11.97818644750686 39
1777268294478 11.95782116481236 40
1777268301229 12.200884134201777 41
1777268309824 11.6271435546875 42
1777268316932 11.72558351789202 43
1777268323937 11.500299319312687 44
1777268335117 11.28467722756522 45
1777268345332 10.947967491149903 46
1777268357361 11.135462568373907 47
1777268366491 10.807691703069779 48
1777268379730 10.46559321812221 49
1777268462332 10.3548074395316 50
1777268507392 11.002828881399973 51
1777268511464 10.127885731288364 52
1777268518689 10.546155442737398 53
1777268526727 10.16160243261428 54
1777268538639 10.05844780876523 55
1777268547486 9.939579000927154 56
1777268555341 9.926945900689988 57
1777268564880 9.678309838431222 58
1777268576341 9.26322196778797 59
