1777221251432 154.08359509757597 1
1777221252631 142.5064276811171 2
1777221253816 124.87349608953882 3
1777221254954 99.5215105687319 4
1777221256077 71.67219385761972 5
1777221257196 45.61944315625301 6
1777221258327 30.132165896941547 7
1777221259508 21.773700161282623 8
1777221260954 17.626779403283326 9
1777221262559 17.167062703399747 10
1777221263834 15.18623383634593 11
1777221265036 15.318879702619014 12
1777221266242 13.981080415986666 13
1777221267469 13.6203187419468 14
1777221268641 13.594806786277893 15
1777221269804 13.634265699851394 16
1777221271090 13.368042652535564 17
1777221272597 12.384904092910775 18
1777221273934 13.914372483688597 19
1777221275134 11.536352752309229 20
1777221276309 12.44614877975204 21
1777221277467 12.819242329353875 22
1777221278605 11.751517641131345 23
1777221279729 11.991597616287518 24
1777221280884 10.453275539646832 25
1777221282038 10.807772135888557 26
1777221283175 10.21895327072457 27
1777221284501 10.379552994177612 28
1777221285924 10.490645028168638 29
1777221287210 10.13968607196371 30
1777221288326 10.201296053587935 31
1777221289451 9.99556470144096 32
1777221290569 9.151366002099065 33
1777221291697 8.815821690203789 34
1777221292845 8.96661503467571 35
1777221293999 8.540212181212269 36
1777221295132 9.38048919575815 37
1777221296276 8.621614634703693 38
1777221297406 8.796012221317884 39
1777221298573 8.65444680761045 40
1777221299783 7.8087441050719315 41
1777221300928 7.562963571509262 42
1777221302142 8.154750362089363 43
1777221303321 7.865855296163509 44
1777221304514 7.9387039986485535 45
1777221305688 7.568624292397177 46
1777221306877 7.153758006339485 47
1777221308063 7.285073691372023 48
1777221309239 7.18897514141663 49
1777221310420 6.3535983060432475 50
1777221311594 7.0400334895252135 51
1777221312804 6.406687115474932 52
1777221313994 6.624611626186583 53
1777221315240 6.425011457531717 54
1777221316453 6.0966780164699585 55
1777221317636 6.9329170793767405 56
1777221318924 6.941225717379917 57
1777221320164 5.739522383147244 58
1777221407253 6.160704906730182 59
1777221412177 6.386389770328614 60
1777221413430 5.513864585531507 61
1777221414656 5.8354829838607705 62
1777221415838 6.557465436468387 63
1777221417001 5.546844683124679 64
1777221418165 6.585407895476274 65
1777221419291 5.868275446396187 66
1777221420451 5.561664267476698 67
1777221421843 5.995501632824829 68
1777221423257 5.746405615277383 69
1777221424438 5.514821647715722 70
1777221426672 5.564656748746468 71
1777221427939 5.330728083110458 72
1777221429106 5.800998016084144 73
1777221430328 5.218027607889225 74
1777221431481 5.1299801264800395 75
1777221432631 5.020799048060329 76
1777221433780 5.2450520806080165 77
1777221434929 5.119814688166799 78
1777221436074 4.867801426581194 79
1777221437248 5.108633236036676 80
1777221438477 5.115471882128533 81
1777221439938 5.19351606800216 82
1777221442494 5.208144322214446 83
1777221459024 4.588082218226166 84
1777221460256 5.002176560084399 85
1777221461390 4.981710497799581 86
1777221462510 4.602471977587805 87
1777221463661 4.59271783386338 88
1777221464780 4.763523767334674 89
1777221465945 4.971981377414025 90
1777221467120 4.806686102776967 91
1777221468256 4.915637174775442 92
1777221474498 4.4922076557358785 93
1777221478095 4.493796788953153 94
1777221500121 4.32482881126023 95
1777221594310 4.417215255674585 96
1777221595583 5.031646713283716 97
1777221596714 4.859942374282631 98
1777221597851 9.160340327174959 99
1777221598977 5.412651949046432 100
1777221600113 5.463196095563493 101
1777221601263 5.290619213778484 102
1777221602406 4.744498842321139 103
1777221603532 4.445172193060184 104
1777221604647 4.88098691199992 105
1777221605783 8.959844373074686 106
1777221606909 5.533485747699659 107
1777221608014 4.952070648951595 108
1777221609398 4.563510942711105 109
1777221610827 4.356882102056874 110
1777221612242 4.354806062493405 111
1777221613649 4.265197631826978 112
1777221615053 4.255911254546814 113
