1777306701072 164.27335799377192 1
1777306702946 130.32047237483192 2
1777306704846 74.89583350916762 3
1777306706726 30.85627941307723 4
1777306708581 19.636406683461978 5
1777306710444 17.186063261048826 6
1777306712310 15.387045408479656 7
1777306714192 14.67580884446323 8
1777306716060 13.424676055506891 9
1777306717923 12.911765932521229 10
1777306719796 12.500304508933821 11
1777306721664 11.925743229162059 12
1777306723530 11.206435160076737 13
1777306725397 10.9005631821954 14
1777306727259 10.695931343444254 15
1777306729127 9.349490786072526 16
1777306730986 9.575196364384377 17
1777306732843 9.013912159793215 18
1777306734701 9.083727526929488 19
1777306736581 8.736804647127974 20
1777306738429 8.241343342498476 21
1777306740291 8.881628634008589 22
1777306742161 7.881702847595037 23
1777306744015 7.886879749900064 24
1777306745881 8.124441466284106 25
1777306747750 7.494255778916324 26
1777306749614 7.32241542967769 27
1777306751479 7.037854161644316 28
1777306753334 6.931497583885349 29
1777306755191 6.857295826566909 30
1777306757047 6.796733203511152 31
1777306758916 6.387396970288507 32
1777306760772 6.3802261898212445 33
1777306762641 6.909473524533957 34
1777306764500 6.445226907646496 35
1777306766338 6.45623942959873 36
1777306768184 6.191962907134546 37
1777306770056 6.229271712266932 38
1777306771914 6.139691588559533 39
1777306773769 6.100624212669671 40
1777306775629 6.0377075569870735 41
1777306777491 5.859308282483188 42
1777306779355 5.988439099987929 43
1777306781249 5.404755593962588 44
1777306783135 5.429186624229337 45
1777306784978 5.761438355147664 46
1777306786833 5.824234677029938 47
