1777180232145 146.98150288114917 1
1777180234355 124.25612725775744 2
1777180236570 85.28788750939978 3
1777180238511 42.330030017252845 4
1777180240517 23.251098408684886 5
1777180242533 18.937968510704152 6
1777180244477 16.156305085813255 7
1777180246360 14.82986699961767 8
1777180248260 13.915665604905488 9
1777180253999 13.235536707473438 10
1777180256960 13.354811701222769 11
1777180267431 12.417718436583566 12
1777180269348 12.229878952298037 13
1777180271203 11.652230430172883 14
1777180273061 11.300673810353265 15
1777180274902 10.218066590079921 16
1777180276741 10.461429823923535 17
1777180278573 10.501098886031425 18
1777180280424 9.76416001860395 19
1777180282261 9.602027028250765 20
1777180284104 9.335985118062277 21
1777180285950 9.12494620167537 22
1777180287805 9.177995586678254 23
1777180289655 9.244884166547736 24
1777180291568 8.571720295235382 25
1777180293491 8.43892972623559 26
1777180295392 7.995772719453987 27
1777180297303 8.191720902077876 28
1777180299287 7.850930707857941 29
1777180314647 8.08412714474279 30
1777180316502 7.695191321217342 31
1777180318346 7.565500855375115 32
1777180320187 7.380292141628549 33
1777180322026 7.121939691153054 34
1777180323875 7.069690995824796 35
1777180326747 7.111829864886818 36
1777180328637 6.922248327442022 37
1777180342010 6.68942530419777 38
1777180344329 6.416394208517556 39
1777180346199 6.607766817472101 40
1777180348094 6.5507918831573395 41
1777180349962 6.37656172415623 42
1777180351836 6.626926532202022 43
1777180353721 6.394908968701914 44
1777180355637 6.046529733788012 45
1777180357530 6.13971736398578 46
1777180359430 6.144676294411679 47
1777180361396 5.970335574051039 48
1777180363312 5.7638618020983055 49
1777180365234 5.9239423283200585 50
1777180367305 5.823429745524149 51
1777180387241 5.655455299569875 52
1777180389111 5.487549766348095 53
1777180390951 5.398981185369746 54
1777180392787 5.4348081210954255 55
1777180394622 5.622068834616098 56
1777180396455 5.309611637556942 57
1777180398318 5.674033706166978 58
1777180400167 5.248274866183363 59
1777180402012 5.129794050946788 60
1777180403854 5.260330495636258 61
1777180405727 5.306284007686536 62
1777180407585 5.066480626295865 63
1777180409469 5.131442073742784 64
1777180411336 5.152655216126484 65
1777180413183 5.097198935573815 66
1777180415036 4.881565720872285 67
1777180416887 4.869292780256413 68
1777180418728 4.873386576734593 69
1777180420620 4.801213446455822 70
1777180423486 4.716849053719631 71
1777180425542 5.207001727412646 72
1777180427456 4.967497028950768 73
1777180429379 4.745301942910214 74
1777180431315 4.620661263338536 75
1777180433218 4.696341583438726 76
1777180435149 4.646012622199356 77
1777180437128 4.5801309348992145 78
1777180439254 4.414814054675909 79
1777180441215 4.771311495410228 80
1777180443276 4.357012473652554 81
1777180445706 4.739744413585266 82
1777180448202 4.445443918952602 83
1777180450793 4.430445547867953 84
1777180456656 4.550443350851359 85
1777180458503 4.557738037845147 86
1777180463590 4.300861961240231 87
1777180465553 4.443514547829104 88
