1777207741210 -1.7372242052968823 1
1777207741856 -1.6339497489763037 2
1777207742589 -1.5233243359241833 3
1777207743321 -1.3729004909606257 4
1777207743945 -1.1803231034579567 5
1777207744561 -0.9775474266301916 6
1777207745176 -0.7636933113279711 7
1777207745831 -0.5474872008857781 8
1777207746443 -0.3226972295928866 9
1777207747047 -0.10454243602307312 10
1777207747654 0.11849123050659804 11
1777207748273 0.33936163477552594 12
1777207748884 0.5377176433438363 13
1777207749504 0.6953720952825306 14
1777207750121 0.805803095293486 15
1777207750742 0.8633883452363053 16
1777207751359 0.9103634223631469 17
1777207752026 0.9264445922951248 18
1777207753048 0.939505995234069 19
1777207753666 0.9407385530648253 20
1777207754277 0.9383008031285021 21
1777207754895 0.9538885964030497 22
1777207755504 0.9481230864177774 23
1777207756116 0.956978761559774 24
1777207756731 0.9637985230713179 25
1777207757349 0.9619247869573119 26
1777207757966 0.9624748211567573 27
1777207758583 0.963210283626599 28
1777207759196 0.9614996365740741 29
1777207759972 0.9626115139566833 30
1777207760707 0.9648095067530513 31
1777207761319 0.9640086524166975 32
1777207766073 0.9618230238713821 33
1777207766687 0.9659479999105844 34
1777207767310 0.9667900732856065 35
1777207767932 0.9703911068345648 36
1777207768781 0.9696841800189222 37
1777207769393 0.9697739719756641 38
1777207770017 0.9733418890181074 39
1777207770639 0.9674850717549033 40
1777207771275 0.970422309180177 41
1777207771927 0.9724217594041829 42
1777207772556 0.9705639506066726 43
1777207773397 0.9756135148644066 44
1777207774025 0.9750700373818242 45
1777207774654 0.9713482752741595 46
1777207775470 0.978222485008592 47
1777207776344 0.9777735474318234 48
1777207777254 0.9734422785222586 49
1777207778276 0.9735851235614563 50
1777207780046 0.979087289361866 51
1777207780722 0.9824274339735208 52
1777207785966 0.9799636190389115 53
1777207788825 0.9773977398429627 54
1777207797212 0.9813683943502558 55
1777207797834 0.9803335562827545 56
1777207798456 0.9827158099721724 57
1777207799074 0.9805436078574222 58
1777207799688 0.9799786005760941 59
1777207800305 0.9811576256758126 60
1777207800921 0.9801836536909707 61
1777207801533 0.9774372379955475 62
1777207802145 0.9815955128604055 63
1777207802765 0.9838173898873737 64
1777207803375 0.982651060321764 65
1777207803988 0.9833642238783538 66
1777207804624 0.9844586370599224 67
1777207805235 0.9822664406363815 68
1777207805843 0.98477869737148 69
1777207806451 0.9863677754728876 70
1777207807053 0.9853742108533714 71
1777207807658 0.9848239022979802 72
1777207808262 0.9849949668997218 73
1777207808868 0.9842875863343603 74
1777207809470 0.9844756227352081 75
1777207810071 0.9874898326301682 76
1777207810672 0.9844246927336309 77
1777207811275 0.9875057144775788 78
1777207811878 0.9876396647299173 79
1777207812480 0.9874910561764255 80
1777207813079 0.9882162094221458 81
1777207813679 0.9840915089364428 82
1777207814657 0.9872391695681082 83
1777207815643 0.9882573992393232 84
1777207816241 0.9876601512955793 85
1777207816836 0.9847889019702826 86
1777207817431 0.9890147449853773 87
1777207818026 0.9889435218976338 88
1777207818622 0.988724301276928 89
1777207819218 0.9898462294861415 90
1777207819816 0.9877779195594147 91
1777207820414 0.9899900845403365 92
1777207821011 0.9904348643272638 93
1777207821606 0.9893647254148239 94
1777207822200 0.9890590603827993 95
1777207822794 0.9900336606863218 96
1777207823390 0.9903976884582784 97
1777207823988 0.9903545822519217 98
1777207824995 0.9890059987233042 99
1777207825587 0.9907643712485734 100
1777207826179 0.9906368433352422 101
1777207826774 0.9897562213822395 102
1777207827370 0.9871101349820814 103
1777207827965 0.9887400333151182 104
1777207828559 0.9909641409924099 105
1777207829155 0.9905839648694645 106
1777207829747 0.9904758889940162 107
1777207830341 0.9912040101210985 108
