1777207741210 -1.7372239848009636 1
1777207741856 -1.633949855098428 2
1777207742589 -1.523324255369607 3
1777207743321 -1.3729003449669177 4
1777207743945 -1.1803231914047623 5
1777207744561 -0.9775475062558685 6
1777207745176 -0.7636931692544151 7
1777207745831 -0.547487281440348 8
1777207746443 -0.3226972829908046 9
1777207747047 -0.10454235136372847 10
1777207747654 0.11849126123887288 11
1777207748273 0.3393617016991778 12
1777207748884 0.5377176634824787 13
1777207749504 0.695372099683058 14
1777207750121 0.8058031109369342 15
1777207750742 0.8633883507619858 16
1777207751359 0.9103634187491099 17
1777207752026 0.9264445842111098 18
1777207753048 0.9395060002687301 19
1777207753666 0.9407385457031222 20
1777207754277 0.9383008030485072 21
1777207754895 0.9538885969680546 22
1777207755504 0.9481230885910965 23
1777207756116 0.9569787595724002 24
1777207756731 0.963798524562498 25
1777207757349 0.9619247844399814 26
1777207757966 0.9624748266969122 27
1777207758583 0.9632102819216842 28
1777207759196 0.9614996431432554 29
1777207759972 0.962611512203535 30
1777207760707 0.9648095067530512 31
1777207761319 0.9640086511580324 32
1777207766073 0.9618230238713821 33
1777207766687 0.9659480024279148 34
1777207767310 0.966790074589504 35
1777207767932 0.9703911056590879 36
1777207768781 0.9696841763181789 37
1777207769393 0.9697739744497015 38
1777207770017 0.9733418877594421 39
1777207770639 0.9674850691085766 40
1777207771275 0.9704223103533969 41
1777207771927 0.9724217581455177 42
1777207772556 0.9705639529778809 43
1777207773397 0.975613511709091 44
1777207774025 0.9750700351556282 45
1777207774654 0.9713482750648565 46
1777207775470 0.9782224831205941 47
1777207776344 0.9777735474318234 48
1777207777254 0.9734422785222586 49
1777207778276 0.9735851223027912 50
1777207780046 0.9790872906205312 51
1777207780722 0.9824274332657695 52
1777207785966 0.9799636190389115 53
1777207788825 0.9773977376770832 54
1777207797212 0.9813683960955519 55
1777207797834 0.9803335542475462 56
1777207798456 0.9827158087135073 57
1777207799074 0.9805436078574222 58
1777207799688 0.9799786021889093 59
1777207800305 0.98115762504648 60
1777207800921 0.9801836547675743 61
1777207801533 0.97743723711014 62
1777207802145 0.9815955121716354 63
1777207802765 0.9838173886357148 64
1777207803375 0.982651060321764 65
1777207803988 0.9833642238316848 66
1777207804624 0.9844586395581743 67
1777207805235 0.9822664413387525 68
1777207805843 0.9847786979682929 69
1777207806451 0.9863677778296908 70
1777207807053 0.9853742090346146 71
1777207807658 0.9848239029273128 72
1777207808262 0.9849949668497806 73
1777207808868 0.984287585697986 74
1777207809470 0.9844756227352081 75
1777207810071 0.9874898314951316 76
1777207810672 0.9844246933629635 77
1777207811275 0.9875057143398009 78
1777207811878 0.9876396655245102 79
1777207812480 0.9874910574350907 80
1777207813079 0.9882162084729076 81
1777207813679 0.9840915095886118 82
1777207814657 0.9872391705960515 83
1777207815643 0.9882573992393232 84
1777207816241 0.9876601490428828 85
1777207816836 0.9847889020000412 86
1777207817431 0.9890147443560448 87
1777207818026 0.9889435227882837 88
1777207818622 0.9887243023370089 89
1777207819218 0.9898462296964204 90
1777207819816 0.9877779198335356 91
1777207820414 0.9899900844365014 92
1777207821011 0.9904348647831128 93
1777207821606 0.9893647250128786 94
1777207822200 0.9890590606974656 95
1777207822794 0.990033661489156 96
1777207823390 0.9903976887049354 97
1777207823988 0.9903545819372555 98
1777207824995 0.989005998264935 99
1777207825587 0.9907643712485734 100
1777207826179 0.9906368432848578 101
1777207826774 0.9897562221104975 102
1777207827370 0.9871101349820814 103
1777207827965 0.9887400343927736 104
1777207828559 0.9909641403046445 105
1777207829155 0.9905839654987971 106
1777207829747 0.990475889715155 107
1777207830341 0.9912040104357648 108
