1777371281993 191.66138610839843 1
1777371283503 181.9014465332031 2
1777371284677 168.49679870605468 3
1777371285869 149.78490600585937 4
1777371287060 126.02726440429687 5
1777371288244 99.42677764892578 6
1777371289462 72.53287811279297 7
1777371290812 47.850059509277344 8
1777371296670 35.403700256347655 9
1777371298041 26.660922622680665 10
1777371299357 22.95427474975586 11
1777371300611 21.511083602905273 12
1777371301896 20.70208168029785 13
1777371303153 19.25616874694824 14
1777371304428 18.705158996582032 15
1777371305690 18.33120231628418 16
1777371306981 17.779782867431642 17
1777371308291 16.632826232910155 18
1777371309545 16.568492126464843 19
1777371310827 17.390738677978515 20
1777371312121 15.533388710021972 21
1777371313360 15.558392143249511 22
1777371314906 15.093132019042969 23
1777371316080 15.288238525390625 24
1777371317242 16.744677734375 25
1777371318432 16.21421527862549 26
1777371319628 14.61398811340332 27
1777371320790 14.272558403015136 28
1777371321982 14.311147308349609 29
1777371323198 14.177675437927245 30
1777371324475 14.850067138671875 31
1777371325753 14.373101806640625 32
1777371327031 13.511627578735352 33
1777371328518 13.291639518737792 34
1777371329772 13.834579849243164 35
1777371330996 13.809842681884765 36
1777371332223 14.030463218688965 37
1777371333453 14.249720001220703 38
1777371335078 12.663198089599609 39
1777371336309 12.75600528717041 40
1777371337534 12.67202968597412 41
1777371338778 12.342140388488769 42
1777371340040 12.585583877563476 43
1777371341311 11.890502738952637 44
1777371342492 11.386923217773438 45
1777371343662 11.594839286804199 46
1777371344854 12.200554084777831 47
1777371346217 11.631506538391113 48
