1777309036318 46507.358984375 1
1777309038177 33294.167578125 2
1777309040049 16997.8712890625 3
1777309041906 4299.391845703125 4
1777309043772 1369.0652954101563 5
1777309045626 909.7073059082031 6
1777309047479 786.6055541992188 7
1777309049353 696.3383239746094 8
1777309051207 648.4697875976562 9
1777309053063 630.5614685058594 10
1777309054917 570.8164978027344 11
1777309056773 564.9367248535157 12
1777309058643 530.7120422363281 13
1777309060506 522.8166198730469 14
1777309062360 502.3371643066406 15
1777309064223 453.9036041259766 16
1777309066074 446.02992248535156 17
1777309067930 459.63531494140625 18
1777309069783 429.95054931640624 19
1777309071657 423.0717712402344 20
1777309073502 426.75250244140625 21
1777309075361 411.5944000244141 22
1777309077214 373.02568359375 23
1777309079079 404.8618133544922 24
1777309080941 360.68133239746095 25
1777309082803 347.3231567382812 26
1777309084651 361.12611083984376 27
1777309086499 317.2394226074219 28
1777309088349 313.8959625244141 29
1777309090202 277.87843933105466 30
1777309092061 273.85973968505857 31
1777309093937 288.6298004150391 32
1777309095779 273.73972778320314 33
1777309097676 264.3548309326172 34
1777309099520 266.4199417114258 35
1777309101384 256.20636596679685 36
1777309103236 247.23318786621093 37
1777309105107 256.1931442260742 38
1777309106978 227.47326202392577 39
1777309108837 222.14034118652344 40
1777309110711 208.1359436035156 41
1777309112566 207.795703125 42
1777309114412 223.0570861816406 43
1777309116285 202.38824462890625 44
