1777432016274 40755.85546875 1
1777432017902 39861.8828125 2
1777432018601 39178.2421875 3
1777432019111 38506.859375 4
1777432019456 37796.890625 5
1777432019796 36993.6953125 6
1777432020133 36125.5390625 7
1777432020431 35121.9609375 8
1777432020746 33850.6015625 9
1777432021038 32409.498046875 10
1777432021772 30918.7578125 11
1777432023567 29327.62109375 12
1777432024321 27605.5 13
1777432024891 25863.14453125 14
1777432025500 23978.095703125 15
1777432026336 21871.330078125 16
1777432027564 19463.447265625 17
1777432027913 17560.06640625 18
1777432028639 15811.1259765625 19
1777432029480 14112.6318359375 20
1777432030531 12344.849609375 21
1777432032212 10714.3193359375 22
1777432032836 9465.1376953125 23
1777432033392 8141.09423828125 24
1777432033679 7091.96533203125 25
1777432034300 5803.91552734375 26
1777432035473 4776.61083984375 27
1777432036014 4231.6669921875 28
1777432036886 3328.274169921875 29
1777432037528 2723.10009765625 30
1777432037829 2288.61083984375 31
1777432038130 2046.2318115234375 32
1777432038855 1618.6922607421875 33
1777432040531 1479.1146240234375 34
1777432042028 1299.7708740234375 35
1777432042337 1254.4395751953125 36
1777432043830 1173.7294921875 37
1777432045392 1211.152587890625 38
1777432046160 1027.36279296875 39
1777432046450 1029.398681640625 40
1777432047861 961.72216796875 41
1777432048333 814.6557006835938 42
1777432048926 827.8742065429688 43
1777432049630 819.6674194335938 44
1777432050220 789.95166015625 45
1777432050523 867.4270629882812 46
1777432051240 818.5241088867188 47
1777432051931 648.1375122070312 48
1777432052229 582.97802734375 49
1777432054222 721.3104248046875 50
1777432055704 757.9462280273438 51
1777432056049 669.7803344726562 52
1777432056399 553.0892944335938 53
1777432057395 574.1194458007812 54
1777432059391 539.1895751953125 55
1777432060341 487.4064025878906 56
1777432062105 589.9290161132812 57
1777432063019 561.879638671875 58
1777432064284 504.5302734375 59
1777432065155 536.0913696289062 60
1777432066306 658.8930053710938 61
1777432066881 736.1033935546875 62
1777432067611 729.4891357421875 63
1777432068418 436.08917236328125 64
1777432069457 495.0592956542969 65
1777432071159 599.8211669921875 66
1777432072663 538.6343383789062 67
1777432073178 722.9574584960938 68
1777432073876 599.8369750976562 69
1777432074856 585.180419921875 70
1777432075775 537.695556640625 71
1777432076087 496.6502990722656 72
1777432077660 507.58428955078125 73
1777432077990 448.2222595214844 74
1777432078289 401.6794128417969 75
1777432078591 481.3218994140625 76
1777432078932 367.96063232421875 77
1777432079638 462.5062561035156 78
1777432080236 464.39923095703125 79
1777432081373 697.0697631835938 80
1777432081661 430.9699401855469 81
1777432082450 470.30938720703125 82
1777432083173 463.424560546875 83
1777432083833 642.3111572265625 84
1777432085095 519.6617431640625 85
1777432086632 558.8748168945312 86
1777432088368 487.6431579589844 87
1777432088973 427.9266357421875 88
1777432089524 401.93560791015625 89
1777432089831 647.7210083007812 90
1777432090783 629.6227416992188 91
1777432091483 550.846435546875 92
1777432092182 471.80413818359375 93
1777432092476 426.21820068359375 94
1777432094194 424.6246337890625 95
1777432095135 474.5381774902344 96
1777432095685 442.32794189453125 97
1777432096542 477.14459228515625 98
1777432097194 530.7755126953125 99
1777432098630 445.1751403808594 100
1777432099474 452.6859130859375 101
1777432100190 432.7322998046875 102
1777432101093 406.4266357421875 103
1777432101548 355.3609313964844 104
1777432102296 461.54010009765625 105
1777432103116 446.0259704589844 106
1777432103637 389.0825500488281 107
1777432104323 536.6866455078125 108
1777432105027 430.7283935546875 109
1777432105350 319.76470947265625 110
1777432105667 319.1151123046875 111
1777432106633 443.30712890625 112
1777432107410 292.0232849121094 113
1777432108660 422.91705322265625 114
1777432109438 431.3096008300781 115
1777432109754 506.6307678222656 116
1777432110055 511.71209716796875 117
1777432111213 463.9666442871094 118
1777432111506 322.93243408203125 119
1777432111809 574.582763671875 120
1777432112111 412.21868896484375 121
1777432112548 489.1040954589844 122
1777432113152 483.2651672363281 123
1777432113471 436.7334899902344 124
1777432114512 431.6461181640625 125
1777432115122 402.2626037597656 126
1777432115618 378.641357421875 127
1777432117089 456.0672607421875 128
1777432118018 405.6585693359375 129
1777432118957 382.3275146484375 130
1777432119754 273.6549072265625 131
1777432120055 410.6002197265625 132
1777432121149 379.8486633300781 133
1777432121825 405.1593017578125 134
1777432122495 364.9504089355469 135
1777432123737 391.2623596191406 136
1777432124076 409.92626953125 137
1777432125057 377.9153137207031 138
1777432125676 334.5543212890625 139
1777432126436 328.44677734375 140
1777432126732 430.3440856933594 141
1777432127737 239.3065643310547 142
1777432128802 308.0576477050781 143
1777432129983 428.42962646484375 144
1777432131149 313.8808898925781 145
1777432131619 323.8523864746094 146
1777432131919 338.0946350097656 147
1777432132246 379.2596130371094 148
