1777432587586 188.81991466941093 1
1777432587886 185.84994391252627 2
1777432588183 183.65943589717307 3
1777432588462 181.49121834737585 4
1777432588759 179.17637600229546 5
1777432589068 176.73483114192155 6
1777432589373 174.1053720632162 7
1777432589660 171.19948675992273 8
1777432589947 167.92901304001956 9
1777432590240 164.2987880381989 10
1777432590521 160.36882806622276 11
1777432590804 156.1832089292534 12
1777432591081 151.62424597569375 13
1777432591362 146.72514300253974 14
1777432591655 141.43126536451643 15
1777432591937 135.7832266000601 16
1777432592230 130.0314119734347 17
1777432592529 124.24484745726751 18
1777432592818 118.04577165873556 19
1777432593113 111.77233144835171 20
1777432593422 105.64608445674338 21
1777432593742 99.14962360877117 22
1777432594059 93.42708779837339 23
1777432594380 86.74583136244375 24
1777432594693 80.57066923579397 25
1777432594995 74.44555130945677 26
1777432595299 67.97427936000679 27
1777432595624 62.402663494654426 28
1777432595904 56.13771279335582 29
1777432596208 52.74930206047949 30
1777432596492 46.42501789614934 31
1777432596787 41.630341602085764 32
1777432597075 37.71783426433749 33
1777432597374 34.46782548246983 34
1777432597674 30.47011796768735 35
1777432597964 27.8966749385043 36
1777432598273 25.757881697667603 37
1777432598572 25.38782412293233 38
1777432598863 23.6393622646455 39
1777432599173 21.12531388596934 40
1777432599518 21.48616639460386 41
1777432599810 20.80665563291056 42
1777432600106 18.72413267672097 43
1777432600414 20.28702909723843 44
1777432600729 18.089201526787445 45
1777432601154 17.35291712520687 46
1777432601483 19.043828087838623 47
1777432601788 18.421217441278838 48
1777432602094 19.337192284521887 49
1777432602398 18.159796084786468 50
1777432602700 16.078674178087073 51
1777432603017 16.2647675045504 52
1777432604174 18.670492070321817 53
1777432604957 15.58846335542671 54
1777432605837 15.579777229833239 55
1777432606699 15.49885540154144 56
1777432607413 13.879357177232619 57
1777432608012 16.285281578373084 58
1777432608311 13.687853192135089 59
1777432608937 14.554571633890525 60
1777432609241 14.266848613987651 61
1777432609517 16.428128190412988 62
1777432610036 14.881538748391153 63
1777432610321 15.127651869235708 64
1777432610923 12.599505767777465 65
1777432611275 14.443960702216282 66
1777432611599 13.551546346560269 67
1777432612223 12.788712195207705 68
1777432612657 15.575930644117658 69
1777432612967 13.416105167906354 70
1777432613935 11.891913546720675 71
1777432614229 13.45345314012439 72
1777432615384 13.502806750872663 73
1777432615680 13.990288855395315 74
1777432616798 13.13693762917555 75
1777432617698 12.122810821846802 76
1777432618013 13.5574271604725 77
1777432619173 12.954405444128962 78
1777432619717 12.388345157267134 79
1777432620815 12.729302330991484 80
1777432621163 12.572050202683847 81
1777432621466 13.025100021451903 82
1777432622203 11.174476900173508 83
1777432622526 13.666172241506615 84
1777432622868 10.866691650395104 85
