1777262793816 190.7606658935547 1
1777262798187 177.33277893066406 2
1777262802046 157.4674835205078 3
1777262807329 129.99388122558594 4
1777262816560 95.94197082519531 5
1777262826334 63.661685943603516 6
1777262834987 42.260555267333984 7
1777262846884 32.39708709716797 8
1777262854780 27.96428871154785 9
1777262863140 26.297334671020508 10
1777262868789 24.9501953125 11
1777262878003 23.759672164916992 12
1777262905020 22.93933868408203 13
1777262911802 22.12919807434082 14
1777262974142 21.4331111907959 15
1777262976587 21.656694412231445 16
1777262979682 20.842979431152344 17
1777262984668 20.826501846313477 18
1777262991426 20.52861213684082 19
1777262995460 20.314441680908203 20
1777263000232 20.18626594543457 21
1777263008487 19.68351936340332 22
1777263014481 20.576189041137695 23
1777263019901 19.53936004638672 24
1777263025152 19.54470443725586 25
1777263030446 19.356882095336914 26
1777263035576 19.119510650634766 27
1777263041091 18.457582473754883 28
1777263052222 18.515607833862305 29
1777263112316 18.20348358154297 30
1777263115399 18.751224517822266 31
1777263124389 18.55876350402832 32
1777263170499 18.33676528930664 33
1777263176833 18.42938995361328 34
1777263191473 17.743488311767578 35
1777263200981 17.945270538330078 36
1777263208839 17.975542068481445 37
1777263217893 18.07714080810547 38
1777263231044 17.4316349029541 39
1777263238756 18.09412384033203 40
1777263248938 17.087120056152344 41
1777263256603 17.156740188598633 42
1777263329372 17.54795265197754 43
1777263345130 17.29094886779785 44
1777263347790 17.739456176757812 45
1777263364211 17.600605010986328 46
