1777262793816 49834.7140625 1
1777262798187 44771.075390625 2
1777262802046 37276.0375 3
1777262807329 27895.3765625 4
1777262816560 17606.7095703125 5
1777262826334 8700.08154296875 6
1777262834987 3838.7863037109373 7
1777262846884 2052.9015991210936 8
1777262854780 1449.6926391601562 9
1777262863140 1246.1105712890626 10
1777262868789 1104.4924926757812 11
1777262878003 1000.5899230957032 12
1777262905020 932.2251831054688 13
1777262911802 860.4739807128906 14
1777262974142 803.4011657714843 15
1777262976587 817.1289306640625 16
1777262979682 763.712158203125 17
1777262984668 757.1697082519531 18
1777262991426 739.4673767089844 19
1777262995460 726.0300964355469 20
1777263000232 729.2137634277344 21
1777263008487 675.5401794433594 22
1777263014481 752.744091796875 23
1777263019901 678.9810485839844 24
1777263025152 666.9144348144531 25
1777263030446 665.2101440429688 26
1777263035576 647.2753173828125 27
1777263041091 601.3024841308594 28
1777263052222 614.9473327636719 29
1777263112316 583.6029296875 30
1777263115399 627.6133239746093 31
1777263124389 610.2108093261719 32
1777263170499 594.4958618164062 33
1777263176833 600.3892578125 34
1777263191473 560.6368835449218 35
1777263200981 574.182275390625 36
1777263208839 586.7578552246093 37
1777263217893 581.7851989746093 38
1777263231044 549.5070220947266 39
1777263238756 598.6470458984375 40
1777263248938 529.1517028808594 41
1777263256603 524.5354583740234 42
1777263329372 561.9504211425781 43
1777263345130 546.2031555175781 44
1777263347790 576.5811218261719 45
1777263364211 567.614404296875 46
